,Days,S,I,D
0,0,85129.0,0,0
1,1,85129.0,0,0
2,2,85129.0,0,0
3,3,85129.0,0,0
4,4,85129.0,0,0
5,5,85129.0,0,0
6,6,85129.0,0,0
7,7,85129.0,0,0
8,8,85129.0,0,0
9,9,85129.0,0,0
10,10,85129.0,0,0
11,11,85129.0,0,0
12,12,85129.0,0,0
13,13,85129.0,0,0
14,14,85129.0,0,0
15,15,85129.0,0,0
16,16,85129.0,0,0
17,17,85129.0,0,0
18,18,85129.0,0,0
19,19,85129.0,0,0
20,20,85129.0,0,0
21,21,85129.0,0,0
22,22,85129.0,0,0
23,23,85129.0,0,0
24,24,85129.0,0,0
25,25,85129.0,0,0
26,26,85129.0,0,0
27,27,85129.0,0,0
28,28,85129.0,0,0
29,29,85129.0,0,0
30,30,85129.0,0,0
31,31,85129.0,0,0
32,32,85129.0,0,0
33,33,85129.0,0,0
34,34,85129.0,0,0
35,35,85129.0,0,0
36,36,85129.0,0,0
37,37,85129.0,0,0
38,38,85129.0,0,0
39,39,85129.0,0,0
40,40,85129.0,0,0
41,41,85129.0,0,0
42,42,85129.0,0,0
43,43,85129.0,0,0
44,44,85129.0,0,0
45,45,85129.0,0,0
46,46,85129.0,0,0
47,47,85129.0,0,0
48,48,85129.0,0,0
49,49,85129.0,0,0
50,50,85129.0,0,0
51,51,85129.0,0,0
52,52,85129.0,0,0
53,53,85129.0,0,0
54,54,85129.0,0,0
55,55,85129.0,0,0
56,56,85129.0,0,0
57,57,85129.0,0,0
58,58,85128.0,1,0
59,59,85128.0,1,0
60,60,85127.0,2,0
61,61,85127.0,2,0
62,62,85125.0,4,0
63,63,85124.0,5,0
64,64,85124.0,5,0
65,65,85123.0,6,0
66,66,85121.0,8,0
67,67,85121.0,8,0
68,68,85119.0,10,0
69,69,85118.0,11,0
70,70,85117.0,12,0
71,71,85117.0,12,0
72,72,85116.0,13,0
73,73,85116.0,13,0
74,74,85115.0,14,0
75,75,85115.0,14,0
76,76,85114.0,15,0
77,77,85113.0,16,0
78,78,85110.0,19,0
79,79,85108.0,21,0
80,80,85107.0,22,0
81,81,85106.0,23,0
82,82,85105.0,24,0
83,83,85105.0,24,0
84,84,85105.0,24,0
85,85,85105.0,24,0
86,86,85102.0,27,0
87,87,85102.0,27,0
88,88,85097.0,32,0
89,89,85097.0,32,0
90,90,85097.0,32,0
91,91,85094.0,35,0
92,92,85092.0,37,0
93,93,85091.0,38,0
94,94,85090.0,39,0
95,95,85090.0,39,0
96,96,85090.0,39,0
97,97,85087.0,42,0
98,98,85084.0,45,0
99,99,85084.0,45,0
100,100,85083.0,46,0
101,101,85083.0,46,0
102,102,85083.0,46,0
103,103,85083.0,46,0
104,104,85083.0,46,0
105,105,85082.0,47,0
106,106,85079.0,50,0
107,107,85079.0,50,0
108,108,85077.0,50,2
109,109,85077.0,50,2
110,110,85076.0,51,2
111,111,85075.0,52,2
112,112,85073.0,54,2
113,113,85071.0,56,2
114,114,85069.0,58,2
115,115,85069.0,58,2
116,116,85067.0,60,2
117,117,85066.0,61,2
118,118,85065.0,62,2
119,119,85065.0,62,2
120,120,85060.0,67,2
121,121,85051.0,75,3
122,122,85048.0,78,3
123,123,85046.0,80,3
124,124,85042.0,84,3
125,125,85036.0,90,3
126,126,85034.0,92,3
127,127,85030.0,96,3
128,128,85025.0,101,3
