,Days,S,I,D
0,0,55551.0,0,0
1,1,55551.0,0,0
2,2,55551.0,0,0
3,3,55551.0,0,0
4,4,55551.0,0,0
5,5,55551.0,0,0
6,6,55551.0,0,0
7,7,55551.0,0,0
8,8,55551.0,0,0
9,9,55551.0,0,0
10,10,55551.0,0,0
11,11,55551.0,0,0
12,12,55551.0,0,0
13,13,55551.0,0,0
14,14,55551.0,0,0
15,15,55551.0,0,0
16,16,55551.0,0,0
17,17,55551.0,0,0
18,18,55551.0,0,0
19,19,55551.0,0,0
20,20,55551.0,0,0
21,21,55551.0,0,0
22,22,55551.0,0,0
23,23,55551.0,0,0
24,24,55551.0,0,0
25,25,55551.0,0,0
26,26,55551.0,0,0
27,27,55551.0,0,0
28,28,55551.0,0,0
29,29,55551.0,0,0
30,30,55551.0,0,0
31,31,55551.0,0,0
32,32,55551.0,0,0
33,33,55551.0,0,0
34,34,55551.0,0,0
35,35,55551.0,0,0
36,36,55551.0,0,0
37,37,55551.0,0,0
38,38,55551.0,0,0
39,39,55551.0,0,0
40,40,55551.0,0,0
41,41,55551.0,0,0
42,42,55551.0,0,0
43,43,55551.0,0,0
44,44,55551.0,0,0
45,45,55551.0,0,0
46,46,55551.0,0,0
47,47,55551.0,0,0
48,48,55551.0,0,0
49,49,55551.0,0,0
50,50,55551.0,0,0
51,51,55551.0,0,0
52,52,55551.0,0,0
53,53,55551.0,0,0
54,54,55551.0,0,0
55,55,55551.0,0,0
56,56,55551.0,0,0
57,57,55550.0,1,0
58,58,55550.0,1,0
59,59,55550.0,1,0
60,60,55550.0,1,0
61,61,55550.0,1,0
62,62,55550.0,1,0
63,63,55550.0,1,0
64,64,55549.0,2,0
65,65,55549.0,2,0
66,66,55549.0,2,0
67,67,55549.0,2,0
68,68,55549.0,2,0
69,69,55549.0,2,0
70,70,55548.0,3,0
71,71,55548.0,3,0
72,72,55546.0,5,0
73,73,55545.0,6,0
74,74,55544.0,7,0
75,75,55543.0,8,0
76,76,55542.0,9,0
77,77,55542.0,9,0
78,78,55542.0,9,0
79,79,55540.0,11,0
80,80,55540.0,11,0
81,81,55540.0,11,0
82,82,55540.0,11,0
83,83,55539.0,12,0
84,84,55536.0,14,1
85,85,55534.0,16,1
86,86,55534.0,16,1
87,87,55534.0,16,1
88,88,55534.0,16,1
89,89,55534.0,16,1
90,90,55527.0,23,1
91,91,55525.0,25,1
92,92,55519.0,31,1
93,93,55519.0,31,1
94,94,55516.0,34,1
95,95,55516.0,34,1
96,96,55516.0,34,1
97,97,55515.0,35,1
98,98,55515.0,35,1
99,99,55513.0,36,2
100,100,55513.0,36,2
101,101,55511.0,38,2
102,102,55510.0,39,2
103,103,55509.0,40,2
104,104,55509.0,40,2
105,105,55508.0,41,2
106,106,55508.0,41,2
107,107,55507.0,42,2
108,108,55504.0,45,2
109,109,55504.0,45,2
110,110,55503.0,46,2
111,111,55497.0,52,2
112,112,55495.0,54,2
113,113,55491.0,58,2
114,114,55489.0,60,2
115,115,55485.0,64,2
116,116,55485.0,64,2
117,117,55485.0,64,2
118,118,55484.0,65,2
119,119,55481.0,68,2
120,120,55478.0,71,2
121,121,55477.0,72,2
122,122,55476.0,73,2
123,123,55473.0,76,2
124,124,55469.0,79,3
125,125,55468.0,80,3
126,126,55465.0,83,3
127,127,55465.0,83,3
128,128,55463.0,85,3
