,Days,S,I,D
0,0,120422.0,0,0
1,1,120422.0,0,0
2,2,120422.0,0,0
3,3,120422.0,0,0
4,4,120422.0,0,0
5,5,120422.0,0,0
6,6,120422.0,0,0
7,7,120422.0,0,0
8,8,120422.0,0,0
9,9,120422.0,0,0
10,10,120422.0,0,0
11,11,120422.0,0,0
12,12,120422.0,0,0
13,13,120422.0,0,0
14,14,120422.0,0,0
15,15,120422.0,0,0
16,16,120422.0,0,0
17,17,120422.0,0,0
18,18,120422.0,0,0
19,19,120422.0,0,0
20,20,120422.0,0,0
21,21,120422.0,0,0
22,22,120422.0,0,0
23,23,120422.0,0,0
24,24,120422.0,0,0
25,25,120422.0,0,0
26,26,120422.0,0,0
27,27,120422.0,0,0
28,28,120422.0,0,0
29,29,120422.0,0,0
30,30,120422.0,0,0
31,31,120422.0,0,0
32,32,120422.0,0,0
33,33,120422.0,0,0
34,34,120422.0,0,0
35,35,120422.0,0,0
36,36,120422.0,0,0
37,37,120422.0,0,0
38,38,120422.0,0,0
39,39,120422.0,0,0
40,40,120422.0,0,0
41,41,120422.0,0,0
42,42,120422.0,0,0
43,43,120422.0,0,0
44,44,120422.0,0,0
45,45,120422.0,0,0
46,46,120422.0,0,0
47,47,120422.0,0,0
48,48,120422.0,0,0
49,49,120422.0,0,0
50,50,120422.0,0,0
51,51,120422.0,0,0
52,52,120422.0,0,0
53,53,120422.0,0,0
54,54,120422.0,0,0
55,55,120422.0,0,0
56,56,120422.0,0,0
57,57,120422.0,0,0
58,58,120422.0,0,0
59,59,120422.0,0,0
60,60,120422.0,0,0
61,61,120422.0,0,0
62,62,120422.0,0,0
63,63,120422.0,0,0
64,64,120419.0,3,0
65,65,120419.0,3,0
66,66,120416.0,6,0
67,67,120411.0,11,0
68,68,120410.0,12,0
69,69,120407.0,15,0
70,70,120401.0,21,0
71,71,120395.0,27,0
72,72,120389.0,33,0
73,73,120385.0,37,0
74,74,120383.0,39,0
75,75,120381.0,41,0
76,76,120380.0,42,0
77,77,120378.0,44,0
78,78,120375.0,47,0
79,79,120375.0,47,0
80,80,120373.0,49,0
81,81,120373.0,49,0
82,82,120371.0,51,0
83,83,120370.0,52,0
84,84,120370.0,52,0
85,85,120365.0,57,0
86,86,120365.0,57,0
87,87,120365.0,57,0
88,88,120365.0,57,0
89,89,120365.0,57,0
90,90,120350.0,71,1
91,91,120350.0,71,1
92,92,120346.0,75,1
93,93,120346.0,75,1
94,94,120345.0,76,1
95,95,120342.0,79,1
96,96,120342.0,79,1
97,97,120342.0,79,1
98,98,120342.0,79,1
99,99,120341.0,80,1
100,100,120339.0,81,2
101,101,120336.0,84,2
102,102,120322.0,98,2
103,103,120318.0,102,2
104,104,120316.0,104,2
105,105,120307.0,113,2
106,106,120305.0,115,2
107,107,120304.0,116,2
108,108,120296.0,124,2
109,109,120296.0,124,2
110,110,120296.0,124,2
111,111,120269.0,151,2
112,112,120236.0,184,2
113,113,120222.0,197,3
114,114,120214.0,205,3
115,115,120204.0,215,3
116,116,120195.0,224,3
117,117,120194.0,225,3
118,118,120190.0,229,3
119,119,120190.0,229,3
120,120,120184.0,235,3
121,121,120183.0,236,3
122,122,120151.0,268,3
123,123,120151.0,268,3
124,124,120151.0,268,3
125,125,120149.0,270,3
126,126,120145.0,274,3
127,127,120141.0,278,3
128,128,120140.0,279,3
