,Days,S,I,D
0,0,115456.0,0,0
1,1,115456.0,0,0
2,2,115456.0,0,0
3,3,115456.0,0,0
4,4,115456.0,0,0
5,5,115456.0,0,0
6,6,115456.0,0,0
7,7,115456.0,0,0
8,8,115456.0,0,0
9,9,115456.0,0,0
10,10,115456.0,0,0
11,11,115456.0,0,0
12,12,115456.0,0,0
13,13,115456.0,0,0
14,14,115456.0,0,0
15,15,115456.0,0,0
16,16,115456.0,0,0
17,17,115456.0,0,0
18,18,115456.0,0,0
19,19,115456.0,0,0
20,20,115456.0,0,0
21,21,115456.0,0,0
22,22,115456.0,0,0
23,23,115456.0,0,0
24,24,115456.0,0,0
25,25,115456.0,0,0
26,26,115456.0,0,0
27,27,115456.0,0,0
28,28,115456.0,0,0
29,29,115456.0,0,0
30,30,115456.0,0,0
31,31,115456.0,0,0
32,32,115456.0,0,0
33,33,115456.0,0,0
34,34,115456.0,0,0
35,35,115456.0,0,0
36,36,115456.0,0,0
37,37,115456.0,0,0
38,38,115456.0,0,0
39,39,115456.0,0,0
40,40,115456.0,0,0
41,41,115456.0,0,0
42,42,115456.0,0,0
43,43,115456.0,0,0
44,44,115456.0,0,0
45,45,115456.0,0,0
46,46,115456.0,0,0
47,47,115456.0,0,0
48,48,115456.0,0,0
49,49,115456.0,0,0
50,50,115456.0,0,0
51,51,115453.0,3,0
52,52,115453.0,3,0
53,53,115453.0,3,0
54,54,115453.0,3,0
55,55,115453.0,3,0
56,56,115452.0,4,0
57,57,115450.0,6,0
58,58,115450.0,6,0
59,59,115450.0,6,0
60,60,115450.0,6,0
61,61,115450.0,6,0
62,62,115450.0,6,0
63,63,115449.0,7,0
64,64,115449.0,7,0
65,65,115449.0,7,0
66,66,115448.0,8,0
67,67,115448.0,8,0
68,68,115448.0,8,0
69,69,115445.0,11,0
70,70,115444.0,12,0
71,71,115439.0,16,1
72,72,115435.0,20,1
73,73,115434.0,21,1
74,74,115434.0,21,1
75,75,115434.0,21,1
76,76,115424.0,30,2
77,77,115423.0,31,2
78,78,115423.0,31,2
79,79,115421.0,33,2
80,80,115420.0,34,2
81,81,115420.0,34,2
82,82,115418.0,36,2
83,83,115418.0,36,2
84,84,115417.0,37,2
85,85,115417.0,37,2
86,86,115416.0,38,2
87,87,115415.0,39,2
88,88,115414.0,40,2
89,89,115411.0,43,2
90,90,115411.0,43,2
91,91,115410.0,44,2
92,92,115410.0,44,2
93,93,115410.0,44,2
94,94,115410.0,44,2
95,95,115409.0,45,2
96,96,115408.0,46,2
97,97,115408.0,46,2
98,98,115408.0,46,2
99,99,115407.0,47,2
100,100,115405.0,49,2
101,101,115403.0,51,2
102,102,115402.0,52,2
103,103,115401.0,53,2
104,104,115399.0,55,2
105,105,115395.0,59,2
106,106,115389.0,65,2
107,107,115389.0,65,2
108,108,115389.0,65,2
109,109,115388.0,66,2
110,110,115388.0,66,2
111,111,115388.0,66,2
112,112,115387.0,66,3
113,113,115386.0,67,3
114,114,115385.0,68,3
115,115,115385.0,68,3
116,116,115384.0,69,3
117,117,115384.0,69,3
118,118,115383.0,70,3
119,119,115380.0,73,3
120,120,115377.0,76,3
121,121,115375.0,78,3
122,122,115371.0,82,3
123,123,115371.0,82,3
124,124,115371.0,82,3
125,125,115370.0,83,3
126,126,115370.0,83,3
127,127,115369.0,84,3
128,128,115366.0,87,3
