,Days,S,I,D
0,0,144447.0,0,0
1,1,144447.0,0,0
2,2,144447.0,0,0
3,3,144447.0,0,0
4,4,144447.0,0,0
5,5,144447.0,0,0
6,6,144447.0,0,0
7,7,144447.0,0,0
8,8,144447.0,0,0
9,9,144447.0,0,0
10,10,144447.0,0,0
11,11,144447.0,0,0
12,12,144447.0,0,0
13,13,144447.0,0,0
14,14,144447.0,0,0
15,15,144447.0,0,0
16,16,144447.0,0,0
17,17,144447.0,0,0
18,18,144447.0,0,0
19,19,144447.0,0,0
20,20,144447.0,0,0
21,21,144447.0,0,0
22,22,144447.0,0,0
23,23,144447.0,0,0
24,24,144447.0,0,0
25,25,144447.0,0,0
26,26,144447.0,0,0
27,27,144447.0,0,0
28,28,144447.0,0,0
29,29,144447.0,0,0
30,30,144447.0,0,0
31,31,144447.0,0,0
32,32,144447.0,0,0
33,33,144447.0,0,0
34,34,144447.0,0,0
35,35,144447.0,0,0
36,36,144447.0,0,0
37,37,144447.0,0,0
38,38,144447.0,0,0
39,39,144447.0,0,0
40,40,144447.0,0,0
41,41,144447.0,0,0
42,42,144447.0,0,0
43,43,144447.0,0,0
44,44,144447.0,0,0
45,45,144447.0,0,0
46,46,144447.0,0,0
47,47,144447.0,0,0
48,48,144447.0,0,0
49,49,144447.0,0,0
50,50,144447.0,0,0
51,51,144447.0,0,0
52,52,144447.0,0,0
53,53,144447.0,0,0
54,54,144446.0,1,0
55,55,144445.0,2,0
56,56,144445.0,2,0
57,57,144445.0,2,0
58,58,144445.0,2,0
59,59,144445.0,2,0
60,60,144445.0,2,0
61,61,144445.0,2,0
62,62,144443.0,4,0
63,63,144442.0,5,0
64,64,144441.0,6,0
65,65,144441.0,6,0
66,66,144436.0,11,0
67,67,144435.0,12,0
68,68,144432.0,15,0
69,69,144427.0,19,1
70,70,144422.0,24,1
71,71,144418.0,28,1
72,72,144417.0,29,1
73,73,144414.0,32,1
74,74,144413.0,33,1
75,75,144411.0,35,1
76,76,144406.0,40,1
77,77,144406.0,40,1
78,78,144398.0,48,1
79,79,144394.0,52,1
80,80,144390.0,56,1
81,81,144390.0,56,1
82,82,144389.0,57,1
83,83,144382.0,62,3
84,84,144381.0,63,3
85,85,144379.0,65,3
86,86,144379.0,65,3
87,87,144379.0,65,3
88,88,144379.0,65,3
89,89,144379.0,65,3
90,90,144368.0,76,3
91,91,144362.0,82,3
92,92,144358.0,86,3
93,93,144358.0,86,3
94,94,144354.0,90,3
95,95,144353.0,91,3
96,96,144353.0,91,3
97,97,144348.0,96,3
98,98,144347.0,97,3
99,99,144346.0,98,3
100,100,144346.0,98,3
101,101,144346.0,98,3
102,102,144344.0,100,3
103,103,144342.0,102,3
104,104,144341.0,103,3
105,105,144341.0,103,3
106,106,144337.0,107,3
107,107,144337.0,107,3
108,108,144334.0,110,3
109,109,144333.0,111,3
110,110,144333.0,111,3
111,111,144330.0,114,3
112,112,144329.0,115,3
113,113,144328.0,116,3
114,114,144328.0,116,3
115,115,144328.0,116,3
116,116,144327.0,117,3
117,117,144326.0,118,3
118,118,144324.0,120,3
119,119,144324.0,120,3
120,120,144322.0,122,3
121,121,144321.0,123,3
122,122,144320.0,124,3
123,123,144318.0,126,3
124,124,144316.0,128,3
125,125,144316.0,128,3
126,126,144316.0,128,3
127,127,144316.0,128,3
128,128,144315.0,129,3
