,Days,S,I,D
0,0,162682.0,0,0
1,1,162682.0,0,0
2,2,162682.0,0,0
3,3,162682.0,0,0
4,4,162682.0,0,0
5,5,162682.0,0,0
6,6,162682.0,0,0
7,7,162682.0,0,0
8,8,162682.0,0,0
9,9,162682.0,0,0
10,10,162682.0,0,0
11,11,162682.0,0,0
12,12,162682.0,0,0
13,13,162682.0,0,0
14,14,162682.0,0,0
15,15,162682.0,0,0
16,16,162682.0,0,0
17,17,162682.0,0,0
18,18,162682.0,0,0
19,19,162682.0,0,0
20,20,162682.0,0,0
21,21,162682.0,0,0
22,22,162682.0,0,0
23,23,162682.0,0,0
24,24,162682.0,0,0
25,25,162682.0,0,0
26,26,162682.0,0,0
27,27,162682.0,0,0
28,28,162682.0,0,0
29,29,162682.0,0,0
30,30,162682.0,0,0
31,31,162682.0,0,0
32,32,162682.0,0,0
33,33,162682.0,0,0
34,34,162682.0,0,0
35,35,162682.0,0,0
36,36,162682.0,0,0
37,37,162682.0,0,0
38,38,162682.0,0,0
39,39,162682.0,0,0
40,40,162682.0,0,0
41,41,162682.0,0,0
42,42,162682.0,0,0
43,43,162682.0,0,0
44,44,162682.0,0,0
45,45,162682.0,0,0
46,46,162682.0,0,0
47,47,162682.0,0,0
48,48,162682.0,0,0
49,49,162682.0,0,0
50,50,162682.0,0,0
51,51,162682.0,0,0
52,52,162682.0,0,0
53,53,162682.0,0,0
54,54,162682.0,0,0
55,55,162682.0,0,0
56,56,162681.0,1,0
57,57,162679.0,3,0
58,58,162677.0,5,0
59,59,162676.0,6,0
60,60,162676.0,6,0
61,61,162674.0,8,0
62,62,162674.0,8,0
63,63,162667.0,15,0
64,64,162663.0,18,1
65,65,162656.0,25,1
66,66,162653.0,28,1
67,67,162643.0,38,1
68,68,162631.0,50,1
69,69,162625.0,56,1
70,70,162614.0,66,2
71,71,162606.0,74,2
72,72,162588.0,91,3
73,73,162578.0,100,4
74,74,162567.0,110,5
75,75,162540.0,135,7
76,76,162525.0,150,7
77,77,162499.0,174,9
78,78,162463.0,205,14
79,79,162425.0,240,17
80,80,162374.0,290,18
81,81,162365.0,299,18
82,82,162324.0,339,19
83,83,162306.0,355,21
84,84,162275.0,379,28
85,85,162258.0,394,30
86,86,162228.0,422,32
87,87,162197.0,448,37
88,88,162180.0,462,40
89,89,162153.0,484,45
90,90,162123.0,512,47
91,91,162104.0,525,53
92,92,162080.0,545,57
93,93,162058.0,561,63
94,94,162044.0,576,62
95,95,162028.0,588,66
96,96,162004.0,609,69
97,97,161994.0,618,70
98,98,161975.0,631,76
99,99,161946.0,657,79
100,100,161913.0,687,82
101,101,161884.0,707,91
102,102,161882.0,707,93
103,103,161876.0,713,93
104,104,161853.0,734,95
105,105,161842.0,742,98
106,106,161814.0,764,104
107,107,161799.0,775,108
108,108,161779.0,789,114
109,109,161769.0,798,115
110,110,161766.0,801,115
111,111,161743.0,823,116
112,112,161729.0,837,116
113,113,161701.0,863,118
114,114,161673.0,885,124
115,115,161660.0,898,124
116,116,161648.0,909,125
117,117,161616.0,936,130
118,118,161605.0,947,130
119,119,161587.0,965,130
120,120,161580.0,972,130
121,121,161555.0,992,135
122,122,161547.0,999,136
123,123,161536.0,1010,136
124,124,161532.0,1012,138
125,125,161514.0,1026,142
126,126,161478.0,1061,143
127,127,161456.0,1082,144
128,128,161446.0,1090,146
