,Days,S,I,D
0,0,26032.0,0,0
1,1,26032.0,0,0
2,2,26032.0,0,0
3,3,26032.0,0,0
4,4,26032.0,0,0
5,5,26032.0,0,0
6,6,26032.0,0,0
7,7,26032.0,0,0
8,8,26032.0,0,0
9,9,26032.0,0,0
10,10,26032.0,0,0
11,11,26032.0,0,0
12,12,26032.0,0,0
13,13,26032.0,0,0
14,14,26032.0,0,0
15,15,26032.0,0,0
16,16,26032.0,0,0
17,17,26032.0,0,0
18,18,26032.0,0,0
19,19,26032.0,0,0
20,20,26032.0,0,0
21,21,26032.0,0,0
22,22,26032.0,0,0
23,23,26032.0,0,0
24,24,26032.0,0,0
25,25,26032.0,0,0
26,26,26032.0,0,0
27,27,26032.0,0,0
28,28,26032.0,0,0
29,29,26032.0,0,0
30,30,26032.0,0,0
31,31,26032.0,0,0
32,32,26032.0,0,0
33,33,26032.0,0,0
34,34,26032.0,0,0
35,35,26032.0,0,0
36,36,26032.0,0,0
37,37,26032.0,0,0
38,38,26032.0,0,0
39,39,26032.0,0,0
40,40,26032.0,0,0
41,41,26032.0,0,0
42,42,26032.0,0,0
43,43,26032.0,0,0
44,44,26032.0,0,0
45,45,26032.0,0,0
46,46,26032.0,0,0
47,47,26032.0,0,0
48,48,26032.0,0,0
49,49,26032.0,0,0
50,50,26032.0,0,0
51,51,26032.0,0,0
52,52,26032.0,0,0
53,53,26032.0,0,0
54,54,26032.0,0,0
55,55,26032.0,0,0
56,56,26032.0,0,0
57,57,26032.0,0,0
58,58,26032.0,0,0
59,59,26032.0,0,0
60,60,26032.0,0,0
61,61,26032.0,0,0
62,62,26032.0,0,0
63,63,26031.0,1,0
64,64,26031.0,1,0
65,65,26031.0,1,0
66,66,26031.0,1,0
67,67,26030.0,2,0
68,68,26030.0,2,0
69,69,26030.0,2,0
70,70,26030.0,2,0
71,71,26028.0,4,0
72,72,26027.0,5,0
73,73,26026.0,6,0
74,74,26026.0,6,0
75,75,26026.0,6,0
76,76,26026.0,6,0
77,77,26025.0,7,0
78,78,26025.0,7,0
79,79,26025.0,7,0
80,80,26025.0,7,0
81,81,26023.0,9,0
82,82,26023.0,9,0
83,83,26023.0,9,0
84,84,26022.0,10,0
85,85,26021.0,11,0
86,86,26020.0,12,0
87,87,26020.0,12,0
88,88,26020.0,12,0
89,89,26020.0,12,0
90,90,26020.0,12,0
91,91,26020.0,12,0
92,92,26020.0,12,0
93,93,26020.0,12,0
94,94,26020.0,12,0
95,95,26018.0,14,0
96,96,26018.0,14,0
97,97,26017.0,15,0
98,98,26017.0,15,0
99,99,26017.0,15,0
100,100,26017.0,15,0
101,101,26017.0,15,0
102,102,26016.0,16,0
103,103,26016.0,16,0
104,104,26015.0,17,0
105,105,26014.0,18,0
106,106,26014.0,18,0
107,107,26011.0,21,0
108,108,26010.0,22,0
109,109,26010.0,22,0
110,110,26008.0,24,0
111,111,26008.0,24,0
112,112,26008.0,24,0
113,113,26007.0,25,0
114,114,26006.0,26,0
115,115,26005.0,27,0
116,116,26005.0,27,0
117,117,26004.0,28,0
118,118,26003.0,29,0
119,119,26002.0,30,0
120,120,26001.0,31,0
121,121,25997.0,33,2
122,122,25997.0,33,2
123,123,25997.0,33,2
124,124,25997.0,33,2
125,125,25997.0,33,2
126,126,25997.0,33,2
127,127,25996.0,34,2
128,128,25993.0,36,3
