,Days,S,I,D
0,0,114277.0,0,0
1,1,114277.0,0,0
2,2,114277.0,0,0
3,3,114277.0,0,0
4,4,114277.0,0,0
5,5,114277.0,0,0
6,6,114277.0,0,0
7,7,114277.0,0,0
8,8,114277.0,0,0
9,9,114277.0,0,0
10,10,114277.0,0,0
11,11,114277.0,0,0
12,12,114277.0,0,0
13,13,114277.0,0,0
14,14,114277.0,0,0
15,15,114277.0,0,0
16,16,114277.0,0,0
17,17,114277.0,0,0
18,18,114277.0,0,0
19,19,114277.0,0,0
20,20,114277.0,0,0
21,21,114277.0,0,0
22,22,114277.0,0,0
23,23,114277.0,0,0
24,24,114277.0,0,0
25,25,114277.0,0,0
26,26,114277.0,0,0
27,27,114277.0,0,0
28,28,114277.0,0,0
29,29,114277.0,0,0
30,30,114277.0,0,0
31,31,114277.0,0,0
32,32,114277.0,0,0
33,33,114277.0,0,0
34,34,114277.0,0,0
35,35,114277.0,0,0
36,36,114277.0,0,0
37,37,114277.0,0,0
38,38,114277.0,0,0
39,39,114277.0,0,0
40,40,114277.0,0,0
41,41,114277.0,0,0
42,42,114277.0,0,0
43,43,114277.0,0,0
44,44,114277.0,0,0
45,45,114277.0,0,0
46,46,114277.0,0,0
47,47,114277.0,0,0
48,48,114277.0,0,0
49,49,114277.0,0,0
50,50,114277.0,0,0
51,51,114277.0,0,0
52,52,114277.0,0,0
53,53,114277.0,0,0
54,54,114277.0,0,0
55,55,114277.0,0,0
56,56,114276.0,1,0
57,57,114276.0,1,0
58,58,114276.0,1,0
59,59,114276.0,1,0
60,60,114275.0,2,0
61,61,114275.0,2,0
62,62,114275.0,2,0
63,63,114275.0,2,0
64,64,114275.0,2,0
65,65,114274.0,3,0
66,66,114274.0,3,0
67,67,114274.0,3,0
68,68,114268.0,9,0
69,69,114268.0,9,0
70,70,114266.0,11,0
71,71,114265.0,12,0
72,72,114257.0,20,0
73,73,114256.0,21,0
74,74,114253.0,24,0
75,75,114239.0,38,0
76,76,114229.0,48,0
77,77,114225.0,52,0
78,78,114223.0,54,0
79,79,114223.0,54,0
80,80,114220.0,57,0
81,81,114217.0,60,0
82,82,114216.0,61,0
83,83,114215.0,62,0
84,84,114215.0,62,0
85,85,114214.0,63,0
86,86,114213.0,63,1
87,87,114209.0,66,2
88,88,114203.0,72,2
89,89,114195.0,80,2
90,90,114191.0,83,3
91,91,114189.0,85,3
92,92,114186.0,88,3
93,93,114185.0,89,3
94,94,114184.0,90,3
95,95,114184.0,90,3
96,96,114184.0,90,3
97,97,114182.0,92,3
98,98,114181.0,93,3
99,99,114181.0,93,3
100,100,114181.0,93,3
101,101,114176.0,98,3
102,102,114169.0,105,3
103,103,114169.0,105,3
104,104,114160.0,114,3
105,105,114160.0,114,3
106,106,114154.0,120,3
107,107,114151.0,123,3
108,108,114150.0,124,3
109,109,114150.0,124,3
110,110,114149.0,125,3
111,111,114148.0,126,3
112,112,114147.0,127,3
113,113,114146.0,128,3
114,114,114145.0,129,3
115,115,114144.0,130,3
116,116,114144.0,130,3
117,117,114141.0,133,3
118,118,114141.0,133,3
119,119,114138.0,136,3
120,120,114138.0,136,3
121,121,114137.0,137,3
122,122,114136.0,138,3
123,123,114133.0,141,3
124,124,114127.0,147,3
125,125,114124.0,150,3
126,126,114122.0,152,3
127,127,114122.0,152,3
128,128,114121.0,153,3
