,Days,S,I,D
0,0,79828.0,0,0
1,1,79828.0,0,0
2,2,79828.0,0,0
3,3,79828.0,0,0
4,4,79828.0,0,0
5,5,79828.0,0,0
6,6,79828.0,0,0
7,7,79828.0,0,0
8,8,79828.0,0,0
9,9,79828.0,0,0
10,10,79828.0,0,0
11,11,79828.0,0,0
12,12,79828.0,0,0
13,13,79828.0,0,0
14,14,79828.0,0,0
15,15,79828.0,0,0
16,16,79828.0,0,0
17,17,79828.0,0,0
18,18,79828.0,0,0
19,19,79828.0,0,0
20,20,79828.0,0,0
21,21,79828.0,0,0
22,22,79828.0,0,0
23,23,79828.0,0,0
24,24,79828.0,0,0
25,25,79828.0,0,0
26,26,79828.0,0,0
27,27,79828.0,0,0
28,28,79828.0,0,0
29,29,79828.0,0,0
30,30,79828.0,0,0
31,31,79828.0,0,0
32,32,79828.0,0,0
33,33,79828.0,0,0
34,34,79828.0,0,0
35,35,79828.0,0,0
36,36,79828.0,0,0
37,37,79828.0,0,0
38,38,79828.0,0,0
39,39,79828.0,0,0
40,40,79828.0,0,0
41,41,79828.0,0,0
42,42,79828.0,0,0
43,43,79828.0,0,0
44,44,79828.0,0,0
45,45,79828.0,0,0
46,46,79828.0,0,0
47,47,79828.0,0,0
48,48,79828.0,0,0
49,49,79828.0,0,0
50,50,79828.0,0,0
51,51,79828.0,0,0
52,52,79828.0,0,0
53,53,79828.0,0,0
54,54,79828.0,0,0
55,55,79828.0,0,0
56,56,79828.0,0,0
57,57,79827.0,1,0
58,58,79827.0,1,0
59,59,79827.0,1,0
60,60,79827.0,1,0
61,61,79827.0,1,0
62,62,79826.0,2,0
63,63,79825.0,3,0
64,64,79824.0,4,0
65,65,79824.0,4,0
66,66,79824.0,4,0
67,67,79824.0,4,0
68,68,79822.0,6,0
69,69,79821.0,7,0
70,70,79820.0,8,0
71,71,79820.0,8,0
72,72,79816.0,12,0
73,73,79812.0,16,0
74,74,79808.0,20,0
75,75,79808.0,20,0
76,76,79807.0,21,0
77,77,79802.0,26,0
78,78,79798.0,30,0
79,79,79796.0,32,0
80,80,79796.0,32,0
81,81,79794.0,34,0
82,82,79790.0,38,0
83,83,79790.0,38,0
84,84,79788.0,40,0
85,85,79788.0,40,0
86,86,79786.0,42,0
87,87,79784.0,44,0
88,88,79782.0,46,0
89,89,79781.0,47,0
90,90,79776.0,50,2
91,91,79774.0,52,2
92,92,79773.0,53,2
93,93,79772.0,54,2
94,94,79771.0,55,2
95,95,79769.0,57,2
96,96,79768.0,58,2
97,97,79767.0,59,2
98,98,79767.0,59,2
99,99,79765.0,61,2
100,100,79765.0,61,2
101,101,79762.0,64,2
102,102,79762.0,64,2
103,103,79762.0,64,2
104,104,79759.0,67,2
105,105,79759.0,67,2
106,106,79756.0,70,2
107,107,79754.0,72,2
108,108,79753.0,73,2
109,109,79753.0,73,2
110,110,79753.0,73,2
111,111,79752.0,74,2
112,112,79751.0,75,2
113,113,79751.0,75,2
114,114,79751.0,75,2
115,115,79748.0,78,2
116,116,79748.0,78,2
117,117,79745.0,81,2
118,118,79745.0,81,2
119,119,79744.0,82,2
120,120,79742.0,84,2
121,121,79741.0,85,2
122,122,79740.0,86,2
123,123,79735.0,91,2
124,124,79734.0,92,2
125,125,79730.0,95,3
126,126,79729.0,96,3
127,127,79725.0,100,3
128,128,79719.0,106,3
