,Days,S,I,D
0,0,140799.0,0,0
1,1,140799.0,0,0
2,2,140799.0,0,0
3,3,140799.0,0,0
4,4,140799.0,0,0
5,5,140799.0,0,0
6,6,140799.0,0,0
7,7,140799.0,0,0
8,8,140799.0,0,0
9,9,140799.0,0,0
10,10,140799.0,0,0
11,11,140799.0,0,0
12,12,140799.0,0,0
13,13,140799.0,0,0
14,14,140799.0,0,0
15,15,140799.0,0,0
16,16,140799.0,0,0
17,17,140799.0,0,0
18,18,140799.0,0,0
19,19,140799.0,0,0
20,20,140799.0,0,0
21,21,140799.0,0,0
22,22,140799.0,0,0
23,23,140799.0,0,0
24,24,140799.0,0,0
25,25,140799.0,0,0
26,26,140799.0,0,0
27,27,140799.0,0,0
28,28,140799.0,0,0
29,29,140799.0,0,0
30,30,140799.0,0,0
31,31,140799.0,0,0
32,32,140799.0,0,0
33,33,140799.0,0,0
34,34,140799.0,0,0
35,35,140799.0,0,0
36,36,140799.0,0,0
37,37,140799.0,0,0
38,38,140799.0,0,0
39,39,140799.0,0,0
40,40,140799.0,0,0
41,41,140799.0,0,0
42,42,140799.0,0,0
43,43,140799.0,0,0
44,44,140799.0,0,0
45,45,140799.0,0,0
46,46,140799.0,0,0
47,47,140799.0,0,0
48,48,140799.0,0,0
49,49,140799.0,0,0
50,50,140799.0,0,0
51,51,140799.0,0,0
52,52,140799.0,0,0
53,53,140799.0,0,0
54,54,140799.0,0,0
55,55,140799.0,0,0
56,56,140799.0,0,0
57,57,140797.0,2,0
58,58,140796.0,3,0
59,59,140793.0,6,0
60,60,140787.0,12,0
61,61,140784.0,15,0
62,62,140781.0,18,0
63,63,140772.0,27,0
64,64,140750.0,49,0
65,65,140734.0,65,0
66,66,140733.0,65,1
67,67,140705.0,93,1
68,68,140685.0,113,1
69,69,140666.0,132,1
70,70,140635.0,158,6
71,71,140613.0,179,7
72,72,140581.0,210,8
73,73,140554.0,236,9
74,74,140523.0,267,9
75,75,140496.0,292,11
76,76,140453.0,331,15
77,77,140421.0,357,21
78,78,140386.0,392,21
79,79,140360.0,413,26
80,80,140316.0,456,27
81,81,140281.0,483,35
82,82,140256.0,508,35
83,83,140225.0,535,39
84,84,140207.0,551,41
85,85,140178.0,578,43
86,86,140154.0,591,54
87,87,140118.0,626,55
88,88,140078.0,659,62
89,89,140055.0,680,64
90,90,140018.0,712,69
91,91,139987.0,743,69
92,92,139946.0,784,69
93,93,139920.0,795,84
94,94,139896.0,812,91
95,95,139852.0,855,92
96,96,139842.0,864,93
97,97,139820.0,882,97
98,98,139800.0,900,99
99,99,139775.0,921,103
100,100,139753.0,936,110
101,101,139736.0,949,114
102,102,139715.0,969,115
103,103,139704.0,979,116
104,104,139692.0,987,120
105,105,139682.0,995,122
106,106,139670.0,1006,123
107,107,139659.0,1015,125
108,108,139649.0,1023,127
109,109,139646.0,1026,127
110,110,139638.0,1033,128
111,111,139626.0,1038,135
112,112,139622.0,1041,136
113,113,139616.0,1046,137
114,114,139615.0,1047,137
115,115,139609.0,1053,137
116,116,139605.0,1056,138
117,117,139600.0,1061,138
118,118,139597.0,1063,139
119,119,139590.0,1069,140
120,120,139584.0,1075,140
121,121,139583.0,1075,141
122,122,139577.0,1077,145
123,123,139575.0,1079,145
124,124,139570.0,1084,145
125,125,139565.0,1089,145
126,126,139558.0,1095,146
127,127,139548.0,1104,147
128,128,139546.0,1106,147
