,Days,S,I,D
0,0,29970.0,0,0
1,1,29970.0,0,0
2,2,29970.0,0,0
3,3,29970.0,0,0
4,4,29970.0,0,0
5,5,29970.0,0,0
6,6,29970.0,0,0
7,7,29970.0,0,0
8,8,29970.0,0,0
9,9,29970.0,0,0
10,10,29970.0,0,0
11,11,29970.0,0,0
12,12,29970.0,0,0
13,13,29970.0,0,0
14,14,29970.0,0,0
15,15,29970.0,0,0
16,16,29970.0,0,0
17,17,29970.0,0,0
18,18,29970.0,0,0
19,19,29970.0,0,0
20,20,29970.0,0,0
21,21,29970.0,0,0
22,22,29970.0,0,0
23,23,29970.0,0,0
24,24,29970.0,0,0
25,25,29970.0,0,0
26,26,29970.0,0,0
27,27,29970.0,0,0
28,28,29970.0,0,0
29,29,29970.0,0,0
30,30,29970.0,0,0
31,31,29970.0,0,0
32,32,29970.0,0,0
33,33,29970.0,0,0
34,34,29970.0,0,0
35,35,29970.0,0,0
36,36,29970.0,0,0
37,37,29970.0,0,0
38,38,29970.0,0,0
39,39,29970.0,0,0
40,40,29970.0,0,0
41,41,29970.0,0,0
42,42,29970.0,0,0
43,43,29970.0,0,0
44,44,29970.0,0,0
45,45,29970.0,0,0
46,46,29970.0,0,0
47,47,29970.0,0,0
48,48,29970.0,0,0
49,49,29970.0,0,0
50,50,29970.0,0,0
51,51,29970.0,0,0
52,52,29970.0,0,0
53,53,29970.0,0,0
54,54,29970.0,0,0
55,55,29970.0,0,0
56,56,29970.0,0,0
57,57,29970.0,0,0
58,58,29970.0,0,0
59,59,29970.0,0,0
60,60,29970.0,0,0
61,61,29970.0,0,0
62,62,29970.0,0,0
63,63,29970.0,0,0
64,64,29969.0,1,0
65,65,29969.0,1,0
66,66,29969.0,1,0
67,67,29969.0,1,0
68,68,29969.0,1,0
69,69,29967.0,3,0
70,70,29967.0,3,0
71,71,29967.0,3,0
72,72,29967.0,3,0
73,73,29966.0,4,0
74,74,29966.0,4,0
75,75,29966.0,4,0
76,76,29960.0,10,0
77,77,29959.0,11,0
78,78,29959.0,11,0
79,79,29959.0,11,0
80,80,29959.0,11,0
81,81,29959.0,11,0
82,82,29959.0,11,0
83,83,29956.0,14,0
84,84,29956.0,14,0
85,85,29950.0,20,0
86,86,29950.0,20,0
87,87,29950.0,20,0
88,88,29950.0,20,0
89,89,29940.0,30,0
90,90,29938.0,32,0
91,91,29937.0,33,0
92,92,29934.0,36,0
93,93,29932.0,38,0
94,94,29932.0,38,0
95,95,29932.0,38,0
96,96,29922.0,48,0
97,97,29914.0,56,0
98,98,29912.0,58,0
99,99,29911.0,59,0
100,100,29907.0,63,0
101,101,29892.0,78,0
102,102,29892.0,78,0
103,103,29891.0,79,0
104,104,29886.0,83,1
105,105,29886.0,83,1
106,106,29883.0,86,1
107,107,29883.0,86,1
108,108,29882.0,87,1
109,109,29882.0,87,1
110,110,29882.0,87,1
111,111,29882.0,87,1
112,112,29882.0,87,1
113,113,29881.0,87,2
114,114,29881.0,87,2
115,115,29881.0,87,2
116,116,29881.0,87,2
117,117,29880.0,87,3
118,118,29877.0,90,3
119,119,29876.0,91,3
120,120,29876.0,91,3
121,121,29875.0,92,3
122,122,29874.0,93,3
123,123,29873.0,94,3
124,124,29873.0,94,3
125,125,29872.0,95,3
126,126,29869.0,98,3
127,127,29868.0,99,3
128,128,29866.0,101,3
