,Days,S,I,D
0,0,20192.0,0,0
1,1,20192.0,0,0
2,2,20192.0,0,0
3,3,20192.0,0,0
4,4,20192.0,0,0
5,5,20192.0,0,0
6,6,20192.0,0,0
7,7,20192.0,0,0
8,8,20192.0,0,0
9,9,20192.0,0,0
10,10,20192.0,0,0
11,11,20192.0,0,0
12,12,20192.0,0,0
13,13,20192.0,0,0
14,14,20192.0,0,0
15,15,20192.0,0,0
16,16,20192.0,0,0
17,17,20192.0,0,0
18,18,20192.0,0,0
19,19,20192.0,0,0
20,20,20192.0,0,0
21,21,20192.0,0,0
22,22,20192.0,0,0
23,23,20192.0,0,0
24,24,20192.0,0,0
25,25,20192.0,0,0
26,26,20192.0,0,0
27,27,20192.0,0,0
28,28,20192.0,0,0
29,29,20192.0,0,0
30,30,20192.0,0,0
31,31,20192.0,0,0
32,32,20192.0,0,0
33,33,20192.0,0,0
34,34,20192.0,0,0
35,35,20192.0,0,0
36,36,20192.0,0,0
37,37,20192.0,0,0
38,38,20192.0,0,0
39,39,20192.0,0,0
40,40,20192.0,0,0
41,41,20192.0,0,0
42,42,20192.0,0,0
43,43,20192.0,0,0
44,44,20192.0,0,0
45,45,20192.0,0,0
46,46,20192.0,0,0
47,47,20192.0,0,0
48,48,20192.0,0,0
49,49,20192.0,0,0
50,50,20192.0,0,0
51,51,20192.0,0,0
52,52,20192.0,0,0
53,53,20192.0,0,0
54,54,20192.0,0,0
55,55,20192.0,0,0
56,56,20192.0,0,0
57,57,20192.0,0,0
58,58,20192.0,0,0
59,59,20192.0,0,0
60,60,20192.0,0,0
61,61,20190.0,2,0
62,62,20191.0,1,0
63,63,20191.0,1,0
64,64,20191.0,1,0
65,65,20190.0,2,0
66,66,20190.0,2,0
67,67,20190.0,2,0
68,68,20190.0,2,0
69,69,20190.0,2,0
70,70,20189.0,3,0
71,71,20188.0,4,0
72,72,20188.0,4,0
73,73,20183.0,9,0
74,74,20182.0,10,0
75,75,20181.0,11,0
76,76,20179.0,13,0
77,77,20179.0,13,0
78,78,20176.0,16,0
79,79,20174.0,18,0
80,80,20173.0,19,0
81,81,20173.0,19,0
82,82,20172.0,20,0
83,83,20172.0,20,0
84,84,20171.0,21,0
85,85,20170.0,22,0
86,86,20165.0,27,0
87,87,20165.0,27,0
88,88,20159.0,33,0
89,89,20158.0,34,0
90,90,20154.0,38,0
91,91,20150.0,42,0
92,92,20147.0,45,0
93,93,20145.0,47,0
94,94,20144.0,48,0
95,95,20144.0,48,0
96,96,20140.0,52,0
97,97,20139.0,53,0
98,98,20136.0,56,0
99,99,20134.0,58,0
100,100,20126.0,66,0
101,101,20119.0,73,0
102,102,20118.0,74,0
103,103,20110.0,82,0
104,104,20107.0,84,1
105,105,20105.0,86,1
106,106,20100.0,91,1
107,107,20096.0,95,1
108,108,20092.0,99,1
109,109,20091.0,100,1
110,110,20088.0,103,1
111,111,20088.0,103,1
112,112,20087.0,104,1
113,113,20087.0,104,1
114,114,20085.0,106,1
115,115,20085.0,106,1
116,116,20085.0,106,1
117,117,20084.0,107,1
118,118,20082.0,108,2
119,119,20082.0,108,2
120,120,20077.0,113,2
121,121,20077.0,113,2
122,122,20075.0,114,3
123,123,20075.0,114,3
124,124,20070.0,119,3
125,125,20070.0,119,3
126,126,20065.0,124,3
127,127,20064.0,125,3
128,128,20061.0,128,3
