,Days,S,I,D
0,0,134313.0,0,0
1,1,134313.0,0,0
2,2,134313.0,0,0
3,3,134313.0,0,0
4,4,134313.0,0,0
5,5,134313.0,0,0
6,6,134313.0,0,0
7,7,134313.0,0,0
8,8,134313.0,0,0
9,9,134313.0,0,0
10,10,134313.0,0,0
11,11,134313.0,0,0
12,12,134313.0,0,0
13,13,134313.0,0,0
14,14,134313.0,0,0
15,15,134313.0,0,0
16,16,134313.0,0,0
17,17,134313.0,0,0
18,18,134313.0,0,0
19,19,134313.0,0,0
20,20,134313.0,0,0
21,21,134313.0,0,0
22,22,134313.0,0,0
23,23,134313.0,0,0
24,24,134313.0,0,0
25,25,134313.0,0,0
26,26,134313.0,0,0
27,27,134313.0,0,0
28,28,134313.0,0,0
29,29,134313.0,0,0
30,30,134313.0,0,0
31,31,134313.0,0,0
32,32,134313.0,0,0
33,33,134313.0,0,0
34,34,134313.0,0,0
35,35,134313.0,0,0
36,36,134313.0,0,0
37,37,134313.0,0,0
38,38,134313.0,0,0
39,39,134313.0,0,0
40,40,134313.0,0,0
41,41,134313.0,0,0
42,42,134313.0,0,0
43,43,134313.0,0,0
44,44,134313.0,0,0
45,45,134313.0,0,0
46,46,134313.0,0,0
47,47,134313.0,0,0
48,48,134313.0,0,0
49,49,134313.0,0,0
50,50,134313.0,0,0
51,51,134313.0,0,0
52,52,134313.0,0,0
53,53,134313.0,0,0
54,54,134313.0,0,0
55,55,134313.0,0,0
56,56,134313.0,0,0
57,57,134313.0,0,0
58,58,134313.0,0,0
59,59,134313.0,0,0
60,60,134313.0,0,0
61,61,134313.0,0,0
62,62,134313.0,0,0
63,63,134313.0,0,0
64,64,134312.0,1,0
65,65,134308.0,5,0
66,66,134306.0,7,0
67,67,134306.0,7,0
68,68,134304.0,9,0
69,69,134300.0,13,0
70,70,134299.0,14,0
71,71,134297.0,16,0
72,72,134284.0,29,0
73,73,134274.0,39,0
74,74,134273.0,40,0
75,75,134271.0,41,1
76,76,134269.0,43,1
77,77,134259.0,53,1
78,78,134259.0,53,1
79,79,134250.0,62,1
80,80,134248.0,64,1
81,81,134247.0,65,1
82,82,134240.0,72,1
83,83,134239.0,73,1
84,84,134237.0,75,1
85,85,134235.0,77,1
86,86,134234.0,78,1
87,87,134233.0,79,1
88,88,134229.0,83,1
89,89,134222.0,90,1
90,90,134220.0,92,1
91,91,134215.0,97,1
92,92,134213.0,99,1
93,93,134211.0,101,1
94,94,134208.0,104,1
95,95,134208.0,104,1
96,96,134204.0,108,1
97,97,134204.0,108,1
98,98,134203.0,109,1
99,99,134197.0,115,1
100,100,134193.0,119,1
101,101,134190.0,122,1
102,102,134189.0,123,1
103,103,134184.0,128,1
104,104,134182.0,128,3
105,105,134182.0,128,3
106,106,134179.0,131,3
107,107,134175.0,135,3
108,108,134172.0,138,3
109,109,134166.0,144,3
110,110,134164.0,146,3
111,111,134163.0,147,3
112,112,134162.0,148,3
113,113,134154.0,156,3
114,114,134152.0,158,3
115,115,134152.0,158,3
116,116,134149.0,161,3
117,117,134147.0,163,3
118,118,134146.0,164,3
119,119,134145.0,165,3
120,120,134143.0,167,3
121,121,134141.0,169,3
122,122,134138.0,172,3
123,123,134136.0,174,3
124,124,134129.0,181,3
125,125,134127.0,183,3
126,126,134127.0,183,3
127,127,134120.0,190,3
128,128,134118.0,192,3
