,Days,S,I,D
0,0,31567.0,0,0
1,1,31567.0,0,0
2,2,31567.0,0,0
3,3,31567.0,0,0
4,4,31567.0,0,0
5,5,31567.0,0,0
6,6,31567.0,0,0
7,7,31567.0,0,0
8,8,31567.0,0,0
9,9,31567.0,0,0
10,10,31567.0,0,0
11,11,31567.0,0,0
12,12,31567.0,0,0
13,13,31567.0,0,0
14,14,31567.0,0,0
15,15,31567.0,0,0
16,16,31567.0,0,0
17,17,31567.0,0,0
18,18,31567.0,0,0
19,19,31567.0,0,0
20,20,31567.0,0,0
21,21,31567.0,0,0
22,22,31567.0,0,0
23,23,31567.0,0,0
24,24,31567.0,0,0
25,25,31567.0,0,0
26,26,31567.0,0,0
27,27,31567.0,0,0
28,28,31567.0,0,0
29,29,31567.0,0,0
30,30,31567.0,0,0
31,31,31567.0,0,0
32,32,31567.0,0,0
33,33,31567.0,0,0
34,34,31567.0,0,0
35,35,31567.0,0,0
36,36,31567.0,0,0
37,37,31567.0,0,0
38,38,31567.0,0,0
39,39,31567.0,0,0
40,40,31567.0,0,0
41,41,31567.0,0,0
42,42,31567.0,0,0
43,43,31567.0,0,0
44,44,31567.0,0,0
45,45,31567.0,0,0
46,46,31567.0,0,0
47,47,31567.0,0,0
48,48,31567.0,0,0
49,49,31567.0,0,0
50,50,31567.0,0,0
51,51,31567.0,0,0
52,52,31567.0,0,0
53,53,31567.0,0,0
54,54,31567.0,0,0
55,55,31567.0,0,0
56,56,31567.0,0,0
57,57,31567.0,0,0
58,58,31567.0,0,0
59,59,31567.0,0,0
60,60,31567.0,0,0
61,61,31567.0,0,0
62,62,31567.0,0,0
63,63,31567.0,0,0
64,64,31567.0,0,0
65,65,31567.0,0,0
66,66,31567.0,0,0
67,67,31567.0,0,0
68,68,31565.0,2,0
69,69,31565.0,2,0
70,70,31563.0,4,0
71,71,31563.0,4,0
72,72,31559.0,8,0
73,73,31557.0,10,0
74,74,31557.0,10,0
75,75,31557.0,10,0
76,76,31557.0,10,0
77,77,31558.0,9,0
78,78,31555.0,12,0
79,79,31554.0,13,0
80,80,31550.0,17,0
81,81,31549.0,17,1
82,82,31547.0,19,1
83,83,31547.0,19,1
84,84,31547.0,19,1
85,85,31547.0,19,1
86,86,31544.0,21,2
87,87,31544.0,21,2
88,88,31544.0,21,2
89,89,31544.0,21,2
90,90,31541.0,24,2
91,91,31541.0,24,2
92,92,31538.0,27,2
93,93,31538.0,27,2
94,94,31538.0,27,2
95,95,31538.0,27,2
96,96,31535.0,30,2
97,97,31535.0,30,2
98,98,31534.0,31,2
99,99,31534.0,31,2
100,100,31532.0,33,2
101,101,31530.0,35,2
102,102,31530.0,35,2
103,103,31526.0,39,2
104,104,31525.0,40,2
105,105,31525.0,40,2
106,106,31523.0,42,2
107,107,31523.0,42,2
108,108,31523.0,42,2
109,109,31520.0,45,2
110,110,31517.0,48,2
111,111,31512.0,53,2
112,112,31512.0,53,2
113,113,31508.0,57,2
114,114,31507.0,58,2
115,115,31507.0,58,2
116,116,31507.0,58,2
117,117,31505.0,60,2
118,118,31490.0,75,2
119,119,31485.0,80,2
120,120,31481.0,84,2
121,121,31481.0,84,2
122,122,31478.0,87,2
123,123,31479.0,86,2
124,124,31477.0,88,2
125,125,31469.0,96,2
126,126,31463.0,101,3
127,127,31452.0,112,3
128,128,31446.0,118,3
