,Days,S,I,D
0,0,38684.0,0,0
1,1,38684.0,0,0
2,2,38684.0,0,0
3,3,38684.0,0,0
4,4,38684.0,0,0
5,5,38684.0,0,0
6,6,38684.0,0,0
7,7,38684.0,0,0
8,8,38684.0,0,0
9,9,38684.0,0,0
10,10,38684.0,0,0
11,11,38684.0,0,0
12,12,38684.0,0,0
13,13,38684.0,0,0
14,14,38684.0,0,0
15,15,38684.0,0,0
16,16,38684.0,0,0
17,17,38684.0,0,0
18,18,38684.0,0,0
19,19,38684.0,0,0
20,20,38684.0,0,0
21,21,38684.0,0,0
22,22,38684.0,0,0
23,23,38684.0,0,0
24,24,38684.0,0,0
25,25,38684.0,0,0
26,26,38684.0,0,0
27,27,38684.0,0,0
28,28,38684.0,0,0
29,29,38684.0,0,0
30,30,38684.0,0,0
31,31,38684.0,0,0
32,32,38684.0,0,0
33,33,38684.0,0,0
34,34,38684.0,0,0
35,35,38684.0,0,0
36,36,38684.0,0,0
37,37,38684.0,0,0
38,38,38684.0,0,0
39,39,38684.0,0,0
40,40,38684.0,0,0
41,41,38684.0,0,0
42,42,38684.0,0,0
43,43,38684.0,0,0
44,44,38684.0,0,0
45,45,38684.0,0,0
46,46,38684.0,0,0
47,47,38684.0,0,0
48,48,38684.0,0,0
49,49,38684.0,0,0
50,50,38684.0,0,0
51,51,38684.0,0,0
52,52,38684.0,0,0
53,53,38684.0,0,0
54,54,38684.0,0,0
55,55,38684.0,0,0
56,56,38684.0,0,0
57,57,38684.0,0,0
58,58,38684.0,0,0
59,59,38684.0,0,0
60,60,38684.0,0,0
61,61,38684.0,0,0
62,62,38684.0,0,0
63,63,38684.0,0,0
64,64,38684.0,0,0
65,65,38684.0,0,0
66,66,38684.0,0,0
67,67,38684.0,0,0
68,68,38684.0,0,0
69,69,38684.0,0,0
70,70,38684.0,0,0
71,71,38684.0,0,0
72,72,38683.0,1,0
73,73,38683.0,1,0
74,74,38683.0,1,0
75,75,38681.0,3,0
76,76,38681.0,3,0
77,77,38681.0,3,0
78,78,38680.0,4,0
79,79,38678.0,6,0
80,80,38677.0,7,0
81,81,38676.0,8,0
82,82,38676.0,8,0
83,83,38676.0,8,0
84,84,38676.0,8,0
85,85,38676.0,8,0
86,86,38674.0,10,0
87,87,38673.0,11,0
88,88,38673.0,11,0
89,89,38673.0,11,0
90,90,38673.0,11,0
91,91,38671.0,13,0
92,92,38670.0,14,0
93,93,38667.0,17,0
94,94,38666.0,18,0
95,95,38663.0,21,0
96,96,38659.0,25,0
97,97,38655.0,29,0
98,98,38654.0,30,0
99,99,38653.0,31,0
100,100,38652.0,32,0
101,101,38652.0,32,0
102,102,38652.0,32,0
103,103,38651.0,33,0
104,104,38651.0,33,0
105,105,38650.0,34,0
106,106,38649.0,35,0
107,107,38647.0,37,0
108,108,38643.0,41,0
109,109,38643.0,41,0
110,110,38643.0,41,0
111,111,38643.0,41,0
112,112,38643.0,41,0
113,113,38641.0,43,0
114,114,38641.0,43,0
115,115,38641.0,43,0
116,116,38640.0,44,0
117,117,38640.0,44,0
118,118,38639.0,45,0
119,119,38639.0,45,0
120,120,38636.0,48,0
121,121,38636.0,48,0
122,122,38634.0,49,1
123,123,38633.0,50,1
124,124,38632.0,51,1
125,125,38629.0,54,1
126,126,38629.0,54,1
127,127,38627.0,55,2
128,128,38627.0,55,2
