,Days,S,I,D
0,0,48860.0,0,0
1,1,48860.0,0,0
2,2,48860.0,0,0
3,3,48860.0,0,0
4,4,48860.0,0,0
5,5,48860.0,0,0
6,6,48860.0,0,0
7,7,48860.0,0,0
8,8,48860.0,0,0
9,9,48860.0,0,0
10,10,48860.0,0,0
11,11,48860.0,0,0
12,12,48860.0,0,0
13,13,48860.0,0,0
14,14,48860.0,0,0
15,15,48860.0,0,0
16,16,48860.0,0,0
17,17,48860.0,0,0
18,18,48860.0,0,0
19,19,48860.0,0,0
20,20,48860.0,0,0
21,21,48860.0,0,0
22,22,48860.0,0,0
23,23,48860.0,0,0
24,24,48860.0,0,0
25,25,48860.0,0,0
26,26,48860.0,0,0
27,27,48860.0,0,0
28,28,48860.0,0,0
29,29,48860.0,0,0
30,30,48860.0,0,0
31,31,48860.0,0,0
32,32,48860.0,0,0
33,33,48860.0,0,0
34,34,48860.0,0,0
35,35,48860.0,0,0
36,36,48860.0,0,0
37,37,48860.0,0,0
38,38,48860.0,0,0
39,39,48860.0,0,0
40,40,48860.0,0,0
41,41,48860.0,0,0
42,42,48860.0,0,0
43,43,48860.0,0,0
44,44,48860.0,0,0
45,45,48860.0,0,0
46,46,48860.0,0,0
47,47,48860.0,0,0
48,48,48860.0,0,0
49,49,48860.0,0,0
50,50,48860.0,0,0
51,51,48860.0,0,0
52,52,48860.0,0,0
53,53,48860.0,0,0
54,54,48860.0,0,0
55,55,48860.0,0,0
56,56,48860.0,0,0
57,57,48860.0,0,0
58,58,48860.0,0,0
59,59,48860.0,0,0
60,60,48860.0,0,0
61,61,48860.0,0,0
62,62,48860.0,0,0
63,63,48858.0,2,0
64,64,48858.0,2,0
65,65,48858.0,2,0
66,66,48858.0,2,0
67,67,48858.0,2,0
68,68,48857.0,3,0
69,69,48857.0,3,0
70,70,48854.0,6,0
71,71,48853.0,7,0
72,72,48852.0,8,0
73,73,48850.0,10,0
74,74,48850.0,10,0
75,75,48850.0,10,0
76,76,48849.0,11,0
77,77,48849.0,11,0
78,78,48849.0,11,0
79,79,48847.0,13,0
80,80,48846.0,14,0
81,81,48846.0,14,0
82,82,48846.0,14,0
83,83,48845.0,14,1
84,84,48845.0,14,1
85,85,48845.0,14,1
86,86,48845.0,14,1
87,87,48845.0,14,1
88,88,48845.0,14,1
89,89,48845.0,14,1
90,90,48845.0,14,1
91,91,48845.0,14,1
92,92,48845.0,14,1
93,93,48844.0,15,1
94,94,48842.0,16,2
95,95,48842.0,16,2
96,96,48842.0,16,2
97,97,48842.0,16,2
98,98,48842.0,16,2
99,99,48842.0,16,2
100,100,48842.0,16,2
101,101,48842.0,16,2
102,102,48842.0,16,2
103,103,48842.0,16,2
104,104,48841.0,17,2
105,105,48841.0,17,2
106,106,48841.0,17,2
107,107,48841.0,17,2
108,108,48840.0,18,2
109,109,48840.0,18,2
110,110,48840.0,18,2
111,111,48840.0,18,2
112,112,48839.0,19,2
113,113,48839.0,19,2
114,114,48839.0,19,2
115,115,48838.0,20,2
116,116,48838.0,20,2
117,117,48837.0,21,2
118,118,48837.0,21,2
119,119,48837.0,21,2
120,120,48836.0,22,2
121,121,48836.0,22,2
122,122,48834.0,23,3
123,123,48834.0,23,3
124,124,48833.0,24,3
125,125,48833.0,24,3
126,126,48833.0,24,3
127,127,48832.0,25,3
128,128,48832.0,25,3
