,Days,S,I,D
0,0,42907.0,0,0
1,1,42907.0,0,0
2,2,42907.0,0,0
3,3,42907.0,0,0
4,4,42907.0,0,0
5,5,42907.0,0,0
6,6,42907.0,0,0
7,7,42907.0,0,0
8,8,42907.0,0,0
9,9,42907.0,0,0
10,10,42907.0,0,0
11,11,42907.0,0,0
12,12,42907.0,0,0
13,13,42907.0,0,0
14,14,42907.0,0,0
15,15,42907.0,0,0
16,16,42907.0,0,0
17,17,42907.0,0,0
18,18,42907.0,0,0
19,19,42907.0,0,0
20,20,42907.0,0,0
21,21,42907.0,0,0
22,22,42907.0,0,0
23,23,42907.0,0,0
24,24,42907.0,0,0
25,25,42907.0,0,0
26,26,42907.0,0,0
27,27,42907.0,0,0
28,28,42907.0,0,0
29,29,42907.0,0,0
30,30,42907.0,0,0
31,31,42907.0,0,0
32,32,42907.0,0,0
33,33,42907.0,0,0
34,34,42907.0,0,0
35,35,42907.0,0,0
36,36,42907.0,0,0
37,37,42907.0,0,0
38,38,42907.0,0,0
39,39,42907.0,0,0
40,40,42907.0,0,0
41,41,42907.0,0,0
42,42,42907.0,0,0
43,43,42907.0,0,0
44,44,42907.0,0,0
45,45,42907.0,0,0
46,46,42907.0,0,0
47,47,42907.0,0,0
48,48,42907.0,0,0
49,49,42907.0,0,0
50,50,42907.0,0,0
51,51,42907.0,0,0
52,52,42907.0,0,0
53,53,42907.0,0,0
54,54,42907.0,0,0
55,55,42907.0,0,0
56,56,42907.0,0,0
57,57,42907.0,0,0
58,58,42907.0,0,0
59,59,42907.0,0,0
60,60,42907.0,0,0
61,61,42906.0,1,0
62,62,42905.0,2,0
63,63,42905.0,2,0
64,64,42902.0,5,0
65,65,42902.0,5,0
66,66,42902.0,5,0
67,67,42902.0,5,0
68,68,42902.0,5,0
69,69,42902.0,5,0
70,70,42901.0,6,0
71,71,42901.0,6,0
72,72,42900.0,7,0
73,73,42897.0,10,0
74,74,42897.0,10,0
75,75,42897.0,10,0
76,76,42897.0,10,0
77,77,42895.0,12,0
78,78,42894.0,13,0
79,79,42891.0,16,0
80,80,42891.0,16,0
81,81,42889.0,18,0
82,82,42887.0,20,0
83,83,42878.0,29,0
84,84,42874.0,32,1
85,85,42876.0,30,1
86,86,42876.0,30,1
87,87,42875.0,31,1
88,88,42874.0,32,1
89,89,42847.0,59,1
90,90,42845.0,61,1
91,91,42845.0,61,1
92,92,42843.0,63,1
93,93,42837.0,69,1
94,94,42836.0,70,1
95,95,42834.0,72,1
96,96,42831.0,75,1
97,97,42831.0,75,1
98,98,42829.0,77,1
99,99,42828.0,78,1
100,100,42827.0,79,1
101,101,42824.0,82,1
102,102,42824.0,82,1
103,103,42822.0,84,1
104,104,42821.0,84,2
105,105,42810.0,95,2
106,106,42807.0,98,2
107,107,42803.0,102,2
108,108,42798.0,107,2
109,109,42793.0,112,2
110,110,42791.0,114,2
111,111,42791.0,114,2
112,112,42788.0,116,3
113,113,42784.0,120,3
114,114,42780.0,124,3
115,115,42779.0,125,3
116,116,42778.0,126,3
117,117,42775.0,129,3
118,118,42774.0,130,3
119,119,42772.0,132,3
120,120,42767.0,137,3
121,121,42765.0,139,3
122,122,42759.0,145,3
123,123,42747.0,157,3
124,124,42747.0,157,3
125,125,42747.0,157,3
126,126,42742.0,162,3
127,127,42740.0,164,3
128,128,42737.0,167,3
