,Days,S,I,D
0,0,60833.0,0,0
1,1,60833.0,0,0
2,2,60833.0,0,0
3,3,60833.0,0,0
4,4,60833.0,0,0
5,5,60833.0,0,0
6,6,60833.0,0,0
7,7,60833.0,0,0
8,8,60833.0,0,0
9,9,60833.0,0,0
10,10,60833.0,0,0
11,11,60833.0,0,0
12,12,60833.0,0,0
13,13,60833.0,0,0
14,14,60833.0,0,0
15,15,60833.0,0,0
16,16,60833.0,0,0
17,17,60833.0,0,0
18,18,60833.0,0,0
19,19,60833.0,0,0
20,20,60833.0,0,0
21,21,60833.0,0,0
22,22,60833.0,0,0
23,23,60833.0,0,0
24,24,60833.0,0,0
25,25,60833.0,0,0
26,26,60833.0,0,0
27,27,60833.0,0,0
28,28,60833.0,0,0
29,29,60833.0,0,0
30,30,60833.0,0,0
31,31,60833.0,0,0
32,32,60833.0,0,0
33,33,60833.0,0,0
34,34,60833.0,0,0
35,35,60833.0,0,0
36,36,60833.0,0,0
37,37,60833.0,0,0
38,38,60833.0,0,0
39,39,60833.0,0,0
40,40,60833.0,0,0
41,41,60833.0,0,0
42,42,60833.0,0,0
43,43,60833.0,0,0
44,44,60833.0,0,0
45,45,60833.0,0,0
46,46,60833.0,0,0
47,47,60833.0,0,0
48,48,60833.0,0,0
49,49,60833.0,0,0
50,50,60833.0,0,0
51,51,60833.0,0,0
52,52,60833.0,0,0
53,53,60833.0,0,0
54,54,60833.0,0,0
55,55,60833.0,0,0
56,56,60833.0,0,0
57,57,60833.0,0,0
58,58,60833.0,0,0
59,59,60833.0,0,0
60,60,60833.0,0,0
61,61,60833.0,0,0
62,62,60832.0,1,0
63,63,60832.0,1,0
64,64,60831.0,2,0
65,65,60831.0,2,0
66,66,60830.0,3,0
67,67,60830.0,3,0
68,68,60830.0,3,0
69,69,60826.0,7,0
70,70,60825.0,8,0
71,71,60825.0,8,0
72,72,60824.0,9,0
73,73,60823.0,10,0
74,74,60823.0,10,0
75,75,60823.0,10,0
76,76,60819.0,14,0
77,77,60818.0,15,0
78,78,60818.0,15,0
79,79,60817.0,16,0
80,80,60815.0,18,0
81,81,60815.0,18,0
82,82,60814.0,19,0
83,83,60814.0,19,0
84,84,60814.0,19,0
85,85,60814.0,19,0
86,86,60813.0,20,0
87,87,60809.0,24,0
88,88,60807.0,25,1
89,89,60807.0,25,1
90,90,60803.0,28,2
91,91,60803.0,28,2
92,92,60803.0,28,2
93,93,60803.0,28,2
94,94,60803.0,28,2
95,95,60803.0,28,2
96,96,60803.0,28,2
97,97,60803.0,28,2
98,98,60802.0,29,2
99,99,60800.0,31,2
100,100,60798.0,33,2
101,101,60796.0,35,2
102,102,60796.0,35,2
103,103,60796.0,35,2
104,104,60796.0,35,2
105,105,60795.0,36,2
106,106,60795.0,36,2
107,107,60794.0,37,2
108,108,60794.0,37,2
109,109,60794.0,37,2
110,110,60794.0,37,2
111,111,60794.0,37,2
112,112,60792.0,39,2
113,113,60790.0,41,2
114,114,60790.0,41,2
115,115,60790.0,41,2
116,116,60790.0,41,2
117,117,60789.0,41,3
118,118,60789.0,41,3
119,119,60789.0,41,3
120,120,60787.0,43,3
121,121,60787.0,43,3
122,122,60786.0,44,3
123,123,60786.0,44,3
124,124,60786.0,44,3
125,125,60785.0,45,3
126,126,60784.0,46,3
127,127,60784.0,46,3
128,128,60784.0,46,3
