,Days,S,I,D
0,0,43018.0,0,0
1,1,43018.0,0,0
2,2,43018.0,0,0
3,3,43018.0,0,0
4,4,43018.0,0,0
5,5,43018.0,0,0
6,6,43018.0,0,0
7,7,43018.0,0,0
8,8,43018.0,0,0
9,9,43018.0,0,0
10,10,43018.0,0,0
11,11,43018.0,0,0
12,12,43018.0,0,0
13,13,43018.0,0,0
14,14,43018.0,0,0
15,15,43018.0,0,0
16,16,43018.0,0,0
17,17,43018.0,0,0
18,18,43018.0,0,0
19,19,43018.0,0,0
20,20,43018.0,0,0
21,21,43018.0,0,0
22,22,43018.0,0,0
23,23,43018.0,0,0
24,24,43018.0,0,0
25,25,43018.0,0,0
26,26,43018.0,0,0
27,27,43018.0,0,0
28,28,43018.0,0,0
29,29,43018.0,0,0
30,30,43018.0,0,0
31,31,43018.0,0,0
32,32,43018.0,0,0
33,33,43018.0,0,0
34,34,43018.0,0,0
35,35,43018.0,0,0
36,36,43018.0,0,0
37,37,43018.0,0,0
38,38,43018.0,0,0
39,39,43018.0,0,0
40,40,43018.0,0,0
41,41,43018.0,0,0
42,42,43018.0,0,0
43,43,43018.0,0,0
44,44,43018.0,0,0
45,45,43018.0,0,0
46,46,43018.0,0,0
47,47,43018.0,0,0
48,48,43018.0,0,0
49,49,43018.0,0,0
50,50,43018.0,0,0
51,51,43018.0,0,0
52,52,43018.0,0,0
53,53,43018.0,0,0
54,54,43018.0,0,0
55,55,43018.0,0,0
56,56,43018.0,0,0
57,57,43018.0,0,0
58,58,43018.0,0,0
59,59,43018.0,0,0
60,60,43018.0,0,0
61,61,43018.0,0,0
62,62,43018.0,0,0
63,63,43018.0,0,0
64,64,43018.0,0,0
65,65,43018.0,0,0
66,66,43018.0,0,0
67,67,43018.0,0,0
68,68,43018.0,0,0
69,69,43018.0,0,0
70,70,43018.0,0,0
71,71,43018.0,0,0
72,72,43018.0,0,0
73,73,43018.0,0,0
74,74,43018.0,0,0
75,75,43018.0,0,0
76,76,43017.0,1,0
77,77,43017.0,1,0
78,78,43017.0,1,0
79,79,43016.0,2,0
80,80,43016.0,2,0
81,81,43016.0,2,0
82,82,43016.0,2,0
83,83,43016.0,2,0
84,84,43016.0,2,0
85,85,43016.0,2,0
86,86,43014.0,4,0
87,87,43014.0,4,0
88,88,43013.0,5,0
89,89,43013.0,5,0
90,90,43013.0,5,0
91,91,43013.0,5,0
92,92,43010.0,8,0
93,93,43009.0,9,0
94,94,43009.0,9,0
95,95,43009.0,9,0
96,96,43008.0,10,0
97,97,43006.0,12,0
98,98,43006.0,12,0
99,99,43005.0,13,0
100,100,43004.0,14,0
101,101,43004.0,14,0
102,102,43003.0,15,0
103,103,43002.0,16,0
104,104,42998.0,20,0
105,105,42991.0,27,0
106,106,42991.0,27,0
107,107,42988.0,30,0
108,108,42984.0,34,0
109,109,42984.0,34,0
110,110,42984.0,34,0
111,111,42984.0,34,0
112,112,42982.0,36,0
113,113,42982.0,36,0
114,114,42980.0,38,0
115,115,42979.0,38,1
116,116,42977.0,38,3
117,117,42977.0,38,3
118,118,42977.0,38,3
119,119,42976.0,39,3
120,120,42976.0,39,3
121,121,42976.0,39,3
122,122,42971.0,44,3
123,123,42970.0,45,3
124,124,42970.0,45,3
125,125,42970.0,45,3
126,126,42970.0,45,3
127,127,42970.0,45,3
128,128,42969.0,46,3
