,Days,S,I,D
0,0,379611.0,0,0
1,1,379611.0,0,0
2,2,379611.0,0,0
3,3,379611.0,0,0
4,4,379611.0,0,0
5,5,379611.0,0,0
6,6,379611.0,0,0
7,7,379611.0,0,0
8,8,379611.0,0,0
9,9,379611.0,0,0
10,10,379611.0,0,0
11,11,379611.0,0,0
12,12,379611.0,0,0
13,13,379611.0,0,0
14,14,379611.0,0,0
15,15,379611.0,0,0
16,16,379611.0,0,0
17,17,379611.0,0,0
18,18,379611.0,0,0
19,19,379611.0,0,0
20,20,379611.0,0,0
21,21,379611.0,0,0
22,22,379611.0,0,0
23,23,379611.0,0,0
24,24,379611.0,0,0
25,25,379611.0,0,0
26,26,379611.0,0,0
27,27,379611.0,0,0
28,28,379611.0,0,0
29,29,379611.0,0,0
30,30,379611.0,0,0
31,31,379611.0,0,0
32,32,379611.0,0,0
33,33,379611.0,0,0
34,34,379611.0,0,0
35,35,379611.0,0,0
36,36,379611.0,0,0
37,37,379611.0,0,0
38,38,379611.0,0,0
39,39,379611.0,0,0
40,40,379611.0,0,0
41,41,379611.0,0,0
42,42,379611.0,0,0
43,43,379611.0,0,0
44,44,379611.0,0,0
45,45,379611.0,0,0
46,46,379611.0,0,0
47,47,379611.0,0,0
48,48,379611.0,0,0
49,49,379611.0,0,0
50,50,379611.0,0,0
51,51,379611.0,0,0
52,52,379611.0,0,0
53,53,379611.0,0,0
54,54,379611.0,0,0
55,55,379611.0,0,0
56,56,379608.0,2,1
57,57,379608.0,2,1
58,58,379608.0,2,1
59,59,379607.0,3,1
60,60,379606.0,4,1
61,61,379606.0,4,1
62,62,379606.0,4,1
63,63,379605.0,5,1
64,64,379603.0,7,1
65,65,379601.0,9,1
66,66,379601.0,9,1
67,67,379600.0,10,1
68,68,379598.0,12,1
69,69,379594.0,16,1
70,70,379592.0,18,1
71,71,379589.0,21,1
72,72,379589.0,21,1
73,73,379586.0,24,1
74,74,379583.0,27,1
75,75,379581.0,29,1
76,76,379580.0,30,1
77,77,379579.0,31,1
78,78,379577.0,33,1
79,79,379576.0,34,1
80,80,379575.0,35,1
81,81,379573.0,37,1
82,82,379569.0,41,1
83,83,379568.0,42,1
84,84,379566.0,44,1
85,85,379565.0,45,1
86,86,379564.0,46,1
87,87,379564.0,46,1
88,88,379562.0,48,1
89,89,379562.0,48,1
90,90,379562.0,48,1
91,91,379562.0,48,1
92,92,379562.0,48,1
93,93,379560.0,50,1
94,94,379559.0,50,2
95,95,379559.0,50,2
96,96,379559.0,50,2
97,97,379559.0,50,2
98,98,379559.0,50,2
99,99,379559.0,50,2
100,100,379559.0,50,2
101,101,379555.0,54,2
102,102,379555.0,54,2
103,103,379554.0,55,2
104,104,379554.0,55,2
105,105,379552.0,57,2
106,106,379552.0,57,2
107,107,379550.0,59,2
108,108,379549.0,60,2
109,109,379549.0,60,2
110,110,379549.0,60,2
111,111,379548.0,61,2
112,112,379548.0,61,2
113,113,379548.0,61,2
114,114,379548.0,61,2
115,115,379545.0,64,2
116,116,379545.0,64,2
117,117,379544.0,65,2
118,118,379544.0,65,2
119,119,379543.0,66,2
120,120,379543.0,66,2
121,121,379543.0,66,2
122,122,379542.0,67,2
123,123,379542.0,67,2
124,124,379542.0,67,2
125,125,379542.0,67,2
126,126,379542.0,67,2
127,127,379542.0,67,2
128,128,379541.0,68,2
