,Days,S,I,D
0,0,816684.0,0,0
1,1,816684.0,0,0
2,2,816684.0,0,0
3,3,816684.0,0,0
4,4,816684.0,0,0
5,5,816684.0,0,0
6,6,816684.0,0,0
7,7,816684.0,0,0
8,8,816684.0,0,0
9,9,816684.0,0,0
10,10,816684.0,0,0
11,11,816684.0,0,0
12,12,816684.0,0,0
13,13,816684.0,0,0
14,14,816684.0,0,0
15,15,816684.0,0,0
16,16,816684.0,0,0
17,17,816684.0,0,0
18,18,816684.0,0,0
19,19,816684.0,0,0
20,20,816684.0,0,0
21,21,816684.0,0,0
22,22,816684.0,0,0
23,23,816684.0,0,0
24,24,816684.0,0,0
25,25,816684.0,0,0
26,26,816684.0,0,0
27,27,816684.0,0,0
28,28,816684.0,0,0
29,29,816684.0,0,0
30,30,816684.0,0,0
31,31,816684.0,0,0
32,32,816684.0,0,0
33,33,816684.0,0,0
34,34,816684.0,0,0
35,35,816684.0,0,0
36,36,816684.0,0,0
37,37,816684.0,0,0
38,38,816684.0,0,0
39,39,816684.0,0,0
40,40,816684.0,0,0
41,41,816684.0,0,0
42,42,816684.0,0,0
43,43,816684.0,0,0
44,44,816684.0,0,0
45,45,816684.0,0,0
46,46,816684.0,0,0
47,47,816684.0,0,0
48,48,816684.0,0,0
49,49,816684.0,0,0
50,50,816684.0,0,0
51,51,816684.0,0,0
52,52,816684.0,0,0
53,53,816684.0,0,0
54,54,816684.0,0,0
55,55,816684.0,0,0
56,56,816684.0,0,0
57,57,816683.0,1,0
58,58,816677.0,7,0
59,59,816676.0,8,0
60,60,816665.0,19,0
61,61,816658.0,26,0
62,62,816646.0,38,0
63,63,816636.0,48,0
64,64,816631.0,53,0
65,65,816621.0,63,0
66,66,816613.0,71,0
67,67,816599.0,85,0
68,68,816583.0,101,0
69,69,816560.0,124,0
70,70,816530.0,154,0
71,71,816504.0,178,2
72,72,816462.0,220,2
73,73,816394.0,288,2
74,74,816362.0,319,3
75,75,816281.0,394,9
76,76,816261.0,411,12
77,77,816234.0,437,13
78,78,816197.0,473,14
79,79,816166.0,504,14
80,80,816138.0,529,17
81,81,816132.0,535,17
82,82,816109.0,558,17
83,83,816084.0,576,24
84,84,816063.0,594,27
85,85,816040.0,615,29
86,86,815996.0,658,30
87,87,815953.0,701,30
88,88,815933.0,718,33
89,89,815912.0,735,37
90,90,815877.0,768,39
91,91,815854.0,785,45
92,92,815769.0,868,47
93,93,815701.0,932,51
94,94,815655.0,975,54
95,95,815623.0,1005,56
96,96,815580.0,1048,56
97,97,815535.0,1091,58
98,98,815466.0,1150,68
99,99,815395.0,1218,71
100,100,815312.0,1297,75
101,101,815253.0,1353,78
102,102,815224.0,1380,80
103,103,815170.0,1434,80
104,104,815121.0,1480,83
105,105,815064.0,1527,93
106,106,815019.0,1572,93
107,107,814921.0,1664,99
108,108,814854.0,1731,99
109,109,814826.0,1757,101
110,110,814760.0,1823,101
111,111,814723.0,1859,102
112,112,814693.0,1886,105
113,113,814652.0,1927,105
114,114,814614.0,1961,109
115,115,814566.0,2007,111
116,116,814526.0,2047,111
117,117,814490.0,2082,112
118,118,814429.0,2138,117
119,119,814400.0,2167,117
120,120,814333.0,2228,123
121,121,814281.0,2279,124
122,122,814207.0,2349,128
123,123,814153.0,2403,128
124,124,814098.0,2458,128
125,125,814064.0,2492,128
126,126,814030.0,2523,131
127,127,813994.0,2555,135
128,128,813934.0,2603,147
