,Days,S,I,D
0,0,42565.0,0,0
1,1,42565.0,0,0
2,2,42565.0,0,0
3,3,42565.0,0,0
4,4,42565.0,0,0
5,5,42565.0,0,0
6,6,42565.0,0,0
7,7,42565.0,0,0
8,8,42565.0,0,0
9,9,42565.0,0,0
10,10,42565.0,0,0
11,11,42565.0,0,0
12,12,42565.0,0,0
13,13,42565.0,0,0
14,14,42565.0,0,0
15,15,42565.0,0,0
16,16,42565.0,0,0
17,17,42565.0,0,0
18,18,42565.0,0,0
19,19,42565.0,0,0
20,20,42565.0,0,0
21,21,42565.0,0,0
22,22,42565.0,0,0
23,23,42565.0,0,0
24,24,42565.0,0,0
25,25,42565.0,0,0
26,26,42565.0,0,0
27,27,42565.0,0,0
28,28,42565.0,0,0
29,29,42565.0,0,0
30,30,42565.0,0,0
31,31,42565.0,0,0
32,32,42565.0,0,0
33,33,42565.0,0,0
34,34,42565.0,0,0
35,35,42565.0,0,0
36,36,42565.0,0,0
37,37,42565.0,0,0
38,38,42565.0,0,0
39,39,42565.0,0,0
40,40,42565.0,0,0
41,41,42565.0,0,0
42,42,42565.0,0,0
43,43,42565.0,0,0
44,44,42565.0,0,0
45,45,42565.0,0,0
46,46,42565.0,0,0
47,47,42565.0,0,0
48,48,42565.0,0,0
49,49,42565.0,0,0
50,50,42565.0,0,0
51,51,42565.0,0,0
52,52,42565.0,0,0
53,53,42565.0,0,0
54,54,42565.0,0,0
55,55,42565.0,0,0
56,56,42565.0,0,0
57,57,42565.0,0,0
58,58,42565.0,0,0
59,59,42565.0,0,0
60,60,42564.0,1,0
61,61,42564.0,1,0
62,62,42564.0,1,0
63,63,42564.0,1,0
64,64,42564.0,1,0
65,65,42564.0,1,0
66,66,42564.0,1,0
67,67,42563.0,2,0
68,68,42563.0,2,0
69,69,42562.0,3,0
70,70,42562.0,3,0
71,71,42562.0,3,0
72,72,42562.0,3,0
73,73,42561.0,4,0
74,74,42559.0,6,0
75,75,42558.0,7,0
76,76,42558.0,7,0
77,77,42556.0,9,0
78,78,42555.0,10,0
79,79,42555.0,10,0
80,80,42554.0,11,0
81,81,42552.0,13,0
82,82,42552.0,13,0
83,83,42552.0,13,0
84,84,42551.0,14,0
85,85,42551.0,14,0
86,86,42551.0,14,0
87,87,42551.0,14,0
88,88,42549.0,16,0
89,89,42549.0,16,0
90,90,42549.0,16,0
91,91,42549.0,16,0
92,92,42549.0,16,0
93,93,42548.0,17,0
94,94,42548.0,17,0
95,95,42548.0,17,0
96,96,42547.0,18,0
97,97,42547.0,18,0
98,98,42544.0,21,0
99,99,42542.0,23,0
100,100,42542.0,23,0
101,101,42541.0,24,0
102,102,42540.0,25,0
103,103,42540.0,25,0
104,104,42538.0,27,0
105,105,42535.0,30,0
106,106,42530.0,35,0
107,107,42527.0,38,0
108,108,42523.0,42,0
109,109,42520.0,45,0
110,110,42519.0,46,0
111,111,42505.0,59,1
112,112,42497.0,66,2
113,113,42494.0,69,2
114,114,42493.0,70,2
115,115,42478.0,85,2
116,116,42448.0,115,2
117,117,42402.0,161,2
118,118,42401.0,162,2
119,119,42401.0,162,2
120,120,42395.0,168,2
121,121,42392.0,171,2
122,122,42392.0,171,2
123,123,42385.0,178,2
124,124,42381.0,182,2
125,125,42378.0,185,2
126,126,42378.0,185,2
127,127,42372.0,190,3
128,128,42370.0,192,3
