,Days,S,I,D
0,0,41179.0,0,0
1,1,41179.0,0,0
2,2,41179.0,0,0
3,3,41179.0,0,0
4,4,41179.0,0,0
5,5,41179.0,0,0
6,6,41179.0,0,0
7,7,41179.0,0,0
8,8,41179.0,0,0
9,9,41179.0,0,0
10,10,41179.0,0,0
11,11,41179.0,0,0
12,12,41179.0,0,0
13,13,41179.0,0,0
14,14,41179.0,0,0
15,15,41179.0,0,0
16,16,41179.0,0,0
17,17,41179.0,0,0
18,18,41179.0,0,0
19,19,41179.0,0,0
20,20,41179.0,0,0
21,21,41179.0,0,0
22,22,41179.0,0,0
23,23,41179.0,0,0
24,24,41179.0,0,0
25,25,41179.0,0,0
26,26,41179.0,0,0
27,27,41179.0,0,0
28,28,41179.0,0,0
29,29,41179.0,0,0
30,30,41179.0,0,0
31,31,41179.0,0,0
32,32,41179.0,0,0
33,33,41179.0,0,0
34,34,41179.0,0,0
35,35,41179.0,0,0
36,36,41179.0,0,0
37,37,41179.0,0,0
38,38,41179.0,0,0
39,39,41179.0,0,0
40,40,41179.0,0,0
41,41,41179.0,0,0
42,42,41179.0,0,0
43,43,41179.0,0,0
44,44,41179.0,0,0
45,45,41179.0,0,0
46,46,41179.0,0,0
47,47,41179.0,0,0
48,48,41179.0,0,0
49,49,41179.0,0,0
50,50,41179.0,0,0
51,51,41179.0,0,0
52,52,41179.0,0,0
53,53,41179.0,0,0
54,54,41179.0,0,0
55,55,41179.0,0,0
56,56,41179.0,0,0
57,57,41179.0,0,0
58,58,41179.0,0,0
59,59,41179.0,0,0
60,60,41179.0,0,0
61,61,41179.0,0,0
62,62,41179.0,0,0
63,63,41179.0,0,0
64,64,41179.0,0,0
65,65,41179.0,0,0
66,66,41176.0,2,1
67,67,41176.0,2,1
68,68,41176.0,2,1
69,69,41176.0,2,1
70,70,41176.0,2,1
71,71,41174.0,4,1
72,72,41174.0,4,1
73,73,41174.0,4,1
74,74,41174.0,4,1
75,75,41171.0,7,1
76,76,41169.0,9,1
77,77,41169.0,9,1
78,78,41168.0,9,2
79,79,41168.0,9,2
80,80,41168.0,9,2
81,81,41168.0,9,2
82,82,41166.0,11,2
83,83,41166.0,11,2
84,84,41167.0,10,2
85,85,41167.0,10,2
86,86,41167.0,10,2
87,87,41167.0,10,2
88,88,41167.0,10,2
89,89,41167.0,10,2
90,90,41167.0,10,2
91,91,41167.0,10,2
92,92,41167.0,10,2
93,93,41167.0,10,2
94,94,41165.0,11,3
95,95,41164.0,12,3
96,96,41164.0,12,3
97,97,41164.0,12,3
98,98,41164.0,12,3
99,99,41164.0,12,3
100,100,41164.0,12,3
101,101,41164.0,12,3
102,102,41164.0,12,3
103,103,41164.0,12,3
104,104,41164.0,12,3
105,105,41163.0,13,3
106,106,41163.0,13,3
107,107,41163.0,13,3
108,108,41163.0,13,3
109,109,41162.0,14,3
110,110,41162.0,14,3
111,111,41162.0,14,3
112,112,41162.0,14,3
113,113,41162.0,14,3
114,114,41162.0,14,3
115,115,41162.0,14,3
116,116,41162.0,14,3
117,117,41162.0,14,3
118,118,41162.0,14,3
119,119,41162.0,14,3
120,120,41162.0,14,3
121,121,41162.0,14,3
122,122,41162.0,14,3
123,123,41162.0,14,3
124,124,41162.0,14,3
125,125,41162.0,14,3
126,126,41162.0,14,3
127,127,41162.0,14,3
128,128,41162.0,14,3
