,Days,S,I,D
0,0,11185.0,0,0
1,1,11185.0,0,0
2,2,11185.0,0,0
3,3,11185.0,0,0
4,4,11185.0,0,0
5,5,11185.0,0,0
6,6,11185.0,0,0
7,7,11185.0,0,0
8,8,11185.0,0,0
9,9,11185.0,0,0
10,10,11185.0,0,0
11,11,11185.0,0,0
12,12,11185.0,0,0
13,13,11185.0,0,0
14,14,11185.0,0,0
15,15,11185.0,0,0
16,16,11185.0,0,0
17,17,11185.0,0,0
18,18,11185.0,0,0
19,19,11185.0,0,0
20,20,11185.0,0,0
21,21,11185.0,0,0
22,22,11185.0,0,0
23,23,11185.0,0,0
24,24,11185.0,0,0
25,25,11185.0,0,0
26,26,11185.0,0,0
27,27,11185.0,0,0
28,28,11185.0,0,0
29,29,11185.0,0,0
30,30,11185.0,0,0
31,31,11185.0,0,0
32,32,11185.0,0,0
33,33,11185.0,0,0
34,34,11185.0,0,0
35,35,11185.0,0,0
36,36,11185.0,0,0
37,37,11185.0,0,0
38,38,11185.0,0,0
39,39,11185.0,0,0
40,40,11185.0,0,0
41,41,11185.0,0,0
42,42,11185.0,0,0
43,43,11185.0,0,0
44,44,11185.0,0,0
45,45,11185.0,0,0
46,46,11185.0,0,0
47,47,11185.0,0,0
48,48,11185.0,0,0
49,49,11185.0,0,0
50,50,11185.0,0,0
51,51,11185.0,0,0
52,52,11185.0,0,0
53,53,11185.0,0,0
54,54,11185.0,0,0
55,55,11185.0,0,0
56,56,11185.0,0,0
57,57,11185.0,0,0
58,58,11185.0,0,0
59,59,11185.0,0,0
60,60,11185.0,0,0
61,61,11185.0,0,0
62,62,11185.0,0,0
63,63,11185.0,0,0
64,64,11185.0,0,0
65,65,11185.0,0,0
66,66,11185.0,0,0
67,67,11184.0,1,0
68,68,11184.0,1,0
69,69,11180.0,5,0
70,70,11179.0,6,0
71,71,11179.0,6,0
72,72,11179.0,6,0
73,73,11179.0,6,0
74,74,11178.0,7,0
75,75,11175.0,10,0
76,76,11174.0,11,0
77,77,11172.0,13,0
78,78,11172.0,13,0
79,79,11171.0,14,0
80,80,11171.0,14,0
81,81,11171.0,14,0
82,82,11171.0,14,0
83,83,11171.0,14,0
84,84,11171.0,14,0
85,85,11167.0,17,1
86,86,11167.0,17,1
87,87,11166.0,18,1
88,88,11166.0,18,1
89,89,11165.0,19,1
90,90,11165.0,19,1
91,91,11164.0,20,1
92,92,11164.0,20,1
93,93,11164.0,20,1
94,94,11163.0,21,1
95,95,11163.0,21,1
96,96,11162.0,22,1
97,97,11162.0,22,1
98,98,11162.0,22,1
99,99,11160.0,24,1
100,100,11159.0,25,1
101,101,11158.0,26,1
102,102,11157.0,27,1
103,103,11156.0,28,1
104,104,11156.0,28,1
105,105,11155.0,29,1
106,106,11152.0,32,1
107,107,11149.0,35,1
108,108,11143.0,41,1
109,109,11141.0,43,1
110,110,11139.0,45,1
111,111,11135.0,48,2
112,112,11135.0,48,2
113,113,11132.0,51,2
114,114,11126.0,57,2
115,115,11126.0,57,2
116,116,11126.0,57,2
117,117,11118.0,65,2
118,118,11116.0,67,2
119,119,11115.0,68,2
120,120,11113.0,70,2
121,121,11109.0,74,2
122,122,11108.0,75,2
123,123,11107.0,76,2
124,124,11106.0,77,2
125,125,11103.0,80,2
126,126,11100.0,83,2
127,127,11091.0,91,3
128,128,11091.0,91,3
