,Days,S,I,D
0,0,8832.0,0,0
1,1,8832.0,0,0
2,2,8832.0,0,0
3,3,8832.0,0,0
4,4,8832.0,0,0
5,5,8832.0,0,0
6,6,8832.0,0,0
7,7,8832.0,0,0
8,8,8832.0,0,0
9,9,8832.0,0,0
10,10,8832.0,0,0
11,11,8832.0,0,0
12,12,8832.0,0,0
13,13,8832.0,0,0
14,14,8832.0,0,0
15,15,8832.0,0,0
16,16,8832.0,0,0
17,17,8832.0,0,0
18,18,8832.0,0,0
19,19,8832.0,0,0
20,20,8832.0,0,0
21,21,8832.0,0,0
22,22,8832.0,0,0
23,23,8832.0,0,0
24,24,8832.0,0,0
25,25,8832.0,0,0
26,26,8832.0,0,0
27,27,8832.0,0,0
28,28,8832.0,0,0
29,29,8832.0,0,0
30,30,8832.0,0,0
31,31,8832.0,0,0
32,32,8832.0,0,0
33,33,8832.0,0,0
34,34,8832.0,0,0
35,35,8832.0,0,0
36,36,8832.0,0,0
37,37,8832.0,0,0
38,38,8832.0,0,0
39,39,8832.0,0,0
40,40,8832.0,0,0
41,41,8832.0,0,0
42,42,8832.0,0,0
43,43,8832.0,0,0
44,44,8832.0,0,0
45,45,8832.0,0,0
46,46,8832.0,0,0
47,47,8832.0,0,0
48,48,8832.0,0,0
49,49,8832.0,0,0
50,50,8832.0,0,0
51,51,8832.0,0,0
52,52,8832.0,0,0
53,53,8832.0,0,0
54,54,8832.0,0,0
55,55,8832.0,0,0
56,56,8832.0,0,0
57,57,8832.0,0,0
58,58,8832.0,0,0
59,59,8832.0,0,0
60,60,8832.0,0,0
61,61,8832.0,0,0
62,62,8832.0,0,0
63,63,8832.0,0,0
64,64,8832.0,0,0
65,65,8832.0,0,0
66,66,8832.0,0,0
67,67,8832.0,0,0
68,68,8832.0,0,0
69,69,8832.0,0,0
70,70,8832.0,0,0
71,71,8832.0,0,0
72,72,8832.0,0,0
73,73,8832.0,0,0
74,74,8832.0,0,0
75,75,8832.0,0,0
76,76,8832.0,0,0
77,77,8832.0,0,0
78,78,8831.0,1,0
79,79,8831.0,1,0
80,80,8831.0,1,0
81,81,8831.0,1,0
82,82,8831.0,1,0
83,83,8831.0,1,0
84,84,8831.0,1,0
85,85,8831.0,1,0
86,86,8831.0,1,0
87,87,8831.0,1,0
88,88,8831.0,1,0
89,89,8831.0,1,0
90,90,8831.0,1,0
91,91,8831.0,1,0
92,92,8831.0,1,0
93,93,8831.0,1,0
94,94,8831.0,1,0
95,95,8831.0,1,0
96,96,8831.0,1,0
97,97,8831.0,1,0
98,98,8831.0,1,0
99,99,8831.0,1,0
100,100,8831.0,1,0
101,101,8831.0,1,0
102,102,8831.0,1,0
103,103,8831.0,1,0
104,104,8831.0,1,0
105,105,8831.0,1,0
106,106,8831.0,1,0
107,107,8831.0,1,0
108,108,8831.0,1,0
109,109,8831.0,1,0
110,110,8831.0,1,0
111,111,8831.0,1,0
112,112,8831.0,1,0
113,113,8830.0,2,0
114,114,8830.0,2,0
115,115,8830.0,2,0
116,116,8830.0,2,0
117,117,8829.0,3,0
118,118,8829.0,3,0
119,119,8829.0,3,0
120,120,8829.0,3,0
121,121,8827.0,5,0
122,122,8824.0,8,0
123,123,8824.0,8,0
124,124,8824.0,8,0
125,125,8824.0,8,0
126,126,8820.0,12,0
127,127,8817.0,15,0
128,128,8797.0,33,2
