,Days,S,I,D
0,0,291408.0,0,0
1,1,291408.0,0,0
2,2,291408.0,0,0
3,3,291408.0,0,0
4,4,291408.0,0,0
5,5,291408.0,0,0
6,6,291408.0,0,0
7,7,291408.0,0,0
8,8,291408.0,0,0
9,9,291408.0,0,0
10,10,291408.0,0,0
11,11,291408.0,0,0
12,12,291408.0,0,0
13,13,291408.0,0,0
14,14,291408.0,0,0
15,15,291408.0,0,0
16,16,291408.0,0,0
17,17,291408.0,0,0
18,18,291408.0,0,0
19,19,291408.0,0,0
20,20,291408.0,0,0
21,21,291408.0,0,0
22,22,291408.0,0,0
23,23,291408.0,0,0
24,24,291408.0,0,0
25,25,291408.0,0,0
26,26,291408.0,0,0
27,27,291408.0,0,0
28,28,291408.0,0,0
29,29,291408.0,0,0
30,30,291408.0,0,0
31,31,291408.0,0,0
32,32,291408.0,0,0
33,33,291408.0,0,0
34,34,291408.0,0,0
35,35,291408.0,0,0
36,36,291408.0,0,0
37,37,291408.0,0,0
38,38,291408.0,0,0
39,39,291408.0,0,0
40,40,291408.0,0,0
41,41,291408.0,0,0
42,42,291408.0,0,0
43,43,291408.0,0,0
44,44,291408.0,0,0
45,45,291408.0,0,0
46,46,291408.0,0,0
47,47,291408.0,0,0
48,48,291408.0,0,0
49,49,291408.0,0,0
50,50,291408.0,0,0
51,51,291405.0,3,0
52,52,291408.0,0,0
53,53,291408.0,0,0
54,54,291408.0,0,0
55,55,291406.0,2,0
56,56,291406.0,2,0
57,57,291405.0,3,0
58,58,291405.0,3,0
59,59,291402.0,6,0
60,60,291400.0,8,0
61,61,291395.0,13,0
62,62,291389.0,19,0
63,63,291385.0,23,0
64,64,291375.0,33,0
65,65,291367.0,40,1
66,66,291356.0,51,1
67,67,291335.0,72,1
68,68,291318.0,89,1
69,69,291292.0,114,2
70,70,291257.0,149,2
71,71,291237.0,169,2
72,72,291223.0,183,2
73,73,291190.0,215,3
74,74,291157.0,248,3
75,75,291126.0,279,3
76,76,291092.0,311,5
77,77,291061.0,340,7
78,78,290987.0,413,8
79,79,290953.0,447,8
80,80,290912.0,487,9
81,81,290867.0,532,9
82,82,290833.0,566,9
83,83,290810.0,587,11
84,84,290792.0,602,14
85,85,290766.0,624,18
86,86,290722.0,664,22
87,87,290702.0,683,23
88,88,290647.0,737,24
89,89,290613.0,770,25
90,90,290573.0,808,27
91,91,290525.0,856,27
92,92,290482.0,899,27
93,93,290455.0,923,30
94,94,290429.0,949,30
95,95,290401.0,976,31
96,96,290264.0,1111,33
97,97,290191.0,1179,38
98,98,290160.0,1208,40
99,99,290111.0,1251,46
100,100,290078.0,1282,48
101,101,290024.0,1334,50
102,102,289973.0,1384,51
103,103,289924.0,1433,51
104,104,289880.0,1467,61
105,105,289846.0,1499,63
106,106,289794.0,1548,66
107,107,289743.0,1593,72
108,108,289698.0,1631,79
109,109,289673.0,1654,81
110,110,289635.0,1690,83
111,111,289608.0,1710,90
112,112,289588.0,1728,92
113,113,289554.0,1756,98
114,114,289514.0,1788,106
115,115,289484.0,1811,113
116,116,289460.0,1832,116
117,117,289384.0,1907,117
118,118,289348.0,1935,125
119,119,289315.0,1966,127
120,120,289277.0,2002,129
121,121,289245.0,2031,132
122,122,289230.0,2044,134
123,123,289208.0,2066,134
124,124,289181.0,2089,138
125,125,289167.0,2103,138
126,126,289138.0,2130,140
127,127,289100.0,2165,143
128,128,289063.0,2198,147
