,Days,S,I,D
0,0,150056.0,0,0
1,1,150056.0,0,0
2,2,150056.0,0,0
3,3,150056.0,0,0
4,4,150056.0,0,0
5,5,150056.0,0,0
6,6,150056.0,0,0
7,7,150056.0,0,0
8,8,150056.0,0,0
9,9,150056.0,0,0
10,10,150056.0,0,0
11,11,150056.0,0,0
12,12,150056.0,0,0
13,13,150056.0,0,0
14,14,150056.0,0,0
15,15,150056.0,0,0
16,16,150056.0,0,0
17,17,150056.0,0,0
18,18,150056.0,0,0
19,19,150056.0,0,0
20,20,150056.0,0,0
21,21,150056.0,0,0
22,22,150056.0,0,0
23,23,150056.0,0,0
24,24,150056.0,0,0
25,25,150056.0,0,0
26,26,150056.0,0,0
27,27,150056.0,0,0
28,28,150056.0,0,0
29,29,150056.0,0,0
30,30,150056.0,0,0
31,31,150056.0,0,0
32,32,150056.0,0,0
33,33,150056.0,0,0
34,34,150056.0,0,0
35,35,150056.0,0,0
36,36,150056.0,0,0
37,37,150056.0,0,0
38,38,150056.0,0,0
39,39,150056.0,0,0
40,40,150056.0,0,0
41,41,150056.0,0,0
42,42,150056.0,0,0
43,43,150056.0,0,0
44,44,150056.0,0,0
45,45,150056.0,0,0
46,46,150056.0,0,0
47,47,150056.0,0,0
48,48,150056.0,0,0
49,49,150055.0,1,0
50,50,150054.0,2,0
51,51,150053.0,3,0
52,52,150053.0,3,0
53,53,150053.0,3,0
54,54,150053.0,3,0
55,55,150052.0,4,0
56,56,150051.0,5,0
57,57,150049.0,7,0
58,58,150049.0,7,0
59,59,150048.0,8,0
60,60,150046.0,10,0
61,61,150044.0,12,0
62,62,150042.0,14,0
63,63,150039.0,17,0
64,64,150034.0,22,0
65,65,150027.0,29,0
66,66,150026.0,30,0
67,67,150022.0,34,0
68,68,150018.0,38,0
69,69,150014.0,42,0
70,70,150008.0,48,0
71,71,150008.0,48,0
72,72,150004.0,52,0
73,73,149998.0,58,0
74,74,149994.0,62,0
75,75,149992.0,64,0
76,76,149990.0,66,0
77,77,149988.0,68,0
78,78,149986.0,70,0
79,79,149984.0,72,0
80,80,149982.0,74,0
81,81,149981.0,75,0
82,82,149980.0,76,0
83,83,149980.0,76,0
84,84,149980.0,76,0
85,85,149977.0,79,0
86,86,149976.0,80,0
87,87,149974.0,82,0
88,88,149973.0,83,0
89,89,149970.0,86,0
90,90,149970.0,86,0
91,91,149963.0,93,0
92,92,149962.0,94,0
93,93,149962.0,94,0
94,94,149961.0,95,0
95,95,149961.0,95,0
96,96,149961.0,95,0
97,97,149958.0,98,0
98,98,149958.0,98,0
99,99,149956.0,100,0
100,100,149956.0,100,0
101,101,149949.0,107,0
102,102,149949.0,107,0
103,103,149948.0,108,0
104,104,149948.0,108,0
105,105,149945.0,110,1
106,106,149945.0,110,1
107,107,149945.0,110,1
108,108,149945.0,110,1
109,109,149944.0,111,1
110,110,149943.0,112,1
111,111,149942.0,112,2
112,112,149941.0,113,2
113,113,149940.0,113,3
114,114,149939.0,114,3
115,115,149939.0,114,3
116,116,149939.0,114,3
117,117,149929.0,124,3
118,118,149927.0,126,3
119,119,149926.0,127,3
120,120,149926.0,127,3
121,121,149924.0,129,3
122,122,149924.0,129,3
123,123,149924.0,129,3
124,124,149920.0,133,3
125,125,149920.0,133,3
126,126,149916.0,137,3
127,127,149916.0,137,3
128,128,149916.0,137,3
