,Days,S,I,D
0,0,61833.0,0,0
1,1,61833.0,0,0
2,2,61833.0,0,0
3,3,61833.0,0,0
4,4,61833.0,0,0
5,5,61833.0,0,0
6,6,61833.0,0,0
7,7,61833.0,0,0
8,8,61833.0,0,0
9,9,61833.0,0,0
10,10,61833.0,0,0
11,11,61833.0,0,0
12,12,61833.0,0,0
13,13,61833.0,0,0
14,14,61833.0,0,0
15,15,61833.0,0,0
16,16,61833.0,0,0
17,17,61833.0,0,0
18,18,61833.0,0,0
19,19,61833.0,0,0
20,20,61833.0,0,0
21,21,61833.0,0,0
22,22,61833.0,0,0
23,23,61833.0,0,0
24,24,61833.0,0,0
25,25,61833.0,0,0
26,26,61833.0,0,0
27,27,61833.0,0,0
28,28,61833.0,0,0
29,29,61833.0,0,0
30,30,61833.0,0,0
31,31,61833.0,0,0
32,32,61833.0,0,0
33,33,61833.0,0,0
34,34,61833.0,0,0
35,35,61833.0,0,0
36,36,61833.0,0,0
37,37,61833.0,0,0
38,38,61833.0,0,0
39,39,61833.0,0,0
40,40,61833.0,0,0
41,41,61833.0,0,0
42,42,61833.0,0,0
43,43,61833.0,0,0
44,44,61833.0,0,0
45,45,61833.0,0,0
46,46,61833.0,0,0
47,47,61833.0,0,0
48,48,61833.0,0,0
49,49,61833.0,0,0
50,50,61832.0,1,0
51,51,61832.0,1,0
52,52,61832.0,1,0
53,53,61832.0,1,0
54,54,61832.0,1,0
55,55,61832.0,1,0
56,56,61832.0,1,0
57,57,61832.0,1,0
58,58,61831.0,2,0
59,59,61831.0,2,0
60,60,61829.0,4,0
61,61,61829.0,4,0
62,62,61829.0,4,0
63,63,61828.0,5,0
64,64,61826.0,7,0
65,65,61823.0,9,1
66,66,61823.0,9,1
67,67,61821.0,10,2
68,68,61819.0,12,2
69,69,61819.0,12,2
70,70,61818.0,12,3
71,71,61816.0,14,3
72,72,61816.0,14,3
73,73,61812.0,18,3
74,74,61808.0,22,3
75,75,61805.0,25,3
76,76,61803.0,27,3
77,77,61801.0,29,3
78,78,61798.0,32,3
79,79,61794.0,36,3
80,80,61793.0,37,3
81,81,61793.0,37,3
82,82,61792.0,38,3
83,83,61791.0,39,3
84,84,61790.0,40,3
85,85,61787.0,43,3
86,86,61784.0,46,3
87,87,61783.0,47,3
88,88,61781.0,49,3
89,89,61781.0,49,3
90,90,61780.0,50,3
91,91,61777.0,53,3
92,92,61776.0,54,3
93,93,61774.0,56,3
94,94,61774.0,56,3
95,95,61773.0,57,3
96,96,61772.0,58,3
97,97,61772.0,58,3
98,98,61772.0,58,3
99,99,61772.0,58,3
100,100,61770.0,60,3
101,101,61769.0,61,3
102,102,61768.0,62,3
103,103,61767.0,63,3
104,104,61763.0,67,3
105,105,61762.0,68,3
106,106,61756.0,74,3
107,107,61754.0,76,3
108,108,61753.0,77,3
109,109,61751.0,79,3
110,110,61749.0,81,3
111,111,61749.0,81,3
112,112,61746.0,84,3
113,113,61744.0,86,3
114,114,61743.0,87,3
115,115,61739.0,91,3
116,116,61739.0,91,3
117,117,61738.0,92,3
118,118,61738.0,92,3
119,119,61737.0,93,3
120,120,61737.0,93,3
121,121,61735.0,95,3
122,122,61730.0,100,3
123,123,61729.0,101,3
124,124,61727.0,103,3
125,125,61727.0,103,3
126,126,61725.0,105,3
127,127,61724.0,106,3
128,128,61723.0,107,3
