,Days,S,I,D
0,0,34178.0,0,0
1,1,34178.0,0,0
2,2,34178.0,0,0
3,3,34178.0,0,0
4,4,34178.0,0,0
5,5,34178.0,0,0
6,6,34178.0,0,0
7,7,34178.0,0,0
8,8,34178.0,0,0
9,9,34178.0,0,0
10,10,34178.0,0,0
11,11,34178.0,0,0
12,12,34178.0,0,0
13,13,34178.0,0,0
14,14,34178.0,0,0
15,15,34178.0,0,0
16,16,34178.0,0,0
17,17,34178.0,0,0
18,18,34178.0,0,0
19,19,34178.0,0,0
20,20,34178.0,0,0
21,21,34178.0,0,0
22,22,34178.0,0,0
23,23,34178.0,0,0
24,24,34178.0,0,0
25,25,34178.0,0,0
26,26,34178.0,0,0
27,27,34178.0,0,0
28,28,34178.0,0,0
29,29,34178.0,0,0
30,30,34178.0,0,0
31,31,34178.0,0,0
32,32,34178.0,0,0
33,33,34178.0,0,0
34,34,34178.0,0,0
35,35,34178.0,0,0
36,36,34178.0,0,0
37,37,34178.0,0,0
38,38,34178.0,0,0
39,39,34178.0,0,0
40,40,34178.0,0,0
41,41,34178.0,0,0
42,42,34178.0,0,0
43,43,34178.0,0,0
44,44,34178.0,0,0
45,45,34178.0,0,0
46,46,34178.0,0,0
47,47,34178.0,0,0
48,48,34178.0,0,0
49,49,34178.0,0,0
50,50,34178.0,0,0
51,51,34178.0,0,0
52,52,34178.0,0,0
53,53,34178.0,0,0
54,54,34178.0,0,0
55,55,34178.0,0,0
56,56,34178.0,0,0
57,57,34178.0,0,0
58,58,34178.0,0,0
59,59,34177.0,1,0
60,60,34176.0,2,0
61,61,34176.0,2,0
62,62,34176.0,2,0
63,63,34176.0,2,0
64,64,34174.0,4,0
65,65,34174.0,4,0
66,66,34174.0,4,0
67,67,34173.0,5,0
68,68,34172.0,6,0
69,69,34170.0,7,1
70,70,34169.0,8,1
71,71,34169.0,8,1
72,72,34169.0,8,1
73,73,34167.0,10,1
74,74,34160.0,17,1
75,75,34160.0,17,1
76,76,34158.0,19,1
77,77,34158.0,19,1
78,78,34156.0,21,1
79,79,34155.0,22,1
80,80,34154.0,22,2
81,81,34154.0,22,2
82,82,34153.0,23,2
83,83,34150.0,26,2
84,84,34150.0,26,2
85,85,34149.0,27,2
86,86,34149.0,27,2
87,87,34146.0,30,2
88,88,34141.0,35,2
89,89,34140.0,36,2
90,90,34139.0,37,2
91,91,34139.0,37,2
92,92,34138.0,38,2
93,93,34140.0,36,2
94,94,34140.0,36,2
95,95,34139.0,37,2
96,96,34138.0,38,2
97,97,34138.0,38,2
98,98,34138.0,38,2
99,99,34137.0,39,2
100,100,34137.0,39,2
101,101,34137.0,39,2
102,102,34136.0,40,2
103,103,34136.0,40,2
104,104,34136.0,40,2
105,105,34134.0,42,2
106,106,34133.0,43,2
107,107,34133.0,43,2
108,108,34133.0,43,2
109,109,34133.0,43,2
110,110,34133.0,43,2
111,111,34131.0,45,2
112,112,34131.0,45,2
113,113,34130.0,46,2
114,114,34129.0,47,2
115,115,34126.0,50,2
116,116,34126.0,50,2
117,117,34126.0,50,2
118,118,34124.0,52,2
119,119,34122.0,54,2
120,120,34118.0,58,2
121,121,34117.0,59,2
122,122,34115.0,61,2
123,123,34114.0,62,2
124,124,34114.0,62,2
125,125,34112.0,64,2
126,126,34111.0,64,3
127,127,34111.0,64,3
128,128,34109.0,66,3
