,Days,S,I,D
0,0,11931.0,0,0
1,1,11931.0,0,0
2,2,11931.0,0,0
3,3,11931.0,0,0
4,4,11931.0,0,0
5,5,11931.0,0,0
6,6,11931.0,0,0
7,7,11931.0,0,0
8,8,11931.0,0,0
9,9,11931.0,0,0
10,10,11931.0,0,0
11,11,11931.0,0,0
12,12,11931.0,0,0
13,13,11931.0,0,0
14,14,11931.0,0,0
15,15,11931.0,0,0
16,16,11931.0,0,0
17,17,11931.0,0,0
18,18,11931.0,0,0
19,19,11931.0,0,0
20,20,11931.0,0,0
21,21,11931.0,0,0
22,22,11931.0,0,0
23,23,11931.0,0,0
24,24,11931.0,0,0
25,25,11931.0,0,0
26,26,11931.0,0,0
27,27,11931.0,0,0
28,28,11931.0,0,0
29,29,11931.0,0,0
30,30,11931.0,0,0
31,31,11931.0,0,0
32,32,11931.0,0,0
33,33,11931.0,0,0
34,34,11931.0,0,0
35,35,11931.0,0,0
36,36,11931.0,0,0
37,37,11931.0,0,0
38,38,11931.0,0,0
39,39,11931.0,0,0
40,40,11931.0,0,0
41,41,11931.0,0,0
42,42,11931.0,0,0
43,43,11931.0,0,0
44,44,11931.0,0,0
45,45,11931.0,0,0
46,46,11931.0,0,0
47,47,11931.0,0,0
48,48,11931.0,0,0
49,49,11931.0,0,0
50,50,11931.0,0,0
51,51,11931.0,0,0
52,52,11931.0,0,0
53,53,11931.0,0,0
54,54,11931.0,0,0
55,55,11931.0,0,0
56,56,11930.0,1,0
57,57,11930.0,1,0
58,58,11930.0,1,0
59,59,11930.0,1,0
60,60,11930.0,1,0
61,61,11930.0,1,0
62,62,11930.0,1,0
63,63,11930.0,1,0
64,64,11930.0,1,0
65,65,11930.0,1,0
66,66,11930.0,1,0
67,67,11928.0,2,1
68,68,11927.0,3,1
69,69,11927.0,3,1
70,70,11925.0,5,1
71,71,11924.0,6,1
72,72,11919.0,11,1
73,73,11917.0,13,1
74,74,11916.0,14,1
75,75,11916.0,14,1
76,76,11916.0,14,1
77,77,11916.0,14,1
78,78,11916.0,14,1
79,79,11915.0,15,1
80,80,11914.0,16,1
81,81,11912.0,18,1
82,82,11911.0,19,1
83,83,11910.0,20,1
84,84,11910.0,20,1
85,85,11910.0,20,1
86,86,11909.0,21,1
87,87,11908.0,22,1
88,88,11908.0,22,1
89,89,11908.0,22,1
90,90,11908.0,22,1
91,91,11908.0,22,1
92,92,11907.0,23,1
93,93,11907.0,23,1
94,94,11905.0,25,1
95,95,11904.0,26,1
96,96,11904.0,26,1
97,97,11904.0,26,1
98,98,11904.0,26,1
99,99,11903.0,27,1
100,100,11903.0,27,1
101,101,11903.0,27,1
102,102,11901.0,29,1
103,103,11899.0,31,1
104,104,11899.0,31,1
105,105,11898.0,32,1
106,106,11898.0,32,1
107,107,11898.0,32,1
108,108,11896.0,34,1
109,109,11896.0,34,1
110,110,11896.0,34,1
111,111,11895.0,35,1
112,112,11895.0,35,1
113,113,11895.0,35,1
114,114,11893.0,36,2
115,115,11893.0,36,2
116,116,11893.0,36,2
117,117,11893.0,36,2
118,118,11892.0,37,2
119,119,11891.0,38,2
120,120,11891.0,38,2
121,121,11889.0,40,2
122,122,11886.0,43,2
123,123,11883.0,46,2
124,124,11880.0,49,2
125,125,11880.0,49,2
126,126,11880.0,49,2
127,127,11878.0,50,3
128,128,11878.0,50,3
