,Days,S,I,D
0,0,71671.0,0,0
1,1,71671.0,0,0
2,2,71671.0,0,0
3,3,71671.0,0,0
4,4,71671.0,0,0
5,5,71671.0,0,0
6,6,71671.0,0,0
7,7,71671.0,0,0
8,8,71671.0,0,0
9,9,71671.0,0,0
10,10,71671.0,0,0
11,11,71671.0,0,0
12,12,71671.0,0,0
13,13,71671.0,0,0
14,14,71671.0,0,0
15,15,71671.0,0,0
16,16,71671.0,0,0
17,17,71671.0,0,0
18,18,71671.0,0,0
19,19,71671.0,0,0
20,20,71671.0,0,0
21,21,71671.0,0,0
22,22,71671.0,0,0
23,23,71671.0,0,0
24,24,71671.0,0,0
25,25,71671.0,0,0
26,26,71671.0,0,0
27,27,71671.0,0,0
28,28,71671.0,0,0
29,29,71671.0,0,0
30,30,71671.0,0,0
31,31,71671.0,0,0
32,32,71671.0,0,0
33,33,71671.0,0,0
34,34,71671.0,0,0
35,35,71671.0,0,0
36,36,71671.0,0,0
37,37,71671.0,0,0
38,38,71671.0,0,0
39,39,71671.0,0,0
40,40,71671.0,0,0
41,41,71671.0,0,0
42,42,71671.0,0,0
43,43,71671.0,0,0
44,44,71671.0,0,0
45,45,71671.0,0,0
46,46,71671.0,0,0
47,47,71671.0,0,0
48,48,71671.0,0,0
49,49,71671.0,0,0
50,50,71671.0,0,0
51,51,71671.0,0,0
52,52,71671.0,0,0
53,53,71671.0,0,0
54,54,71671.0,0,0
55,55,71671.0,0,0
56,56,71671.0,0,0
57,57,71670.0,1,0
58,58,71670.0,1,0
59,59,71670.0,1,0
60,60,71670.0,1,0
61,61,71670.0,1,0
62,62,71669.0,2,0
63,63,71669.0,2,0
64,64,71669.0,2,0
65,65,71669.0,2,0
66,66,71668.0,3,0
67,67,71668.0,3,0
68,68,71668.0,3,0
69,69,71668.0,3,0
70,70,71660.0,11,0
71,71,71660.0,11,0
72,72,71660.0,11,0
73,73,71649.0,22,0
74,74,71638.0,33,0
75,75,71627.0,44,0
76,76,71627.0,44,0
77,77,71624.0,47,0
78,78,71613.0,55,3
79,79,71606.0,62,3
80,80,71601.0,67,3
81,81,71601.0,67,3
82,82,71599.0,69,3
83,83,71597.0,71,3
84,84,71596.0,72,3
85,85,71596.0,72,3
86,86,71590.0,78,3
87,87,71589.0,79,3
88,88,71589.0,79,3
89,89,71589.0,79,3
90,90,71589.0,79,3
91,91,71583.0,85,3
92,92,71583.0,85,3
93,93,71583.0,85,3
94,94,71583.0,85,3
95,95,71583.0,85,3
96,96,71582.0,86,3
97,97,71582.0,86,3
98,98,71582.0,86,3
99,99,71582.0,86,3
100,100,71580.0,88,3
101,101,71580.0,88,3
102,102,71578.0,90,3
103,103,71578.0,90,3
104,104,71577.0,91,3
105,105,71576.0,92,3
106,106,71576.0,92,3
107,107,71575.0,93,3
108,108,71575.0,93,3
109,109,71575.0,93,3
110,110,71573.0,95,3
111,111,71573.0,95,3
112,112,71573.0,95,3
113,113,71573.0,95,3
114,114,71573.0,95,3
115,115,71573.0,95,3
116,116,71573.0,95,3
117,117,71571.0,97,3
118,118,71570.0,98,3
119,119,71570.0,98,3
120,120,71570.0,98,3
121,121,71567.0,101,3
122,122,71565.0,103,3
123,123,71565.0,103,3
124,124,71565.0,103,3
125,125,71564.0,104,3
126,126,71562.0,106,3
127,127,71561.0,107,3
128,128,71559.0,109,3
