,Days,S,I,D
0,0,317646.0,0,0
1,1,317646.0,0,0
2,2,317646.0,0,0
3,3,317646.0,0,0
4,4,317646.0,0,0
5,5,317646.0,0,0
6,6,317646.0,0,0
7,7,317646.0,0,0
8,8,317646.0,0,0
9,9,317646.0,0,0
10,10,317646.0,0,0
11,11,317646.0,0,0
12,12,317646.0,0,0
13,13,317646.0,0,0
14,14,317646.0,0,0
15,15,317646.0,0,0
16,16,317646.0,0,0
17,17,317646.0,0,0
18,18,317646.0,0,0
19,19,317646.0,0,0
20,20,317646.0,0,0
21,21,317646.0,0,0
22,22,317646.0,0,0
23,23,317646.0,0,0
24,24,317646.0,0,0
25,25,317646.0,0,0
26,26,317646.0,0,0
27,27,317646.0,0,0
28,28,317646.0,0,0
29,29,317646.0,0,0
30,30,317646.0,0,0
31,31,317646.0,0,0
32,32,317646.0,0,0
33,33,317646.0,0,0
34,34,317646.0,0,0
35,35,317646.0,0,0
36,36,317646.0,0,0
37,37,317646.0,0,0
38,38,317646.0,0,0
39,39,317646.0,0,0
40,40,317646.0,0,0
41,41,317646.0,0,0
42,42,317646.0,0,0
43,43,317646.0,0,0
44,44,317646.0,0,0
45,45,317646.0,0,0
46,46,317646.0,0,0
47,47,317646.0,0,0
48,48,317646.0,0,0
49,49,317646.0,0,0
50,50,317646.0,0,0
51,51,317646.0,0,0
52,52,317646.0,0,0
53,53,317645.0,1,0
54,54,317645.0,1,0
55,55,317645.0,1,0
56,56,317645.0,1,0
57,57,317645.0,1,0
58,58,317644.0,2,0
59,59,317640.0,6,0
60,60,317639.0,7,0
61,61,317636.0,10,0
62,62,317625.0,21,0
63,63,317618.0,27,1
64,64,317609.0,36,1
65,65,317589.0,55,2
66,66,317579.0,65,2
67,67,317550.0,94,2
68,68,317493.0,150,3
69,69,317430.0,212,4
70,70,317360.0,282,4
71,71,317257.0,384,5
72,72,317157.0,484,5
73,73,316993.0,648,5
74,74,316900.0,741,5
75,75,316792.0,849,5
76,76,316656.0,982,8
77,77,316501.0,1134,11
78,78,316393.0,1241,12
79,79,316306.0,1325,15
80,80,316257.0,1372,17
81,81,316218.0,1411,17
82,82,316183.0,1446,17
83,83,316097.0,1523,26
84,84,316052.0,1567,27
85,85,316008.0,1611,27
86,86,315947.0,1668,31
87,87,315902.0,1712,32
88,88,315871.0,1741,34
89,89,315843.0,1767,36
90,90,315796.0,1800,50
91,91,315740.0,1848,58
92,92,315708.0,1880,58
93,93,315663.0,1921,62
94,94,315618.0,1962,66
95,95,315571.0,2008,67
96,96,315540.0,2035,71
97,97,315494.0,2078,74
98,98,315453.0,2111,82
99,99,315415.0,2143,88
100,100,315381.0,2173,92
101,101,315338.0,2211,97
102,102,315309.0,2240,97
103,103,315290.0,2255,101
104,104,315262.0,2280,104
105,105,315233.0,2306,107
106,106,315203.0,2332,111
107,107,315188.0,2347,111
108,108,315179.0,2356,111
109,109,315119.0,2416,111
110,110,315108.0,2426,112
111,111,315077.0,2449,120
112,112,315057.0,2467,122
113,113,315047.0,2477,122
114,114,315033.0,2491,122
115,115,315011.0,2513,122
116,116,314998.0,2526,122
117,117,314992.0,2532,122
118,118,314968.0,2554,124
119,119,314946.0,2572,128
120,120,314922.0,2594,130
121,121,314893.0,2620,133
122,122,314880.0,2631,135
123,123,314866.0,2645,135
124,124,314860.0,2651,135
125,125,314849.0,2662,135
126,126,314831.0,2677,138
127,127,314818.0,2689,139
128,128,314791.0,2711,144
