,Days,S,I,D
0,0,184459.0,0,0
1,1,184459.0,0,0
2,2,184459.0,0,0
3,3,184459.0,0,0
4,4,184459.0,0,0
5,5,184459.0,0,0
6,6,184459.0,0,0
7,7,184459.0,0,0
8,8,184459.0,0,0
9,9,184459.0,0,0
10,10,184459.0,0,0
11,11,184459.0,0,0
12,12,184459.0,0,0
13,13,184459.0,0,0
14,14,184459.0,0,0
15,15,184459.0,0,0
16,16,184459.0,0,0
17,17,184459.0,0,0
18,18,184459.0,0,0
19,19,184459.0,0,0
20,20,184459.0,0,0
21,21,184459.0,0,0
22,22,184459.0,0,0
23,23,184459.0,0,0
24,24,184459.0,0,0
25,25,184459.0,0,0
26,26,184459.0,0,0
27,27,184459.0,0,0
28,28,184459.0,0,0
29,29,184459.0,0,0
30,30,184459.0,0,0
31,31,184459.0,0,0
32,32,184459.0,0,0
33,33,184459.0,0,0
34,34,184459.0,0,0
35,35,184459.0,0,0
36,36,184459.0,0,0
37,37,184459.0,0,0
38,38,184459.0,0,0
39,39,184459.0,0,0
40,40,184459.0,0,0
41,41,184459.0,0,0
42,42,184459.0,0,0
43,43,184459.0,0,0
44,44,184459.0,0,0
45,45,184459.0,0,0
46,46,184459.0,0,0
47,47,184459.0,0,0
48,48,184459.0,0,0
49,49,184459.0,0,0
50,50,184459.0,0,0
51,51,184459.0,0,0
52,52,184459.0,0,0
53,53,184459.0,0,0
54,54,184459.0,0,0
55,55,184458.0,1,0
56,56,184458.0,1,0
57,57,184458.0,1,0
58,58,184457.0,2,0
59,59,184457.0,2,0
60,60,184457.0,2,0
61,61,184457.0,2,0
62,62,184457.0,2,0
63,63,184457.0,2,0
64,64,184452.0,7,0
65,65,184452.0,7,0
66,66,184448.0,11,0
67,67,184448.0,11,0
68,68,184447.0,12,0
69,69,184443.0,16,0
70,70,184442.0,17,0
71,71,184436.0,23,0
72,72,184434.0,25,0
73,73,184434.0,25,0
74,74,184431.0,28,0
75,75,184431.0,28,0
76,76,184423.0,36,0
77,77,184421.0,38,0
78,78,184421.0,38,0
79,79,184420.0,39,0
80,80,184418.0,41,0
81,81,184418.0,41,0
82,82,184414.0,45,0
83,83,184413.0,46,0
84,84,184413.0,46,0
85,85,184412.0,47,0
86,86,184411.0,48,0
87,87,184409.0,50,0
88,88,184409.0,50,0
89,89,184405.0,54,0
90,90,184405.0,54,0
91,91,184403.0,56,0
92,92,184399.0,60,0
93,93,184390.0,69,0
94,94,184382.0,77,0
95,95,184374.0,85,0
96,96,184370.0,89,0
97,97,184368.0,91,0
98,98,184346.0,113,0
99,99,184337.0,122,0
100,100,184325.0,133,1
101,101,184321.0,137,1
102,102,184316.0,142,1
103,103,184300.0,158,1
104,104,184290.0,168,1
105,105,184278.0,180,1
106,106,184260.0,198,1
107,107,184240.0,218,1
108,108,184224.0,234,1
109,109,184222.0,236,1
110,110,184210.0,248,1
111,111,184201.0,257,1
112,112,184186.0,272,1
113,113,184167.0,291,1
114,114,184149.0,309,1
115,115,184126.0,331,2
116,116,184115.0,342,2
117,117,184108.0,349,2
118,118,184091.0,366,2
119,119,184075.0,382,2
120,120,184053.0,404,2
121,121,184038.0,419,2
122,122,184023.0,434,2
123,123,184008.0,448,3
124,124,183993.0,463,3
125,125,183980.0,476,3
126,126,183953.0,503,3
127,127,183925.0,531,3
128,128,183878.0,578,3
