,Days,S,I,D
0,0,61581.0,0,0
1,1,61581.0,0,0
2,2,61581.0,0,0
3,3,61581.0,0,0
4,4,61581.0,0,0
5,5,61581.0,0,0
6,6,61581.0,0,0
7,7,61581.0,0,0
8,8,61581.0,0,0
9,9,61581.0,0,0
10,10,61581.0,0,0
11,11,61581.0,0,0
12,12,61581.0,0,0
13,13,61581.0,0,0
14,14,61581.0,0,0
15,15,61581.0,0,0
16,16,61581.0,0,0
17,17,61581.0,0,0
18,18,61581.0,0,0
19,19,61581.0,0,0
20,20,61581.0,0,0
21,21,61581.0,0,0
22,22,61581.0,0,0
23,23,61581.0,0,0
24,24,61581.0,0,0
25,25,61581.0,0,0
26,26,61581.0,0,0
27,27,61581.0,0,0
28,28,61581.0,0,0
29,29,61581.0,0,0
30,30,61581.0,0,0
31,31,61581.0,0,0
32,32,61581.0,0,0
33,33,61581.0,0,0
34,34,61581.0,0,0
35,35,61581.0,0,0
36,36,61581.0,0,0
37,37,61581.0,0,0
38,38,61581.0,0,0
39,39,61581.0,0,0
40,40,61581.0,0,0
41,41,61581.0,0,0
42,42,61581.0,0,0
43,43,61581.0,0,0
44,44,61581.0,0,0
45,45,61581.0,0,0
46,46,61581.0,0,0
47,47,61581.0,0,0
48,48,61581.0,0,0
49,49,61581.0,0,0
50,50,61581.0,0,0
51,51,61581.0,0,0
52,52,61581.0,0,0
53,53,61581.0,0,0
54,54,61581.0,0,0
55,55,61581.0,0,0
56,56,61581.0,0,0
57,57,61581.0,0,0
58,58,61580.0,1,0
59,59,61579.0,2,0
60,60,61576.0,5,0
61,61,61575.0,6,0
62,62,61575.0,6,0
63,63,61575.0,6,0
64,64,61573.0,8,0
65,65,61571.0,10,0
66,66,61570.0,11,0
67,67,61566.0,15,0
68,68,61565.0,16,0
69,69,61560.0,21,0
70,70,61559.0,22,0
71,71,61557.0,24,0
72,72,61553.0,28,0
73,73,61550.0,31,0
74,74,61548.0,33,0
75,75,61545.0,36,0
76,76,61543.0,38,0
77,77,61543.0,38,0
78,78,61542.0,39,0
79,79,61538.0,43,0
80,80,61537.0,44,0
81,81,61532.0,49,0
82,82,61531.0,50,0
83,83,61529.0,52,0
84,84,61528.0,53,0
85,85,61527.0,54,0
86,86,61526.0,55,0
87,87,61525.0,56,0
88,88,61525.0,56,0
89,89,61498.0,83,0
90,90,61498.0,83,0
91,91,61498.0,83,0
92,92,61494.0,87,0
93,93,61493.0,88,0
94,94,61490.0,91,0
95,95,61487.0,94,0
96,96,61486.0,95,0
97,97,61485.0,96,0
98,98,61483.0,98,0
99,99,61483.0,98,0
100,100,61483.0,98,0
101,101,61482.0,99,0
102,102,61435.0,146,0
103,103,61432.0,148,1
104,104,61431.0,149,1
105,105,61424.0,155,2
106,106,61421.0,158,2
107,107,61421.0,158,2
108,108,61421.0,158,2
109,109,61420.0,159,2
110,110,61206.0,373,2
111,111,61184.0,395,2
112,112,61179.0,400,2
113,113,61177.0,402,2
114,114,61177.0,402,2
115,115,61176.0,403,2
116,116,61176.0,403,2
117,117,61174.0,405,2
118,118,61172.0,407,2
119,119,61170.0,409,2
120,120,61170.0,409,2
121,121,61158.0,421,2
122,122,61158.0,421,2
123,123,61157.0,421,3
124,124,61151.0,427,3
125,125,61151.0,427,3
126,126,61150.0,428,3
127,127,61148.0,430,3
128,128,61141.0,437,3
