,Days,S,I,D
0,0,86976.0,0,0
1,1,86976.0,0,0
2,2,86976.0,0,0
3,3,86976.0,0,0
4,4,86976.0,0,0
5,5,86976.0,0,0
6,6,86976.0,0,0
7,7,86976.0,0,0
8,8,86976.0,0,0
9,9,86976.0,0,0
10,10,86976.0,0,0
11,11,86976.0,0,0
12,12,86976.0,0,0
13,13,86976.0,0,0
14,14,86976.0,0,0
15,15,86976.0,0,0
16,16,86976.0,0,0
17,17,86976.0,0,0
18,18,86976.0,0,0
19,19,86976.0,0,0
20,20,86976.0,0,0
21,21,86976.0,0,0
22,22,86976.0,0,0
23,23,86976.0,0,0
24,24,86976.0,0,0
25,25,86976.0,0,0
26,26,86976.0,0,0
27,27,86976.0,0,0
28,28,86976.0,0,0
29,29,86976.0,0,0
30,30,86976.0,0,0
31,31,86976.0,0,0
32,32,86976.0,0,0
33,33,86976.0,0,0
34,34,86976.0,0,0
35,35,86976.0,0,0
36,36,86976.0,0,0
37,37,86976.0,0,0
38,38,86976.0,0,0
39,39,86976.0,0,0
40,40,86976.0,0,0
41,41,86976.0,0,0
42,42,86976.0,0,0
43,43,86976.0,0,0
44,44,86976.0,0,0
45,45,86976.0,0,0
46,46,86976.0,0,0
47,47,86976.0,0,0
48,48,86976.0,0,0
49,49,86976.0,0,0
50,50,86976.0,0,0
51,51,86976.0,0,0
52,52,86976.0,0,0
53,53,86976.0,0,0
54,54,86976.0,0,0
55,55,86976.0,0,0
56,56,86976.0,0,0
57,57,86976.0,0,0
58,58,86976.0,0,0
59,59,86976.0,0,0
60,60,86976.0,0,0
61,61,86976.0,0,0
62,62,86976.0,0,0
63,63,86975.0,1,0
64,64,86974.0,2,0
65,65,86974.0,2,0
66,66,86972.0,4,0
67,67,86971.0,5,0
68,68,86970.0,6,0
69,69,86970.0,6,0
70,70,86968.0,8,0
71,71,86967.0,9,0
72,72,86967.0,9,0
73,73,86967.0,9,0
74,74,86967.0,9,0
75,75,86965.0,11,0
76,76,86960.0,15,1
77,77,86958.0,17,1
78,78,86959.0,16,1
79,79,86956.0,19,1
80,80,86955.0,20,1
81,81,86956.0,19,1
82,82,86956.0,19,1
83,83,86956.0,19,1
84,84,86943.0,32,1
85,85,86938.0,37,1
86,86,86933.0,42,1
87,87,86933.0,42,1
88,88,86932.0,43,1
89,89,86931.0,44,1
90,90,86926.0,49,1
91,91,86923.0,51,2
92,92,86921.0,53,2
93,93,86917.0,57,2
94,94,86917.0,57,2
95,95,86916.0,58,2
96,96,86915.0,59,2
97,97,86915.0,59,2
98,98,86907.0,67,2
99,99,86901.0,73,2
100,100,86892.0,82,2
101,101,86891.0,83,2
102,102,86888.0,86,2
103,103,86885.0,89,2
104,104,86876.0,98,2
105,105,86874.0,100,2
106,106,86868.0,106,2
107,107,86868.0,106,2
108,108,86866.0,108,2
109,109,86865.0,109,2
110,110,86864.0,110,2
111,111,86857.0,117,2
112,112,86854.0,120,2
113,113,86849.0,125,2
114,114,86846.0,128,2
115,115,86842.0,132,2
116,116,86842.0,132,2
117,117,86842.0,132,2
118,118,86826.0,148,2
119,119,86822.0,152,2
120,120,86813.0,161,2
121,121,86801.0,173,2
122,122,86801.0,173,2
123,123,86797.0,177,2
124,124,86792.0,182,2
125,125,86790.0,184,2
126,126,86784.0,190,2
127,127,86777.0,196,3
128,128,86773.0,200,3
