,Days,S,I,D
0,0,69524.0,0,0
1,1,69524.0,0,0
2,2,69524.0,0,0
3,3,69524.0,0,0
4,4,69524.0,0,0
5,5,69524.0,0,0
6,6,69524.0,0,0
7,7,69524.0,0,0
8,8,69524.0,0,0
9,9,69524.0,0,0
10,10,69524.0,0,0
11,11,69524.0,0,0
12,12,69524.0,0,0
13,13,69524.0,0,0
14,14,69524.0,0,0
15,15,69524.0,0,0
16,16,69524.0,0,0
17,17,69524.0,0,0
18,18,69524.0,0,0
19,19,69524.0,0,0
20,20,69524.0,0,0
21,21,69524.0,0,0
22,22,69524.0,0,0
23,23,69524.0,0,0
24,24,69524.0,0,0
25,25,69524.0,0,0
26,26,69524.0,0,0
27,27,69524.0,0,0
28,28,69524.0,0,0
29,29,69524.0,0,0
30,30,69524.0,0,0
31,31,69524.0,0,0
32,32,69524.0,0,0
33,33,69524.0,0,0
34,34,69524.0,0,0
35,35,69524.0,0,0
36,36,69524.0,0,0
37,37,69524.0,0,0
38,38,69524.0,0,0
39,39,69524.0,0,0
40,40,69524.0,0,0
41,41,69524.0,0,0
42,42,69524.0,0,0
43,43,69524.0,0,0
44,44,69524.0,0,0
45,45,69524.0,0,0
46,46,69524.0,0,0
47,47,69524.0,0,0
48,48,69524.0,0,0
49,49,69524.0,0,0
50,50,69524.0,0,0
51,51,69524.0,0,0
52,52,69524.0,0,0
53,53,69524.0,0,0
54,54,69524.0,0,0
55,55,69524.0,0,0
56,56,69524.0,0,0
57,57,69524.0,0,0
58,58,69524.0,0,0
59,59,69524.0,0,0
60,60,69522.0,2,0
61,61,69520.0,4,0
62,62,69520.0,4,0
63,63,69520.0,4,0
64,64,69520.0,4,0
65,65,69520.0,4,0
66,66,69519.0,5,0
67,67,69518.0,6,0
68,68,69514.0,10,0
69,69,69513.0,11,0
70,70,69513.0,11,0
71,71,69511.0,13,0
72,72,69510.0,14,0
73,73,69509.0,15,0
74,74,69509.0,15,0
75,75,69507.0,17,0
76,76,69507.0,17,0
77,77,69506.0,18,0
78,78,69504.0,19,1
79,79,69503.0,20,1
80,80,69502.0,21,1
81,81,69502.0,21,1
82,82,69502.0,21,1
83,83,69502.0,21,1
84,84,69502.0,21,1
85,85,69502.0,21,1
86,86,69502.0,21,1
87,87,69501.0,21,2
88,88,69501.0,21,2
89,89,69501.0,21,2
90,90,69501.0,21,2
91,91,69501.0,21,2
92,92,69500.0,22,2
93,93,69500.0,22,2
94,94,69495.0,26,3
95,95,69495.0,26,3
96,96,69494.0,27,3
97,97,69494.0,27,3
98,98,69494.0,27,3
99,99,69494.0,27,3
100,100,69494.0,27,3
101,101,69494.0,27,3
102,102,69494.0,27,3
103,103,69494.0,27,3
104,104,69494.0,27,3
105,105,69493.0,28,3
106,106,69492.0,29,3
107,107,69492.0,29,3
108,108,69492.0,29,3
109,109,69490.0,31,3
110,110,69490.0,31,3
111,111,69489.0,32,3
112,112,69487.0,34,3
113,113,69487.0,34,3
114,114,69486.0,35,3
115,115,69486.0,35,3
116,116,69486.0,35,3
117,117,69486.0,35,3
118,118,69486.0,35,3
119,119,69486.0,35,3
120,120,69486.0,35,3
121,121,69486.0,35,3
122,122,69486.0,35,3
123,123,69486.0,35,3
124,124,69486.0,35,3
125,125,69486.0,35,3
126,126,69486.0,35,3
127,127,69486.0,35,3
128,128,69486.0,35,3
