,Days,S,I,D
0,0,10720.0,0,0
1,1,10720.0,0,0
2,2,10720.0,0,0
3,3,10720.0,0,0
4,4,10720.0,0,0
5,5,10720.0,0,0
6,6,10720.0,0,0
7,7,10720.0,0,0
8,8,10720.0,0,0
9,9,10720.0,0,0
10,10,10720.0,0,0
11,11,10720.0,0,0
12,12,10720.0,0,0
13,13,10720.0,0,0
14,14,10720.0,0,0
15,15,10720.0,0,0
16,16,10720.0,0,0
17,17,10720.0,0,0
18,18,10720.0,0,0
19,19,10720.0,0,0
20,20,10720.0,0,0
21,21,10720.0,0,0
22,22,10720.0,0,0
23,23,10720.0,0,0
24,24,10720.0,0,0
25,25,10720.0,0,0
26,26,10720.0,0,0
27,27,10720.0,0,0
28,28,10720.0,0,0
29,29,10720.0,0,0
30,30,10720.0,0,0
31,31,10720.0,0,0
32,32,10720.0,0,0
33,33,10720.0,0,0
34,34,10720.0,0,0
35,35,10720.0,0,0
36,36,10720.0,0,0
37,37,10720.0,0,0
38,38,10720.0,0,0
39,39,10720.0,0,0
40,40,10720.0,0,0
41,41,10720.0,0,0
42,42,10720.0,0,0
43,43,10720.0,0,0
44,44,10720.0,0,0
45,45,10720.0,0,0
46,46,10720.0,0,0
47,47,10720.0,0,0
48,48,10720.0,0,0
49,49,10720.0,0,0
50,50,10720.0,0,0
51,51,10720.0,0,0
52,52,10720.0,0,0
53,53,10720.0,0,0
54,54,10720.0,0,0
55,55,10720.0,0,0
56,56,10720.0,0,0
57,57,10720.0,0,0
58,58,10720.0,0,0
59,59,10720.0,0,0
60,60,10720.0,0,0
61,61,10720.0,0,0
62,62,10720.0,0,0
63,63,10720.0,0,0
64,64,10720.0,0,0
65,65,10720.0,0,0
66,66,10720.0,0,0
67,67,10720.0,0,0
68,68,10719.0,1,0
69,69,10719.0,1,0
70,70,10719.0,1,0
71,71,10719.0,1,0
72,72,10719.0,1,0
73,73,10719.0,1,0
74,74,10719.0,1,0
75,75,10719.0,1,0
76,76,10719.0,1,0
77,77,10719.0,1,0
78,78,10719.0,1,0
79,79,10719.0,1,0
80,80,10719.0,1,0
81,81,10719.0,1,0
82,82,10719.0,1,0
83,83,10719.0,1,0
84,84,10717.0,3,0
85,85,10717.0,3,0
86,86,10717.0,3,0
87,87,10716.0,4,0
88,88,10716.0,4,0
89,89,10716.0,4,0
90,90,10716.0,4,0
91,91,10716.0,4,0
92,92,10715.0,5,0
93,93,10715.0,5,0
94,94,10714.0,6,0
95,95,10714.0,6,0
96,96,10714.0,6,0
97,97,10714.0,6,0
98,98,10710.0,10,0
99,99,10708.0,12,0
100,100,10707.0,13,0
101,101,10701.0,19,0
102,102,10698.0,22,0
103,103,10691.0,29,0
104,104,10689.0,31,0
105,105,10689.0,31,0
106,106,10688.0,32,0
107,107,10688.0,32,0
108,108,10687.0,33,0
109,109,10687.0,33,0
110,110,10685.0,35,0
111,111,10684.0,35,1
112,112,10682.0,36,2
113,113,10682.0,36,2
114,114,10681.0,37,2
115,115,10681.0,37,2
116,116,10681.0,37,2
117,117,10680.0,38,2
118,118,10677.0,40,3
119,119,10677.0,40,3
120,120,10675.0,42,3
121,121,10675.0,42,3
122,122,10675.0,42,3
123,123,10675.0,42,3
124,124,10674.0,43,3
125,125,10674.0,43,3
126,126,10673.0,44,3
127,127,10671.0,46,3
128,128,10669.0,48,3
