,Days,S,I,D
0,0,124937.0,0,0
1,1,124937.0,0,0
2,2,124937.0,0,0
3,3,124937.0,0,0
4,4,124937.0,0,0
5,5,124937.0,0,0
6,6,124937.0,0,0
7,7,124937.0,0,0
8,8,124937.0,0,0
9,9,124937.0,0,0
10,10,124937.0,0,0
11,11,124937.0,0,0
12,12,124937.0,0,0
13,13,124937.0,0,0
14,14,124937.0,0,0
15,15,124937.0,0,0
16,16,124937.0,0,0
17,17,124937.0,0,0
18,18,124937.0,0,0
19,19,124937.0,0,0
20,20,124937.0,0,0
21,21,124937.0,0,0
22,22,124937.0,0,0
23,23,124937.0,0,0
24,24,124937.0,0,0
25,25,124937.0,0,0
26,26,124937.0,0,0
27,27,124937.0,0,0
28,28,124937.0,0,0
29,29,124937.0,0,0
30,30,124937.0,0,0
31,31,124937.0,0,0
32,32,124937.0,0,0
33,33,124937.0,0,0
34,34,124937.0,0,0
35,35,124937.0,0,0
36,36,124937.0,0,0
37,37,124937.0,0,0
38,38,124937.0,0,0
39,39,124937.0,0,0
40,40,124937.0,0,0
41,41,124937.0,0,0
42,42,124937.0,0,0
43,43,124937.0,0,0
44,44,124937.0,0,0
45,45,124937.0,0,0
46,46,124937.0,0,0
47,47,124937.0,0,0
48,48,124937.0,0,0
49,49,124937.0,0,0
50,50,124937.0,0,0
51,51,124937.0,0,0
52,52,124937.0,0,0
53,53,124937.0,0,0
54,54,124937.0,0,0
55,55,124937.0,0,0
56,56,124937.0,0,0
57,57,124937.0,0,0
58,58,124936.0,1,0
59,59,124936.0,1,0
60,60,124936.0,1,0
61,61,124936.0,1,0
62,62,124936.0,1,0
63,63,124931.0,6,0
64,64,124931.0,6,0
65,65,124930.0,7,0
66,66,124927.0,10,0
67,67,124926.0,11,0
68,68,124924.0,13,0
69,69,124923.0,14,0
70,70,124923.0,14,0
71,71,124922.0,15,0
72,72,124920.0,17,0
73,73,124920.0,17,0
74,74,124919.0,18,0
75,75,124917.0,20,0
76,76,124916.0,21,0
77,77,124916.0,21,0
78,78,124915.0,22,0
79,79,124910.0,27,0
80,80,124910.0,27,0
81,81,124909.0,28,0
82,82,124906.0,31,0
83,83,124903.0,34,0
84,84,124903.0,34,0
85,85,124899.0,38,0
86,86,124901.0,36,0
87,87,124899.0,38,0
88,88,124899.0,38,0
89,89,124899.0,38,0
90,90,124896.0,41,0
91,91,124896.0,41,0
92,92,124893.0,44,0
93,93,124893.0,44,0
94,94,124893.0,44,0
95,95,124893.0,44,0
96,96,124884.0,53,0
97,97,124884.0,53,0
98,98,124883.0,53,1
99,99,124882.0,54,1
100,100,124879.0,57,1
101,101,124878.0,58,1
102,102,124878.0,58,1
103,103,124877.0,59,1
104,104,124875.0,61,1
105,105,124875.0,61,1
106,106,124874.0,62,1
107,107,124873.0,63,1
108,108,124868.0,68,1
109,109,124863.0,73,1
110,110,124863.0,73,1
111,111,124859.0,77,1
112,112,124851.0,85,1
113,113,124848.0,87,2
114,114,124845.0,89,3
115,115,124843.0,91,3
116,116,124841.0,93,3
117,117,124841.0,93,3
118,118,124840.0,94,3
119,119,124837.0,97,3
120,120,124830.0,104,3
121,121,124824.0,110,3
122,122,124820.0,114,3
123,123,124814.0,120,3
124,124,124810.0,124,3
125,125,124807.0,127,3
126,126,124806.0,128,3
127,127,124805.0,129,3
128,128,124796.0,138,3
