,Days,S,I,D
0,0,18883.0,0,0
1,1,18883.0,0,0
2,2,18883.0,0,0
3,3,18883.0,0,0
4,4,18883.0,0,0
5,5,18883.0,0,0
6,6,18883.0,0,0
7,7,18883.0,0,0
8,8,18883.0,0,0
9,9,18883.0,0,0
10,10,18883.0,0,0
11,11,18883.0,0,0
12,12,18883.0,0,0
13,13,18883.0,0,0
14,14,18883.0,0,0
15,15,18883.0,0,0
16,16,18883.0,0,0
17,17,18883.0,0,0
18,18,18883.0,0,0
19,19,18883.0,0,0
20,20,18883.0,0,0
21,21,18883.0,0,0
22,22,18883.0,0,0
23,23,18883.0,0,0
24,24,18883.0,0,0
25,25,18883.0,0,0
26,26,18883.0,0,0
27,27,18883.0,0,0
28,28,18883.0,0,0
29,29,18883.0,0,0
30,30,18883.0,0,0
31,31,18883.0,0,0
32,32,18883.0,0,0
33,33,18883.0,0,0
34,34,18883.0,0,0
35,35,18883.0,0,0
36,36,18883.0,0,0
37,37,18883.0,0,0
38,38,18883.0,0,0
39,39,18883.0,0,0
40,40,18883.0,0,0
41,41,18883.0,0,0
42,42,18883.0,0,0
43,43,18883.0,0,0
44,44,18883.0,0,0
45,45,18883.0,0,0
46,46,18883.0,0,0
47,47,18883.0,0,0
48,48,18882.0,1,0
49,49,18882.0,1,0
50,50,18882.0,1,0
51,51,18882.0,1,0
52,52,18882.0,1,0
53,53,18882.0,1,0
54,54,18882.0,1,0
55,55,18882.0,1,0
56,56,18882.0,1,0
57,57,18879.0,4,0
58,58,18879.0,4,0
59,59,18879.0,4,0
60,60,18873.0,10,0
61,61,18871.0,12,0
62,62,18870.0,13,0
63,63,18870.0,13,0
64,64,18869.0,14,0
65,65,18867.0,16,0
66,66,18867.0,16,0
67,67,18863.0,20,0
68,68,18863.0,20,0
69,69,18863.0,20,0
70,70,18861.0,21,1
71,71,18861.0,21,1
72,72,18861.0,21,1
73,73,18861.0,21,1
74,74,18861.0,21,1
75,75,18861.0,21,1
76,76,18861.0,21,1
77,77,18861.0,21,1
78,78,18861.0,21,1
79,79,18861.0,21,1
80,80,18861.0,21,1
81,81,18861.0,21,1
82,82,18861.0,21,1
83,83,18861.0,21,1
84,84,18861.0,21,1
85,85,18861.0,21,1
86,86,18861.0,21,1
87,87,18860.0,21,2
88,88,18860.0,21,2
89,89,18860.0,21,2
90,90,18860.0,21,2
91,91,18860.0,21,2
92,92,18860.0,21,2
93,93,18860.0,21,2
94,94,18860.0,21,2
95,95,18860.0,21,2
96,96,18860.0,21,2
97,97,18860.0,21,2
98,98,18860.0,21,2
99,99,18860.0,21,2
100,100,18860.0,21,2
101,101,18860.0,21,2
102,102,18860.0,21,2
103,103,18860.0,21,2
104,104,18860.0,21,2
105,105,18860.0,21,2
106,106,18860.0,21,2
107,107,18860.0,21,2
108,108,18860.0,21,2
109,109,18860.0,21,2
110,110,18860.0,21,2
111,111,18859.0,22,2
112,112,18859.0,22,2
113,113,18859.0,22,2
114,114,18859.0,22,2
115,115,18851.0,30,2
116,116,18850.0,31,2
117,117,18844.0,37,2
118,118,18838.0,43,2
119,119,18813.0,68,2
120,120,18802.0,79,2
121,121,18783.0,98,2
122,122,18763.0,118,2
123,123,18750.0,131,2
124,124,18749.0,132,2
125,125,18731.0,150,2
126,126,18718.0,163,2
127,127,18691.0,190,2
128,128,18658.0,222,3
