,Days,S,I,D
0,0,1937570.0,0,0
1,1,1937570.0,0,0
2,2,1937570.0,0,0
3,3,1937570.0,0,0
4,4,1937570.0,0,0
5,5,1937569.0,1,0
6,6,1937569.0,1,0
7,7,1937568.0,2,0
8,8,1937568.0,2,0
9,9,1937568.0,2,0
10,10,1937568.0,2,0
11,11,1937568.0,2,0
12,12,1937568.0,2,0
13,13,1937568.0,2,0
14,14,1937568.0,2,0
15,15,1937567.0,2,1
16,16,1937567.0,2,1
17,17,1937567.0,2,1
18,18,1937567.0,2,1
19,19,1937567.0,2,1
20,20,1937567.0,2,1
21,21,1937567.0,2,1
22,22,1937567.0,2,1
23,23,1937567.0,2,1
24,24,1937567.0,2,1
25,25,1937567.0,2,1
26,26,1937566.0,2,2
27,27,1937565.0,3,2
28,28,1937565.0,3,2
29,29,1937565.0,3,2
30,30,1937564.0,4,2
31,31,1937564.0,4,2
32,32,1937564.0,4,2
33,33,1937563.0,5,2
34,34,1937563.0,5,2
35,35,1937561.0,7,2
36,36,1937561.0,7,2
37,37,1937559.0,9,2
38,38,1937555.0,13,2
39,39,1937555.0,13,2
40,40,1937550.0,18,2
41,41,1937548.0,20,2
42,42,1937544.0,24,2
43,43,1937537.0,31,2
44,44,1937527.0,40,3
45,45,1937518.0,49,3
46,46,1937514.0,53,3
47,47,1937496.0,70,4
48,48,1937481.0,85,4
49,49,1937455.0,111,4
50,50,1937432.0,134,4
51,51,1937386.0,180,4
52,52,1937343.0,223,4
53,53,1937310.0,255,5
54,54,1937273.0,290,7
55,55,1937225.0,337,8
56,56,1937171.0,390,9
57,57,1937119.0,442,9
58,58,1937055.0,504,11
59,59,1937016.0,543,11
60,60,1936976.0,581,13
61,61,1936899.0,655,16
62,62,1936827.0,724,19
63,63,1936749.0,801,20
64,64,1936673.0,875,22
65,65,1936610.0,937,23
66,66,1936564.0,978,28
67,67,1936541.0,1001,28
68,68,1936460.0,1079,31
69,69,1936402.0,1135,33
70,70,1936346.0,1189,35
71,71,1936285.0,1246,39
72,72,1936243.0,1286,41
73,73,1936211.0,1317,42
74,74,1936169.0,1359,42
75,75,1936112.0,1413,45
76,76,1936071.0,1453,46
77,77,1935993.0,1528,49
78,78,1935925.0,1595,50
79,79,1935843.0,1674,53
80,80,1935801.0,1715,54
81,81,1935772.0,1741,57
82,82,1935728.0,1779,63
83,83,1935687.0,1820,63
84,84,1935659.0,1843,68
85,85,1935635.0,1863,72
86,86,1935599.0,1899,72
87,87,1935585.0,1909,76
88,88,1935573.0,1921,76
89,89,1935552.0,1932,86
90,90,1935545.0,1934,91
91,91,1935530.0,1946,94
92,92,1935488.0,1987,95
93,93,1935454.0,2018,98
94,94,1935431.0,2040,99
95,95,1935386.0,2084,100
96,96,1935362.0,2105,103
97,97,1935342.0,2122,106
98,98,1935329.0,2134,107
99,99,1935296.0,2163,111
100,100,1935278.0,2179,113
101,101,1935252.0,2204,114
102,102,1935224.0,2231,115
103,103,1935209.0,2244,117
104,104,1935194.0,2255,121
105,105,1935176.0,2268,126
106,106,1935162.0,2281,127
107,107,1935152.0,2290,128
108,108,1935135.0,2307,128
109,109,1935102.0,2339,129
110,110,1935100.0,2341,129
111,111,1935076.0,2364,130
112,112,1935057.0,2381,132
113,113,1935045.0,2391,134
114,114,1935032.0,2403,135
115,115,1935017.0,2418,135
116,116,1934982.0,2453,135
117,117,1934965.0,2470,135
118,118,1934950.0,2483,137
119,119,1934940.0,2492,138
120,120,1934940.0,2492,138
121,121,1934886.0,2546,138
122,122,1934860.0,2571,139
123,123,1934814.0,2617,139
124,124,1934779.0,2652,139
125,125,1934756.0,2675,139
126,126,1934742.0,2688,140
127,127,1934729.0,2701,140
128,128,1935723.0,1707,140
