,Days,S,I,D
0,0,45591.0,0,0
1,1,45591.0,0,0
2,2,45591.0,0,0
3,3,45591.0,0,0
4,4,45591.0,0,0
5,5,45591.0,0,0
6,6,45591.0,0,0
7,7,45591.0,0,0
8,8,45591.0,0,0
9,9,45591.0,0,0
10,10,45591.0,0,0
11,11,45591.0,0,0
12,12,45591.0,0,0
13,13,45591.0,0,0
14,14,45591.0,0,0
15,15,45591.0,0,0
16,16,45591.0,0,0
17,17,45591.0,0,0
18,18,45591.0,0,0
19,19,45591.0,0,0
20,20,45591.0,0,0
21,21,45591.0,0,0
22,22,45591.0,0,0
23,23,45591.0,0,0
24,24,45591.0,0,0
25,25,45591.0,0,0
26,26,45591.0,0,0
27,27,45591.0,0,0
28,28,45591.0,0,0
29,29,45591.0,0,0
30,30,45591.0,0,0
31,31,45591.0,0,0
32,32,45591.0,0,0
33,33,45591.0,0,0
34,34,45591.0,0,0
35,35,45591.0,0,0
36,36,45591.0,0,0
37,37,45591.0,0,0
38,38,45591.0,0,0
39,39,45591.0,0,0
40,40,45591.0,0,0
41,41,45591.0,0,0
42,42,45591.0,0,0
43,43,45591.0,0,0
44,44,45591.0,0,0
45,45,45591.0,0,0
46,46,45591.0,0,0
47,47,45591.0,0,0
48,48,45591.0,0,0
49,49,45591.0,0,0
50,50,45591.0,0,0
51,51,45591.0,0,0
52,52,45591.0,0,0
53,53,45591.0,0,0
54,54,45591.0,0,0
55,55,45591.0,0,0
56,56,45591.0,0,0
57,57,45590.0,1,0
58,58,45590.0,1,0
59,59,45590.0,1,0
60,60,45590.0,1,0
61,61,45589.0,2,0
62,62,45589.0,2,0
63,63,45589.0,2,0
64,64,45589.0,2,0
65,65,45589.0,2,0
66,66,45589.0,2,0
67,67,45589.0,2,0
68,68,45589.0,2,0
69,69,45589.0,2,0
70,70,45589.0,2,0
71,71,45589.0,2,0
72,72,45589.0,2,0
73,73,45579.0,12,0
74,74,45574.0,17,0
75,75,45572.0,19,0
76,76,45571.0,20,0
77,77,45571.0,20,0
78,78,45571.0,20,0
79,79,45571.0,20,0
80,80,45571.0,20,0
81,81,45571.0,20,0
82,82,45571.0,20,0
83,83,45571.0,20,0
84,84,45571.0,20,0
85,85,45566.0,25,0
86,86,45566.0,25,0
87,87,45563.0,28,0
88,88,45558.0,33,0
89,89,45558.0,33,0
90,90,45555.0,36,0
91,91,45551.0,40,0
92,92,45550.0,40,1
93,93,45546.0,44,1
94,94,45545.0,45,1
95,95,45545.0,45,1
96,96,45541.0,49,1
97,97,45532.0,58,1
98,98,45532.0,58,1
99,99,45532.0,58,1
100,100,45528.0,62,1
101,101,45528.0,62,1
102,102,45525.0,65,1
103,103,45523.0,67,1
104,104,45517.0,72,2
105,105,45517.0,72,2
106,106,45514.0,75,2
107,107,45514.0,75,2
108,108,45512.0,77,2
109,109,45512.0,77,2
110,110,45508.0,80,3
111,111,45508.0,80,3
112,112,45507.0,81,3
113,113,45505.0,83,3
114,114,45503.0,85,3
115,115,45501.0,87,3
116,116,45501.0,87,3
117,117,45497.0,91,3
118,118,45497.0,91,3
119,119,45497.0,91,3
120,120,45495.0,93,3
121,121,45495.0,93,3
122,122,45493.0,95,3
123,123,45493.0,95,3
124,124,45493.0,95,3
125,125,45489.0,99,3
126,126,45485.0,103,3
127,127,45485.0,103,3
128,128,45482.0,106,3
