,Days,S,I,D
0,0,33308.0,0,0
1,1,33308.0,0,0
2,2,33308.0,0,0
3,3,33308.0,0,0
4,4,33308.0,0,0
5,5,33308.0,0,0
6,6,33308.0,0,0
7,7,33308.0,0,0
8,8,33308.0,0,0
9,9,33308.0,0,0
10,10,33308.0,0,0
11,11,33308.0,0,0
12,12,33308.0,0,0
13,13,33308.0,0,0
14,14,33308.0,0,0
15,15,33308.0,0,0
16,16,33308.0,0,0
17,17,33308.0,0,0
18,18,33308.0,0,0
19,19,33308.0,0,0
20,20,33308.0,0,0
21,21,33308.0,0,0
22,22,33308.0,0,0
23,23,33308.0,0,0
24,24,33308.0,0,0
25,25,33308.0,0,0
26,26,33308.0,0,0
27,27,33308.0,0,0
28,28,33308.0,0,0
29,29,33308.0,0,0
30,30,33308.0,0,0
31,31,33308.0,0,0
32,32,33308.0,0,0
33,33,33308.0,0,0
34,34,33308.0,0,0
35,35,33308.0,0,0
36,36,33308.0,0,0
37,37,33308.0,0,0
38,38,33308.0,0,0
39,39,33308.0,0,0
40,40,33308.0,0,0
41,41,33308.0,0,0
42,42,33308.0,0,0
43,43,33308.0,0,0
44,44,33308.0,0,0
45,45,33308.0,0,0
46,46,33308.0,0,0
47,47,33308.0,0,0
48,48,33308.0,0,0
49,49,33308.0,0,0
50,50,33308.0,0,0
51,51,33308.0,0,0
52,52,33308.0,0,0
53,53,33308.0,0,0
54,54,33308.0,0,0
55,55,33308.0,0,0
56,56,33308.0,0,0
57,57,33308.0,0,0
58,58,33308.0,0,0
59,59,33308.0,0,0
60,60,33307.0,1,0
61,61,33307.0,1,0
62,62,33306.0,2,0
63,63,33306.0,2,0
64,64,33306.0,2,0
65,65,33305.0,3,0
66,66,33304.0,4,0
67,67,33304.0,4,0
68,68,33304.0,4,0
69,69,33303.0,5,0
70,70,33301.0,6,1
71,71,33301.0,6,1
72,72,33300.0,6,2
73,73,33299.0,7,2
74,74,33293.0,13,2
75,75,33293.0,13,2
76,76,33292.0,14,2
77,77,33291.0,15,2
78,78,33290.0,16,2
79,79,33289.0,17,2
80,80,33285.0,21,2
81,81,33285.0,21,2
82,82,33285.0,21,2
83,83,33285.0,21,2
84,84,33285.0,21,2
85,85,33285.0,21,2
86,86,33285.0,21,2
87,87,33285.0,21,2
88,88,33285.0,21,2
89,89,33285.0,21,2
90,90,33285.0,21,2
91,91,33285.0,21,2
92,92,33285.0,21,2
93,93,33285.0,21,2
94,94,33285.0,21,2
95,95,33285.0,21,2
96,96,33285.0,21,2
97,97,33285.0,21,2
98,98,33285.0,21,2
99,99,33285.0,21,2
100,100,33285.0,21,2
101,101,33285.0,21,2
102,102,33285.0,21,2
103,103,33285.0,21,2
104,104,33285.0,21,2
105,105,33285.0,21,2
106,106,33285.0,21,2
107,107,33285.0,21,2
108,108,33285.0,21,2
109,109,33285.0,21,2
110,110,33285.0,21,2
111,111,33285.0,21,2
112,112,33285.0,21,2
113,113,33285.0,21,2
114,114,33285.0,21,2
115,115,33285.0,21,2
116,116,33285.0,21,2
117,117,33285.0,21,2
118,118,33285.0,21,2
119,119,33285.0,21,2
120,120,33285.0,21,2
121,121,33285.0,21,2
122,122,33285.0,21,2
123,123,33285.0,21,2
124,124,33285.0,21,2
125,125,33285.0,21,2
126,126,33285.0,21,2
127,127,33285.0,21,2
128,128,33285.0,21,2
