,Days,S,I,D
0,0,60922.0,0,0
1,1,60922.0,0,0
2,2,60922.0,0,0
3,3,60922.0,0,0
4,4,60922.0,0,0
5,5,60922.0,0,0
6,6,60922.0,0,0
7,7,60922.0,0,0
8,8,60922.0,0,0
9,9,60922.0,0,0
10,10,60922.0,0,0
11,11,60922.0,0,0
12,12,60922.0,0,0
13,13,60922.0,0,0
14,14,60922.0,0,0
15,15,60922.0,0,0
16,16,60922.0,0,0
17,17,60922.0,0,0
18,18,60922.0,0,0
19,19,60922.0,0,0
20,20,60922.0,0,0
21,21,60922.0,0,0
22,22,60922.0,0,0
23,23,60922.0,0,0
24,24,60922.0,0,0
25,25,60922.0,0,0
26,26,60922.0,0,0
27,27,60922.0,0,0
28,28,60922.0,0,0
29,29,60922.0,0,0
30,30,60922.0,0,0
31,31,60922.0,0,0
32,32,60922.0,0,0
33,33,60922.0,0,0
34,34,60922.0,0,0
35,35,60922.0,0,0
36,36,60922.0,0,0
37,37,60922.0,0,0
38,38,60922.0,0,0
39,39,60922.0,0,0
40,40,60922.0,0,0
41,41,60922.0,0,0
42,42,60922.0,0,0
43,43,60922.0,0,0
44,44,60922.0,0,0
45,45,60922.0,0,0
46,46,60922.0,0,0
47,47,60922.0,0,0
48,48,60922.0,0,0
49,49,60922.0,0,0
50,50,60922.0,0,0
51,51,60922.0,0,0
52,52,60922.0,0,0
53,53,60922.0,0,0
54,54,60922.0,0,0
55,55,60922.0,0,0
56,56,60922.0,0,0
57,57,60922.0,0,0
58,58,60922.0,0,0
59,59,60922.0,0,0
60,60,60921.0,1,0
61,61,60921.0,1,0
62,62,60920.0,2,0
63,63,60920.0,2,0
64,64,60920.0,2,0
65,65,60920.0,2,0
66,66,60918.0,4,0
67,67,60916.0,6,0
68,68,60916.0,6,0
69,69,60915.0,7,0
70,70,60915.0,7,0
71,71,60914.0,8,0
72,72,60914.0,8,0
73,73,60913.0,9,0
74,74,60910.0,12,0
75,75,60908.0,14,0
76,76,60907.0,15,0
77,77,60905.0,17,0
78,78,60906.0,16,0
79,79,60904.0,18,0
80,80,60902.0,20,0
81,81,60901.0,21,0
82,82,60901.0,21,0
83,83,60899.0,23,0
84,84,60898.0,24,0
85,85,60896.0,26,0
86,86,60896.0,26,0
87,87,60895.0,27,0
88,88,60894.0,28,0
89,89,60891.0,31,0
90,90,60888.0,34,0
91,91,60887.0,35,0
92,92,60881.0,41,0
93,93,60874.0,48,0
94,94,60872.0,50,0
95,95,60870.0,52,0
96,96,60867.0,55,0
97,97,60865.0,57,0
98,98,60860.0,62,0
99,99,60855.0,67,0
100,100,60846.0,76,0
101,101,60835.0,87,0
102,102,60834.0,88,0
103,103,60830.0,92,0
104,104,60829.0,93,0
105,105,60826.0,96,0
106,106,60825.0,97,0
107,107,60825.0,97,0
108,108,60821.0,99,2
109,109,60821.0,99,2
110,110,60817.0,103,2
111,111,60815.0,105,2
112,112,60815.0,105,2
113,113,60815.0,105,2
114,114,60815.0,105,2
115,115,60814.0,106,2
116,116,60814.0,106,2
117,117,60814.0,106,2
118,118,60814.0,106,2
119,119,60814.0,106,2
120,120,60814.0,106,2
121,121,60814.0,106,2
122,122,60814.0,106,2
123,123,60813.0,107,2
124,124,60812.0,108,2
125,125,60812.0,108,2
126,126,60812.0,108,2
127,127,60812.0,108,2
128,128,60812.0,108,2
