,Days,S,I,D
0,0,293718.0,0,0
1,1,293718.0,0,0
2,2,293718.0,0,0
3,3,293718.0,0,0
4,4,293718.0,0,0
5,5,293718.0,0,0
6,6,293718.0,0,0
7,7,293718.0,0,0
8,8,293718.0,0,0
9,9,293718.0,0,0
10,10,293718.0,0,0
11,11,293718.0,0,0
12,12,293718.0,0,0
13,13,293718.0,0,0
14,14,293718.0,0,0
15,15,293718.0,0,0
16,16,293718.0,0,0
17,17,293718.0,0,0
18,18,293718.0,0,0
19,19,293718.0,0,0
20,20,293718.0,0,0
21,21,293718.0,0,0
22,22,293718.0,0,0
23,23,293718.0,0,0
24,24,293718.0,0,0
25,25,293718.0,0,0
26,26,293718.0,0,0
27,27,293718.0,0,0
28,28,293718.0,0,0
29,29,293718.0,0,0
30,30,293718.0,0,0
31,31,293718.0,0,0
32,32,293718.0,0,0
33,33,293718.0,0,0
34,34,293718.0,0,0
35,35,293718.0,0,0
36,36,293718.0,0,0
37,37,293718.0,0,0
38,38,293718.0,0,0
39,39,293718.0,0,0
40,40,293718.0,0,0
41,41,293718.0,0,0
42,42,293718.0,0,0
43,43,293718.0,0,0
44,44,293718.0,0,0
45,45,293718.0,0,0
46,46,293718.0,0,0
47,47,293718.0,0,0
48,48,293718.0,0,0
49,49,293718.0,0,0
50,50,293717.0,1,0
51,51,293715.0,3,0
52,52,293714.0,4,0
53,53,293711.0,7,0
54,54,293708.0,10,0
55,55,293702.0,16,0
56,56,293698.0,20,0
57,57,293687.0,31,0
58,58,293682.0,36,0
59,59,293668.0,49,1
60,60,293635.0,82,1
61,61,293617.0,100,1
62,62,293593.0,124,1
63,63,293564.0,153,1
64,64,293526.0,190,2
65,65,293491.0,225,2
66,66,293454.0,262,2
67,67,293396.0,320,2
68,68,293323.0,392,3
69,69,293231.0,484,3
70,70,293167.0,547,4
71,71,293046.0,667,5
72,72,292901.0,809,8
73,73,292769.0,938,11
74,74,292630.0,1077,11
75,75,292517.0,1189,12
76,76,292454.0,1249,15
77,77,292308.0,1395,15
78,78,292204.0,1493,21
79,79,292098.0,1598,22
80,80,291951.0,1744,23
81,81,291854.0,1838,26
82,82,291806.0,1881,31
83,83,291750.0,1934,34
84,84,291632.0,2048,38
85,85,291593.0,2085,40
86,86,291536.0,2142,40
87,87,291477.0,2201,40
88,88,291429.0,2240,49
89,89,291384.0,2284,50
90,90,291337.0,2331,50
91,91,291274.0,2391,53
92,92,291202.0,2460,56
93,93,291139.0,2517,62
94,94,290996.0,2660,62
95,95,290927.0,2729,62
96,96,290861.0,2793,64
97,97,290836.0,2817,65
98,98,290769.0,2881,68
99,99,290695.0,2954,69
100,100,290646.0,3002,70
101,101,290596.0,3049,73
102,102,290557.0,3086,75
103,103,290506.0,3131,81
104,104,290483.0,3151,84
105,105,290431.0,3192,95
106,106,290389.0,3233,96
107,107,290343.0,3277,98
108,108,290298.0,3319,101
109,109,290256.0,3359,103
110,110,290237.0,3378,103
111,111,290211.0,3399,108
112,112,290175.0,3429,114
113,113,290127.0,3474,117
114,114,290100.0,3498,120
115,115,290068.0,3527,123
116,116,290051.0,3543,124
117,117,290040.0,3552,126
118,118,289880.0,3710,128
119,119,289863.0,3724,131
120,120,289841.0,3745,132
121,121,289818.0,3767,133
122,122,289790.0,3793,135
123,123,289774.0,3807,137
124,124,289755.0,3825,138
125,125,289746.0,3834,138
126,126,289732.0,3847,139
127,127,289712.0,3867,139
128,128,289692.0,3887,139
