,Days,S,I,D
0,0,43545.0,0,0
1,1,43545.0,0,0
2,2,43545.0,0,0
3,3,43545.0,0,0
4,4,43545.0,0,0
5,5,43545.0,0,0
6,6,43545.0,0,0
7,7,43545.0,0,0
8,8,43545.0,0,0
9,9,43545.0,0,0
10,10,43545.0,0,0
11,11,43545.0,0,0
12,12,43545.0,0,0
13,13,43545.0,0,0
14,14,43545.0,0,0
15,15,43545.0,0,0
16,16,43545.0,0,0
17,17,43545.0,0,0
18,18,43545.0,0,0
19,19,43545.0,0,0
20,20,43545.0,0,0
21,21,43545.0,0,0
22,22,43545.0,0,0
23,23,43545.0,0,0
24,24,43545.0,0,0
25,25,43545.0,0,0
26,26,43545.0,0,0
27,27,43545.0,0,0
28,28,43545.0,0,0
29,29,43545.0,0,0
30,30,43545.0,0,0
31,31,43545.0,0,0
32,32,43545.0,0,0
33,33,43545.0,0,0
34,34,43545.0,0,0
35,35,43545.0,0,0
36,36,43545.0,0,0
37,37,43545.0,0,0
38,38,43545.0,0,0
39,39,43545.0,0,0
40,40,43545.0,0,0
41,41,43545.0,0,0
42,42,43545.0,0,0
43,43,43545.0,0,0
44,44,43545.0,0,0
45,45,43545.0,0,0
46,46,43545.0,0,0
47,47,43545.0,0,0
48,48,43545.0,0,0
49,49,43545.0,0,0
50,50,43545.0,0,0
51,51,43545.0,0,0
52,52,43545.0,0,0
53,53,43545.0,0,0
54,54,43545.0,0,0
55,55,43545.0,0,0
56,56,43545.0,0,0
57,57,43545.0,0,0
58,58,43545.0,0,0
59,59,43545.0,0,0
60,60,43545.0,0,0
61,61,43545.0,0,0
62,62,43545.0,0,0
63,63,43545.0,0,0
64,64,43543.0,1,1
65,65,43543.0,1,1
66,66,43543.0,1,1
67,67,43543.0,1,1
68,68,43542.0,2,1
69,69,43541.0,3,1
70,70,43541.0,3,1
71,71,43541.0,3,1
72,72,43540.0,4,1
73,73,43540.0,4,1
74,74,43538.0,6,1
75,75,43538.0,6,1
76,76,43536.0,8,1
77,77,43536.0,8,1
78,78,43535.0,9,1
79,79,43533.0,11,1
80,80,43533.0,11,1
81,81,43533.0,11,1
82,82,43533.0,11,1
83,83,43533.0,11,1
84,84,43533.0,11,1
85,85,43533.0,11,1
86,86,43532.0,12,1
87,87,43532.0,12,1
88,88,43532.0,12,1
89,89,43531.0,13,1
90,90,43531.0,13,1
91,91,43531.0,13,1
92,92,43531.0,13,1
93,93,43530.0,14,1
94,94,43530.0,14,1
95,95,43530.0,14,1
96,96,43530.0,14,1
97,97,43530.0,14,1
98,98,43530.0,14,1
99,99,43530.0,14,1
100,100,43530.0,14,1
101,101,43530.0,14,1
102,102,43530.0,14,1
103,103,43529.0,14,2
104,104,43529.0,14,2
105,105,43528.0,15,2
106,106,43528.0,15,2
107,107,43527.0,16,2
108,108,43527.0,16,2
109,109,43527.0,16,2
110,110,43527.0,16,2
111,111,43527.0,16,2
112,112,43527.0,16,2
113,113,43526.0,17,2
114,114,43525.0,18,2
115,115,43525.0,18,2
116,116,43525.0,18,2
117,117,43525.0,18,2
118,118,43524.0,19,2
119,119,43524.0,19,2
120,120,43524.0,19,2
121,121,43524.0,19,2
122,122,43524.0,19,2
123,123,43524.0,19,2
124,124,43524.0,19,2
125,125,43524.0,19,2
126,126,43523.0,20,2
127,127,43523.0,20,2
128,128,43522.0,21,2
