,Days,S,I,D
0,0,48176.0,0,0
1,1,48176.0,0,0
2,2,48176.0,0,0
3,3,48176.0,0,0
4,4,48176.0,0,0
5,5,48176.0,0,0
6,6,48176.0,0,0
7,7,48176.0,0,0
8,8,48176.0,0,0
9,9,48176.0,0,0
10,10,48176.0,0,0
11,11,48176.0,0,0
12,12,48176.0,0,0
13,13,48176.0,0,0
14,14,48176.0,0,0
15,15,48176.0,0,0
16,16,48176.0,0,0
17,17,48176.0,0,0
18,18,48176.0,0,0
19,19,48176.0,0,0
20,20,48176.0,0,0
21,21,48176.0,0,0
22,22,48176.0,0,0
23,23,48176.0,0,0
24,24,48176.0,0,0
25,25,48176.0,0,0
26,26,48176.0,0,0
27,27,48176.0,0,0
28,28,48176.0,0,0
29,29,48176.0,0,0
30,30,48176.0,0,0
31,31,48176.0,0,0
32,32,48176.0,0,0
33,33,48176.0,0,0
34,34,48176.0,0,0
35,35,48176.0,0,0
36,36,48176.0,0,0
37,37,48176.0,0,0
38,38,48176.0,0,0
39,39,48176.0,0,0
40,40,48176.0,0,0
41,41,48176.0,0,0
42,42,48176.0,0,0
43,43,48176.0,0,0
44,44,48176.0,0,0
45,45,48176.0,0,0
46,46,48176.0,0,0
47,47,48176.0,0,0
48,48,48176.0,0,0
49,49,48176.0,0,0
50,50,48176.0,0,0
51,51,48176.0,0,0
52,52,48176.0,0,0
53,53,48176.0,0,0
54,54,48176.0,0,0
55,55,48176.0,0,0
56,56,48176.0,0,0
57,57,48176.0,0,0
58,58,48176.0,0,0
59,59,48176.0,0,0
60,60,48176.0,0,0
61,61,48176.0,0,0
62,62,48176.0,0,0
63,63,48176.0,0,0
64,64,48176.0,0,0
65,65,48176.0,0,0
66,66,48176.0,0,0
67,67,48176.0,0,0
68,68,48176.0,0,0
69,69,48174.0,2,0
70,70,48173.0,3,0
71,71,48173.0,3,0
72,72,48173.0,3,0
73,73,48172.0,4,0
74,74,48172.0,4,0
75,75,48172.0,4,0
76,76,48172.0,4,0
77,77,48172.0,4,0
78,78,48172.0,4,0
79,79,48173.0,3,0
80,80,48170.0,5,1
81,81,48170.0,5,1
82,82,48170.0,5,1
83,83,48170.0,5,1
84,84,48166.0,9,1
85,85,48164.0,11,1
86,86,48162.0,13,1
87,87,48161.0,14,1
88,88,48160.0,15,1
89,89,48160.0,15,1
90,90,48159.0,16,1
91,91,48159.0,16,1
92,92,48155.0,20,1
93,93,48154.0,21,1
94,94,48154.0,21,1
95,95,48154.0,21,1
96,96,48154.0,21,1
97,97,48153.0,22,1
98,98,48151.0,24,1
99,99,48151.0,24,1
100,100,48151.0,24,1
101,101,48151.0,24,1
102,102,48151.0,24,1
103,103,48151.0,24,1
104,104,48149.0,26,1
105,105,48148.0,27,1
106,106,48148.0,27,1
107,107,48147.0,28,1
108,108,48146.0,29,1
109,109,48146.0,29,1
110,110,48146.0,29,1
111,111,48146.0,29,1
112,112,48146.0,29,1
113,113,48145.0,30,1
114,114,48145.0,30,1
115,115,48143.0,32,1
116,116,48143.0,32,1
117,117,48143.0,32,1
118,118,48142.0,32,2
119,119,48142.0,32,2
120,120,48138.0,36,2
121,121,48138.0,36,2
122,122,48137.0,37,2
123,123,48137.0,37,2
124,124,48137.0,37,2
125,125,48137.0,37,2
126,126,48136.0,38,2
127,127,48136.0,38,2
128,128,48135.0,39,2
