,Days,S,I,D
0,0,44527.0,0,0
1,1,44527.0,0,0
2,2,44527.0,0,0
3,3,44527.0,0,0
4,4,44527.0,0,0
5,5,44527.0,0,0
6,6,44527.0,0,0
7,7,44527.0,0,0
8,8,44527.0,0,0
9,9,44527.0,0,0
10,10,44527.0,0,0
11,11,44527.0,0,0
12,12,44527.0,0,0
13,13,44527.0,0,0
14,14,44527.0,0,0
15,15,44527.0,0,0
16,16,44527.0,0,0
17,17,44527.0,0,0
18,18,44527.0,0,0
19,19,44527.0,0,0
20,20,44527.0,0,0
21,21,44527.0,0,0
22,22,44527.0,0,0
23,23,44527.0,0,0
24,24,44527.0,0,0
25,25,44527.0,0,0
26,26,44527.0,0,0
27,27,44527.0,0,0
28,28,44527.0,0,0
29,29,44527.0,0,0
30,30,44527.0,0,0
31,31,44527.0,0,0
32,32,44527.0,0,0
33,33,44527.0,0,0
34,34,44527.0,0,0
35,35,44527.0,0,0
36,36,44527.0,0,0
37,37,44527.0,0,0
38,38,44527.0,0,0
39,39,44527.0,0,0
40,40,44527.0,0,0
41,41,44527.0,0,0
42,42,44527.0,0,0
43,43,44527.0,0,0
44,44,44527.0,0,0
45,45,44527.0,0,0
46,46,44527.0,0,0
47,47,44527.0,0,0
48,48,44527.0,0,0
49,49,44527.0,0,0
50,50,44526.0,1,0
51,51,44526.0,1,0
52,52,44526.0,1,0
53,53,44526.0,1,0
54,54,44526.0,1,0
55,55,44526.0,1,0
56,56,44526.0,1,0
57,57,44526.0,1,0
58,58,44526.0,1,0
59,59,44526.0,1,0
60,60,44524.0,3,0
61,61,44524.0,3,0
62,62,44524.0,3,0
63,63,44522.0,5,0
64,64,44520.0,7,0
65,65,44519.0,8,0
66,66,44519.0,8,0
67,67,44519.0,8,0
68,68,44516.0,11,0
69,69,44511.0,16,0
70,70,44507.0,20,0
71,71,44504.0,22,1
72,72,44502.0,24,1
73,73,44500.0,26,1
74,74,44499.0,27,1
75,75,44497.0,29,1
76,76,44490.0,36,1
77,77,44489.0,37,1
78,78,44489.0,37,1
79,79,44487.0,39,1
80,80,44487.0,39,1
81,81,44487.0,39,1
82,82,44484.0,42,1
83,83,44481.0,45,1
84,84,44480.0,46,1
85,85,44479.0,47,1
86,86,44478.0,48,1
87,87,44477.0,49,1
88,88,44476.0,49,2
89,89,44476.0,49,2
90,90,44476.0,49,2
91,91,44475.0,50,2
92,92,44475.0,50,2
93,93,44474.0,51,2
94,94,44467.0,58,2
95,95,44467.0,58,2
96,96,44467.0,58,2
97,97,44466.0,59,2
98,98,44465.0,60,2
99,99,44464.0,61,2
100,100,44464.0,61,2
101,101,44464.0,61,2
102,102,44464.0,61,2
103,103,44463.0,62,2
104,104,44463.0,62,2
105,105,44463.0,62,2
106,106,44462.0,63,2
107,107,44462.0,63,2
108,108,44462.0,63,2
109,109,44461.0,64,2
110,110,44460.0,65,2
111,111,44460.0,65,2
112,112,44459.0,66,2
113,113,44458.0,67,2
114,114,44458.0,67,2
115,115,44457.0,68,2
116,116,44456.0,69,2
117,117,44456.0,69,2
118,118,44456.0,69,2
119,119,44456.0,69,2
120,120,44454.0,71,2
121,121,44453.0,72,2
122,122,44451.0,74,2
123,123,44448.0,77,2
124,124,44448.0,77,2
125,125,44448.0,77,2
126,126,44447.0,78,2
127,127,44447.0,78,2
128,128,44446.0,79,2
