,Days,S,I,D
0,0,74808.0,0,0
1,1,74808.0,0,0
2,2,74808.0,0,0
3,3,74808.0,0,0
4,4,74808.0,0,0
5,5,74808.0,0,0
6,6,74808.0,0,0
7,7,74808.0,0,0
8,8,74808.0,0,0
9,9,74808.0,0,0
10,10,74808.0,0,0
11,11,74808.0,0,0
12,12,74808.0,0,0
13,13,74808.0,0,0
14,14,74808.0,0,0
15,15,74808.0,0,0
16,16,74808.0,0,0
17,17,74808.0,0,0
18,18,74808.0,0,0
19,19,74808.0,0,0
20,20,74808.0,0,0
21,21,74808.0,0,0
22,22,74808.0,0,0
23,23,74808.0,0,0
24,24,74808.0,0,0
25,25,74808.0,0,0
26,26,74808.0,0,0
27,27,74808.0,0,0
28,28,74808.0,0,0
29,29,74808.0,0,0
30,30,74808.0,0,0
31,31,74808.0,0,0
32,32,74808.0,0,0
33,33,74808.0,0,0
34,34,74808.0,0,0
35,35,74808.0,0,0
36,36,74808.0,0,0
37,37,74808.0,0,0
38,38,74808.0,0,0
39,39,74808.0,0,0
40,40,74808.0,0,0
41,41,74808.0,0,0
42,42,74808.0,0,0
43,43,74808.0,0,0
44,44,74808.0,0,0
45,45,74808.0,0,0
46,46,74808.0,0,0
47,47,74808.0,0,0
48,48,74808.0,0,0
49,49,74808.0,0,0
50,50,74808.0,0,0
51,51,74808.0,0,0
52,52,74808.0,0,0
53,53,74808.0,0,0
54,54,74808.0,0,0
55,55,74808.0,0,0
56,56,74808.0,0,0
57,57,74808.0,0,0
58,58,74808.0,0,0
59,59,74808.0,0,0
60,60,74808.0,0,0
61,61,74808.0,0,0
62,62,74807.0,1,0
63,63,74807.0,1,0
64,64,74807.0,1,0
65,65,74807.0,1,0
66,66,74807.0,1,0
67,67,74807.0,1,0
68,68,74807.0,1,0
69,69,74807.0,1,0
70,70,74807.0,1,0
71,71,74807.0,1,0
72,72,74806.0,2,0
73,73,74804.0,4,0
74,74,74803.0,5,0
75,75,74800.0,8,0
76,76,74797.0,11,0
77,77,74796.0,12,0
78,78,74791.0,17,0
79,79,74790.0,18,0
80,80,74774.0,34,0
81,81,74774.0,34,0
82,82,74774.0,34,0
83,83,74774.0,34,0
84,84,74748.0,60,0
85,85,74737.0,70,1
86,86,74736.0,71,1
87,87,74732.0,75,1
88,88,74732.0,75,1
89,89,74732.0,75,1
90,90,74723.0,84,1
91,91,74721.0,86,1
92,92,74721.0,86,1
93,93,74704.0,103,1
94,94,74703.0,104,1
95,95,74702.0,105,1
96,96,74702.0,105,1
97,97,74702.0,105,1
98,98,74701.0,105,2
99,99,74651.0,155,2
100,100,74648.0,158,2
101,101,74646.0,160,2
102,102,74644.0,162,2
103,103,74644.0,162,2
104,104,74626.0,180,2
105,105,74616.0,190,2
106,106,74605.0,201,2
107,107,74601.0,205,2
108,108,74599.0,207,2
109,109,74598.0,208,2
110,110,74598.0,208,2
111,111,74595.0,211,2
112,112,74589.0,217,2
113,113,74586.0,220,2
114,114,74585.0,221,2
115,115,74582.0,224,2
116,116,74582.0,224,2
117,117,74582.0,224,2
118,118,74581.0,225,2
119,119,74581.0,225,2
120,120,74580.0,226,2
121,121,74580.0,226,2
122,122,74580.0,226,2
123,123,74580.0,226,2
124,124,74580.0,226,2
125,125,74579.0,227,2
126,126,74579.0,227,2
127,127,74579.0,227,2
128,128,74576.0,230,2
