,Days,S,I,D
0,0,29423.0,0,0
1,1,29423.0,0,0
2,2,29423.0,0,0
3,3,29423.0,0,0
4,4,29423.0,0,0
5,5,29423.0,0,0
6,6,29423.0,0,0
7,7,29423.0,0,0
8,8,29423.0,0,0
9,9,29423.0,0,0
10,10,29423.0,0,0
11,11,29423.0,0,0
12,12,29423.0,0,0
13,13,29423.0,0,0
14,14,29423.0,0,0
15,15,29423.0,0,0
16,16,29423.0,0,0
17,17,29423.0,0,0
18,18,29423.0,0,0
19,19,29423.0,0,0
20,20,29423.0,0,0
21,21,29423.0,0,0
22,22,29423.0,0,0
23,23,29423.0,0,0
24,24,29423.0,0,0
25,25,29423.0,0,0
26,26,29423.0,0,0
27,27,29423.0,0,0
28,28,29423.0,0,0
29,29,29423.0,0,0
30,30,29423.0,0,0
31,31,29423.0,0,0
32,32,29423.0,0,0
33,33,29423.0,0,0
34,34,29423.0,0,0
35,35,29423.0,0,0
36,36,29423.0,0,0
37,37,29423.0,0,0
38,38,29423.0,0,0
39,39,29423.0,0,0
40,40,29423.0,0,0
41,41,29423.0,0,0
42,42,29423.0,0,0
43,43,29423.0,0,0
44,44,29423.0,0,0
45,45,29423.0,0,0
46,46,29423.0,0,0
47,47,29423.0,0,0
48,48,29423.0,0,0
49,49,29423.0,0,0
50,50,29423.0,0,0
51,51,29423.0,0,0
52,52,29423.0,0,0
53,53,29423.0,0,0
54,54,29423.0,0,0
55,55,29423.0,0,0
56,56,29423.0,0,0
57,57,29423.0,0,0
58,58,29422.0,1,0
59,59,29422.0,1,0
60,60,29422.0,1,0
61,61,29422.0,1,0
62,62,29422.0,1,0
63,63,29422.0,1,0
64,64,29421.0,2,0
65,65,29420.0,3,0
66,66,29420.0,3,0
67,67,29420.0,3,0
68,68,29418.0,5,0
69,69,29418.0,5,0
70,70,29418.0,5,0
71,71,29417.0,6,0
72,72,29416.0,7,0
73,73,29416.0,7,0
74,74,29416.0,7,0
75,75,29415.0,8,0
76,76,29415.0,8,0
77,77,29414.0,9,0
78,78,29413.0,10,0
79,79,29411.0,12,0
80,80,29410.0,13,0
81,81,29409.0,14,0
82,82,29407.0,16,0
83,83,29407.0,16,0
84,84,29404.0,18,1
85,85,29404.0,18,1
86,86,29403.0,18,2
87,87,29403.0,18,2
88,88,29403.0,18,2
89,89,29403.0,18,2
90,90,29403.0,18,2
91,91,29402.0,19,2
92,92,29402.0,19,2
93,93,29402.0,19,2
94,94,29402.0,19,2
95,95,29401.0,20,2
96,96,29401.0,20,2
97,97,29401.0,20,2
98,98,29401.0,20,2
99,99,29401.0,20,2
100,100,29400.0,21,2
101,101,29399.0,22,2
102,102,29398.0,23,2
103,103,29398.0,23,2
104,104,29398.0,23,2
105,105,29398.0,23,2
106,106,29398.0,23,2
107,107,29397.0,24,2
108,108,29397.0,24,2
109,109,29397.0,24,2
110,110,29397.0,24,2
111,111,29397.0,24,2
112,112,29397.0,24,2
113,113,29397.0,24,2
114,114,29397.0,24,2
115,115,29396.0,25,2
116,116,29396.0,25,2
117,117,29396.0,25,2
118,118,29396.0,25,2
119,119,29396.0,25,2
120,120,29396.0,25,2
121,121,29396.0,25,2
122,122,29393.0,28,2
123,123,29393.0,28,2
124,124,29391.0,30,2
125,125,29391.0,30,2
126,126,29390.0,31,2
127,127,29389.0,32,2
128,128,29388.0,33,2
