,Days,S,I,D
0,0,127939.0,0,0
1,1,127939.0,0,0
2,2,127939.0,0,0
3,3,127939.0,0,0
4,4,127939.0,0,0
5,5,127939.0,0,0
6,6,127939.0,0,0
7,7,127939.0,0,0
8,8,127939.0,0,0
9,9,127939.0,0,0
10,10,127939.0,0,0
11,11,127939.0,0,0
12,12,127939.0,0,0
13,13,127939.0,0,0
14,14,127939.0,0,0
15,15,127939.0,0,0
16,16,127939.0,0,0
17,17,127939.0,0,0
18,18,127939.0,0,0
19,19,127939.0,0,0
20,20,127939.0,0,0
21,21,127939.0,0,0
22,22,127939.0,0,0
23,23,127939.0,0,0
24,24,127939.0,0,0
25,25,127939.0,0,0
26,26,127939.0,0,0
27,27,127939.0,0,0
28,28,127939.0,0,0
29,29,127939.0,0,0
30,30,127939.0,0,0
31,31,127939.0,0,0
32,32,127939.0,0,0
33,33,127939.0,0,0
34,34,127939.0,0,0
35,35,127939.0,0,0
36,36,127939.0,0,0
37,37,127939.0,0,0
38,38,127939.0,0,0
39,39,127939.0,0,0
40,40,127939.0,0,0
41,41,127939.0,0,0
42,42,127939.0,0,0
43,43,127939.0,0,0
44,44,127939.0,0,0
45,45,127939.0,0,0
46,46,127939.0,0,0
47,47,127939.0,0,0
48,48,127939.0,0,0
49,49,127939.0,0,0
50,50,127939.0,0,0
51,51,127939.0,0,0
52,52,127939.0,0,0
53,53,127939.0,0,0
54,54,127939.0,0,0
55,55,127939.0,0,0
56,56,127939.0,0,0
57,57,127939.0,0,0
58,58,127939.0,0,0
59,59,127939.0,0,0
60,60,127939.0,0,0
61,61,127939.0,0,0
62,62,127939.0,0,0
63,63,127938.0,1,0
64,64,127938.0,1,0
65,65,127938.0,1,0
66,66,127934.0,5,0
67,67,127934.0,5,0
68,68,127933.0,5,1
69,69,127932.0,6,1
70,70,127932.0,6,1
71,71,127930.0,8,1
72,72,127929.0,9,1
73,73,127928.0,10,1
74,74,127927.0,11,1
75,75,127923.0,15,1
76,76,127922.0,16,1
77,77,127921.0,17,1
78,78,127920.0,18,1
79,79,127918.0,20,1
80,80,127917.0,21,1
81,81,127916.0,22,1
82,82,127915.0,23,1
83,83,127915.0,23,1
84,84,127914.0,24,1
85,85,127914.0,24,1
86,86,127913.0,25,1
87,87,127913.0,25,1
88,88,127913.0,25,1
89,89,127913.0,25,1
90,90,127913.0,25,1
91,91,127912.0,26,1
92,92,127912.0,26,1
93,93,127911.0,27,1
94,94,127911.0,27,1
95,95,127909.0,29,1
96,96,127908.0,30,1
97,97,127908.0,30,1
98,98,127907.0,31,1
99,99,127905.0,33,1
100,100,127903.0,35,1
101,101,127903.0,35,1
102,102,127901.0,36,2
103,103,127900.0,37,2
104,104,127900.0,37,2
105,105,127899.0,38,2
106,106,127897.0,40,2
107,107,127897.0,40,2
108,108,127897.0,40,2
109,109,127896.0,41,2
110,110,127896.0,41,2
111,111,127895.0,42,2
112,112,127894.0,43,2
113,113,127893.0,44,2
114,114,127892.0,45,2
115,115,127889.0,48,2
116,116,127889.0,48,2
117,117,127888.0,49,2
118,118,127888.0,49,2
119,119,127887.0,50,2
120,120,127879.0,58,2
121,121,127874.0,63,2
122,122,127865.0,72,2
123,123,127862.0,75,2
124,124,127862.0,75,2
125,125,127860.0,77,2
126,126,127859.0,78,2
127,127,127856.0,81,2
128,128,127855.0,82,2
