,Days,S,I,D
0,0,329261.0,0,0
1,1,329261.0,0,0
2,2,329261.0,0,0
3,3,329261.0,0,0
4,4,329261.0,0,0
5,5,329261.0,0,0
6,6,329261.0,0,0
7,7,329261.0,0,0
8,8,329261.0,0,0
9,9,329261.0,0,0
10,10,329261.0,0,0
11,11,329261.0,0,0
12,12,329261.0,0,0
13,13,329261.0,0,0
14,14,329261.0,0,0
15,15,329261.0,0,0
16,16,329261.0,0,0
17,17,329261.0,0,0
18,18,329261.0,0,0
19,19,329261.0,0,0
20,20,329261.0,0,0
21,21,329261.0,0,0
22,22,329261.0,0,0
23,23,329261.0,0,0
24,24,329261.0,0,0
25,25,329261.0,0,0
26,26,329261.0,0,0
27,27,329261.0,0,0
28,28,329261.0,0,0
29,29,329261.0,0,0
30,30,329261.0,0,0
31,31,329261.0,0,0
32,32,329261.0,0,0
33,33,329261.0,0,0
34,34,329261.0,0,0
35,35,329261.0,0,0
36,36,329261.0,0,0
37,37,329261.0,0,0
38,38,329261.0,0,0
39,39,329261.0,0,0
40,40,329261.0,0,0
41,41,329261.0,0,0
42,42,329261.0,0,0
43,43,329261.0,0,0
44,44,329261.0,0,0
45,45,329261.0,0,0
46,46,329261.0,0,0
47,47,329261.0,0,0
48,48,329261.0,0,0
49,49,329261.0,0,0
50,50,329261.0,0,0
51,51,329261.0,0,0
52,52,329261.0,0,0
53,53,329261.0,0,0
54,54,329261.0,0,0
55,55,329259.0,2,0
56,56,329259.0,2,0
57,57,329258.0,3,0
58,58,329258.0,3,0
59,59,329254.0,7,0
60,60,329253.0,8,0
61,61,329250.0,11,0
62,62,329247.0,14,0
63,63,329239.0,20,2
64,64,329237.0,21,3
65,65,329230.0,28,3
66,66,329226.0,31,4
67,67,329216.0,40,5
68,68,329211.0,44,6
69,69,329193.0,62,6
70,70,329177.0,78,6
71,71,329168.0,87,6
72,72,329142.0,112,7
73,73,329080.0,174,7
74,74,329061.0,194,6
75,75,329048.0,207,6
76,76,328984.0,267,10
77,77,328955.0,291,15
78,78,328912.0,319,30
79,79,328889.0,342,30
80,80,328860.0,368,33
81,81,328849.0,379,33
82,82,328831.0,397,33
83,83,328796.0,432,33
84,84,328756.0,453,52
85,85,328707.0,497,57
86,86,328667.0,532,62
87,87,328631.0,559,71
88,88,328606.0,584,71
89,89,328591.0,598,72
90,90,328563.0,621,77
91,91,328495.0,684,82
92,92,328460.0,718,83
93,93,328408.0,764,89
94,94,328380.0,792,89
95,95,328380.0,792,89
96,96,328355.0,817,89
97,97,328331.0,835,95
98,98,328317.0,846,98
99,99,328285.0,876,100
100,100,328261.0,898,102
101,101,328231.0,926,104
102,102,328202.0,954,105
103,103,328192.0,964,105
104,104,328170.0,985,106
105,105,328170.0,985,106
106,106,328127.0,1025,109
107,107,328119.0,1032,110
108,108,328097.0,1054,110
109,109,328084.0,1067,110
110,110,328068.0,1083,110
111,111,328043.0,1106,112
112,112,328003.0,1146,112
113,113,327975.0,1174,112
114,114,327950.0,1198,113
115,115,327922.0,1226,113
116,116,327896.0,1252,113
117,117,327876.0,1272,113
118,118,327848.0,1299,114
119,119,327826.0,1321,114
120,120,327808.0,1339,114
121,121,327769.0,1375,117
122,122,327732.0,1411,118
123,123,327697.0,1446,118
124,124,327651.0,1492,118
125,125,327597.0,1546,118
126,126,327563.0,1579,119
127,127,327506.0,1624,131
128,128,327450.0,1678,133
