,Days,S,I,D
0,0,17824.0,0,0
1,1,17824.0,0,0
2,2,17824.0,0,0
3,3,17824.0,0,0
4,4,17824.0,0,0
5,5,17824.0,0,0
6,6,17824.0,0,0
7,7,17824.0,0,0
8,8,17824.0,0,0
9,9,17824.0,0,0
10,10,17824.0,0,0
11,11,17824.0,0,0
12,12,17824.0,0,0
13,13,17824.0,0,0
14,14,17824.0,0,0
15,15,17824.0,0,0
16,16,17824.0,0,0
17,17,17824.0,0,0
18,18,17824.0,0,0
19,19,17824.0,0,0
20,20,17824.0,0,0
21,21,17824.0,0,0
22,22,17824.0,0,0
23,23,17824.0,0,0
24,24,17824.0,0,0
25,25,17824.0,0,0
26,26,17824.0,0,0
27,27,17824.0,0,0
28,28,17824.0,0,0
29,29,17824.0,0,0
30,30,17824.0,0,0
31,31,17824.0,0,0
32,32,17824.0,0,0
33,33,17824.0,0,0
34,34,17824.0,0,0
35,35,17824.0,0,0
36,36,17824.0,0,0
37,37,17824.0,0,0
38,38,17824.0,0,0
39,39,17824.0,0,0
40,40,17824.0,0,0
41,41,17824.0,0,0
42,42,17824.0,0,0
43,43,17824.0,0,0
44,44,17824.0,0,0
45,45,17824.0,0,0
46,46,17824.0,0,0
47,47,17824.0,0,0
48,48,17824.0,0,0
49,49,17824.0,0,0
50,50,17824.0,0,0
51,51,17824.0,0,0
52,52,17824.0,0,0
53,53,17824.0,0,0
54,54,17824.0,0,0
55,55,17824.0,0,0
56,56,17824.0,0,0
57,57,17824.0,0,0
58,58,17824.0,0,0
59,59,17824.0,0,0
60,60,17824.0,0,0
61,61,17824.0,0,0
62,62,17823.0,1,0
63,63,17822.0,2,0
64,64,17822.0,2,0
65,65,17820.0,4,0
66,66,17820.0,4,0
67,67,17820.0,4,0
68,68,17819.0,5,0
69,69,17816.0,7,1
70,70,17816.0,7,1
71,71,17816.0,7,1
72,72,17815.0,8,1
73,73,17815.0,8,1
74,74,17814.0,8,2
75,75,17814.0,8,2
76,76,17812.0,10,2
77,77,17812.0,10,2
78,78,17812.0,10,2
79,79,17812.0,10,2
80,80,17809.0,13,2
81,81,17809.0,13,2
82,82,17808.0,14,2
83,83,17808.0,14,2
84,84,17806.0,16,2
85,85,17805.0,17,2
86,86,17805.0,17,2
87,87,17805.0,17,2
88,88,17805.0,17,2
89,89,17805.0,17,2
90,90,17805.0,17,2
91,91,17805.0,17,2
92,92,17805.0,17,2
93,93,17805.0,17,2
94,94,17805.0,17,2
95,95,17805.0,17,2
96,96,17805.0,17,2
97,97,17805.0,17,2
98,98,17805.0,17,2
99,99,17805.0,17,2
100,100,17805.0,17,2
101,101,17805.0,17,2
102,102,17805.0,17,2
103,103,17805.0,17,2
104,104,17805.0,17,2
105,105,17805.0,17,2
106,106,17805.0,17,2
107,107,17805.0,17,2
108,108,17805.0,17,2
109,109,17805.0,17,2
110,110,17805.0,17,2
111,111,17805.0,17,2
112,112,17805.0,17,2
113,113,17805.0,17,2
114,114,17805.0,17,2
115,115,17805.0,17,2
116,116,17805.0,17,2
117,117,17805.0,17,2
118,118,17805.0,17,2
119,119,17804.0,18,2
120,120,17804.0,18,2
121,121,17804.0,18,2
122,122,17803.0,19,2
123,123,17803.0,19,2
124,124,17803.0,19,2
125,125,17803.0,19,2
126,126,17803.0,19,2
127,127,17803.0,19,2
128,128,17803.0,19,2
