,Days,S,I,D
0,0,133991.0,0,0
1,1,133991.0,0,0
2,2,133991.0,0,0
3,3,133991.0,0,0
4,4,133991.0,0,0
5,5,133991.0,0,0
6,6,133991.0,0,0
7,7,133991.0,0,0
8,8,133991.0,0,0
9,9,133991.0,0,0
10,10,133991.0,0,0
11,11,133991.0,0,0
12,12,133991.0,0,0
13,13,133991.0,0,0
14,14,133991.0,0,0
15,15,133991.0,0,0
16,16,133991.0,0,0
17,17,133991.0,0,0
18,18,133991.0,0,0
19,19,133991.0,0,0
20,20,133991.0,0,0
21,21,133991.0,0,0
22,22,133991.0,0,0
23,23,133991.0,0,0
24,24,133991.0,0,0
25,25,133991.0,0,0
26,26,133991.0,0,0
27,27,133991.0,0,0
28,28,133991.0,0,0
29,29,133991.0,0,0
30,30,133991.0,0,0
31,31,133991.0,0,0
32,32,133991.0,0,0
33,33,133991.0,0,0
34,34,133991.0,0,0
35,35,133991.0,0,0
36,36,133991.0,0,0
37,37,133991.0,0,0
38,38,133991.0,0,0
39,39,133991.0,0,0
40,40,133991.0,0,0
41,41,133991.0,0,0
42,42,133991.0,0,0
43,43,133991.0,0,0
44,44,133991.0,0,0
45,45,133991.0,0,0
46,46,133991.0,0,0
47,47,133991.0,0,0
48,48,133991.0,0,0
49,49,133991.0,0,0
50,50,133991.0,0,0
51,51,133991.0,0,0
52,52,133991.0,0,0
53,53,133991.0,0,0
54,54,133991.0,0,0
55,55,133991.0,0,0
56,56,133991.0,0,0
57,57,133991.0,0,0
58,58,133991.0,0,0
59,59,133991.0,0,0
60,60,133991.0,0,0
61,61,133991.0,0,0
62,62,133990.0,1,0
63,63,133989.0,2,0
64,64,133989.0,2,0
65,65,133989.0,2,0
66,66,133989.0,2,0
67,67,133988.0,3,0
68,68,133985.0,6,0
69,69,133984.0,7,0
70,70,133983.0,8,0
71,71,133980.0,11,0
72,72,133979.0,12,0
73,73,133979.0,12,0
74,74,133979.0,12,0
75,75,133978.0,13,0
76,76,133977.0,14,0
77,77,133976.0,15,0
78,78,133976.0,15,0
79,79,133974.0,17,0
80,80,133974.0,17,0
81,81,133974.0,17,0
82,82,133974.0,17,0
83,83,133974.0,17,0
84,84,133972.0,19,0
85,85,133972.0,19,0
86,86,133972.0,19,0
87,87,133972.0,19,0
88,88,133972.0,19,0
89,89,133972.0,19,0
90,90,133972.0,19,0
91,91,133972.0,19,0
92,92,133972.0,19,0
93,93,133972.0,19,0
94,94,133969.0,22,0
95,95,133969.0,22,0
96,96,133968.0,23,0
97,97,133967.0,24,0
98,98,133964.0,27,0
99,99,133960.0,31,0
100,100,133957.0,34,0
101,101,133953.0,38,0
102,102,133950.0,41,0
103,103,133942.0,49,0
104,104,133938.0,53,0
105,105,133933.0,58,0
106,106,133931.0,60,0
107,107,133913.0,78,0
108,108,133908.0,83,0
109,109,133902.0,89,0
110,110,133900.0,91,0
111,111,133886.0,105,0
112,112,133879.0,112,0
113,113,133869.0,122,0
114,114,133862.0,129,0
115,115,133851.0,140,0
116,116,133844.0,147,0
117,117,133839.0,152,0
118,118,133826.0,165,0
119,119,133791.0,199,1
120,120,133722.0,268,1
121,121,133714.0,275,2
122,122,133702.0,287,2
123,123,133693.0,296,2
124,124,133689.0,300,2
125,125,133686.0,303,2
126,126,133679.0,310,2
127,127,133673.0,316,2
128,128,133666.0,323,2
