,Days,S,I,D
0,0,31175.0,0,0
1,1,31175.0,0,0
2,2,31175.0,0,0
3,3,31175.0,0,0
4,4,31175.0,0,0
5,5,31175.0,0,0
6,6,31175.0,0,0
7,7,31175.0,0,0
8,8,31175.0,0,0
9,9,31175.0,0,0
10,10,31175.0,0,0
11,11,31175.0,0,0
12,12,31175.0,0,0
13,13,31175.0,0,0
14,14,31175.0,0,0
15,15,31175.0,0,0
16,16,31175.0,0,0
17,17,31175.0,0,0
18,18,31175.0,0,0
19,19,31175.0,0,0
20,20,31175.0,0,0
21,21,31175.0,0,0
22,22,31175.0,0,0
23,23,31175.0,0,0
24,24,31175.0,0,0
25,25,31175.0,0,0
26,26,31175.0,0,0
27,27,31175.0,0,0
28,28,31175.0,0,0
29,29,31175.0,0,0
30,30,31175.0,0,0
31,31,31175.0,0,0
32,32,31175.0,0,0
33,33,31175.0,0,0
34,34,31175.0,0,0
35,35,31175.0,0,0
36,36,31175.0,0,0
37,37,31175.0,0,0
38,38,31175.0,0,0
39,39,31175.0,0,0
40,40,31175.0,0,0
41,41,31175.0,0,0
42,42,31175.0,0,0
43,43,31175.0,0,0
44,44,31175.0,0,0
45,45,31175.0,0,0
46,46,31175.0,0,0
47,47,31175.0,0,0
48,48,31175.0,0,0
49,49,31175.0,0,0
50,50,31175.0,0,0
51,51,31175.0,0,0
52,52,31175.0,0,0
53,53,31175.0,0,0
54,54,31175.0,0,0
55,55,31175.0,0,0
56,56,31175.0,0,0
57,57,31175.0,0,0
58,58,31175.0,0,0
59,59,31175.0,0,0
60,60,31175.0,0,0
61,61,31175.0,0,0
62,62,31175.0,0,0
63,63,31175.0,0,0
64,64,31174.0,1,0
65,65,31174.0,1,0
66,66,31171.0,4,0
67,67,31171.0,4,0
68,68,31169.0,6,0
69,69,31168.0,7,0
70,70,31168.0,7,0
71,71,31167.0,8,0
72,72,31167.0,8,0
73,73,31165.0,10,0
74,74,31164.0,11,0
75,75,31163.0,12,0
76,76,31161.0,14,0
77,77,31160.0,15,0
78,78,31159.0,16,0
79,79,31159.0,16,0
80,80,31159.0,16,0
81,81,31157.0,18,0
82,82,31153.0,22,0
83,83,31153.0,22,0
84,84,31153.0,22,0
85,85,31151.0,24,0
86,86,31151.0,24,0
87,87,31151.0,24,0
88,88,31151.0,24,0
89,89,31151.0,24,0
90,90,31148.0,27,0
91,91,31147.0,28,0
92,92,31146.0,29,0
93,93,31146.0,29,0
94,94,31145.0,29,1
95,95,31145.0,29,1
96,96,31145.0,29,1
97,97,31143.0,31,1
98,98,31143.0,31,1
99,99,31143.0,31,1
100,100,31140.0,34,1
101,101,31140.0,34,1
102,102,31140.0,34,1
103,103,31140.0,34,1
104,104,31140.0,34,1
105,105,31140.0,34,1
106,106,31140.0,34,1
107,107,31140.0,34,1
108,108,31140.0,34,1
109,109,31140.0,34,1
110,110,31140.0,34,1
111,111,31139.0,34,2
112,112,31139.0,34,2
113,113,31139.0,34,2
114,114,31139.0,34,2
115,115,31139.0,34,2
116,116,31138.0,35,2
117,117,31138.0,35,2
118,118,31138.0,35,2
119,119,31138.0,35,2
120,120,31138.0,35,2
121,121,31138.0,35,2
122,122,31138.0,35,2
123,123,31138.0,35,2
124,124,31138.0,35,2
125,125,31138.0,35,2
126,126,31138.0,35,2
127,127,31138.0,35,2
128,128,31138.0,35,2
