,Days,S,I,D
0,0,76931.0,0,0
1,1,76931.0,0,0
2,2,76931.0,0,0
3,3,76931.0,0,0
4,4,76931.0,0,0
5,5,76931.0,0,0
6,6,76931.0,0,0
7,7,76931.0,0,0
8,8,76931.0,0,0
9,9,76931.0,0,0
10,10,76931.0,0,0
11,11,76931.0,0,0
12,12,76931.0,0,0
13,13,76931.0,0,0
14,14,76931.0,0,0
15,15,76931.0,0,0
16,16,76931.0,0,0
17,17,76931.0,0,0
18,18,76931.0,0,0
19,19,76931.0,0,0
20,20,76931.0,0,0
21,21,76931.0,0,0
22,22,76931.0,0,0
23,23,76931.0,0,0
24,24,76931.0,0,0
25,25,76931.0,0,0
26,26,76931.0,0,0
27,27,76931.0,0,0
28,28,76931.0,0,0
29,29,76931.0,0,0
30,30,76931.0,0,0
31,31,76931.0,0,0
32,32,76931.0,0,0
33,33,76931.0,0,0
34,34,76931.0,0,0
35,35,76931.0,0,0
36,36,76931.0,0,0
37,37,76931.0,0,0
38,38,76931.0,0,0
39,39,76931.0,0,0
40,40,76931.0,0,0
41,41,76931.0,0,0
42,42,76931.0,0,0
43,43,76931.0,0,0
44,44,76931.0,0,0
45,45,76931.0,0,0
46,46,76931.0,0,0
47,47,76931.0,0,0
48,48,76931.0,0,0
49,49,76931.0,0,0
50,50,76931.0,0,0
51,51,76931.0,0,0
52,52,76931.0,0,0
53,53,76931.0,0,0
54,54,76931.0,0,0
55,55,76931.0,0,0
56,56,76931.0,0,0
57,57,76931.0,0,0
58,58,76931.0,0,0
59,59,76931.0,0,0
60,60,76931.0,0,0
61,61,76931.0,0,0
62,62,76931.0,0,0
63,63,76931.0,0,0
64,64,76931.0,0,0
65,65,76931.0,0,0
66,66,76931.0,0,0
67,67,76931.0,0,0
68,68,76930.0,1,0
69,69,76929.0,2,0
70,70,76929.0,2,0
71,71,76928.0,3,0
72,72,76927.0,4,0
73,73,76927.0,4,0
74,74,76927.0,4,0
75,75,76925.0,6,0
76,76,76922.0,9,0
77,77,76921.0,10,0
78,78,76921.0,10,0
79,79,76919.0,12,0
80,80,76918.0,13,0
81,81,76914.0,17,0
82,82,76912.0,19,0
83,83,76911.0,20,0
84,84,76910.0,21,0
85,85,76905.0,26,0
86,86,76902.0,29,0
87,87,76902.0,29,0
88,88,76902.0,29,0
89,89,76902.0,29,0
90,90,76901.0,30,0
91,91,76900.0,30,1
92,92,76900.0,30,1
93,93,76895.0,35,1
94,94,76895.0,35,1
95,95,76895.0,35,1
96,96,76894.0,36,1
97,97,76894.0,36,1
98,98,76893.0,37,1
99,99,76891.0,39,1
100,100,76891.0,39,1
101,101,76890.0,40,1
102,102,76889.0,41,1
103,103,76889.0,41,1
104,104,76888.0,42,1
105,105,76888.0,42,1
106,106,76886.0,44,1
107,107,76882.0,48,1
108,108,76882.0,48,1
109,109,76879.0,51,1
110,110,76877.0,53,1
111,111,76875.0,55,1
112,112,76875.0,55,1
113,113,76874.0,56,1
114,114,76872.0,58,1
115,115,76872.0,58,1
116,116,76872.0,58,1
117,117,76872.0,58,1
118,118,76871.0,59,1
119,119,76870.0,60,1
120,120,76870.0,60,1
121,121,76869.0,61,1
122,122,76867.0,62,2
123,123,76866.0,63,2
124,124,76863.0,66,2
125,125,76863.0,66,2
126,126,76862.0,67,2
127,127,76862.0,67,2
128,128,76861.0,68,2
