,Days,S,I,D
0,0,229286.0,0,0
1,1,229286.0,0,0
2,2,229286.0,0,0
3,3,229286.0,0,0
4,4,229286.0,0,0
5,5,229286.0,0,0
6,6,229286.0,0,0
7,7,229286.0,0,0
8,8,229286.0,0,0
9,9,229286.0,0,0
10,10,229286.0,0,0
11,11,229286.0,0,0
12,12,229286.0,0,0
13,13,229286.0,0,0
14,14,229286.0,0,0
15,15,229286.0,0,0
16,16,229286.0,0,0
17,17,229286.0,0,0
18,18,229286.0,0,0
19,19,229286.0,0,0
20,20,229286.0,0,0
21,21,229286.0,0,0
22,22,229286.0,0,0
23,23,229286.0,0,0
24,24,229286.0,0,0
25,25,229286.0,0,0
26,26,229286.0,0,0
27,27,229286.0,0,0
28,28,229286.0,0,0
29,29,229286.0,0,0
30,30,229286.0,0,0
31,31,229286.0,0,0
32,32,229286.0,0,0
33,33,229286.0,0,0
34,34,229286.0,0,0
35,35,229286.0,0,0
36,36,229286.0,0,0
37,37,229286.0,0,0
38,38,229286.0,0,0
39,39,229286.0,0,0
40,40,229286.0,0,0
41,41,229286.0,0,0
42,42,229286.0,0,0
43,43,229286.0,0,0
44,44,229286.0,0,0
45,45,229286.0,0,0
46,46,229286.0,0,0
47,47,229286.0,0,0
48,48,229286.0,0,0
49,49,229286.0,0,0
50,50,229286.0,0,0
51,51,229286.0,0,0
52,52,229286.0,0,0
53,53,229286.0,0,0
54,54,229286.0,0,0
55,55,229285.0,1,0
56,56,229283.0,3,0
57,57,229283.0,3,0
58,58,229279.0,7,0
59,59,229278.0,8,0
60,60,229274.0,12,0
61,61,229266.0,20,0
62,62,229263.0,23,0
63,63,229260.0,26,0
64,64,229260.0,26,0
65,65,229247.0,38,1
66,66,229226.0,59,1
67,67,229219.0,66,1
68,68,229203.0,81,2
69,69,229196.0,88,2
70,70,229182.0,101,3
71,71,229178.0,105,3
72,72,229166.0,117,3
73,73,229158.0,125,3
74,74,229132.0,151,3
75,75,229124.0,159,3
76,76,229072.0,210,4
77,77,229002.0,279,5
78,78,228985.0,294,7
79,79,228940.0,336,10
80,80,228872.0,404,10
81,81,228810.0,464,12
82,82,228723.0,551,12
83,83,228631.0,639,16
84,84,228591.0,678,17
85,85,228570.0,698,18
86,86,228453.0,811,22
87,87,228375.0,886,25
88,88,228375.0,886,25
89,89,228205.0,1055,26
90,90,228115.0,1139,32
91,91,227933.0,1317,36
92,92,227872.0,1377,37
93,93,227852.0,1394,40
94,94,227754.0,1490,42
95,95,227442.0,1801,43
96,96,227371.0,1870,45
97,97,227121.0,2114,51
98,98,227063.0,2169,54
99,99,227012.0,2216,58
100,100,226932.0,2292,62
101,101,226864.0,2359,63
102,102,226757.0,2461,68
103,103,226719.0,2497,70
104,104,226694.0,2520,72
105,105,226447.0,2764,75
106,106,226373.0,2834,79
107,107,226271.0,2936,79
108,108,226217.0,2990,79
109,109,226148.0,3059,79
110,110,226104.0,3091,91
111,111,225988.0,3205,93
112,112,225851.0,3336,99
113,113,225678.0,3503,105
114,114,225613.0,3565,108
115,115,225516.0,3658,112
116,116,225434.0,3739,113
117,117,225311.0,3861,114
118,118,225267.0,3904,115
119,119,225210.0,3960,116
120,120,225163.0,4006,117
121,121,225119.0,4048,119
122,122,225082.0,4084,120
123,123,225062.0,4103,121
124,124,225042.0,4118,126
125,125,225026.0,4132,128
126,126,225018.0,4140,128
127,127,225006.0,4151,129
128,128,225000.0,4155,131
