,Days,S,I,D
0,0,16390.0,0,0
1,1,16390.0,0,0
2,2,16390.0,0,0
3,3,16390.0,0,0
4,4,16390.0,0,0
5,5,16390.0,0,0
6,6,16390.0,0,0
7,7,16390.0,0,0
8,8,16390.0,0,0
9,9,16390.0,0,0
10,10,16390.0,0,0
11,11,16390.0,0,0
12,12,16390.0,0,0
13,13,16390.0,0,0
14,14,16390.0,0,0
15,15,16390.0,0,0
16,16,16390.0,0,0
17,17,16390.0,0,0
18,18,16390.0,0,0
19,19,16390.0,0,0
20,20,16390.0,0,0
21,21,16390.0,0,0
22,22,16390.0,0,0
23,23,16390.0,0,0
24,24,16390.0,0,0
25,25,16390.0,0,0
26,26,16390.0,0,0
27,27,16390.0,0,0
28,28,16390.0,0,0
29,29,16390.0,0,0
30,30,16390.0,0,0
31,31,16390.0,0,0
32,32,16390.0,0,0
33,33,16390.0,0,0
34,34,16390.0,0,0
35,35,16390.0,0,0
36,36,16390.0,0,0
37,37,16390.0,0,0
38,38,16390.0,0,0
39,39,16390.0,0,0
40,40,16390.0,0,0
41,41,16390.0,0,0
42,42,16390.0,0,0
43,43,16390.0,0,0
44,44,16390.0,0,0
45,45,16390.0,0,0
46,46,16390.0,0,0
47,47,16390.0,0,0
48,48,16390.0,0,0
49,49,16390.0,0,0
50,50,16390.0,0,0
51,51,16390.0,0,0
52,52,16390.0,0,0
53,53,16390.0,0,0
54,54,16390.0,0,0
55,55,16389.0,1,0
56,56,16389.0,1,0
57,57,16389.0,1,0
58,58,16389.0,1,0
59,59,16388.0,2,0
60,60,16386.0,3,1
61,61,16386.0,3,1
62,62,16385.0,4,1
63,63,16382.0,7,1
64,64,16379.0,10,1
65,65,16379.0,10,1
66,66,16375.0,14,1
67,67,16374.0,15,1
68,68,16374.0,15,1
69,69,16374.0,15,1
70,70,16374.0,15,1
71,71,16374.0,15,1
72,72,16373.0,16,1
73,73,16373.0,16,1
74,74,16367.0,22,1
75,75,16367.0,22,1
76,76,16366.0,23,1
77,77,16366.0,23,1
78,78,16365.0,24,1
79,79,16362.0,26,2
80,80,16362.0,26,2
81,81,16362.0,26,2
82,82,16361.0,27,2
83,83,16361.0,27,2
84,84,16361.0,27,2
85,85,16360.0,28,2
86,86,16360.0,28,2
87,87,16360.0,28,2
88,88,16360.0,28,2
89,89,16360.0,28,2
90,90,16360.0,28,2
91,91,16360.0,28,2
92,92,16360.0,28,2
93,93,16360.0,28,2
94,94,16360.0,28,2
95,95,16359.0,29,2
96,96,16359.0,29,2
97,97,16359.0,29,2
98,98,16359.0,29,2
99,99,16359.0,29,2
100,100,16359.0,29,2
101,101,16359.0,29,2
102,102,16359.0,29,2
103,103,16359.0,29,2
104,104,16359.0,29,2
105,105,16359.0,29,2
106,106,16359.0,29,2
107,107,16359.0,29,2
108,108,16359.0,29,2
109,109,16359.0,29,2
110,110,16359.0,29,2
111,111,16359.0,29,2
112,112,16359.0,29,2
113,113,16359.0,29,2
114,114,16359.0,29,2
115,115,16359.0,29,2
116,116,16359.0,29,2
117,117,16359.0,29,2
118,118,16359.0,29,2
119,119,16359.0,29,2
120,120,16359.0,29,2
121,121,16359.0,29,2
122,122,16359.0,29,2
123,123,16359.0,29,2
124,124,16359.0,29,2
125,125,16359.0,29,2
126,126,16358.0,30,2
127,127,16358.0,30,2
128,128,16358.0,30,2
