,Days,S,I,D
0,0,76456.0,0,0
1,1,76456.0,0,0
2,2,76456.0,0,0
3,3,76456.0,0,0
4,4,76456.0,0,0
5,5,76456.0,0,0
6,6,76456.0,0,0
7,7,76456.0,0,0
8,8,76456.0,0,0
9,9,76456.0,0,0
10,10,76456.0,0,0
11,11,76456.0,0,0
12,12,76456.0,0,0
13,13,76456.0,0,0
14,14,76456.0,0,0
15,15,76456.0,0,0
16,16,76456.0,0,0
17,17,76456.0,0,0
18,18,76456.0,0,0
19,19,76456.0,0,0
20,20,76456.0,0,0
21,21,76456.0,0,0
22,22,76456.0,0,0
23,23,76456.0,0,0
24,24,76456.0,0,0
25,25,76456.0,0,0
26,26,76456.0,0,0
27,27,76456.0,0,0
28,28,76456.0,0,0
29,29,76456.0,0,0
30,30,76456.0,0,0
31,31,76456.0,0,0
32,32,76456.0,0,0
33,33,76456.0,0,0
34,34,76456.0,0,0
35,35,76456.0,0,0
36,36,76456.0,0,0
37,37,76456.0,0,0
38,38,76456.0,0,0
39,39,76456.0,0,0
40,40,76456.0,0,0
41,41,76456.0,0,0
42,42,76456.0,0,0
43,43,76456.0,0,0
44,44,76456.0,0,0
45,45,76456.0,0,0
46,46,76456.0,0,0
47,47,76456.0,0,0
48,48,76456.0,0,0
49,49,76456.0,0,0
50,50,76456.0,0,0
51,51,76456.0,0,0
52,52,76456.0,0,0
53,53,76456.0,0,0
54,54,76456.0,0,0
55,55,76456.0,0,0
56,56,76456.0,0,0
57,57,76456.0,0,0
58,58,76456.0,0,0
59,59,76456.0,0,0
60,60,76456.0,0,0
61,61,76456.0,0,0
62,62,76456.0,0,0
63,63,76456.0,0,0
64,64,76456.0,0,0
65,65,76455.0,1,0
66,66,76455.0,1,0
67,67,76454.0,2,0
68,68,76451.0,5,0
69,69,76451.0,5,0
70,70,76451.0,5,0
71,71,76451.0,5,0
72,72,76451.0,5,0
73,73,76451.0,5,0
74,74,76449.0,7,0
75,75,76449.0,7,0
76,76,76449.0,7,0
77,77,76448.0,8,0
78,78,76445.0,11,0
79,79,76442.0,14,0
80,80,76441.0,15,0
81,81,76438.0,18,0
82,82,76436.0,20,0
83,83,76436.0,20,0
84,84,76436.0,20,0
85,85,76432.0,24,0
86,86,76430.0,26,0
87,87,76430.0,26,0
88,88,76427.0,29,0
89,89,76423.0,33,0
90,90,76423.0,33,0
91,91,76421.0,35,0
92,92,76418.0,38,0
93,93,76415.0,41,0
94,94,76415.0,41,0
95,95,76414.0,42,0
96,96,76414.0,42,0
97,97,76414.0,42,0
98,98,76412.0,44,0
99,99,76411.0,45,0
100,100,76409.0,47,0
101,101,76407.0,49,0
102,102,76405.0,50,1
103,103,76405.0,50,1
104,104,76402.0,53,1
105,105,76401.0,54,1
106,106,76401.0,54,1
107,107,76400.0,55,1
108,108,76400.0,55,1
109,109,76400.0,55,1
110,110,76398.0,57,1
111,111,76398.0,57,1
112,112,76396.0,59,1
113,113,76395.0,60,1
114,114,76392.0,63,1
115,115,76392.0,63,1
116,116,76392.0,63,1
117,117,76387.0,68,1
118,118,76387.0,68,1
119,119,76386.0,69,1
120,120,76386.0,69,1
121,121,76385.0,70,1
122,122,76385.0,70,1
123,123,76385.0,70,1
124,124,76383.0,72,1
125,125,76382.0,73,1
126,126,76382.0,73,1
127,127,76382.0,73,1
128,128,76381.0,73,2
