,Days,S,I,D
0,0,77145.0,0,0
1,1,77145.0,0,0
2,2,77145.0,0,0
3,3,77145.0,0,0
4,4,77145.0,0,0
5,5,77145.0,0,0
6,6,77145.0,0,0
7,7,77145.0,0,0
8,8,77145.0,0,0
9,9,77145.0,0,0
10,10,77145.0,0,0
11,11,77145.0,0,0
12,12,77145.0,0,0
13,13,77145.0,0,0
14,14,77145.0,0,0
15,15,77145.0,0,0
16,16,77145.0,0,0
17,17,77145.0,0,0
18,18,77145.0,0,0
19,19,77145.0,0,0
20,20,77145.0,0,0
21,21,77145.0,0,0
22,22,77145.0,0,0
23,23,77145.0,0,0
24,24,77145.0,0,0
25,25,77145.0,0,0
26,26,77145.0,0,0
27,27,77145.0,0,0
28,28,77145.0,0,0
29,29,77145.0,0,0
30,30,77145.0,0,0
31,31,77145.0,0,0
32,32,77145.0,0,0
33,33,77145.0,0,0
34,34,77145.0,0,0
35,35,77145.0,0,0
36,36,77145.0,0,0
37,37,77145.0,0,0
38,38,77145.0,0,0
39,39,77145.0,0,0
40,40,77145.0,0,0
41,41,77145.0,0,0
42,42,77145.0,0,0
43,43,77145.0,0,0
44,44,77145.0,0,0
45,45,77145.0,0,0
46,46,77145.0,0,0
47,47,77145.0,0,0
48,48,77145.0,0,0
49,49,77145.0,0,0
50,50,77145.0,0,0
51,51,77145.0,0,0
52,52,77145.0,0,0
53,53,77145.0,0,0
54,54,77145.0,0,0
55,55,77145.0,0,0
56,56,77145.0,0,0
57,57,77145.0,0,0
58,58,77145.0,0,0
59,59,77145.0,0,0
60,60,77145.0,0,0
61,61,77143.0,2,0
62,62,77143.0,2,0
63,63,77143.0,2,0
64,64,77143.0,2,0
65,65,77143.0,2,0
66,66,77143.0,2,0
67,67,77143.0,2,0
68,68,77142.0,3,0
69,69,77142.0,3,0
70,70,77142.0,3,0
71,71,77141.0,4,0
72,72,77139.0,6,0
73,73,77138.0,7,0
74,74,77137.0,8,0
75,75,77134.0,11,0
76,76,77130.0,14,1
77,77,77130.0,14,1
78,78,77128.0,16,1
79,79,77117.0,27,1
80,80,77116.0,28,1
81,81,77115.0,29,1
82,82,77114.0,30,1
83,83,77111.0,33,1
84,84,77108.0,36,1
85,85,77108.0,36,1
86,86,77108.0,36,1
87,87,77108.0,36,1
88,88,77108.0,36,1
89,89,77108.0,36,1
90,90,77108.0,36,1
91,91,77108.0,36,1
92,92,77107.0,37,1
93,93,77104.0,39,2
94,94,77096.0,47,2
95,95,77096.0,47,2
96,96,77095.0,48,2
97,97,77095.0,48,2
98,98,77095.0,48,2
99,99,77095.0,48,2
100,100,77092.0,51,2
101,101,77092.0,51,2
102,102,77092.0,51,2
103,103,77092.0,51,2
104,104,77092.0,51,2
105,105,77092.0,51,2
106,106,77091.0,52,2
107,107,77091.0,52,2
108,108,77090.0,53,2
109,109,77085.0,58,2
110,110,77083.0,60,2
111,111,77083.0,60,2
112,112,77083.0,60,2
113,113,77083.0,60,2
114,114,77082.0,61,2
115,115,77080.0,63,2
116,116,77080.0,63,2
117,117,77078.0,65,2
118,118,77075.0,68,2
119,119,77075.0,68,2
120,120,77071.0,72,2
121,121,77070.0,73,2
122,122,77067.0,76,2
123,123,77066.0,77,2
124,124,77066.0,77,2
125,125,77065.0,78,2
126,126,77063.0,80,2
127,127,77059.0,84,2
128,128,77054.0,89,2
