,Days,S,I,D
0,0,38247.0,0,0
1,1,38247.0,0,0
2,2,38247.0,0,0
3,3,38247.0,0,0
4,4,38247.0,0,0
5,5,38247.0,0,0
6,6,38247.0,0,0
7,7,38247.0,0,0
8,8,38247.0,0,0
9,9,38247.0,0,0
10,10,38247.0,0,0
11,11,38247.0,0,0
12,12,38247.0,0,0
13,13,38247.0,0,0
14,14,38247.0,0,0
15,15,38247.0,0,0
16,16,38247.0,0,0
17,17,38247.0,0,0
18,18,38247.0,0,0
19,19,38247.0,0,0
20,20,38247.0,0,0
21,21,38247.0,0,0
22,22,38247.0,0,0
23,23,38247.0,0,0
24,24,38247.0,0,0
25,25,38247.0,0,0
26,26,38247.0,0,0
27,27,38247.0,0,0
28,28,38247.0,0,0
29,29,38247.0,0,0
30,30,38247.0,0,0
31,31,38247.0,0,0
32,32,38247.0,0,0
33,33,38247.0,0,0
34,34,38247.0,0,0
35,35,38247.0,0,0
36,36,38247.0,0,0
37,37,38247.0,0,0
38,38,38247.0,0,0
39,39,38247.0,0,0
40,40,38247.0,0,0
41,41,38247.0,0,0
42,42,38247.0,0,0
43,43,38247.0,0,0
44,44,38247.0,0,0
45,45,38247.0,0,0
46,46,38247.0,0,0
47,47,38247.0,0,0
48,48,38247.0,0,0
49,49,38247.0,0,0
50,50,38247.0,0,0
51,51,38247.0,0,0
52,52,38247.0,0,0
53,53,38247.0,0,0
54,54,38247.0,0,0
55,55,38247.0,0,0
56,56,38247.0,0,0
57,57,38247.0,0,0
58,58,38247.0,0,0
59,59,38247.0,0,0
60,60,38247.0,0,0
61,61,38246.0,1,0
62,62,38246.0,1,0
63,63,38246.0,1,0
64,64,38246.0,1,0
65,65,38246.0,1,0
66,66,38244.0,3,0
67,67,38244.0,3,0
68,68,38244.0,3,0
69,69,38242.0,5,0
70,70,38242.0,5,0
71,71,38242.0,5,0
72,72,38240.0,7,0
73,73,38240.0,7,0
74,74,38240.0,7,0
75,75,38239.0,8,0
76,76,38238.0,9,0
77,77,38238.0,9,0
78,78,38238.0,9,0
79,79,38238.0,9,0
80,80,38238.0,9,0
81,81,38238.0,9,0
82,82,38237.0,10,0
83,83,38236.0,10,1
84,84,38236.0,10,1
85,85,38236.0,10,1
86,86,38236.0,10,1
87,87,38236.0,10,1
88,88,38236.0,10,1
89,89,38236.0,10,1
90,90,38236.0,10,1
91,91,38236.0,10,1
92,92,38236.0,10,1
93,93,38236.0,10,1
94,94,38236.0,10,1
95,95,38236.0,10,1
96,96,38236.0,10,1
97,97,38236.0,10,1
98,98,38236.0,10,1
99,99,38236.0,10,1
100,100,38235.0,10,2
101,101,38235.0,10,2
102,102,38235.0,10,2
103,103,38235.0,10,2
104,104,38235.0,10,2
105,105,38235.0,10,2
106,106,38235.0,10,2
107,107,38235.0,10,2
108,108,38235.0,10,2
109,109,38235.0,10,2
110,110,38235.0,10,2
111,111,38235.0,10,2
112,112,38235.0,10,2
113,113,38235.0,10,2
114,114,38235.0,10,2
115,115,38234.0,11,2
116,116,38234.0,11,2
117,117,38234.0,11,2
118,118,38234.0,11,2
119,119,38234.0,11,2
120,120,38234.0,11,2
121,121,38234.0,11,2
122,122,38234.0,11,2
123,123,38234.0,11,2
124,124,38234.0,11,2
125,125,38234.0,11,2
126,126,38234.0,11,2
127,127,38234.0,11,2
128,128,38232.0,13,2
