,Days,S,I,D
0,0,5619.0,0,0
1,1,5619.0,0,0
2,2,5619.0,0,0
3,3,5619.0,0,0
4,4,5619.0,0,0
5,5,5619.0,0,0
6,6,5619.0,0,0
7,7,5619.0,0,0
8,8,5619.0,0,0
9,9,5619.0,0,0
10,10,5619.0,0,0
11,11,5619.0,0,0
12,12,5619.0,0,0
13,13,5619.0,0,0
14,14,5619.0,0,0
15,15,5619.0,0,0
16,16,5619.0,0,0
17,17,5619.0,0,0
18,18,5619.0,0,0
19,19,5619.0,0,0
20,20,5619.0,0,0
21,21,5619.0,0,0
22,22,5619.0,0,0
23,23,5619.0,0,0
24,24,5619.0,0,0
25,25,5619.0,0,0
26,26,5619.0,0,0
27,27,5619.0,0,0
28,28,5619.0,0,0
29,29,5619.0,0,0
30,30,5619.0,0,0
31,31,5619.0,0,0
32,32,5619.0,0,0
33,33,5619.0,0,0
34,34,5619.0,0,0
35,35,5619.0,0,0
36,36,5619.0,0,0
37,37,5619.0,0,0
38,38,5619.0,0,0
39,39,5619.0,0,0
40,40,5619.0,0,0
41,41,5619.0,0,0
42,42,5619.0,0,0
43,43,5619.0,0,0
44,44,5619.0,0,0
45,45,5619.0,0,0
46,46,5619.0,0,0
47,47,5619.0,0,0
48,48,5619.0,0,0
49,49,5619.0,0,0
50,50,5619.0,0,0
51,51,5619.0,0,0
52,52,5619.0,0,0
53,53,5619.0,0,0
54,54,5619.0,0,0
55,55,5619.0,0,0
56,56,5619.0,0,0
57,57,5619.0,0,0
58,58,5619.0,0,0
59,59,5619.0,0,0
60,60,5619.0,0,0
61,61,5619.0,0,0
62,62,5619.0,0,0
63,63,5619.0,0,0
64,64,5619.0,0,0
65,65,5619.0,0,0
66,66,5619.0,0,0
67,67,5619.0,0,0
68,68,5619.0,0,0
69,69,5619.0,0,0
70,70,5619.0,0,0
71,71,5619.0,0,0
72,72,5619.0,0,0
73,73,5619.0,0,0
74,74,5619.0,0,0
75,75,5619.0,0,0
76,76,5619.0,0,0
77,77,5619.0,0,0
78,78,5619.0,0,0
79,79,5619.0,0,0
80,80,5619.0,0,0
81,81,5619.0,0,0
82,82,5619.0,0,0
83,83,5619.0,0,0
84,84,5619.0,0,0
85,85,5619.0,0,0
86,86,5619.0,0,0
87,87,5619.0,0,0
88,88,5619.0,0,0
89,89,5618.0,1,0
90,90,5618.0,1,0
91,91,5618.0,1,0
92,92,5617.0,2,0
93,93,5615.0,4,0
94,94,5615.0,4,0
95,95,5615.0,4,0
96,96,5615.0,4,0
97,97,5615.0,4,0
98,98,5615.0,4,0
99,99,5615.0,4,0
100,100,5614.0,5,0
101,101,5614.0,5,0
102,102,5614.0,5,0
103,103,5614.0,5,0
104,104,5611.0,7,1
105,105,5610.0,7,2
106,106,5610.0,7,2
107,107,5610.0,7,2
108,108,5609.0,8,2
109,109,5609.0,8,2
110,110,5609.0,8,2
111,111,5608.0,9,2
112,112,5608.0,9,2
113,113,5608.0,9,2
114,114,5608.0,9,2
115,115,5608.0,9,2
116,116,5608.0,9,2
117,117,5608.0,9,2
118,118,5606.0,11,2
119,119,5606.0,11,2
120,120,5606.0,11,2
121,121,5606.0,11,2
122,122,5606.0,11,2
123,123,5606.0,11,2
124,124,5606.0,11,2
125,125,5606.0,11,2
126,126,5606.0,11,2
127,127,5606.0,11,2
128,128,5606.0,11,2
