,Days,S,I,D
0,0,14350.0,0,0
1,1,14350.0,0,0
2,2,14350.0,0,0
3,3,14350.0,0,0
4,4,14350.0,0,0
5,5,14350.0,0,0
6,6,14350.0,0,0
7,7,14350.0,0,0
8,8,14350.0,0,0
9,9,14350.0,0,0
10,10,14350.0,0,0
11,11,14350.0,0,0
12,12,14350.0,0,0
13,13,14350.0,0,0
14,14,14350.0,0,0
15,15,14350.0,0,0
16,16,14350.0,0,0
17,17,14350.0,0,0
18,18,14350.0,0,0
19,19,14350.0,0,0
20,20,14350.0,0,0
21,21,14350.0,0,0
22,22,14350.0,0,0
23,23,14350.0,0,0
24,24,14350.0,0,0
25,25,14350.0,0,0
26,26,14350.0,0,0
27,27,14350.0,0,0
28,28,14350.0,0,0
29,29,14350.0,0,0
30,30,14350.0,0,0
31,31,14350.0,0,0
32,32,14350.0,0,0
33,33,14350.0,0,0
34,34,14350.0,0,0
35,35,14350.0,0,0
36,36,14350.0,0,0
37,37,14350.0,0,0
38,38,14350.0,0,0
39,39,14350.0,0,0
40,40,14350.0,0,0
41,41,14350.0,0,0
42,42,14350.0,0,0
43,43,14350.0,0,0
44,44,14350.0,0,0
45,45,14350.0,0,0
46,46,14350.0,0,0
47,47,14350.0,0,0
48,48,14350.0,0,0
49,49,14350.0,0,0
50,50,14350.0,0,0
51,51,14350.0,0,0
52,52,14350.0,0,0
53,53,14350.0,0,0
54,54,14350.0,0,0
55,55,14350.0,0,0
56,56,14350.0,0,0
57,57,14350.0,0,0
58,58,14350.0,0,0
59,59,14350.0,0,0
60,60,14350.0,0,0
61,61,14350.0,0,0
62,62,14350.0,0,0
63,63,14350.0,0,0
64,64,14350.0,0,0
65,65,14350.0,0,0
66,66,14350.0,0,0
67,67,14350.0,0,0
68,68,14350.0,0,0
69,69,14350.0,0,0
70,70,14350.0,0,0
71,71,14350.0,0,0
72,72,14350.0,0,0
73,73,14350.0,0,0
74,74,14350.0,0,0
75,75,14350.0,0,0
76,76,14350.0,0,0
77,77,14350.0,0,0
78,78,14350.0,0,0
79,79,14350.0,0,0
80,80,14350.0,0,0
81,81,14350.0,0,0
82,82,14350.0,0,0
83,83,14349.0,1,0
84,84,14349.0,1,0
85,85,14347.0,3,0
86,86,14346.0,4,0
87,87,14345.0,5,0
88,88,14343.0,7,0
89,89,14342.0,8,0
90,90,14339.0,11,0
91,91,14334.0,16,0
92,92,14330.0,20,0
93,93,14328.0,22,0
94,94,14318.0,32,0
95,95,14300.0,50,0
96,96,14289.0,61,0
97,97,14263.0,87,0
98,98,14243.0,107,0
99,99,14221.0,129,0
100,100,14156.0,194,0
101,101,14154.0,196,0
102,102,14138.0,212,0
103,103,14086.0,264,0
104,104,14065.0,285,0
105,105,14065.0,285,0
106,106,14030.0,320,0
107,107,14030.0,320,0
108,108,14001.0,349,0
109,109,14001.0,349,0
110,110,13983.0,367,0
111,111,13983.0,367,0
112,112,13958.0,392,0
113,113,13954.0,395,1
114,114,13946.0,403,1
115,115,13936.0,413,1
116,116,13936.0,413,1
117,117,13917.0,432,1
118,118,13913.0,436,1
119,119,13901.0,448,1
120,120,13886.0,463,1
121,121,13884.0,465,1
122,122,13882.0,467,1
123,123,13880.0,469,1
124,124,13867.0,482,1
125,125,13865.0,484,1
126,126,13858.0,491,1
127,127,13854.0,495,1
128,128,13851.0,497,2
