,Days,S,I,D
0,0,24578.0,0,0
1,1,24578.0,0,0
2,2,24578.0,0,0
3,3,24578.0,0,0
4,4,24578.0,0,0
5,5,24578.0,0,0
6,6,24578.0,0,0
7,7,24578.0,0,0
8,8,24578.0,0,0
9,9,24578.0,0,0
10,10,24578.0,0,0
11,11,24578.0,0,0
12,12,24578.0,0,0
13,13,24578.0,0,0
14,14,24578.0,0,0
15,15,24578.0,0,0
16,16,24578.0,0,0
17,17,24578.0,0,0
18,18,24578.0,0,0
19,19,24578.0,0,0
20,20,24578.0,0,0
21,21,24578.0,0,0
22,22,24578.0,0,0
23,23,24578.0,0,0
24,24,24578.0,0,0
25,25,24578.0,0,0
26,26,24578.0,0,0
27,27,24578.0,0,0
28,28,24578.0,0,0
29,29,24578.0,0,0
30,30,24578.0,0,0
31,31,24578.0,0,0
32,32,24578.0,0,0
33,33,24578.0,0,0
34,34,24578.0,0,0
35,35,24578.0,0,0
36,36,24578.0,0,0
37,37,24578.0,0,0
38,38,24578.0,0,0
39,39,24578.0,0,0
40,40,24578.0,0,0
41,41,24578.0,0,0
42,42,24578.0,0,0
43,43,24578.0,0,0
44,44,24578.0,0,0
45,45,24578.0,0,0
46,46,24578.0,0,0
47,47,24578.0,0,0
48,48,24578.0,0,0
49,49,24578.0,0,0
50,50,24578.0,0,0
51,51,24578.0,0,0
52,52,24578.0,0,0
53,53,24578.0,0,0
54,54,24578.0,0,0
55,55,24578.0,0,0
56,56,24578.0,0,0
57,57,24578.0,0,0
58,58,24578.0,0,0
59,59,24578.0,0,0
60,60,24578.0,0,0
61,61,24578.0,0,0
62,62,24578.0,0,0
63,63,24578.0,0,0
64,64,24578.0,0,0
65,65,24578.0,0,0
66,66,24578.0,0,0
67,67,24577.0,1,0
68,68,24577.0,1,0
69,69,24577.0,1,0
70,70,24577.0,1,0
71,71,24577.0,1,0
72,72,24577.0,1,0
73,73,24576.0,2,0
74,74,24575.0,2,1
75,75,24574.0,3,1
76,76,24574.0,3,1
77,77,24573.0,4,1
78,78,24573.0,4,1
79,79,24571.0,6,1
80,80,24571.0,6,1
81,81,24570.0,7,1
82,82,24570.0,7,1
83,83,24570.0,7,1
84,84,24570.0,7,1
85,85,24570.0,7,1
86,86,24570.0,7,1
87,87,24570.0,7,1
88,88,24570.0,7,1
89,89,24570.0,7,1
90,90,24569.0,8,1
91,91,24569.0,8,1
92,92,24569.0,8,1
93,93,24569.0,8,1
94,94,24569.0,8,1
95,95,24569.0,8,1
96,96,24569.0,8,1
97,97,24567.0,10,1
98,98,24567.0,10,1
99,99,24567.0,10,1
100,100,24565.0,11,2
101,101,24564.0,12,2
102,102,24564.0,12,2
103,103,24564.0,12,2
104,104,24557.0,19,2
105,105,24557.0,19,2
106,106,24557.0,19,2
107,107,24556.0,20,2
108,108,24556.0,20,2
109,109,24555.0,21,2
110,110,24555.0,21,2
111,111,24555.0,21,2
112,112,24555.0,21,2
113,113,24555.0,21,2
114,114,24555.0,21,2
115,115,24555.0,21,2
116,116,24555.0,21,2
117,117,24555.0,21,2
118,118,24555.0,21,2
119,119,24555.0,21,2
120,120,24555.0,21,2
121,121,24555.0,21,2
122,122,24555.0,21,2
123,123,24554.0,22,2
124,124,24553.0,23,2
125,125,24553.0,23,2
126,126,24553.0,23,2
127,127,24552.0,24,2
128,128,24550.0,26,2
