,Days,S,I,D
0,0,25349.0,0,0
1,1,25349.0,0,0
2,2,25349.0,0,0
3,3,25349.0,0,0
4,4,25349.0,0,0
5,5,25349.0,0,0
6,6,25349.0,0,0
7,7,25349.0,0,0
8,8,25349.0,0,0
9,9,25349.0,0,0
10,10,25349.0,0,0
11,11,25349.0,0,0
12,12,25349.0,0,0
13,13,25349.0,0,0
14,14,25349.0,0,0
15,15,25349.0,0,0
16,16,25349.0,0,0
17,17,25349.0,0,0
18,18,25349.0,0,0
19,19,25349.0,0,0
20,20,25349.0,0,0
21,21,25349.0,0,0
22,22,25349.0,0,0
23,23,25349.0,0,0
24,24,25349.0,0,0
25,25,25349.0,0,0
26,26,25349.0,0,0
27,27,25349.0,0,0
28,28,25349.0,0,0
29,29,25349.0,0,0
30,30,25349.0,0,0
31,31,25349.0,0,0
32,32,25349.0,0,0
33,33,25349.0,0,0
34,34,25349.0,0,0
35,35,25349.0,0,0
36,36,25349.0,0,0
37,37,25349.0,0,0
38,38,25349.0,0,0
39,39,25349.0,0,0
40,40,25349.0,0,0
41,41,25349.0,0,0
42,42,25349.0,0,0
43,43,25349.0,0,0
44,44,25349.0,0,0
45,45,25349.0,0,0
46,46,25349.0,0,0
47,47,25349.0,0,0
48,48,25349.0,0,0
49,49,25349.0,0,0
50,50,25349.0,0,0
51,51,25349.0,0,0
52,52,25349.0,0,0
53,53,25349.0,0,0
54,54,25349.0,0,0
55,55,25349.0,0,0
56,56,25349.0,0,0
57,57,25349.0,0,0
58,58,25349.0,0,0
59,59,25349.0,0,0
60,60,25349.0,0,0
61,61,25349.0,0,0
62,62,25348.0,1,0
63,63,25348.0,1,0
64,64,25348.0,1,0
65,65,25348.0,1,0
66,66,25348.0,1,0
67,67,25348.0,1,0
68,68,25347.0,2,0
69,69,25347.0,2,0
70,70,25345.0,4,0
71,71,25345.0,4,0
72,72,25340.0,9,0
73,73,25340.0,9,0
74,74,25340.0,9,0
75,75,25340.0,9,0
76,76,25340.0,9,0
77,77,25340.0,9,0
78,78,25341.0,8,0
79,79,25340.0,9,0
80,80,25340.0,9,0
81,81,25339.0,10,0
82,82,25339.0,10,0
83,83,25339.0,10,0
84,84,25337.0,12,0
85,85,25336.0,13,0
86,86,25335.0,14,0
87,87,25335.0,14,0
88,88,25335.0,14,0
89,89,25335.0,14,0
90,90,25335.0,14,0
91,91,25335.0,14,0
92,92,25335.0,14,0
93,93,25334.0,14,1
94,94,25334.0,14,1
95,95,25334.0,14,1
96,96,25334.0,14,1
97,97,25334.0,14,1
98,98,25334.0,14,1
99,99,25334.0,14,1
100,100,25333.0,15,1
101,101,25333.0,15,1
102,102,25333.0,15,1
103,103,25333.0,15,1
104,104,25331.0,17,1
105,105,25331.0,17,1
106,106,25329.0,19,1
107,107,25327.0,21,1
108,108,25324.0,24,1
109,109,25323.0,25,1
110,110,25323.0,25,1
111,111,25322.0,26,1
112,112,25322.0,26,1
113,113,25321.0,26,2
114,114,25321.0,26,2
115,115,25318.0,29,2
116,116,25318.0,29,2
117,117,25318.0,29,2
118,118,25316.0,31,2
119,119,25316.0,31,2
120,120,25316.0,31,2
121,121,25315.0,32,2
122,122,25315.0,32,2
123,123,25315.0,32,2
124,124,25315.0,32,2
125,125,25315.0,32,2
126,126,25315.0,32,2
127,127,25313.0,34,2
128,128,25313.0,34,2
