,Days,S,I,D
0,0,105779.0,0,0
1,1,105779.0,0,0
2,2,105779.0,0,0
3,3,105779.0,0,0
4,4,105779.0,0,0
5,5,105779.0,0,0
6,6,105779.0,0,0
7,7,105779.0,0,0
8,8,105779.0,0,0
9,9,105779.0,0,0
10,10,105779.0,0,0
11,11,105779.0,0,0
12,12,105779.0,0,0
13,13,105779.0,0,0
14,14,105779.0,0,0
15,15,105779.0,0,0
16,16,105779.0,0,0
17,17,105779.0,0,0
18,18,105779.0,0,0
19,19,105779.0,0,0
20,20,105779.0,0,0
21,21,105779.0,0,0
22,22,105779.0,0,0
23,23,105779.0,0,0
24,24,105779.0,0,0
25,25,105779.0,0,0
26,26,105779.0,0,0
27,27,105779.0,0,0
28,28,105779.0,0,0
29,29,105779.0,0,0
30,30,105779.0,0,0
31,31,105779.0,0,0
32,32,105779.0,0,0
33,33,105779.0,0,0
34,34,105779.0,0,0
35,35,105779.0,0,0
36,36,105779.0,0,0
37,37,105779.0,0,0
38,38,105779.0,0,0
39,39,105779.0,0,0
40,40,105779.0,0,0
41,41,105779.0,0,0
42,42,105779.0,0,0
43,43,105779.0,0,0
44,44,105779.0,0,0
45,45,105779.0,0,0
46,46,105779.0,0,0
47,47,105779.0,0,0
48,48,105779.0,0,0
49,49,105779.0,0,0
50,50,105779.0,0,0
51,51,105779.0,0,0
52,52,105779.0,0,0
53,53,105779.0,0,0
54,54,105779.0,0,0
55,55,105779.0,0,0
56,56,105779.0,0,0
57,57,105776.0,3,0
58,58,105776.0,3,0
59,59,105774.0,5,0
60,60,105770.0,9,0
61,61,105766.0,12,1
62,62,105763.0,15,1
63,63,105760.0,18,1
64,64,105747.0,31,1
65,65,105740.0,38,1
66,66,105739.0,38,2
67,67,105721.0,56,2
68,68,105709.0,68,2
69,69,105701.0,76,2
70,70,105680.0,96,3
71,71,105660.0,116,3
72,72,105627.0,149,3
73,73,105591.0,182,6
74,74,105578.0,195,6
75,75,105557.0,215,7
76,76,105517.0,255,7
77,77,105481.0,289,9
78,78,105459.0,319,1
79,79,105427.0,337,15
80,80,105399.0,362,18
81,81,105362.0,395,22
82,82,105341.0,416,22
83,83,105312.0,442,25
84,84,105281.0,468,30
85,85,105245.0,501,33
86,86,105222.0,521,36
87,87,105197.0,543,39
88,88,105143.0,592,44
89,89,105119.0,613,47
90,90,105089.0,642,48
91,91,105042.0,689,48
92,92,105012.0,719,48
93,93,104989.0,729,61
94,94,104966.0,750,63
95,95,104936.0,778,65
96,96,104902.0,810,67
97,97,104860.0,848,71
98,98,104818.0,880,81
99,99,104794.0,903,82
100,100,104776.0,920,83
101,101,104754.0,941,84
102,102,104736.0,957,86
103,103,104715.0,977,87
104,104,104706.0,982,91
105,105,104692.0,993,94
106,106,104676.0,1004,99
107,107,104644.0,1034,101
108,108,104636.0,1040,103
109,109,104631.0,1044,104
110,110,104628.0,1047,104
111,111,104610.0,1061,108
112,112,104599.0,1066,114
113,113,104596.0,1068,115
114,114,104589.0,1072,118
115,115,104584.0,1077,118
116,116,104581.0,1078,120
117,117,104572.0,1086,121
118,118,104567.0,1091,121
119,119,104557.0,1100,122
120,120,104545.0,1111,123
121,121,104538.0,1118,123
122,122,104534.0,1119,126
123,123,104528.0,1125,126
124,124,104521.0,1132,126
125,125,104515.0,1136,128
126,126,104505.0,1145,129
127,127,104504.0,1146,129
128,128,104495.0,1153,131
