,Days,S,I,D
0,0,22610.0,0,0
1,1,22610.0,0,0
2,2,22610.0,0,0
3,3,22610.0,0,0
4,4,22610.0,0,0
5,5,22610.0,0,0
6,6,22610.0,0,0
7,7,22610.0,0,0
8,8,22610.0,0,0
9,9,22610.0,0,0
10,10,22610.0,0,0
11,11,22610.0,0,0
12,12,22610.0,0,0
13,13,22610.0,0,0
14,14,22610.0,0,0
15,15,22610.0,0,0
16,16,22610.0,0,0
17,17,22610.0,0,0
18,18,22610.0,0,0
19,19,22610.0,0,0
20,20,22610.0,0,0
21,21,22610.0,0,0
22,22,22610.0,0,0
23,23,22610.0,0,0
24,24,22610.0,0,0
25,25,22610.0,0,0
26,26,22610.0,0,0
27,27,22610.0,0,0
28,28,22610.0,0,0
29,29,22610.0,0,0
30,30,22610.0,0,0
31,31,22610.0,0,0
32,32,22610.0,0,0
33,33,22610.0,0,0
34,34,22610.0,0,0
35,35,22610.0,0,0
36,36,22610.0,0,0
37,37,22610.0,0,0
38,38,22610.0,0,0
39,39,22610.0,0,0
40,40,22610.0,0,0
41,41,22610.0,0,0
42,42,22610.0,0,0
43,43,22610.0,0,0
44,44,22610.0,0,0
45,45,22610.0,0,0
46,46,22610.0,0,0
47,47,22610.0,0,0
48,48,22610.0,0,0
49,49,22610.0,0,0
50,50,22610.0,0,0
51,51,22610.0,0,0
52,52,22610.0,0,0
53,53,22610.0,0,0
54,54,22610.0,0,0
55,55,22610.0,0,0
56,56,22610.0,0,0
57,57,22610.0,0,0
58,58,22610.0,0,0
59,59,22610.0,0,0
60,60,22610.0,0,0
61,61,22610.0,0,0
62,62,22610.0,0,0
63,63,22610.0,0,0
64,64,22610.0,0,0
65,65,22610.0,0,0
66,66,22610.0,0,0
67,67,22610.0,0,0
68,68,22610.0,0,0
69,69,22610.0,0,0
70,70,22610.0,0,0
71,71,22610.0,0,0
72,72,22609.0,1,0
73,73,22608.0,2,0
74,74,22607.0,3,0
75,75,22606.0,4,0
76,76,22606.0,4,0
77,77,22606.0,4,0
78,78,22606.0,4,0
79,79,22606.0,4,0
80,80,22605.0,5,0
81,81,22605.0,5,0
82,82,22604.0,6,0
83,83,22604.0,6,0
84,84,22602.0,8,0
85,85,22600.0,10,0
86,86,22599.0,11,0
87,87,22598.0,12,0
88,88,22598.0,12,0
89,89,22597.0,13,0
90,90,22595.0,14,1
91,91,22595.0,14,1
92,92,22593.0,16,1
93,93,22593.0,16,1
94,94,22592.0,17,1
95,95,22592.0,17,1
96,96,22592.0,17,1
97,97,22592.0,17,1
98,98,22592.0,17,1
99,99,22591.0,18,1
100,100,22591.0,18,1
101,101,22591.0,18,1
102,102,22591.0,18,1
103,103,22591.0,18,1
104,104,22591.0,18,1
105,105,22591.0,18,1
106,106,22591.0,18,1
107,107,22591.0,18,1
108,108,22591.0,18,1
109,109,22591.0,18,1
110,110,22591.0,18,1
111,111,22591.0,18,1
112,112,22591.0,18,1
113,113,22591.0,18,1
114,114,22591.0,18,1
115,115,22591.0,18,1
116,116,22591.0,18,1
117,117,22591.0,18,1
118,118,22591.0,18,1
119,119,22591.0,18,1
120,120,22590.0,18,2
121,121,22590.0,18,2
122,122,22590.0,18,2
123,123,22590.0,18,2
124,124,22589.0,19,2
125,125,22589.0,19,2
126,126,22589.0,19,2
127,127,22589.0,19,2
128,128,22589.0,19,2
