,Days,S,I,D
0,0,31529.0,0,0
1,1,31529.0,0,0
2,2,31529.0,0,0
3,3,31529.0,0,0
4,4,31529.0,0,0
5,5,31529.0,0,0
6,6,31529.0,0,0
7,7,31529.0,0,0
8,8,31529.0,0,0
9,9,31529.0,0,0
10,10,31529.0,0,0
11,11,31529.0,0,0
12,12,31529.0,0,0
13,13,31529.0,0,0
14,14,31529.0,0,0
15,15,31529.0,0,0
16,16,31529.0,0,0
17,17,31529.0,0,0
18,18,31529.0,0,0
19,19,31529.0,0,0
20,20,31529.0,0,0
21,21,31529.0,0,0
22,22,31529.0,0,0
23,23,31529.0,0,0
24,24,31529.0,0,0
25,25,31529.0,0,0
26,26,31529.0,0,0
27,27,31529.0,0,0
28,28,31529.0,0,0
29,29,31529.0,0,0
30,30,31529.0,0,0
31,31,31529.0,0,0
32,32,31529.0,0,0
33,33,31529.0,0,0
34,34,31529.0,0,0
35,35,31529.0,0,0
36,36,31529.0,0,0
37,37,31529.0,0,0
38,38,31529.0,0,0
39,39,31529.0,0,0
40,40,31529.0,0,0
41,41,31529.0,0,0
42,42,31529.0,0,0
43,43,31529.0,0,0
44,44,31529.0,0,0
45,45,31529.0,0,0
46,46,31529.0,0,0
47,47,31529.0,0,0
48,48,31529.0,0,0
49,49,31529.0,0,0
50,50,31529.0,0,0
51,51,31529.0,0,0
52,52,31529.0,0,0
53,53,31529.0,0,0
54,54,31529.0,0,0
55,55,31529.0,0,0
56,56,31529.0,0,0
57,57,31529.0,0,0
58,58,31529.0,0,0
59,59,31529.0,0,0
60,60,31529.0,0,0
61,61,31529.0,0,0
62,62,31529.0,0,0
63,63,31529.0,0,0
64,64,31529.0,0,0
65,65,31529.0,0,0
66,66,31529.0,0,0
67,67,31529.0,0,0
68,68,31529.0,0,0
69,69,31529.0,0,0
70,70,31529.0,0,0
71,71,31529.0,0,0
72,72,31529.0,0,0
73,73,31528.0,1,0
74,74,31528.0,1,0
75,75,31528.0,1,0
76,76,31528.0,1,0
77,77,31528.0,1,0
78,78,31528.0,1,0
79,79,31528.0,1,0
80,80,31528.0,1,0
81,81,31528.0,1,0
82,82,31528.0,1,0
83,83,31528.0,1,0
84,84,31528.0,1,0
85,85,31527.0,2,0
86,86,31527.0,2,0
87,87,31527.0,2,0
88,88,31526.0,3,0
89,89,31526.0,3,0
90,90,31525.0,4,0
91,91,31512.0,17,0
92,92,31510.0,19,0
93,93,31510.0,19,0
94,94,31509.0,20,0
95,95,31506.0,23,0
96,96,31505.0,24,0
97,97,31503.0,26,0
98,98,31502.0,27,0
99,99,31502.0,27,0
100,100,31497.0,32,0
101,101,31493.0,36,0
102,102,31488.0,41,0
103,103,31487.0,42,0
104,104,31487.0,42,0
105,105,31486.0,43,0
106,106,31486.0,43,0
107,107,31484.0,45,0
108,108,31480.0,48,1
109,109,31476.0,52,1
110,110,31475.0,53,1
111,111,31474.0,54,1
112,112,31473.0,55,1
113,113,31472.0,55,2
114,114,31472.0,55,2
115,115,31472.0,55,2
116,116,31472.0,55,2
117,117,31471.0,56,2
118,118,31471.0,56,2
119,119,31470.0,57,2
120,120,31470.0,57,2
121,121,31470.0,57,2
122,122,31469.0,58,2
123,123,31469.0,58,2
124,124,31468.0,59,2
125,125,31468.0,59,2
126,126,31468.0,59,2
127,127,31468.0,59,2
128,128,31467.0,60,2
