,Days,S,I,D
0,0,8232.0,0,0
1,1,8232.0,0,0
2,2,8232.0,0,0
3,3,8232.0,0,0
4,4,8232.0,0,0
5,5,8232.0,0,0
6,6,8232.0,0,0
7,7,8232.0,0,0
8,8,8232.0,0,0
9,9,8232.0,0,0
10,10,8232.0,0,0
11,11,8232.0,0,0
12,12,8232.0,0,0
13,13,8232.0,0,0
14,14,8232.0,0,0
15,15,8232.0,0,0
16,16,8232.0,0,0
17,17,8232.0,0,0
18,18,8232.0,0,0
19,19,8232.0,0,0
20,20,8232.0,0,0
21,21,8232.0,0,0
22,22,8232.0,0,0
23,23,8232.0,0,0
24,24,8232.0,0,0
25,25,8232.0,0,0
26,26,8232.0,0,0
27,27,8232.0,0,0
28,28,8232.0,0,0
29,29,8232.0,0,0
30,30,8232.0,0,0
31,31,8232.0,0,0
32,32,8232.0,0,0
33,33,8232.0,0,0
34,34,8232.0,0,0
35,35,8232.0,0,0
36,36,8232.0,0,0
37,37,8232.0,0,0
38,38,8232.0,0,0
39,39,8232.0,0,0
40,40,8232.0,0,0
41,41,8232.0,0,0
42,42,8232.0,0,0
43,43,8232.0,0,0
44,44,8232.0,0,0
45,45,8232.0,0,0
46,46,8232.0,0,0
47,47,8232.0,0,0
48,48,8232.0,0,0
49,49,8232.0,0,0
50,50,8232.0,0,0
51,51,8232.0,0,0
52,52,8232.0,0,0
53,53,8232.0,0,0
54,54,8232.0,0,0
55,55,8232.0,0,0
56,56,8232.0,0,0
57,57,8232.0,0,0
58,58,8232.0,0,0
59,59,8232.0,0,0
60,60,8232.0,0,0
61,61,8232.0,0,0
62,62,8232.0,0,0
63,63,8232.0,0,0
64,64,8232.0,0,0
65,65,8232.0,0,0
66,66,8232.0,0,0
67,67,8232.0,0,0
68,68,8232.0,0,0
69,69,8232.0,0,0
70,70,8231.0,1,0
71,71,8231.0,1,0
72,72,8227.0,4,1
73,73,8227.0,4,1
74,74,8227.0,4,1
75,75,8227.0,4,1
76,76,8227.0,4,1
77,77,8227.0,4,1
78,78,8224.0,7,1
79,79,8222.0,9,1
80,80,8222.0,9,1
81,81,8222.0,9,1
82,82,8222.0,9,1
83,83,8222.0,9,1
84,84,8222.0,9,1
85,85,8220.0,11,1
86,86,8217.0,14,1
87,87,8217.0,14,1
88,88,8217.0,14,1
89,89,8217.0,14,1
90,90,8217.0,14,1
91,91,8217.0,14,1
92,92,8216.0,15,1
93,93,8215.0,16,1
94,94,8215.0,16,1
95,95,8215.0,16,1
96,96,8215.0,16,1
97,97,8215.0,16,1
98,98,8215.0,16,1
99,99,8215.0,16,1
100,100,8212.0,19,1
101,101,8212.0,19,1
102,102,8212.0,19,1
103,103,8212.0,19,1
104,104,8212.0,19,1
105,105,8210.0,21,1
106,106,8210.0,21,1
107,107,8210.0,21,1
108,108,8210.0,21,1
109,109,8210.0,21,1
110,110,8210.0,21,1
111,111,8209.0,22,1
112,112,8209.0,22,1
113,113,8209.0,22,1
114,114,8209.0,22,1
115,115,8209.0,22,1
116,116,8209.0,22,1
117,117,8209.0,22,1
118,118,8205.0,26,1
119,119,8205.0,26,1
120,120,8203.0,28,1
121,121,8202.0,29,1
122,122,8202.0,29,1
123,123,8202.0,29,1
124,124,8202.0,29,1
125,125,8202.0,29,1
126,126,8199.0,31,2
127,127,8199.0,31,2
128,128,8193.0,37,2
