,Days,S,I,D
0,0,54450.0,0,0
1,1,54450.0,0,0
2,2,54450.0,0,0
3,3,54450.0,0,0
4,4,54450.0,0,0
5,5,54450.0,0,0
6,6,54450.0,0,0
7,7,54450.0,0,0
8,8,54450.0,0,0
9,9,54450.0,0,0
10,10,54450.0,0,0
11,11,54450.0,0,0
12,12,54450.0,0,0
13,13,54450.0,0,0
14,14,54450.0,0,0
15,15,54450.0,0,0
16,16,54450.0,0,0
17,17,54450.0,0,0
18,18,54450.0,0,0
19,19,54450.0,0,0
20,20,54450.0,0,0
21,21,54450.0,0,0
22,22,54450.0,0,0
23,23,54450.0,0,0
24,24,54450.0,0,0
25,25,54450.0,0,0
26,26,54450.0,0,0
27,27,54450.0,0,0
28,28,54450.0,0,0
29,29,54450.0,0,0
30,30,54450.0,0,0
31,31,54450.0,0,0
32,32,54450.0,0,0
33,33,54450.0,0,0
34,34,54450.0,0,0
35,35,54450.0,0,0
36,36,54450.0,0,0
37,37,54450.0,0,0
38,38,54450.0,0,0
39,39,54450.0,0,0
40,40,54450.0,0,0
41,41,54450.0,0,0
42,42,54450.0,0,0
43,43,54450.0,0,0
44,44,54450.0,0,0
45,45,54450.0,0,0
46,46,54450.0,0,0
47,47,54450.0,0,0
48,48,54450.0,0,0
49,49,54450.0,0,0
50,50,54450.0,0,0
51,51,54450.0,0,0
52,52,54450.0,0,0
53,53,54450.0,0,0
54,54,54450.0,0,0
55,55,54450.0,0,0
56,56,54449.0,1,0
57,57,54449.0,1,0
58,58,54449.0,1,0
59,59,54449.0,1,0
60,60,54449.0,1,0
61,61,54449.0,1,0
62,62,54448.0,2,0
63,63,54448.0,2,0
64,64,54448.0,2,0
65,65,54448.0,2,0
66,66,54448.0,2,0
67,67,54447.0,3,0
68,68,54447.0,3,0
69,69,54447.0,3,0
70,70,54445.0,5,0
71,71,54444.0,6,0
72,72,54443.0,7,0
73,73,54439.0,11,0
74,74,54439.0,11,0
75,75,54439.0,11,0
76,76,54438.0,12,0
77,77,54436.0,14,0
78,78,54436.0,14,0
79,79,54436.0,14,0
80,80,54436.0,14,0
81,81,54434.0,16,0
82,82,54435.0,15,0
83,83,54434.0,16,0
84,84,54433.0,17,0
85,85,54426.0,24,0
86,86,54424.0,25,1
87,87,54422.0,27,1
88,88,54422.0,27,1
89,89,54422.0,27,1
90,90,54422.0,27,1
91,91,54421.0,28,1
92,92,54421.0,28,1
93,93,54419.0,30,1
94,94,54419.0,30,1
95,95,54417.0,32,1
96,96,54417.0,32,1
97,97,54416.0,33,1
98,98,54416.0,33,1
99,99,54414.0,35,1
100,100,54413.0,36,1
101,101,54413.0,36,1
102,102,54413.0,36,1
103,103,54413.0,36,1
104,104,54411.0,38,1
105,105,54410.0,39,1
106,106,54409.0,40,1
107,107,54409.0,40,1
108,108,54409.0,40,1
109,109,54409.0,40,1
110,110,54409.0,40,1
111,111,54409.0,40,1
112,112,54409.0,40,1
113,113,54409.0,40,1
114,114,54409.0,40,1
115,115,54407.0,42,1
116,116,54407.0,42,1
117,117,54407.0,42,1
118,118,54406.0,42,2
119,119,54406.0,42,2
120,120,54406.0,42,2
121,121,54406.0,42,2
122,122,54406.0,42,2
123,123,54405.0,43,2
124,124,54405.0,43,2
125,125,54404.0,44,2
126,126,54404.0,44,2
127,127,54403.0,45,2
128,128,54403.0,45,2
