,Days,S,I,D
0,0,64889.0,0,0
1,1,64889.0,0,0
2,2,64889.0,0,0
3,3,64889.0,0,0
4,4,64889.0,0,0
5,5,64889.0,0,0
6,6,64889.0,0,0
7,7,64889.0,0,0
8,8,64889.0,0,0
9,9,64889.0,0,0
10,10,64889.0,0,0
11,11,64889.0,0,0
12,12,64889.0,0,0
13,13,64889.0,0,0
14,14,64889.0,0,0
15,15,64889.0,0,0
16,16,64889.0,0,0
17,17,64889.0,0,0
18,18,64889.0,0,0
19,19,64889.0,0,0
20,20,64889.0,0,0
21,21,64889.0,0,0
22,22,64889.0,0,0
23,23,64889.0,0,0
24,24,64889.0,0,0
25,25,64889.0,0,0
26,26,64889.0,0,0
27,27,64889.0,0,0
28,28,64889.0,0,0
29,29,64889.0,0,0
30,30,64889.0,0,0
31,31,64889.0,0,0
32,32,64889.0,0,0
33,33,64889.0,0,0
34,34,64889.0,0,0
35,35,64889.0,0,0
36,36,64889.0,0,0
37,37,64889.0,0,0
38,38,64889.0,0,0
39,39,64889.0,0,0
40,40,64889.0,0,0
41,41,64889.0,0,0
42,42,64889.0,0,0
43,43,64889.0,0,0
44,44,64889.0,0,0
45,45,64889.0,0,0
46,46,64889.0,0,0
47,47,64889.0,0,0
48,48,64889.0,0,0
49,49,64889.0,0,0
50,50,64889.0,0,0
51,51,64889.0,0,0
52,52,64889.0,0,0
53,53,64889.0,0,0
54,54,64889.0,0,0
55,55,64889.0,0,0
56,56,64889.0,0,0
57,57,64889.0,0,0
58,58,64889.0,0,0
59,59,64889.0,0,0
60,60,64889.0,0,0
61,61,64889.0,0,0
62,62,64889.0,0,0
63,63,64889.0,0,0
64,64,64889.0,0,0
65,65,64889.0,0,0
66,66,64889.0,0,0
67,67,64889.0,0,0
68,68,64889.0,0,0
69,69,64889.0,0,0
70,70,64888.0,1,0
71,71,64887.0,2,0
72,72,64886.0,3,0
73,73,64884.0,5,0
74,74,64883.0,6,0
75,75,64883.0,6,0
76,76,64880.0,9,0
77,77,64879.0,10,0
78,78,64876.0,13,0
79,79,64876.0,13,0
80,80,64876.0,13,0
81,81,64873.0,16,0
82,82,64873.0,16,0
83,83,64872.0,17,0
84,84,64872.0,17,0
85,85,64872.0,17,0
86,86,64872.0,17,0
87,87,64872.0,17,0
88,88,64870.0,19,0
89,89,64869.0,20,0
90,90,64869.0,20,0
91,91,64869.0,20,0
92,92,64869.0,20,0
93,93,64869.0,20,0
94,94,64869.0,20,0
95,95,64869.0,20,0
96,96,64869.0,20,0
97,97,64868.0,20,1
98,98,64868.0,20,1
99,99,64868.0,20,1
100,100,64867.0,21,1
101,101,64867.0,21,1
102,102,64867.0,21,1
103,103,64867.0,21,1
104,104,64867.0,21,1
105,105,64867.0,21,1
106,106,64865.0,23,1
107,107,64865.0,23,1
108,108,64865.0,23,1
109,109,64865.0,23,1
110,110,64865.0,23,1
111,111,64865.0,23,1
112,112,64865.0,23,1
113,113,64864.0,24,1
114,114,64864.0,24,1
115,115,64864.0,24,1
116,116,64863.0,25,1
117,117,64858.0,30,1
118,118,64858.0,30,1
119,119,64850.0,38,1
120,120,64850.0,38,1
121,121,64846.0,42,1
122,122,64846.0,42,1
123,123,64846.0,42,1
124,124,64832.0,56,1
125,125,64832.0,56,1
126,126,64831.0,57,1
127,127,64829.0,59,1
128,128,64824.0,64,1
