,Days,S,I,D
0,0,29519.0,0,0
1,1,29519.0,0,0
2,2,29519.0,0,0
3,3,29519.0,0,0
4,4,29519.0,0,0
5,5,29519.0,0,0
6,6,29519.0,0,0
7,7,29519.0,0,0
8,8,29519.0,0,0
9,9,29519.0,0,0
10,10,29519.0,0,0
11,11,29519.0,0,0
12,12,29519.0,0,0
13,13,29519.0,0,0
14,14,29519.0,0,0
15,15,29519.0,0,0
16,16,29519.0,0,0
17,17,29519.0,0,0
18,18,29519.0,0,0
19,19,29519.0,0,0
20,20,29519.0,0,0
21,21,29519.0,0,0
22,22,29519.0,0,0
23,23,29519.0,0,0
24,24,29519.0,0,0
25,25,29519.0,0,0
26,26,29519.0,0,0
27,27,29519.0,0,0
28,28,29519.0,0,0
29,29,29519.0,0,0
30,30,29519.0,0,0
31,31,29519.0,0,0
32,32,29519.0,0,0
33,33,29519.0,0,0
34,34,29519.0,0,0
35,35,29519.0,0,0
36,36,29519.0,0,0
37,37,29519.0,0,0
38,38,29519.0,0,0
39,39,29519.0,0,0
40,40,29519.0,0,0
41,41,29519.0,0,0
42,42,29519.0,0,0
43,43,29519.0,0,0
44,44,29519.0,0,0
45,45,29519.0,0,0
46,46,29519.0,0,0
47,47,29519.0,0,0
48,48,29519.0,0,0
49,49,29519.0,0,0
50,50,29519.0,0,0
51,51,29519.0,0,0
52,52,29519.0,0,0
53,53,29519.0,0,0
54,54,29519.0,0,0
55,55,29519.0,0,0
56,56,29519.0,0,0
57,57,29519.0,0,0
58,58,29519.0,0,0
59,59,29519.0,0,0
60,60,29519.0,0,0
61,61,29518.0,1,0
62,62,29518.0,1,0
63,63,29518.0,1,0
64,64,29518.0,1,0
65,65,29518.0,1,0
66,66,29518.0,1,0
67,67,29518.0,1,0
68,68,29518.0,1,0
69,69,29518.0,1,0
70,70,29518.0,1,0
71,71,29518.0,1,0
72,72,29518.0,1,0
73,73,29518.0,1,0
74,74,29518.0,1,0
75,75,29518.0,1,0
76,76,29516.0,3,0
77,77,29516.0,3,0
78,78,29516.0,3,0
79,79,29516.0,3,0
80,80,29516.0,3,0
81,81,29515.0,4,0
82,82,29515.0,4,0
83,83,29515.0,4,0
84,84,29515.0,4,0
85,85,29515.0,4,0
86,86,29515.0,4,0
87,87,29515.0,4,0
88,88,29515.0,4,0
89,89,29515.0,4,0
90,90,29515.0,4,0
91,91,29515.0,4,0
92,92,29514.0,5,0
93,93,29514.0,5,0
94,94,29514.0,5,0
95,95,29514.0,5,0
96,96,29514.0,5,0
97,97,29514.0,5,0
98,98,29514.0,5,0
99,99,29514.0,5,0
100,100,29514.0,5,0
101,101,29512.0,7,0
102,102,29512.0,7,0
103,103,29512.0,7,0
104,104,29512.0,7,0
105,105,29512.0,7,0
106,106,29512.0,7,0
107,107,29512.0,7,0
108,108,29511.0,8,0
109,109,29510.0,8,1
110,110,29510.0,8,1
111,111,29509.0,8,2
112,112,29509.0,8,2
113,113,29509.0,8,2
114,114,29509.0,8,2
115,115,29508.0,9,2
116,116,29508.0,9,2
117,117,29507.0,10,2
118,118,29507.0,10,2
119,119,29507.0,10,2
120,120,29507.0,10,2
121,121,29507.0,10,2
122,122,29506.0,11,2
123,123,29506.0,11,2
124,124,29506.0,11,2
125,125,29506.0,11,2
126,126,29505.0,12,2
127,127,29504.0,13,2
128,128,29504.0,13,2
