,Days,S,I,D
0,0,103551.0,0,0
1,1,103551.0,0,0
2,2,103551.0,0,0
3,3,103551.0,0,0
4,4,103551.0,0,0
5,5,103551.0,0,0
6,6,103551.0,0,0
7,7,103551.0,0,0
8,8,103551.0,0,0
9,9,103551.0,0,0
10,10,103551.0,0,0
11,11,103551.0,0,0
12,12,103551.0,0,0
13,13,103551.0,0,0
14,14,103551.0,0,0
15,15,103551.0,0,0
16,16,103551.0,0,0
17,17,103551.0,0,0
18,18,103551.0,0,0
19,19,103551.0,0,0
20,20,103551.0,0,0
21,21,103551.0,0,0
22,22,103551.0,0,0
23,23,103551.0,0,0
24,24,103551.0,0,0
25,25,103551.0,0,0
26,26,103551.0,0,0
27,27,103551.0,0,0
28,28,103551.0,0,0
29,29,103551.0,0,0
30,30,103551.0,0,0
31,31,103551.0,0,0
32,32,103551.0,0,0
33,33,103551.0,0,0
34,34,103551.0,0,0
35,35,103551.0,0,0
36,36,103551.0,0,0
37,37,103551.0,0,0
38,38,103551.0,0,0
39,39,103551.0,0,0
40,40,103551.0,0,0
41,41,103551.0,0,0
42,42,103551.0,0,0
43,43,103551.0,0,0
44,44,103551.0,0,0
45,45,103551.0,0,0
46,46,103551.0,0,0
47,47,103551.0,0,0
48,48,103551.0,0,0
49,49,103551.0,0,0
50,50,103550.0,1,0
51,51,103550.0,1,0
52,52,103550.0,1,0
53,53,103550.0,1,0
54,54,103550.0,1,0
55,55,103550.0,1,0
56,56,103550.0,1,0
57,57,103550.0,1,0
58,58,103548.0,3,0
59,59,103548.0,3,0
60,60,103544.0,7,0
61,61,103543.0,8,0
62,62,103543.0,8,0
63,63,103543.0,8,0
64,64,103543.0,8,0
65,65,103543.0,8,0
66,66,103542.0,9,0
67,67,103542.0,9,0
68,68,103541.0,10,0
69,69,103541.0,10,0
70,70,103541.0,10,0
71,71,103541.0,10,0
72,72,103541.0,10,0
73,73,103541.0,10,0
74,74,103541.0,10,0
75,75,103541.0,10,0
76,76,103541.0,10,0
77,77,103541.0,10,0
78,78,103541.0,10,0
79,79,103541.0,10,0
80,80,103539.0,12,0
81,81,103538.0,13,0
82,82,103538.0,13,0
83,83,103538.0,13,0
84,84,103537.0,14,0
85,85,103537.0,14,0
86,86,103537.0,14,0
87,87,103537.0,14,0
88,88,103537.0,14,0
89,89,103537.0,14,0
90,90,103537.0,14,0
91,91,103536.0,15,0
92,92,103536.0,15,0
93,93,103536.0,15,0
94,94,103535.0,16,0
95,95,103534.0,17,0
96,96,103534.0,17,0
97,97,103532.0,19,0
98,98,103531.0,20,0
99,99,103530.0,21,0
100,100,103530.0,21,0
101,101,103526.0,25,0
102,102,103525.0,26,0
103,103,103524.0,27,0
104,104,103512.0,39,0
105,105,103500.0,51,0
106,106,103493.0,58,0
107,107,103482.0,69,0
108,108,103472.0,78,1
109,109,103468.0,82,1
110,110,103458.0,92,1
111,111,103455.0,95,1
112,112,103451.0,99,1
113,113,103447.0,103,1
114,114,103444.0,105,2
115,115,103438.0,111,2
116,116,103436.0,113,2
117,117,103432.0,117,2
118,118,103421.0,128,2
119,119,103418.0,131,2
120,120,103411.0,138,2
121,121,103403.0,146,2
122,122,103395.0,154,2
123,123,103388.0,161,2
124,124,103375.0,174,2
125,125,103367.0,182,2
126,126,103364.0,185,2
127,127,103360.0,189,2
128,128,103348.0,201,2
