,Days,S,I,D
0,0,57078.0,0,0
1,1,57078.0,0,0
2,2,57078.0,0,0
3,3,57078.0,0,0
4,4,57078.0,0,0
5,5,57078.0,0,0
6,6,57078.0,0,0
7,7,57078.0,0,0
8,8,57078.0,0,0
9,9,57078.0,0,0
10,10,57078.0,0,0
11,11,57078.0,0,0
12,12,57078.0,0,0
13,13,57078.0,0,0
14,14,57078.0,0,0
15,15,57078.0,0,0
16,16,57078.0,0,0
17,17,57078.0,0,0
18,18,57078.0,0,0
19,19,57078.0,0,0
20,20,57078.0,0,0
21,21,57078.0,0,0
22,22,57078.0,0,0
23,23,57078.0,0,0
24,24,57078.0,0,0
25,25,57078.0,0,0
26,26,57078.0,0,0
27,27,57078.0,0,0
28,28,57078.0,0,0
29,29,57078.0,0,0
30,30,57078.0,0,0
31,31,57078.0,0,0
32,32,57078.0,0,0
33,33,57078.0,0,0
34,34,57078.0,0,0
35,35,57078.0,0,0
36,36,57078.0,0,0
37,37,57078.0,0,0
38,38,57078.0,0,0
39,39,57078.0,0,0
40,40,57078.0,0,0
41,41,57078.0,0,0
42,42,57078.0,0,0
43,43,57078.0,0,0
44,44,57078.0,0,0
45,45,57078.0,0,0
46,46,57078.0,0,0
47,47,57078.0,0,0
48,48,57078.0,0,0
49,49,57078.0,0,0
50,50,57078.0,0,0
51,51,57078.0,0,0
52,52,57078.0,0,0
53,53,57078.0,0,0
54,54,57078.0,0,0
55,55,57078.0,0,0
56,56,57078.0,0,0
57,57,57078.0,0,0
58,58,57078.0,0,0
59,59,57078.0,0,0
60,60,57078.0,0,0
61,61,57078.0,0,0
62,62,57078.0,0,0
63,63,57078.0,0,0
64,64,57078.0,0,0
65,65,57078.0,0,0
66,66,57078.0,0,0
67,67,57078.0,0,0
68,68,57078.0,0,0
69,69,57078.0,0,0
70,70,57078.0,0,0
71,71,57077.0,1,0
72,72,57077.0,1,0
73,73,57076.0,2,0
74,74,57076.0,2,0
75,75,57074.0,4,0
76,76,57074.0,4,0
77,77,57074.0,4,0
78,78,57073.0,5,0
79,79,57070.0,8,0
80,80,57070.0,8,0
81,81,57070.0,8,0
82,82,57070.0,8,0
83,83,57070.0,8,0
84,84,57070.0,8,0
85,85,57066.0,12,0
86,86,57065.0,13,0
87,87,57065.0,13,0
88,88,57065.0,13,0
89,89,57065.0,13,0
90,90,57065.0,13,0
91,91,57065.0,13,0
92,92,57065.0,13,0
93,93,57065.0,13,0
94,94,57064.0,14,0
95,95,57064.0,14,0
96,96,57063.0,15,0
97,97,57063.0,15,0
98,98,57063.0,15,0
99,99,57061.0,17,0
100,100,57061.0,17,0
101,101,57061.0,17,0
102,102,57061.0,17,0
103,103,57060.0,18,0
104,104,57060.0,18,0
105,105,57059.0,19,0
106,106,57057.0,21,0
107,107,57057.0,21,0
108,108,57056.0,22,0
109,109,57056.0,22,0
110,110,57056.0,22,0
111,111,57056.0,22,0
112,112,57056.0,22,0
113,113,57056.0,22,0
114,114,57054.0,23,1
115,115,57054.0,23,1
116,116,57054.0,23,1
117,117,57053.0,24,1
118,118,57051.0,25,2
119,119,57051.0,25,2
120,120,57051.0,25,2
121,121,57050.0,26,2
122,122,57049.0,27,2
123,123,57047.0,29,2
124,124,57047.0,29,2
125,125,57044.0,32,2
126,126,57044.0,32,2
127,127,57044.0,32,2
128,128,57042.0,34,2
