,Days,S,I,D
0,0,96036.0,0,0
1,1,96036.0,0,0
2,2,96036.0,0,0
3,3,96036.0,0,0
4,4,96036.0,0,0
5,5,96036.0,0,0
6,6,96036.0,0,0
7,7,96036.0,0,0
8,8,96036.0,0,0
9,9,96036.0,0,0
10,10,96036.0,0,0
11,11,96036.0,0,0
12,12,96036.0,0,0
13,13,96036.0,0,0
14,14,96036.0,0,0
15,15,96036.0,0,0
16,16,96036.0,0,0
17,17,96036.0,0,0
18,18,96036.0,0,0
19,19,96036.0,0,0
20,20,96036.0,0,0
21,21,96036.0,0,0
22,22,96036.0,0,0
23,23,96036.0,0,0
24,24,96036.0,0,0
25,25,96036.0,0,0
26,26,96036.0,0,0
27,27,96036.0,0,0
28,28,96036.0,0,0
29,29,96036.0,0,0
30,30,96036.0,0,0
31,31,96036.0,0,0
32,32,96036.0,0,0
33,33,96036.0,0,0
34,34,96036.0,0,0
35,35,96036.0,0,0
36,36,96036.0,0,0
37,37,96036.0,0,0
38,38,96036.0,0,0
39,39,96036.0,0,0
40,40,96036.0,0,0
41,41,96036.0,0,0
42,42,96036.0,0,0
43,43,96036.0,0,0
44,44,96036.0,0,0
45,45,96036.0,0,0
46,46,96036.0,0,0
47,47,96036.0,0,0
48,48,96036.0,0,0
49,49,96036.0,0,0
50,50,96036.0,0,0
51,51,96036.0,0,0
52,52,96036.0,0,0
53,53,96036.0,0,0
54,54,96036.0,0,0
55,55,96036.0,0,0
56,56,96036.0,0,0
57,57,96036.0,0,0
58,58,96036.0,0,0
59,59,96036.0,0,0
60,60,96036.0,0,0
61,61,96035.0,1,0
62,62,96035.0,1,0
63,63,96035.0,1,0
64,64,96035.0,1,0
65,65,96033.0,3,0
66,66,96031.0,5,0
67,67,96031.0,5,0
68,68,96029.0,7,0
69,69,96028.0,8,0
70,70,96028.0,8,0
71,71,96028.0,8,0
72,72,96028.0,8,0
73,73,96027.0,9,0
74,74,96026.0,10,0
75,75,96026.0,10,0
76,76,96026.0,10,0
77,77,96027.0,9,0
78,78,96027.0,9,0
79,79,96027.0,9,0
80,80,96027.0,9,0
81,81,96027.0,9,0
82,82,96027.0,9,0
83,83,96026.0,10,0
84,84,96025.0,11,0
85,85,96024.0,12,0
86,86,96024.0,12,0
87,87,96024.0,12,0
88,88,96023.0,13,0
89,89,96023.0,13,0
90,90,96023.0,13,0
91,91,96023.0,13,0
92,92,96021.0,15,0
93,93,96021.0,15,0
94,94,96021.0,15,0
95,95,96020.0,16,0
96,96,96020.0,16,0
97,97,96017.0,19,0
98,98,96010.0,26,0
99,99,96008.0,28,0
100,100,95997.0,39,0
101,101,95986.0,50,0
102,102,95982.0,54,0
103,103,95975.0,61,0
104,104,95964.0,71,1
105,105,95955.0,80,1
106,106,95947.0,88,1
107,107,95940.0,95,1
108,108,95928.0,107,1
109,109,95926.0,109,1
110,110,95921.0,114,1
111,111,95913.0,122,1
112,112,95909.0,126,1
113,113,95905.0,130,1
114,114,95900.0,135,1
115,115,95891.0,144,1
116,116,95885.0,150,1
117,117,95880.0,155,1
118,118,95871.0,164,1
119,119,95857.0,178,1
120,120,95852.0,183,1
121,121,95842.0,193,1
122,122,95833.0,202,1
123,123,95827.0,208,1
124,124,95820.0,214,2
125,125,95817.0,217,2
126,126,95815.0,219,2
127,127,95812.0,222,2
128,128,95808.0,226,2
