,Days,S,I,D
0,0,28971.0,0,0
1,1,28971.0,0,0
2,2,28971.0,0,0
3,3,28971.0,0,0
4,4,28971.0,0,0
5,5,28971.0,0,0
6,6,28971.0,0,0
7,7,28971.0,0,0
8,8,28971.0,0,0
9,9,28971.0,0,0
10,10,28971.0,0,0
11,11,28971.0,0,0
12,12,28971.0,0,0
13,13,28971.0,0,0
14,14,28971.0,0,0
15,15,28971.0,0,0
16,16,28971.0,0,0
17,17,28971.0,0,0
18,18,28971.0,0,0
19,19,28971.0,0,0
20,20,28971.0,0,0
21,21,28971.0,0,0
22,22,28971.0,0,0
23,23,28971.0,0,0
24,24,28971.0,0,0
25,25,28971.0,0,0
26,26,28971.0,0,0
27,27,28971.0,0,0
28,28,28971.0,0,0
29,29,28971.0,0,0
30,30,28971.0,0,0
31,31,28971.0,0,0
32,32,28971.0,0,0
33,33,28971.0,0,0
34,34,28971.0,0,0
35,35,28971.0,0,0
36,36,28971.0,0,0
37,37,28971.0,0,0
38,38,28971.0,0,0
39,39,28971.0,0,0
40,40,28971.0,0,0
41,41,28971.0,0,0
42,42,28971.0,0,0
43,43,28971.0,0,0
44,44,28971.0,0,0
45,45,28971.0,0,0
46,46,28971.0,0,0
47,47,28971.0,0,0
48,48,28971.0,0,0
49,49,28971.0,0,0
50,50,28971.0,0,0
51,51,28971.0,0,0
52,52,28971.0,0,0
53,53,28971.0,0,0
54,54,28971.0,0,0
55,55,28971.0,0,0
56,56,28971.0,0,0
57,57,28971.0,0,0
58,58,28971.0,0,0
59,59,28971.0,0,0
60,60,28970.0,1,0
61,61,28970.0,1,0
62,62,28969.0,2,0
63,63,28969.0,2,0
64,64,28968.0,3,0
65,65,28968.0,3,0
66,66,28968.0,3,0
67,67,28968.0,3,0
68,68,28968.0,3,0
69,69,28968.0,3,0
70,70,28967.0,4,0
71,71,28964.0,7,0
72,72,28963.0,8,0
73,73,28962.0,9,0
74,74,28962.0,9,0
75,75,28960.0,11,0
76,76,28959.0,12,0
77,77,28959.0,12,0
78,78,28960.0,11,0
79,79,28960.0,11,0
80,80,28960.0,11,0
81,81,28960.0,11,0
82,82,28959.0,12,0
83,83,28957.0,14,0
84,84,28957.0,14,0
85,85,28957.0,14,0
86,86,28956.0,15,0
87,87,28956.0,15,0
88,88,28955.0,15,1
89,89,28955.0,15,1
90,90,28955.0,15,1
91,91,28955.0,15,1
92,92,28955.0,15,1
93,93,28953.0,17,1
94,94,28953.0,17,1
95,95,28953.0,17,1
96,96,28951.0,19,1
97,97,28951.0,19,1
98,98,28951.0,19,1
99,99,28951.0,19,1
100,100,28949.0,21,1
101,101,28949.0,21,1
102,102,28949.0,21,1
103,103,28949.0,21,1
104,104,28949.0,21,1
105,105,28949.0,21,1
106,106,28949.0,21,1
107,107,28949.0,21,1
108,108,28947.0,23,1
109,109,28945.0,25,1
110,110,28945.0,25,1
111,111,28945.0,25,1
112,112,28945.0,25,1
113,113,28945.0,25,1
114,114,28945.0,25,1
115,115,28944.0,26,1
116,116,28944.0,26,1
117,117,28943.0,27,1
118,118,28943.0,27,1
119,119,28942.0,28,1
120,120,28942.0,28,1
121,121,28939.0,30,2
122,122,28933.0,36,2
123,123,28931.0,38,2
124,124,28931.0,38,2
125,125,28930.0,39,2
126,126,28930.0,39,2
127,127,28930.0,39,2
128,128,28930.0,39,2
