,Days,S,I,D
0,0,18853.0,0,0
1,1,18853.0,0,0
2,2,18853.0,0,0
3,3,18853.0,0,0
4,4,18853.0,0,0
5,5,18853.0,0,0
6,6,18853.0,0,0
7,7,18853.0,0,0
8,8,18853.0,0,0
9,9,18853.0,0,0
10,10,18853.0,0,0
11,11,18853.0,0,0
12,12,18853.0,0,0
13,13,18853.0,0,0
14,14,18853.0,0,0
15,15,18853.0,0,0
16,16,18853.0,0,0
17,17,18853.0,0,0
18,18,18853.0,0,0
19,19,18853.0,0,0
20,20,18853.0,0,0
21,21,18853.0,0,0
22,22,18853.0,0,0
23,23,18853.0,0,0
24,24,18853.0,0,0
25,25,18853.0,0,0
26,26,18853.0,0,0
27,27,18853.0,0,0
28,28,18853.0,0,0
29,29,18853.0,0,0
30,30,18853.0,0,0
31,31,18853.0,0,0
32,32,18853.0,0,0
33,33,18853.0,0,0
34,34,18853.0,0,0
35,35,18853.0,0,0
36,36,18853.0,0,0
37,37,18853.0,0,0
38,38,18853.0,0,0
39,39,18853.0,0,0
40,40,18853.0,0,0
41,41,18853.0,0,0
42,42,18853.0,0,0
43,43,18853.0,0,0
44,44,18853.0,0,0
45,45,18853.0,0,0
46,46,18853.0,0,0
47,47,18853.0,0,0
48,48,18853.0,0,0
49,49,18853.0,0,0
50,50,18853.0,0,0
51,51,18853.0,0,0
52,52,18853.0,0,0
53,53,18853.0,0,0
54,54,18853.0,0,0
55,55,18853.0,0,0
56,56,18853.0,0,0
57,57,18853.0,0,0
58,58,18853.0,0,0
59,59,18853.0,0,0
60,60,18853.0,0,0
61,61,18853.0,0,0
62,62,18853.0,0,0
63,63,18853.0,0,0
64,64,18853.0,0,0
65,65,18853.0,0,0
66,66,18853.0,0,0
67,67,18852.0,1,0
68,68,18851.0,2,0
69,69,18851.0,2,0
70,70,18850.0,3,0
71,71,18850.0,3,0
72,72,18849.0,4,0
73,73,18849.0,4,0
74,74,18847.0,6,0
75,75,18847.0,6,0
76,76,18846.0,7,0
77,77,18846.0,7,0
78,78,18846.0,7,0
79,79,18845.0,8,0
80,80,18841.0,12,0
81,81,18839.0,14,0
82,82,18838.0,15,0
83,83,18838.0,15,0
84,84,18834.0,19,0
85,85,18834.0,19,0
86,86,18831.0,22,0
87,87,18825.0,28,0
88,88,18824.0,29,0
89,89,18820.0,33,0
90,90,18816.0,37,0
91,91,18815.0,38,0
92,92,18813.0,40,0
93,93,18810.0,43,0
94,94,18808.0,45,0
95,95,18803.0,50,0
96,96,18802.0,51,0
97,97,18799.0,54,0
98,98,18798.0,55,0
99,99,18791.0,62,0
100,100,18787.0,66,0
101,101,18787.0,66,0
102,102,18787.0,66,0
103,103,18779.0,74,0
104,104,18771.0,82,0
105,105,18771.0,82,0
106,106,18769.0,84,0
107,107,18765.0,88,0
108,108,18764.0,89,0
109,109,18763.0,90,0
110,110,18760.0,93,0
111,111,18754.0,99,0
112,112,18754.0,99,0
113,113,18752.0,101,0
114,114,18749.0,104,0
115,115,18748.0,105,0
116,116,18748.0,105,0
117,117,18745.0,108,0
118,118,18742.0,110,1
119,119,18735.0,117,1
120,120,18729.0,123,1
121,121,18727.0,125,1
122,122,18725.0,127,1
123,123,18725.0,127,1
124,124,18721.0,131,1
125,125,18712.0,140,1
126,126,18711.0,141,1
127,127,18709.0,143,1
128,128,18692.0,159,2
