,Days,S,I,D
0,0,8278.0,0,0
1,1,8278.0,0,0
2,2,8278.0,0,0
3,3,8278.0,0,0
4,4,8278.0,0,0
5,5,8278.0,0,0
6,6,8278.0,0,0
7,7,8278.0,0,0
8,8,8278.0,0,0
9,9,8278.0,0,0
10,10,8278.0,0,0
11,11,8278.0,0,0
12,12,8278.0,0,0
13,13,8278.0,0,0
14,14,8278.0,0,0
15,15,8278.0,0,0
16,16,8278.0,0,0
17,17,8278.0,0,0
18,18,8278.0,0,0
19,19,8278.0,0,0
20,20,8278.0,0,0
21,21,8278.0,0,0
22,22,8278.0,0,0
23,23,8278.0,0,0
24,24,8278.0,0,0
25,25,8278.0,0,0
26,26,8278.0,0,0
27,27,8278.0,0,0
28,28,8278.0,0,0
29,29,8278.0,0,0
30,30,8278.0,0,0
31,31,8278.0,0,0
32,32,8278.0,0,0
33,33,8278.0,0,0
34,34,8278.0,0,0
35,35,8278.0,0,0
36,36,8278.0,0,0
37,37,8278.0,0,0
38,38,8278.0,0,0
39,39,8278.0,0,0
40,40,8278.0,0,0
41,41,8278.0,0,0
42,42,8278.0,0,0
43,43,8278.0,0,0
44,44,8278.0,0,0
45,45,8278.0,0,0
46,46,8278.0,0,0
47,47,8278.0,0,0
48,48,8278.0,0,0
49,49,8278.0,0,0
50,50,8278.0,0,0
51,51,8278.0,0,0
52,52,8278.0,0,0
53,53,8278.0,0,0
54,54,8278.0,0,0
55,55,8278.0,0,0
56,56,8278.0,0,0
57,57,8278.0,0,0
58,58,8278.0,0,0
59,59,8278.0,0,0
60,60,8278.0,0,0
61,61,8278.0,0,0
62,62,8278.0,0,0
63,63,8275.0,3,0
64,64,8274.0,4,0
65,65,8274.0,4,0
66,66,8274.0,4,0
67,67,8273.0,5,0
68,68,8272.0,6,0
69,69,8272.0,6,0
70,70,8271.0,7,0
71,71,8271.0,7,0
72,72,8271.0,7,0
73,73,8270.0,8,0
74,74,8269.0,8,1
75,75,8269.0,8,1
76,76,8268.0,9,1
77,77,8268.0,9,1
78,78,8268.0,9,1
79,79,8268.0,9,1
80,80,8267.0,10,1
81,81,8267.0,10,1
82,82,8266.0,11,1
83,83,8266.0,11,1
84,84,8266.0,11,1
85,85,8266.0,11,1
86,86,8266.0,11,1
87,87,8266.0,11,1
88,88,8265.0,12,1
89,89,8264.0,13,1
90,90,8264.0,13,1
91,91,8264.0,13,1
92,92,8264.0,13,1
93,93,8264.0,13,1
94,94,8264.0,13,1
95,95,8264.0,13,1
96,96,8264.0,13,1
97,97,8264.0,13,1
98,98,8264.0,13,1
99,99,8264.0,13,1
100,100,8264.0,13,1
101,101,8264.0,13,1
102,102,8264.0,13,1
103,103,8263.0,14,1
104,104,8263.0,14,1
105,105,8262.0,14,2
106,106,8262.0,14,2
107,107,8261.0,15,2
108,108,8261.0,15,2
109,109,8260.0,16,2
110,110,8260.0,16,2
111,111,8260.0,16,2
112,112,8259.0,17,2
113,113,8258.0,18,2
114,114,8257.0,19,2
115,115,8256.0,20,2
116,116,8254.0,22,2
117,117,8253.0,23,2
118,118,8253.0,23,2
119,119,8252.0,24,2
120,120,8249.0,27,2
121,121,8247.0,29,2
122,122,8247.0,29,2
123,123,8247.0,29,2
124,124,8244.0,32,2
125,125,8243.0,33,2
126,126,8242.0,34,2
127,127,8242.0,34,2
128,128,8237.0,39,2
