,Days,S,I,D
0,0,11234.0,0,0
1,1,11234.0,0,0
2,2,11234.0,0,0
3,3,11234.0,0,0
4,4,11234.0,0,0
5,5,11234.0,0,0
6,6,11234.0,0,0
7,7,11234.0,0,0
8,8,11234.0,0,0
9,9,11234.0,0,0
10,10,11234.0,0,0
11,11,11234.0,0,0
12,12,11234.0,0,0
13,13,11234.0,0,0
14,14,11234.0,0,0
15,15,11234.0,0,0
16,16,11234.0,0,0
17,17,11234.0,0,0
18,18,11234.0,0,0
19,19,11234.0,0,0
20,20,11234.0,0,0
21,21,11234.0,0,0
22,22,11234.0,0,0
23,23,11234.0,0,0
24,24,11234.0,0,0
25,25,11234.0,0,0
26,26,11234.0,0,0
27,27,11234.0,0,0
28,28,11234.0,0,0
29,29,11234.0,0,0
30,30,11234.0,0,0
31,31,11234.0,0,0
32,32,11234.0,0,0
33,33,11234.0,0,0
34,34,11234.0,0,0
35,35,11234.0,0,0
36,36,11234.0,0,0
37,37,11234.0,0,0
38,38,11234.0,0,0
39,39,11234.0,0,0
40,40,11234.0,0,0
41,41,11234.0,0,0
42,42,11234.0,0,0
43,43,11234.0,0,0
44,44,11234.0,0,0
45,45,11234.0,0,0
46,46,11234.0,0,0
47,47,11234.0,0,0
48,48,11234.0,0,0
49,49,11234.0,0,0
50,50,11234.0,0,0
51,51,11234.0,0,0
52,52,11234.0,0,0
53,53,11234.0,0,0
54,54,11234.0,0,0
55,55,11234.0,0,0
56,56,11234.0,0,0
57,57,11234.0,0,0
58,58,11234.0,0,0
59,59,11234.0,0,0
60,60,11234.0,0,0
61,61,11234.0,0,0
62,62,11234.0,0,0
63,63,11234.0,0,0
64,64,11234.0,0,0
65,65,11234.0,0,0
66,66,11234.0,0,0
67,67,11234.0,0,0
68,68,11234.0,0,0
69,69,11234.0,0,0
70,70,11234.0,0,0
71,71,11234.0,0,0
72,72,11234.0,0,0
73,73,11234.0,0,0
74,74,11234.0,0,0
75,75,11234.0,0,0
76,76,11234.0,0,0
77,77,11234.0,0,0
78,78,11230.0,4,0
79,79,11229.0,5,0
80,80,11229.0,5,0
81,81,11229.0,5,0
82,82,11229.0,5,0
83,83,11227.0,6,1
84,84,11226.0,7,1
85,85,11226.0,7,1
86,86,11225.0,8,1
87,87,11225.0,8,1
88,88,11225.0,8,1
89,89,11223.0,10,1
90,90,11221.0,12,1
91,91,11221.0,12,1
92,92,11220.0,13,1
93,93,11214.0,19,1
94,94,11211.0,22,1
95,95,11208.0,25,1
96,96,11206.0,27,1
97,97,11204.0,29,1
98,98,11202.0,31,1
99,99,11201.0,32,1
100,100,11198.0,35,1
101,101,11195.0,38,1
102,102,11193.0,40,1
103,103,11190.0,43,1
104,104,11188.0,45,1
105,105,11188.0,45,1
106,106,11186.0,47,1
107,107,11182.0,51,1
108,108,11180.0,53,1
109,109,11180.0,53,1
110,110,11178.0,55,1
111,111,11175.0,58,1
112,112,11173.0,60,1
113,113,11170.0,63,1
114,114,11166.0,67,1
115,115,11164.0,68,2
116,116,11164.0,68,2
117,117,11164.0,68,2
118,118,11163.0,69,2
119,119,11163.0,69,2
120,120,11163.0,69,2
121,121,11163.0,69,2
122,122,11162.0,70,2
123,123,11161.0,71,2
124,124,11161.0,71,2
125,125,11158.0,74,2
126,126,11157.0,75,2
127,127,11155.0,77,2
128,128,11155.0,77,2
