,Days,S,I,D
0,0,21012.0,0,0
1,1,21012.0,0,0
2,2,21012.0,0,0
3,3,21012.0,0,0
4,4,21012.0,0,0
5,5,21012.0,0,0
6,6,21012.0,0,0
7,7,21012.0,0,0
8,8,21012.0,0,0
9,9,21012.0,0,0
10,10,21012.0,0,0
11,11,21012.0,0,0
12,12,21012.0,0,0
13,13,21012.0,0,0
14,14,21012.0,0,0
15,15,21012.0,0,0
16,16,21012.0,0,0
17,17,21012.0,0,0
18,18,21012.0,0,0
19,19,21012.0,0,0
20,20,21012.0,0,0
21,21,21012.0,0,0
22,22,21012.0,0,0
23,23,21012.0,0,0
24,24,21012.0,0,0
25,25,21012.0,0,0
26,26,21012.0,0,0
27,27,21012.0,0,0
28,28,21012.0,0,0
29,29,21012.0,0,0
30,30,21012.0,0,0
31,31,21012.0,0,0
32,32,21012.0,0,0
33,33,21012.0,0,0
34,34,21012.0,0,0
35,35,21012.0,0,0
36,36,21012.0,0,0
37,37,21012.0,0,0
38,38,21012.0,0,0
39,39,21012.0,0,0
40,40,21012.0,0,0
41,41,21012.0,0,0
42,42,21012.0,0,0
43,43,21012.0,0,0
44,44,21012.0,0,0
45,45,21012.0,0,0
46,46,21012.0,0,0
47,47,21012.0,0,0
48,48,21012.0,0,0
49,49,21012.0,0,0
50,50,21012.0,0,0
51,51,21012.0,0,0
52,52,21012.0,0,0
53,53,21012.0,0,0
54,54,21012.0,0,0
55,55,21012.0,0,0
56,56,21012.0,0,0
57,57,21012.0,0,0
58,58,21012.0,0,0
59,59,21012.0,0,0
60,60,21012.0,0,0
61,61,21012.0,0,0
62,62,21012.0,0,0
63,63,21012.0,0,0
64,64,21012.0,0,0
65,65,21009.0,3,0
66,66,21009.0,3,0
67,67,21009.0,3,0
68,68,21009.0,3,0
69,69,21009.0,3,0
70,70,21009.0,3,0
71,71,21008.0,4,0
72,72,21007.0,5,0
73,73,21006.0,6,0
74,74,21006.0,6,0
75,75,21004.0,8,0
76,76,21002.0,10,0
77,77,21002.0,10,0
78,78,21003.0,9,0
79,79,21003.0,9,0
80,80,21002.0,10,0
81,81,21002.0,10,0
82,82,21002.0,10,0
83,83,21000.0,12,0
84,84,21000.0,12,0
85,85,21000.0,12,0
86,86,21000.0,12,0
87,87,20999.0,13,0
88,88,20999.0,13,0
89,89,20999.0,13,0
90,90,20998.0,14,0
91,91,20998.0,14,0
92,92,20998.0,14,0
93,93,20997.0,15,0
94,94,20997.0,15,0
95,95,20997.0,15,0
96,96,20997.0,15,0
97,97,20997.0,15,0
98,98,20997.0,15,0
99,99,20996.0,16,0
100,100,20995.0,17,0
101,101,20993.0,19,0
102,102,20993.0,19,0
103,103,20990.0,22,0
104,104,20990.0,22,0
105,105,20990.0,22,0
106,106,20979.0,33,0
107,107,20979.0,33,0
108,108,20978.0,33,1
109,109,20977.0,34,1
110,110,20975.0,36,1
111,111,20974.0,37,1
112,112,20974.0,37,1
113,113,20971.0,40,1
114,114,20971.0,40,1
115,115,20967.0,44,1
116,116,20966.0,45,1
117,117,20961.0,50,1
118,118,20960.0,50,2
119,119,20960.0,50,2
120,120,20954.0,56,2
121,121,20952.0,58,2
122,122,20946.0,64,2
123,123,20945.0,65,2
124,124,20945.0,65,2
125,125,20944.0,66,2
126,126,20944.0,66,2
127,127,20942.0,68,2
128,128,20940.0,70,2
