,Days,S,I,D
0,0,33190.0,0,0
1,1,33190.0,0,0
2,2,33190.0,0,0
3,3,33190.0,0,0
4,4,33190.0,0,0
5,5,33190.0,0,0
6,6,33190.0,0,0
7,7,33190.0,0,0
8,8,33190.0,0,0
9,9,33190.0,0,0
10,10,33190.0,0,0
11,11,33190.0,0,0
12,12,33190.0,0,0
13,13,33190.0,0,0
14,14,33190.0,0,0
15,15,33190.0,0,0
16,16,33190.0,0,0
17,17,33190.0,0,0
18,18,33190.0,0,0
19,19,33190.0,0,0
20,20,33190.0,0,0
21,21,33190.0,0,0
22,22,33190.0,0,0
23,23,33190.0,0,0
24,24,33190.0,0,0
25,25,33190.0,0,0
26,26,33190.0,0,0
27,27,33190.0,0,0
28,28,33190.0,0,0
29,29,33190.0,0,0
30,30,33190.0,0,0
31,31,33190.0,0,0
32,32,33190.0,0,0
33,33,33190.0,0,0
34,34,33190.0,0,0
35,35,33190.0,0,0
36,36,33190.0,0,0
37,37,33190.0,0,0
38,38,33190.0,0,0
39,39,33190.0,0,0
40,40,33190.0,0,0
41,41,33190.0,0,0
42,42,33190.0,0,0
43,43,33190.0,0,0
44,44,33190.0,0,0
45,45,33190.0,0,0
46,46,33190.0,0,0
47,47,33190.0,0,0
48,48,33190.0,0,0
49,49,33190.0,0,0
50,50,33190.0,0,0
51,51,33190.0,0,0
52,52,33190.0,0,0
53,53,33190.0,0,0
54,54,33190.0,0,0
55,55,33190.0,0,0
56,56,33190.0,0,0
57,57,33190.0,0,0
58,58,33190.0,0,0
59,59,33190.0,0,0
60,60,33190.0,0,0
61,61,33190.0,0,0
62,62,33190.0,0,0
63,63,33190.0,0,0
64,64,33190.0,0,0
65,65,33190.0,0,0
66,66,33190.0,0,0
67,67,33190.0,0,0
68,68,33190.0,0,0
69,69,33190.0,0,0
70,70,33190.0,0,0
71,71,33190.0,0,0
72,72,33189.0,1,0
73,73,33189.0,1,0
74,74,33189.0,1,0
75,75,33189.0,1,0
76,76,33189.0,1,0
77,77,33189.0,1,0
78,78,33189.0,1,0
79,79,33189.0,1,0
80,80,33189.0,1,0
81,81,33188.0,2,0
82,82,33189.0,1,0
83,83,33189.0,1,0
84,84,33189.0,1,0
85,85,33189.0,1,0
86,86,33189.0,1,0
87,87,33188.0,2,0
88,88,33188.0,2,0
89,89,33188.0,2,0
90,90,33186.0,4,0
91,91,33186.0,4,0
92,92,33186.0,4,0
93,93,33184.0,6,0
94,94,33183.0,7,0
95,95,33180.0,10,0
96,96,33180.0,10,0
97,97,33177.0,13,0
98,98,33170.0,20,0
99,99,33169.0,21,0
100,100,33165.0,25,0
101,101,33163.0,27,0
102,102,33163.0,27,0
103,103,33161.0,29,0
104,104,33156.0,34,0
105,105,33149.0,40,1
106,106,33144.0,45,1
107,107,33139.0,50,1
108,108,33138.0,51,1
109,109,33137.0,52,1
110,110,33135.0,54,1
111,111,33129.0,60,1
112,112,33126.0,63,1
113,113,33122.0,66,2
114,114,33120.0,68,2
115,115,33118.0,70,2
116,116,33117.0,71,2
117,117,33115.0,73,2
118,118,33110.0,78,2
119,119,33107.0,81,2
120,120,33105.0,83,2
121,121,33097.0,91,2
122,122,33097.0,91,2
123,123,33097.0,91,2
124,124,33097.0,91,2
125,125,33097.0,91,2
126,126,33097.0,91,2
127,127,33096.0,92,2
128,128,33093.0,95,2
