,Days,S,I,D
0,0,8013.0,0,0
1,1,8013.0,0,0
2,2,8013.0,0,0
3,3,8013.0,0,0
4,4,8013.0,0,0
5,5,8013.0,0,0
6,6,8013.0,0,0
7,7,8013.0,0,0
8,8,8013.0,0,0
9,9,8013.0,0,0
10,10,8013.0,0,0
11,11,8013.0,0,0
12,12,8013.0,0,0
13,13,8013.0,0,0
14,14,8013.0,0,0
15,15,8013.0,0,0
16,16,8013.0,0,0
17,17,8013.0,0,0
18,18,8013.0,0,0
19,19,8013.0,0,0
20,20,8013.0,0,0
21,21,8013.0,0,0
22,22,8013.0,0,0
23,23,8013.0,0,0
24,24,8013.0,0,0
25,25,8013.0,0,0
26,26,8013.0,0,0
27,27,8013.0,0,0
28,28,8013.0,0,0
29,29,8013.0,0,0
30,30,8013.0,0,0
31,31,8013.0,0,0
32,32,8013.0,0,0
33,33,8013.0,0,0
34,34,8013.0,0,0
35,35,8013.0,0,0
36,36,8013.0,0,0
37,37,8013.0,0,0
38,38,8013.0,0,0
39,39,8013.0,0,0
40,40,8013.0,0,0
41,41,8013.0,0,0
42,42,8013.0,0,0
43,43,8013.0,0,0
44,44,8013.0,0,0
45,45,8013.0,0,0
46,46,8013.0,0,0
47,47,8013.0,0,0
48,48,8013.0,0,0
49,49,8013.0,0,0
50,50,8013.0,0,0
51,51,8013.0,0,0
52,52,8013.0,0,0
53,53,8013.0,0,0
54,54,8013.0,0,0
55,55,8013.0,0,0
56,56,8013.0,0,0
57,57,8013.0,0,0
58,58,8013.0,0,0
59,59,8013.0,0,0
60,60,8013.0,0,0
61,61,8013.0,0,0
62,62,8013.0,0,0
63,63,8013.0,0,0
64,64,8013.0,0,0
65,65,8013.0,0,0
66,66,8013.0,0,0
67,67,8013.0,0,0
68,68,8013.0,0,0
69,69,8012.0,1,0
70,70,8012.0,1,0
71,71,8012.0,1,0
72,72,8010.0,3,0
73,73,8009.0,4,0
74,74,8009.0,4,0
75,75,8009.0,4,0
76,76,8009.0,4,0
77,77,8008.0,5,0
78,78,8007.0,6,0
79,79,8007.0,6,0
80,80,8007.0,6,0
81,81,8007.0,6,0
82,82,8006.0,7,0
83,83,8006.0,7,0
84,84,8006.0,7,0
85,85,8004.0,9,0
86,86,8004.0,9,0
87,87,8001.0,12,0
88,88,8001.0,12,0
89,89,8001.0,12,0
90,90,8001.0,12,0
91,91,7999.0,14,0
92,92,7998.0,15,0
93,93,7997.0,16,0
94,94,7997.0,16,0
95,95,7997.0,16,0
96,96,7997.0,16,0
97,97,7995.0,18,0
98,98,7994.0,19,0
99,99,7993.0,20,0
100,100,7989.0,23,1
101,101,7989.0,23,1
102,102,7989.0,23,1
103,103,7989.0,23,1
104,104,7989.0,23,1
105,105,7989.0,23,1
106,106,7989.0,23,1
107,107,7989.0,23,1
108,108,7987.0,25,1
109,109,7986.0,26,1
110,110,7986.0,26,1
111,111,7986.0,26,1
112,112,7987.0,25,1
113,113,7986.0,26,1
114,114,7985.0,27,1
115,115,7985.0,27,1
116,116,7983.0,29,1
117,117,7980.0,32,1
118,118,7980.0,32,1
119,119,7980.0,32,1
120,120,7978.0,34,1
121,121,7978.0,34,1
122,122,7974.0,38,1
123,123,7974.0,38,1
124,124,7973.0,39,1
125,125,7973.0,39,1
126,126,7973.0,39,1
127,127,7970.0,41,2
128,128,7969.0,42,2
