,Days,S,I,D
0,0,38012.0,0,0
1,1,38012.0,0,0
2,2,38012.0,0,0
3,3,38012.0,0,0
4,4,38012.0,0,0
5,5,38012.0,0,0
6,6,38012.0,0,0
7,7,38012.0,0,0
8,8,38012.0,0,0
9,9,38012.0,0,0
10,10,38012.0,0,0
11,11,38012.0,0,0
12,12,38012.0,0,0
13,13,38012.0,0,0
14,14,38012.0,0,0
15,15,38012.0,0,0
16,16,38012.0,0,0
17,17,38012.0,0,0
18,18,38012.0,0,0
19,19,38012.0,0,0
20,20,38012.0,0,0
21,21,38012.0,0,0
22,22,38012.0,0,0
23,23,38012.0,0,0
24,24,38012.0,0,0
25,25,38012.0,0,0
26,26,38012.0,0,0
27,27,38012.0,0,0
28,28,38012.0,0,0
29,29,38012.0,0,0
30,30,38012.0,0,0
31,31,38012.0,0,0
32,32,38012.0,0,0
33,33,38012.0,0,0
34,34,38012.0,0,0
35,35,38012.0,0,0
36,36,38012.0,0,0
37,37,38012.0,0,0
38,38,38012.0,0,0
39,39,38012.0,0,0
40,40,38012.0,0,0
41,41,38012.0,0,0
42,42,38012.0,0,0
43,43,38012.0,0,0
44,44,38012.0,0,0
45,45,38012.0,0,0
46,46,38012.0,0,0
47,47,38012.0,0,0
48,48,38012.0,0,0
49,49,38012.0,0,0
50,50,38012.0,0,0
51,51,38012.0,0,0
52,52,38012.0,0,0
53,53,38012.0,0,0
54,54,38012.0,0,0
55,55,38012.0,0,0
56,56,38012.0,0,0
57,57,38012.0,0,0
58,58,38012.0,0,0
59,59,38012.0,0,0
60,60,38012.0,0,0
61,61,38012.0,0,0
62,62,38012.0,0,0
63,63,38012.0,0,0
64,64,38012.0,0,0
65,65,38012.0,0,0
66,66,38012.0,0,0
67,67,38012.0,0,0
68,68,38012.0,0,0
69,69,38012.0,0,0
70,70,38012.0,0,0
71,71,38012.0,0,0
72,72,38011.0,1,0
73,73,38012.0,0,0
74,74,38011.0,1,0
75,75,38011.0,1,0
76,76,38009.0,3,0
77,77,38008.0,4,0
78,78,38007.0,5,0
79,79,38004.0,8,0
80,80,38004.0,8,0
81,81,38004.0,8,0
82,82,37998.0,13,1
83,83,37997.0,14,1
84,84,37996.0,15,1
85,85,37993.0,18,1
86,86,37994.0,17,1
87,87,37993.0,18,1
88,88,37993.0,18,1
89,89,37993.0,18,1
90,90,37993.0,18,1
91,91,37993.0,18,1
92,92,37991.0,20,1
93,93,37991.0,20,1
94,94,37991.0,20,1
95,95,37991.0,20,1
96,96,37990.0,21,1
97,97,37989.0,22,1
98,98,37989.0,22,1
99,99,37989.0,22,1
100,100,37989.0,22,1
101,101,37989.0,22,1
102,102,37989.0,22,1
103,103,37989.0,22,1
104,104,37989.0,22,1
105,105,37989.0,22,1
106,106,37989.0,22,1
107,107,37989.0,22,1
108,108,37989.0,22,1
109,109,37989.0,22,1
110,110,37989.0,22,1
111,111,37989.0,22,1
112,112,37987.0,23,2
113,113,37987.0,23,2
114,114,37987.0,23,2
115,115,37987.0,23,2
116,116,37987.0,23,2
117,117,37987.0,23,2
118,118,37987.0,23,2
119,119,37987.0,23,2
120,120,37986.0,24,2
121,121,37986.0,24,2
122,122,37986.0,24,2
123,123,37986.0,24,2
124,124,37986.0,24,2
125,125,37986.0,24,2
126,126,37986.0,24,2
127,127,37986.0,24,2
128,128,37986.0,24,2
