,Days,S,I,D
0,0,40693.0,0,0
1,1,40693.0,0,0
2,2,40693.0,0,0
3,3,40693.0,0,0
4,4,40693.0,0,0
5,5,40693.0,0,0
6,6,40693.0,0,0
7,7,40693.0,0,0
8,8,40693.0,0,0
9,9,40693.0,0,0
10,10,40693.0,0,0
11,11,40693.0,0,0
12,12,40693.0,0,0
13,13,40693.0,0,0
14,14,40693.0,0,0
15,15,40693.0,0,0
16,16,40693.0,0,0
17,17,40693.0,0,0
18,18,40693.0,0,0
19,19,40693.0,0,0
20,20,40693.0,0,0
21,21,40693.0,0,0
22,22,40693.0,0,0
23,23,40693.0,0,0
24,24,40693.0,0,0
25,25,40693.0,0,0
26,26,40693.0,0,0
27,27,40693.0,0,0
28,28,40693.0,0,0
29,29,40693.0,0,0
30,30,40693.0,0,0
31,31,40693.0,0,0
32,32,40693.0,0,0
33,33,40693.0,0,0
34,34,40693.0,0,0
35,35,40693.0,0,0
36,36,40693.0,0,0
37,37,40693.0,0,0
38,38,40693.0,0,0
39,39,40693.0,0,0
40,40,40693.0,0,0
41,41,40693.0,0,0
42,42,40693.0,0,0
43,43,40693.0,0,0
44,44,40693.0,0,0
45,45,40693.0,0,0
46,46,40693.0,0,0
47,47,40693.0,0,0
48,48,40693.0,0,0
49,49,40693.0,0,0
50,50,40693.0,0,0
51,51,40692.0,1,0
52,52,40693.0,0,0
53,53,40693.0,0,0
54,54,40693.0,0,0
55,55,40693.0,0,0
56,56,40693.0,0,0
57,57,40693.0,0,0
58,58,40693.0,0,0
59,59,40693.0,0,0
60,60,40693.0,0,0
61,61,40692.0,1,0
62,62,40692.0,1,0
63,63,40691.0,2,0
64,64,40691.0,2,0
65,65,40689.0,4,0
66,66,40689.0,4,0
67,67,40689.0,4,0
68,68,40689.0,4,0
69,69,40689.0,4,0
70,70,40689.0,4,0
71,71,40686.0,7,0
72,72,40684.0,9,0
73,73,40681.0,12,0
74,74,40681.0,12,0
75,75,40680.0,13,0
76,76,40678.0,15,0
77,77,40678.0,15,0
78,78,40674.0,19,0
79,79,40673.0,20,0
80,80,40673.0,20,0
81,81,40673.0,20,0
82,82,40672.0,21,0
83,83,40671.0,22,0
84,84,40671.0,22,0
85,85,40671.0,22,0
86,86,40671.0,22,0
87,87,40669.0,24,0
88,88,40666.0,27,0
89,89,40665.0,28,0
90,90,40663.0,29,1
91,91,40663.0,29,1
92,92,40661.0,31,1
93,93,40660.0,32,1
94,94,40659.0,33,1
95,95,40659.0,33,1
96,96,40659.0,33,1
97,97,40659.0,33,1
98,98,40658.0,34,1
99,99,40657.0,35,1
100,100,40657.0,35,1
101,101,40655.0,37,1
102,102,40655.0,37,1
103,103,40655.0,37,1
104,104,40655.0,37,1
105,105,40655.0,37,1
106,106,40654.0,38,1
107,107,40653.0,39,1
108,108,40653.0,39,1
109,109,40653.0,39,1
110,110,40653.0,39,1
111,111,40651.0,41,1
112,112,40651.0,41,1
113,113,40649.0,43,1
114,114,40649.0,43,1
115,115,40648.0,44,1
116,116,40648.0,44,1
117,117,40648.0,44,1
118,118,40648.0,44,1
119,119,40647.0,45,1
120,120,40647.0,45,1
121,121,40645.0,46,2
122,122,40645.0,46,2
123,123,40645.0,46,2
124,124,40643.0,48,2
125,125,40643.0,48,2
126,126,40643.0,48,2
127,127,40641.0,50,2
128,128,40640.0,51,2
