,Days,S,I,D
0,0,550210.0,0,0
1,1,550210.0,0,0
2,2,550210.0,0,0
3,3,550210.0,0,0
4,4,550210.0,0,0
5,5,550210.0,0,0
6,6,550210.0,0,0
7,7,550210.0,0,0
8,8,550210.0,0,0
9,9,550210.0,0,0
10,10,550210.0,0,0
11,11,550210.0,0,0
12,12,550210.0,0,0
13,13,550210.0,0,0
14,14,550210.0,0,0
15,15,550210.0,0,0
16,16,550210.0,0,0
17,17,550210.0,0,0
18,18,550210.0,0,0
19,19,550210.0,0,0
20,20,550210.0,0,0
21,21,550210.0,0,0
22,22,550210.0,0,0
23,23,550210.0,0,0
24,24,550210.0,0,0
25,25,550210.0,0,0
26,26,550210.0,0,0
27,27,550210.0,0,0
28,28,550210.0,0,0
29,29,550210.0,0,0
30,30,550210.0,0,0
31,31,550210.0,0,0
32,32,550210.0,0,0
33,33,550210.0,0,0
34,34,550210.0,0,0
35,35,550210.0,0,0
36,36,550210.0,0,0
37,37,550210.0,0,0
38,38,550210.0,0,0
39,39,550210.0,0,0
40,40,550210.0,0,0
41,41,550210.0,0,0
42,42,550210.0,0,0
43,43,550210.0,0,0
44,44,550209.0,1,0
45,45,550209.0,1,0
46,46,550209.0,1,0
47,47,550209.0,1,0
48,48,550209.0,1,0
49,49,550208.0,2,0
50,50,550207.0,3,0
51,51,550207.0,3,0
52,52,550206.0,4,0
53,53,550206.0,4,0
54,54,550204.0,6,0
55,55,550204.0,6,0
56,56,550204.0,6,0
57,57,550198.0,12,0
58,58,550193.0,16,1
59,59,550192.0,17,1
60,60,550191.0,18,1
61,61,550185.0,24,1
62,62,550183.0,26,1
63,63,550182.0,27,1
64,64,550176.0,32,2
65,65,550174.0,34,2
66,66,550166.0,42,2
67,67,550162.0,46,2
68,68,550158.0,50,2
69,69,550152.0,56,2
70,70,550142.0,66,2
71,71,550141.0,67,2
72,72,550137.0,71,2
73,73,550129.0,79,2
74,74,550117.0,91,2
75,75,550111.0,96,3
76,76,550106.0,101,3
77,77,550095.0,112,3
78,78,550084.0,121,5
79,79,550084.0,121,5
80,80,550072.0,132,6
81,81,550052.0,152,6
82,82,550052.0,152,6
83,83,550050.0,153,7
84,84,550039.0,164,7
85,85,550024.0,177,9
86,86,550023.0,178,9
87,87,550009.0,192,9
88,88,550005.0,196,9
89,89,549998.0,202,10
90,90,549984.0,215,11
91,91,549980.0,219,11
92,92,549961.0,235,14
93,93,549945.0,247,18
94,94,549929.0,261,20
95,95,549912.0,278,20
96,96,549891.0,297,22
97,97,549871.0,317,22
98,98,549854.0,332,24
99,99,549810.0,374,26
100,100,549776.0,405,29
101,101,549726.0,453,31
102,102,549683.0,493,34
103,103,549641.0,535,34
104,104,549590.0,583,37
105,105,549516.0,656,38
106,106,549454.0,717,39
107,107,549368.0,800,42
108,108,549292.0,875,43
109,109,549245.0,920,45
110,110,549177.0,986,47
111,111,549109.0,1052,49
112,112,549031.0,1124,55
113,113,548987.0,1167,56
114,114,548862.0,1287,61
115,115,548727.0,1416,67
116,116,548609.0,1530,71
117,117,548513.0,1625,72
118,118,548416.0,1720,74
119,119,548284.0,1846,80
120,120,548199.0,1925,86
121,121,548099.0,2018,93
122,122,547952.0,2164,94
123,123,547797.0,2316,97
124,124,547676.0,2437,97
125,125,547561.0,2551,98
126,126,547497.0,2610,103
127,127,547402.0,2698,110
128,128,547305.0,2790,115
