,Days,S,I,D
0,0,197683.0,0,0
1,1,197683.0,0,0
2,2,197683.0,0,0
3,3,197683.0,0,0
4,4,197683.0,0,0
5,5,197683.0,0,0
6,6,197683.0,0,0
7,7,197683.0,0,0
8,8,197683.0,0,0
9,9,197683.0,0,0
10,10,197683.0,0,0
11,11,197683.0,0,0
12,12,197683.0,0,0
13,13,197683.0,0,0
14,14,197683.0,0,0
15,15,197683.0,0,0
16,16,197683.0,0,0
17,17,197683.0,0,0
18,18,197683.0,0,0
19,19,197683.0,0,0
20,20,197683.0,0,0
21,21,197683.0,0,0
22,22,197683.0,0,0
23,23,197683.0,0,0
24,24,197683.0,0,0
25,25,197683.0,0,0
26,26,197683.0,0,0
27,27,197683.0,0,0
28,28,197683.0,0,0
29,29,197683.0,0,0
30,30,197683.0,0,0
31,31,197683.0,0,0
32,32,197683.0,0,0
33,33,197683.0,0,0
34,34,197683.0,0,0
35,35,197683.0,0,0
36,36,197683.0,0,0
37,37,197683.0,0,0
38,38,197683.0,0,0
39,39,197683.0,0,0
40,40,197683.0,0,0
41,41,197683.0,0,0
42,42,197683.0,0,0
43,43,197683.0,0,0
44,44,197683.0,0,0
45,45,197683.0,0,0
46,46,197683.0,0,0
47,47,197683.0,0,0
48,48,197683.0,0,0
49,49,197682.0,1,0
50,50,197682.0,1,0
51,51,197682.0,1,0
52,52,197682.0,1,0
53,53,197682.0,1,0
54,54,197682.0,1,0
55,55,197682.0,1,0
56,56,197682.0,1,0
57,57,197682.0,1,0
58,58,197682.0,1,0
59,59,197682.0,1,0
60,60,197682.0,1,0
61,61,197682.0,1,0
62,62,197680.0,3,0
63,63,197680.0,3,0
64,64,197679.0,4,0
65,65,197679.0,4,0
66,66,197679.0,4,0
67,67,197679.0,4,0
68,68,197677.0,6,0
69,69,197675.0,7,1
70,70,197675.0,7,1
71,71,197674.0,8,1
72,72,197673.0,9,1
73,73,197669.0,13,1
74,74,197666.0,16,1
75,75,197664.0,18,1
76,76,197659.0,23,1
77,77,197659.0,23,1
78,78,197658.0,24,1
79,79,197656.0,26,1
80,80,197654.0,28,1
81,81,197653.0,29,1
82,82,197653.0,29,1
83,83,197653.0,29,1
84,84,197653.0,29,1
85,85,197651.0,31,1
86,86,197650.0,32,1
87,87,197649.0,33,1
88,88,197649.0,33,1
89,89,197649.0,33,1
90,90,197649.0,33,1
91,91,197649.0,33,1
92,92,197649.0,33,1
93,93,197642.0,40,1
94,94,197640.0,42,1
95,95,197640.0,42,1
96,96,197639.0,43,1
97,97,197639.0,43,1
98,98,197639.0,43,1
99,99,197637.0,45,1
100,100,197636.0,46,1
101,101,197632.0,50,1
102,102,197632.0,50,1
103,103,197631.0,50,2
104,104,197630.0,51,2
105,105,197629.0,52,2
106,106,197628.0,53,2
107,107,197628.0,53,2
108,108,197628.0,53,2
109,109,197628.0,53,2
110,110,197627.0,54,2
111,111,197623.0,58,2
112,112,197622.0,59,2
113,113,197618.0,63,2
114,114,197614.0,67,2
115,115,197611.0,70,2
116,116,197610.0,71,2
117,117,197606.0,75,2
118,118,197602.0,79,2
119,119,197602.0,79,2
120,120,197600.0,81,2
121,121,197598.0,83,2
122,122,197587.0,94,2
123,123,197585.0,96,2
124,124,197585.0,96,2
125,125,197585.0,96,2
126,126,197584.0,97,2
127,127,197583.0,98,2
128,128,197581.0,100,2
