,Days,S,I,D
0,0,37543.0,0,0
1,1,37543.0,0,0
2,2,37543.0,0,0
3,3,37543.0,0,0
4,4,37543.0,0,0
5,5,37543.0,0,0
6,6,37543.0,0,0
7,7,37543.0,0,0
8,8,37543.0,0,0
9,9,37543.0,0,0
10,10,37543.0,0,0
11,11,37543.0,0,0
12,12,37543.0,0,0
13,13,37543.0,0,0
14,14,37543.0,0,0
15,15,37543.0,0,0
16,16,37543.0,0,0
17,17,37543.0,0,0
18,18,37543.0,0,0
19,19,37543.0,0,0
20,20,37543.0,0,0
21,21,37543.0,0,0
22,22,37543.0,0,0
23,23,37543.0,0,0
24,24,37543.0,0,0
25,25,37543.0,0,0
26,26,37543.0,0,0
27,27,37543.0,0,0
28,28,37543.0,0,0
29,29,37543.0,0,0
30,30,37543.0,0,0
31,31,37543.0,0,0
32,32,37543.0,0,0
33,33,37543.0,0,0
34,34,37543.0,0,0
35,35,37543.0,0,0
36,36,37543.0,0,0
37,37,37543.0,0,0
38,38,37543.0,0,0
39,39,37543.0,0,0
40,40,37543.0,0,0
41,41,37543.0,0,0
42,42,37543.0,0,0
43,43,37543.0,0,0
44,44,37543.0,0,0
45,45,37543.0,0,0
46,46,37543.0,0,0
47,47,37543.0,0,0
48,48,37543.0,0,0
49,49,37543.0,0,0
50,50,37543.0,0,0
51,51,37543.0,0,0
52,52,37543.0,0,0
53,53,37543.0,0,0
54,54,37543.0,0,0
55,55,37543.0,0,0
56,56,37543.0,0,0
57,57,37543.0,0,0
58,58,37543.0,0,0
59,59,37543.0,0,0
60,60,37543.0,0,0
61,61,37543.0,0,0
62,62,37543.0,0,0
63,63,37543.0,0,0
64,64,37543.0,0,0
65,65,37543.0,0,0
66,66,37543.0,0,0
67,67,37542.0,1,0
68,68,37541.0,2,0
69,69,37540.0,3,0
70,70,37540.0,3,0
71,71,37539.0,4,0
72,72,37538.0,5,0
73,73,37537.0,6,0
74,74,37534.0,9,0
75,75,37534.0,9,0
76,76,37534.0,9,0
77,77,37534.0,9,0
78,78,37534.0,9,0
79,79,37533.0,10,0
80,80,37533.0,10,0
81,81,37533.0,10,0
82,82,37533.0,10,0
83,83,37532.0,11,0
84,84,37531.0,11,1
85,85,37531.0,11,1
86,86,37531.0,11,1
87,87,37531.0,11,1
88,88,37531.0,11,1
89,89,37531.0,11,1
90,90,37531.0,11,1
91,91,37531.0,11,1
92,92,37531.0,11,1
93,93,37531.0,11,1
94,94,37531.0,11,1
95,95,37530.0,12,1
96,96,37530.0,12,1
97,97,37527.0,15,1
98,98,37526.0,16,1
99,99,37526.0,16,1
100,100,37525.0,17,1
101,101,37519.0,23,1
102,102,37519.0,23,1
103,103,37518.0,24,1
104,104,37517.0,25,1
105,105,37515.0,27,1
106,106,37509.0,33,1
107,107,37503.0,39,1
108,108,37493.0,49,1
109,109,37488.0,54,1
110,110,37488.0,54,1
111,111,37482.0,60,1
112,112,37467.0,75,1
113,113,37462.0,80,1
114,114,37450.0,92,1
115,115,37444.0,98,1
116,116,37439.0,103,1
117,117,37433.0,109,1
118,118,37424.0,118,1
119,119,37419.0,123,1
120,120,37418.0,124,1
121,121,37414.0,128,1
122,122,37411.0,131,1
123,123,37410.0,132,1
124,124,37397.0,145,1
125,125,37396.0,146,1
126,126,37392.0,149,2
127,127,37387.0,154,2
128,128,37379.0,162,2
