,Days,S,I,D
0,0,157668.0,0,0
1,1,157668.0,0,0
2,2,157668.0,0,0
3,3,157668.0,0,0
4,4,157668.0,0,0
5,5,157668.0,0,0
6,6,157668.0,0,0
7,7,157668.0,0,0
8,8,157668.0,0,0
9,9,157668.0,0,0
10,10,157668.0,0,0
11,11,157668.0,0,0
12,12,157668.0,0,0
13,13,157668.0,0,0
14,14,157668.0,0,0
15,15,157668.0,0,0
16,16,157668.0,0,0
17,17,157668.0,0,0
18,18,157668.0,0,0
19,19,157668.0,0,0
20,20,157668.0,0,0
21,21,157668.0,0,0
22,22,157668.0,0,0
23,23,157668.0,0,0
24,24,157668.0,0,0
25,25,157668.0,0,0
26,26,157668.0,0,0
27,27,157668.0,0,0
28,28,157668.0,0,0
29,29,157668.0,0,0
30,30,157668.0,0,0
31,31,157668.0,0,0
32,32,157668.0,0,0
33,33,157668.0,0,0
34,34,157668.0,0,0
35,35,157668.0,0,0
36,36,157668.0,0,0
37,37,157668.0,0,0
38,38,157668.0,0,0
39,39,157668.0,0,0
40,40,157668.0,0,0
41,41,157668.0,0,0
42,42,157668.0,0,0
43,43,157668.0,0,0
44,44,157668.0,0,0
45,45,157668.0,0,0
46,46,157668.0,0,0
47,47,157668.0,0,0
48,48,157667.0,1,0
49,49,157667.0,1,0
50,50,157667.0,1,0
51,51,157667.0,1,0
52,52,157667.0,1,0
53,53,157667.0,1,0
54,54,157667.0,1,0
55,55,157667.0,1,0
56,56,157667.0,1,0
57,57,157667.0,1,0
58,58,157667.0,1,0
59,59,157667.0,1,0
60,60,157667.0,1,0
61,61,157666.0,2,0
62,62,157666.0,2,0
63,63,157666.0,2,0
64,64,157664.0,4,0
65,65,157662.0,6,0
66,66,157662.0,6,0
67,67,157660.0,8,0
68,68,157657.0,11,0
69,69,157655.0,13,0
70,70,157651.0,17,0
71,71,157650.0,17,1
72,72,157649.0,18,1
73,73,157649.0,18,1
74,74,157646.0,21,1
75,75,157642.0,25,1
76,76,157641.0,26,1
77,77,157640.0,27,1
78,78,157633.0,34,1
79,79,157632.0,35,1
80,80,157630.0,37,1
81,81,157630.0,37,1
82,82,157625.0,42,1
83,83,157624.0,43,1
84,84,157624.0,43,1
85,85,157622.0,45,1
86,86,157622.0,45,1
87,87,157622.0,45,1
88,88,157622.0,45,1
89,89,157622.0,45,1
90,90,157622.0,45,1
91,91,157620.0,47,1
92,92,157620.0,47,1
93,93,157620.0,47,1
94,94,157620.0,47,1
95,95,157620.0,47,1
96,96,157620.0,47,1
97,97,157620.0,47,1
98,98,157619.0,48,1
99,99,157618.0,49,1
100,100,157618.0,49,1
101,101,157618.0,49,1
102,102,157616.0,51,1
103,103,157615.0,52,1
104,104,157615.0,52,1
105,105,157615.0,52,1
106,106,157615.0,52,1
107,107,157613.0,54,1
108,108,157613.0,54,1
109,109,157613.0,54,1
110,110,157613.0,54,1
111,111,157612.0,54,2
112,112,157612.0,54,2
113,113,157610.0,56,2
114,114,157609.0,57,2
115,115,157609.0,57,2
116,116,157609.0,57,2
117,117,157609.0,57,2
118,118,157609.0,57,2
119,119,157608.0,58,2
120,120,157606.0,60,2
121,121,157606.0,60,2
122,122,157606.0,60,2
123,123,157606.0,60,2
124,124,157606.0,60,2
125,125,157606.0,60,2
126,126,157606.0,60,2
127,127,157606.0,60,2
128,128,157606.0,60,2
