,Days,S,I,D
0,0,78753.0,0,0
1,1,78753.0,0,0
2,2,78753.0,0,0
3,3,78753.0,0,0
4,4,78753.0,0,0
5,5,78753.0,0,0
6,6,78753.0,0,0
7,7,78753.0,0,0
8,8,78753.0,0,0
9,9,78753.0,0,0
10,10,78753.0,0,0
11,11,78753.0,0,0
12,12,78753.0,0,0
13,13,78753.0,0,0
14,14,78753.0,0,0
15,15,78753.0,0,0
16,16,78753.0,0,0
17,17,78753.0,0,0
18,18,78753.0,0,0
19,19,78753.0,0,0
20,20,78753.0,0,0
21,21,78753.0,0,0
22,22,78753.0,0,0
23,23,78753.0,0,0
24,24,78753.0,0,0
25,25,78753.0,0,0
26,26,78753.0,0,0
27,27,78753.0,0,0
28,28,78753.0,0,0
29,29,78753.0,0,0
30,30,78753.0,0,0
31,31,78753.0,0,0
32,32,78753.0,0,0
33,33,78753.0,0,0
34,34,78753.0,0,0
35,35,78753.0,0,0
36,36,78753.0,0,0
37,37,78753.0,0,0
38,38,78753.0,0,0
39,39,78753.0,0,0
40,40,78753.0,0,0
41,41,78753.0,0,0
42,42,78753.0,0,0
43,43,78753.0,0,0
44,44,78753.0,0,0
45,45,78753.0,0,0
46,46,78753.0,0,0
47,47,78753.0,0,0
48,48,78753.0,0,0
49,49,78753.0,0,0
50,50,78753.0,0,0
51,51,78753.0,0,0
52,52,78753.0,0,0
53,53,78753.0,0,0
54,54,78753.0,0,0
55,55,78753.0,0,0
56,56,78753.0,0,0
57,57,78753.0,0,0
58,58,78753.0,0,0
59,59,78753.0,0,0
60,60,78753.0,0,0
61,61,78753.0,0,0
62,62,78753.0,0,0
63,63,78752.0,1,0
64,64,78750.0,3,0
65,65,78748.0,5,0
66,66,78748.0,5,0
67,67,78748.0,5,0
68,68,78740.0,13,0
69,69,78738.0,15,0
70,70,78738.0,15,0
71,71,78738.0,15,0
72,72,78738.0,15,0
73,73,78737.0,16,0
74,74,78736.0,17,0
75,75,78733.0,20,0
76,76,78733.0,20,0
77,77,78729.0,23,1
78,78,78728.0,24,1
79,79,78726.0,26,1
80,80,78724.0,28,1
81,81,78724.0,28,1
82,82,78722.0,30,1
83,83,78722.0,30,1
84,84,78721.0,31,1
85,85,78719.0,33,1
86,86,78717.0,35,1
87,87,78716.0,36,1
88,88,78716.0,36,1
89,89,78716.0,36,1
90,90,78715.0,37,1
91,91,78712.0,40,1
92,92,78710.0,42,1
93,93,78709.0,43,1
94,94,78709.0,43,1
95,95,78705.0,47,1
96,96,78704.0,48,1
97,97,78704.0,48,1
98,98,78703.0,49,1
99,99,78703.0,49,1
100,100,78703.0,49,1
101,101,78703.0,49,1
102,102,78703.0,49,1
103,103,78703.0,49,1
104,104,78703.0,49,1
105,105,78703.0,49,1
106,106,78703.0,49,1
107,107,78703.0,49,1
108,108,78703.0,49,1
109,109,78702.0,50,1
110,110,78702.0,50,1
111,111,78702.0,50,1
112,112,78701.0,51,1
113,113,78701.0,51,1
114,114,78701.0,51,1
115,115,78698.0,53,2
116,116,78698.0,53,2
117,117,78697.0,54,2
118,118,78697.0,54,2
119,119,78696.0,55,2
120,120,78695.0,56,2
121,121,78694.0,57,2
122,122,78693.0,58,2
123,123,78692.0,59,2
124,124,78689.0,62,2
125,125,78687.0,64,2
126,126,78683.0,68,2
127,127,78681.0,70,2
128,128,78678.0,73,2
