,Days,S,I,D
0,0,25776.0,0,0
1,1,25776.0,0,0
2,2,25776.0,0,0
3,3,25776.0,0,0
4,4,25776.0,0,0
5,5,25776.0,0,0
6,6,25776.0,0,0
7,7,25776.0,0,0
8,8,25776.0,0,0
9,9,25776.0,0,0
10,10,25776.0,0,0
11,11,25776.0,0,0
12,12,25776.0,0,0
13,13,25776.0,0,0
14,14,25776.0,0,0
15,15,25776.0,0,0
16,16,25776.0,0,0
17,17,25776.0,0,0
18,18,25776.0,0,0
19,19,25776.0,0,0
20,20,25776.0,0,0
21,21,25776.0,0,0
22,22,25776.0,0,0
23,23,25776.0,0,0
24,24,25776.0,0,0
25,25,25776.0,0,0
26,26,25776.0,0,0
27,27,25776.0,0,0
28,28,25776.0,0,0
29,29,25776.0,0,0
30,30,25776.0,0,0
31,31,25776.0,0,0
32,32,25776.0,0,0
33,33,25776.0,0,0
34,34,25776.0,0,0
35,35,25776.0,0,0
36,36,25776.0,0,0
37,37,25776.0,0,0
38,38,25776.0,0,0
39,39,25776.0,0,0
40,40,25776.0,0,0
41,41,25776.0,0,0
42,42,25776.0,0,0
43,43,25776.0,0,0
44,44,25776.0,0,0
45,45,25776.0,0,0
46,46,25776.0,0,0
47,47,25776.0,0,0
48,48,25776.0,0,0
49,49,25776.0,0,0
50,50,25776.0,0,0
51,51,25776.0,0,0
52,52,25776.0,0,0
53,53,25776.0,0,0
54,54,25776.0,0,0
55,55,25776.0,0,0
56,56,25776.0,0,0
57,57,25776.0,0,0
58,58,25776.0,0,0
59,59,25776.0,0,0
60,60,25776.0,0,0
61,61,25775.0,1,0
62,62,25775.0,1,0
63,63,25775.0,1,0
64,64,25775.0,1,0
65,65,25775.0,1,0
66,66,25775.0,1,0
67,67,25775.0,1,0
68,68,25775.0,1,0
69,69,25775.0,1,0
70,70,25774.0,2,0
71,71,25774.0,2,0
72,72,25774.0,2,0
73,73,25774.0,2,0
74,74,25774.0,2,0
75,75,25774.0,2,0
76,76,25774.0,2,0
77,77,25774.0,2,0
78,78,25774.0,2,0
79,79,25774.0,2,0
80,80,25774.0,2,0
81,81,25774.0,2,0
82,82,25774.0,2,0
83,83,25774.0,2,0
84,84,25772.0,4,0
85,85,25772.0,4,0
86,86,25772.0,4,0
87,87,25772.0,4,0
88,88,25772.0,4,0
89,89,25772.0,4,0
90,90,25772.0,4,0
91,91,25772.0,4,0
92,92,25772.0,4,0
93,93,25772.0,4,0
94,94,25771.0,5,0
95,95,25771.0,5,0
96,96,25771.0,5,0
97,97,25771.0,5,0
98,98,25771.0,5,0
99,99,25771.0,5,0
100,100,25771.0,5,0
101,101,25771.0,5,0
102,102,25769.0,7,0
103,103,25769.0,7,0
104,104,25769.0,7,0
105,105,25769.0,7,0
106,106,25769.0,7,0
107,107,25769.0,7,0
108,108,25769.0,7,0
109,109,25768.0,8,0
110,110,25768.0,8,0
111,111,25768.0,8,0
112,112,25768.0,8,0
113,113,25767.0,9,0
114,114,25767.0,9,0
115,115,25767.0,9,0
116,116,25767.0,9,0
117,117,25766.0,10,0
118,118,25765.0,10,1
119,119,25765.0,10,1
120,120,25764.0,10,2
121,121,25764.0,10,2
122,122,25763.0,11,2
123,123,25763.0,11,2
124,124,25763.0,11,2
125,125,25763.0,11,2
126,126,25763.0,11,2
127,127,25763.0,11,2
128,128,25762.0,12,2
