,Days,S,I,D
0,0,179914.0,0,0
1,1,179914.0,0,0
2,2,179914.0,0,0
3,3,179914.0,0,0
4,4,179914.0,0,0
5,5,179914.0,0,0
6,6,179914.0,0,0
7,7,179914.0,0,0
8,8,179914.0,0,0
9,9,179914.0,0,0
10,10,179914.0,0,0
11,11,179914.0,0,0
12,12,179914.0,0,0
13,13,179914.0,0,0
14,14,179914.0,0,0
15,15,179914.0,0,0
16,16,179914.0,0,0
17,17,179914.0,0,0
18,18,179914.0,0,0
19,19,179914.0,0,0
20,20,179914.0,0,0
21,21,179914.0,0,0
22,22,179914.0,0,0
23,23,179914.0,0,0
24,24,179914.0,0,0
25,25,179914.0,0,0
26,26,179914.0,0,0
27,27,179914.0,0,0
28,28,179914.0,0,0
29,29,179914.0,0,0
30,30,179914.0,0,0
31,31,179914.0,0,0
32,32,179914.0,0,0
33,33,179914.0,0,0
34,34,179914.0,0,0
35,35,179914.0,0,0
36,36,179914.0,0,0
37,37,179914.0,0,0
38,38,179914.0,0,0
39,39,179914.0,0,0
40,40,179914.0,0,0
41,41,179914.0,0,0
42,42,179914.0,0,0
43,43,179914.0,0,0
44,44,179914.0,0,0
45,45,179914.0,0,0
46,46,179914.0,0,0
47,47,179914.0,0,0
48,48,179914.0,0,0
49,49,179914.0,0,0
50,50,179914.0,0,0
51,51,179914.0,0,0
52,52,179914.0,0,0
53,53,179914.0,0,0
54,54,179914.0,0,0
55,55,179914.0,0,0
56,56,179914.0,0,0
57,57,179913.0,1,0
58,58,179913.0,1,0
59,59,179913.0,1,0
60,60,179911.0,3,0
61,61,179911.0,3,0
62,62,179909.0,5,0
63,63,179908.0,6,0
64,64,179906.0,8,0
65,65,179904.0,10,0
66,66,179901.0,13,0
67,67,179899.0,15,0
68,68,179898.0,16,0
69,69,179888.0,26,0
70,70,179888.0,26,0
71,71,179885.0,29,0
72,72,179883.0,31,0
73,73,179879.0,35,0
74,74,179878.0,36,0
75,75,179878.0,36,0
76,76,179870.0,44,0
77,77,179863.0,51,0
78,78,179857.0,57,0
79,79,179853.0,60,1
80,80,179851.0,62,1
81,81,179850.0,63,1
82,82,179848.0,65,1
83,83,179845.0,68,1
84,84,179844.0,69,1
85,85,179833.0,80,1
86,86,179830.0,83,1
87,87,179824.0,89,1
88,88,179820.0,93,1
89,89,179820.0,93,1
90,90,179817.0,96,1
91,91,179814.0,99,1
92,92,179812.0,100,2
93,93,179808.0,104,2
94,94,179802.0,110,2
95,95,179802.0,110,2
96,96,179802.0,110,2
97,97,179797.0,115,2
98,98,179792.0,120,2
99,99,179789.0,123,2
100,100,179788.0,124,2
101,101,179784.0,128,2
102,102,179783.0,129,2
103,103,179777.0,135,2
104,104,179768.0,144,2
105,105,179767.0,145,2
106,106,179760.0,152,2
107,107,179752.0,160,2
108,108,179750.0,162,2
109,109,179747.0,165,2
110,110,179743.0,169,2
111,111,179734.0,178,2
112,112,179730.0,182,2
113,113,179727.0,185,2
114,114,179716.0,196,2
115,115,179710.0,202,2
116,116,179705.0,207,2
117,117,179699.0,213,2
118,118,179691.0,221,2
119,119,179684.0,228,2
120,120,179678.0,234,2
121,121,179666.0,246,2
122,122,179658.0,254,2
123,123,179655.0,257,2
124,124,179648.0,264,2
125,125,179645.0,267,2
126,126,179645.0,267,2
127,127,179639.0,273,2
128,128,179626.0,286,2
