,Days,S,I,D
0,0,17335.0,0,0
1,1,17335.0,0,0
2,2,17335.0,0,0
3,3,17335.0,0,0
4,4,17335.0,0,0
5,5,17335.0,0,0
6,6,17335.0,0,0
7,7,17335.0,0,0
8,8,17335.0,0,0
9,9,17335.0,0,0
10,10,17335.0,0,0
11,11,17335.0,0,0
12,12,17335.0,0,0
13,13,17335.0,0,0
14,14,17335.0,0,0
15,15,17335.0,0,0
16,16,17335.0,0,0
17,17,17335.0,0,0
18,18,17335.0,0,0
19,19,17335.0,0,0
20,20,17335.0,0,0
21,21,17335.0,0,0
22,22,17335.0,0,0
23,23,17335.0,0,0
24,24,17335.0,0,0
25,25,17335.0,0,0
26,26,17335.0,0,0
27,27,17335.0,0,0
28,28,17335.0,0,0
29,29,17335.0,0,0
30,30,17335.0,0,0
31,31,17335.0,0,0
32,32,17335.0,0,0
33,33,17335.0,0,0
34,34,17335.0,0,0
35,35,17335.0,0,0
36,36,17335.0,0,0
37,37,17335.0,0,0
38,38,17335.0,0,0
39,39,17335.0,0,0
40,40,17335.0,0,0
41,41,17335.0,0,0
42,42,17335.0,0,0
43,43,17335.0,0,0
44,44,17335.0,0,0
45,45,17335.0,0,0
46,46,17335.0,0,0
47,47,17335.0,0,0
48,48,17335.0,0,0
49,49,17335.0,0,0
50,50,17335.0,0,0
51,51,17335.0,0,0
52,52,17335.0,0,0
53,53,17335.0,0,0
54,54,17335.0,0,0
55,55,17335.0,0,0
56,56,17335.0,0,0
57,57,17335.0,0,0
58,58,17335.0,0,0
59,59,17335.0,0,0
60,60,17335.0,0,0
61,61,17335.0,0,0
62,62,17335.0,0,0
63,63,17335.0,0,0
64,64,17335.0,0,0
65,65,17335.0,0,0
66,66,17335.0,0,0
67,67,17335.0,0,0
68,68,17333.0,2,0
69,69,17333.0,2,0
70,70,17333.0,2,0
71,71,17333.0,2,0
72,72,17333.0,2,0
73,73,17333.0,2,0
74,74,17332.0,3,0
75,75,17330.0,5,0
76,76,17329.0,6,0
77,77,17328.0,7,0
78,78,17325.0,9,1
79,79,17322.0,12,1
80,80,17322.0,12,1
81,81,17322.0,12,1
82,82,17322.0,12,1
83,83,17322.0,12,1
84,84,17322.0,12,1
85,85,17322.0,12,1
86,86,17322.0,12,1
87,87,17321.0,13,1
88,88,17321.0,13,1
89,89,17321.0,13,1
90,90,17321.0,13,1
91,91,17320.0,14,1
92,92,17320.0,14,1
93,93,17319.0,15,1
94,94,17317.0,17,1
95,95,17316.0,18,1
96,96,17315.0,19,1
97,97,17315.0,19,1
98,98,17315.0,19,1
99,99,17314.0,20,1
100,100,17311.0,23,1
101,101,17311.0,23,1
102,102,17309.0,25,1
103,103,17308.0,26,1
104,104,17308.0,26,1
105,105,17308.0,26,1
106,106,17308.0,26,1
107,107,17308.0,26,1
108,108,17308.0,26,1
109,109,17308.0,26,1
110,110,17308.0,26,1
111,111,17306.0,28,1
112,112,17306.0,28,1
113,113,17305.0,29,1
114,114,17305.0,29,1
115,115,17305.0,29,1
116,116,17305.0,29,1
117,117,17305.0,29,1
118,118,17305.0,29,1
119,119,17305.0,29,1
120,120,17305.0,29,1
121,121,17305.0,29,1
122,122,17304.0,29,2
123,123,17304.0,29,2
124,124,17304.0,29,2
125,125,17304.0,29,2
126,126,17303.0,30,2
127,127,17303.0,30,2
128,128,17303.0,30,2
