,Days,S,I,D
0,0,90690.0,0,0
1,1,90690.0,0,0
2,2,90690.0,0,0
3,3,90690.0,0,0
4,4,90690.0,0,0
5,5,90690.0,0,0
6,6,90690.0,0,0
7,7,90690.0,0,0
8,8,90690.0,0,0
9,9,90690.0,0,0
10,10,90690.0,0,0
11,11,90690.0,0,0
12,12,90690.0,0,0
13,13,90690.0,0,0
14,14,90690.0,0,0
15,15,90690.0,0,0
16,16,90690.0,0,0
17,17,90690.0,0,0
18,18,90690.0,0,0
19,19,90690.0,0,0
20,20,90690.0,0,0
21,21,90690.0,0,0
22,22,90690.0,0,0
23,23,90690.0,0,0
24,24,90690.0,0,0
25,25,90690.0,0,0
26,26,90690.0,0,0
27,27,90690.0,0,0
28,28,90690.0,0,0
29,29,90690.0,0,0
30,30,90690.0,0,0
31,31,90690.0,0,0
32,32,90690.0,0,0
33,33,90690.0,0,0
34,34,90690.0,0,0
35,35,90690.0,0,0
36,36,90690.0,0,0
37,37,90690.0,0,0
38,38,90690.0,0,0
39,39,90690.0,0,0
40,40,90690.0,0,0
41,41,90690.0,0,0
42,42,90690.0,0,0
43,43,90690.0,0,0
44,44,90690.0,0,0
45,45,90690.0,0,0
46,46,90690.0,0,0
47,47,90690.0,0,0
48,48,90690.0,0,0
49,49,90690.0,0,0
50,50,90690.0,0,0
51,51,90690.0,0,0
52,52,90690.0,0,0
53,53,90690.0,0,0
54,54,90690.0,0,0
55,55,90690.0,0,0
56,56,90690.0,0,0
57,57,90690.0,0,0
58,58,90690.0,0,0
59,59,90690.0,0,0
60,60,90690.0,0,0
61,61,90690.0,0,0
62,62,90690.0,0,0
63,63,90690.0,0,0
64,64,90690.0,0,0
65,65,90690.0,0,0
66,66,90690.0,0,0
67,67,90690.0,0,0
68,68,90690.0,0,0
69,69,90690.0,0,0
70,70,90690.0,0,0
71,71,90687.0,2,1
72,72,90686.0,3,1
73,73,90684.0,5,1
74,74,90683.0,6,1
75,75,90683.0,6,1
76,76,90681.0,8,1
77,77,90681.0,8,1
78,78,90679.0,9,2
79,79,90678.0,10,2
80,80,90674.0,14,2
81,81,90674.0,14,2
82,82,90674.0,14,2
83,83,90672.0,16,2
84,84,90673.0,15,2
85,85,90672.0,16,2
86,86,90672.0,16,2
87,87,90672.0,16,2
88,88,90670.0,18,2
89,89,90669.0,19,2
90,90,90668.0,20,2
91,91,90668.0,20,2
92,92,90667.0,21,2
93,93,90667.0,21,2
94,94,90665.0,23,2
95,95,90664.0,24,2
96,96,90664.0,24,2
97,97,90664.0,24,2
98,98,90663.0,25,2
99,99,90662.0,26,2
100,100,90662.0,26,2
101,101,90662.0,26,2
102,102,90662.0,26,2
103,103,90661.0,27,2
104,104,90658.0,30,2
105,105,90654.0,34,2
106,106,90652.0,36,2
107,107,90650.0,38,2
108,108,90649.0,39,2
109,109,90648.0,40,2
110,110,90646.0,42,2
111,111,90645.0,43,2
112,112,90645.0,43,2
113,113,90644.0,44,2
114,114,90644.0,44,2
115,115,90643.0,45,2
116,116,90642.0,46,2
117,117,90642.0,46,2
118,118,90640.0,48,2
119,119,90639.0,49,2
120,120,90636.0,52,2
121,121,90629.0,59,2
122,122,90623.0,65,2
123,123,90619.0,69,2
124,124,90616.0,72,2
125,125,90616.0,72,2
126,126,90615.0,73,2
127,127,90612.0,76,2
128,128,90602.0,86,2
