,Days,S,I,D
0,0,17586.0,0,0
1,1,17586.0,0,0
2,2,17586.0,0,0
3,3,17586.0,0,0
4,4,17586.0,0,0
5,5,17586.0,0,0
6,6,17586.0,0,0
7,7,17586.0,0,0
8,8,17586.0,0,0
9,9,17586.0,0,0
10,10,17586.0,0,0
11,11,17586.0,0,0
12,12,17586.0,0,0
13,13,17586.0,0,0
14,14,17586.0,0,0
15,15,17586.0,0,0
16,16,17586.0,0,0
17,17,17586.0,0,0
18,18,17586.0,0,0
19,19,17586.0,0,0
20,20,17586.0,0,0
21,21,17586.0,0,0
22,22,17586.0,0,0
23,23,17586.0,0,0
24,24,17586.0,0,0
25,25,17586.0,0,0
26,26,17586.0,0,0
27,27,17586.0,0,0
28,28,17586.0,0,0
29,29,17586.0,0,0
30,30,17586.0,0,0
31,31,17586.0,0,0
32,32,17586.0,0,0
33,33,17586.0,0,0
34,34,17586.0,0,0
35,35,17586.0,0,0
36,36,17586.0,0,0
37,37,17586.0,0,0
38,38,17586.0,0,0
39,39,17586.0,0,0
40,40,17586.0,0,0
41,41,17586.0,0,0
42,42,17586.0,0,0
43,43,17586.0,0,0
44,44,17586.0,0,0
45,45,17586.0,0,0
46,46,17586.0,0,0
47,47,17586.0,0,0
48,48,17586.0,0,0
49,49,17586.0,0,0
50,50,17586.0,0,0
51,51,17586.0,0,0
52,52,17586.0,0,0
53,53,17586.0,0,0
54,54,17586.0,0,0
55,55,17586.0,0,0
56,56,17586.0,0,0
57,57,17586.0,0,0
58,58,17586.0,0,0
59,59,17586.0,0,0
60,60,17586.0,0,0
61,61,17586.0,0,0
62,62,17586.0,0,0
63,63,17586.0,0,0
64,64,17586.0,0,0
65,65,17585.0,1,0
66,66,17585.0,1,0
67,67,17584.0,1,1
68,68,17584.0,1,1
69,69,17584.0,1,1
70,70,17584.0,1,1
71,71,17583.0,2,1
72,72,17581.0,4,1
73,73,17580.0,5,1
74,74,17580.0,5,1
75,75,17580.0,5,1
76,76,17580.0,5,1
77,77,17580.0,5,1
78,78,17580.0,5,1
79,79,17580.0,5,1
80,80,17580.0,5,1
81,81,17580.0,5,1
82,82,17580.0,5,1
83,83,17579.0,6,1
84,84,17579.0,6,1
85,85,17579.0,6,1
86,86,17578.0,7,1
87,87,17576.0,9,1
88,88,17569.0,16,1
89,89,17568.0,17,1
90,90,17567.0,18,1
91,91,17566.0,19,1
92,92,17514.0,71,1
93,93,17510.0,75,1
94,94,17470.0,115,1
95,95,17470.0,115,1
96,96,17470.0,115,1
97,97,17470.0,115,1
98,98,17470.0,115,1
99,99,17460.0,125,1
100,100,17460.0,125,1
101,101,17460.0,125,1
102,102,17458.0,127,1
103,103,17458.0,127,1
104,104,17457.0,128,1
105,105,17457.0,128,1
106,106,17457.0,128,1
107,107,17456.0,129,1
108,108,17454.0,131,1
109,109,17454.0,131,1
110,110,17454.0,131,1
111,111,17454.0,131,1
112,112,17452.0,132,2
113,113,17450.0,134,2
114,114,17449.0,135,2
115,115,17449.0,135,2
116,116,17449.0,135,2
117,117,17447.0,137,2
118,118,17447.0,137,2
119,119,17447.0,137,2
120,120,17447.0,137,2
121,121,17447.0,137,2
122,122,17443.0,141,2
123,123,17441.0,143,2
124,124,17441.0,143,2
125,125,17441.0,143,2
126,126,17440.0,144,2
127,127,17438.0,146,2
128,128,17438.0,146,2
