,Days,S,I,D
0,0,71948.0,0,0
1,1,71948.0,0,0
2,2,71948.0,0,0
3,3,71948.0,0,0
4,4,71948.0,0,0
5,5,71948.0,0,0
6,6,71948.0,0,0
7,7,71948.0,0,0
8,8,71948.0,0,0
9,9,71948.0,0,0
10,10,71948.0,0,0
11,11,71948.0,0,0
12,12,71948.0,0,0
13,13,71948.0,0,0
14,14,71948.0,0,0
15,15,71948.0,0,0
16,16,71948.0,0,0
17,17,71948.0,0,0
18,18,71948.0,0,0
19,19,71948.0,0,0
20,20,71948.0,0,0
21,21,71948.0,0,0
22,22,71948.0,0,0
23,23,71948.0,0,0
24,24,71948.0,0,0
25,25,71948.0,0,0
26,26,71948.0,0,0
27,27,71948.0,0,0
28,28,71948.0,0,0
29,29,71948.0,0,0
30,30,71948.0,0,0
31,31,71948.0,0,0
32,32,71948.0,0,0
33,33,71948.0,0,0
34,34,71948.0,0,0
35,35,71948.0,0,0
36,36,71948.0,0,0
37,37,71948.0,0,0
38,38,71948.0,0,0
39,39,71948.0,0,0
40,40,71948.0,0,0
41,41,71948.0,0,0
42,42,71948.0,0,0
43,43,71948.0,0,0
44,44,71948.0,0,0
45,45,71948.0,0,0
46,46,71948.0,0,0
47,47,71948.0,0,0
48,48,71948.0,0,0
49,49,71948.0,0,0
50,50,71948.0,0,0
51,51,71948.0,0,0
52,52,71948.0,0,0
53,53,71948.0,0,0
54,54,71948.0,0,0
55,55,71948.0,0,0
56,56,71948.0,0,0
57,57,71948.0,0,0
58,58,71948.0,0,0
59,59,71948.0,0,0
60,60,71948.0,0,0
61,61,71948.0,0,0
62,62,71948.0,0,0
63,63,71948.0,0,0
64,64,71948.0,0,0
65,65,71947.0,1,0
66,66,71947.0,1,0
67,67,71946.0,2,0
68,68,71946.0,2,0
69,69,71946.0,2,0
70,70,71946.0,2,0
71,71,71946.0,2,0
72,72,71946.0,2,0
73,73,71945.0,3,0
74,74,71945.0,3,0
75,75,71945.0,3,0
76,76,71938.0,10,0
77,77,71938.0,10,0
78,78,71938.0,10,0
79,79,71938.0,10,0
80,80,71938.0,10,0
81,81,71938.0,10,0
82,82,71938.0,10,0
83,83,71938.0,10,0
84,84,71938.0,10,0
85,85,71937.0,11,0
86,86,71936.0,12,0
87,87,71936.0,12,0
88,88,71936.0,12,0
89,89,71936.0,12,0
90,90,71936.0,12,0
91,91,71936.0,12,0
92,92,71936.0,12,0
93,93,71936.0,12,0
94,94,71936.0,12,0
95,95,71936.0,12,0
96,96,71936.0,12,0
97,97,71936.0,12,0
98,98,71935.0,13,0
99,99,71935.0,13,0
100,100,71935.0,13,0
101,101,71931.0,16,1
102,102,71931.0,16,1
103,103,71931.0,16,1
104,104,71927.0,20,1
105,105,71927.0,20,1
106,106,71921.0,26,1
107,107,71917.0,30,1
108,108,71914.0,33,1
109,109,71906.0,41,1
110,110,71904.0,43,1
111,111,71902.0,45,1
112,112,71900.0,47,1
113,113,71885.0,62,1
114,114,71880.0,67,1
115,115,71872.0,75,1
116,116,71858.0,89,1
117,117,71852.0,95,1
118,118,71846.0,101,1
119,119,71845.0,102,1
120,120,71838.0,109,1
121,121,71825.0,122,1
122,122,71796.0,151,1
123,123,71789.0,158,1
124,124,71780.0,167,1
125,125,71779.0,168,1
126,126,71774.0,173,1
127,127,71760.0,187,1
128,128,71749.0,197,2
