,Days,S,I,D
0,0,55286.0,0,0
1,1,55286.0,0,0
2,2,55286.0,0,0
3,3,55286.0,0,0
4,4,55286.0,0,0
5,5,55286.0,0,0
6,6,55286.0,0,0
7,7,55286.0,0,0
8,8,55286.0,0,0
9,9,55286.0,0,0
10,10,55286.0,0,0
11,11,55286.0,0,0
12,12,55286.0,0,0
13,13,55286.0,0,0
14,14,55286.0,0,0
15,15,55286.0,0,0
16,16,55286.0,0,0
17,17,55286.0,0,0
18,18,55286.0,0,0
19,19,55286.0,0,0
20,20,55286.0,0,0
21,21,55286.0,0,0
22,22,55286.0,0,0
23,23,55286.0,0,0
24,24,55286.0,0,0
25,25,55286.0,0,0
26,26,55286.0,0,0
27,27,55286.0,0,0
28,28,55286.0,0,0
29,29,55286.0,0,0
30,30,55286.0,0,0
31,31,55286.0,0,0
32,32,55286.0,0,0
33,33,55286.0,0,0
34,34,55286.0,0,0
35,35,55286.0,0,0
36,36,55286.0,0,0
37,37,55286.0,0,0
38,38,55286.0,0,0
39,39,55286.0,0,0
40,40,55286.0,0,0
41,41,55286.0,0,0
42,42,55286.0,0,0
43,43,55286.0,0,0
44,44,55286.0,0,0
45,45,55286.0,0,0
46,46,55286.0,0,0
47,47,55286.0,0,0
48,48,55286.0,0,0
49,49,55286.0,0,0
50,50,55286.0,0,0
51,51,55286.0,0,0
52,52,55285.0,1,0
53,53,55285.0,1,0
54,54,55285.0,1,0
55,55,55285.0,1,0
56,56,55285.0,1,0
57,57,55284.0,1,1
58,58,55284.0,1,1
59,59,55282.0,3,1
60,60,55277.0,8,1
61,61,55278.0,8,0
62,62,55271.0,15,0
63,63,55269.0,17,0
64,64,55269.0,17,0
65,65,55268.0,18,0
66,66,55267.0,18,1
67,67,55267.0,18,1
68,68,55267.0,18,1
69,69,55267.0,18,1
70,70,55267.0,18,1
71,71,55265.0,20,1
72,72,55265.0,20,1
73,73,55264.0,21,1
74,74,55263.0,22,1
75,75,55263.0,22,1
76,76,55260.0,24,2
77,77,55260.0,24,2
78,78,55260.0,24,2
79,79,55260.0,24,2
80,80,55259.0,25,2
81,81,55259.0,25,2
82,82,55257.0,27,2
83,83,55257.0,27,2
84,84,55255.0,29,2
85,85,55253.0,31,2
86,86,55251.0,33,2
87,87,55250.0,34,2
88,88,55247.0,37,2
89,89,55247.0,37,2
90,90,55246.0,38,2
91,91,55246.0,38,2
92,92,55246.0,38,2
93,93,55246.0,38,2
94,94,55245.0,39,2
95,95,55245.0,39,2
96,96,55244.0,40,2
97,97,55244.0,40,2
98,98,55244.0,40,2
99,99,55244.0,40,2
100,100,55244.0,40,2
101,101,55243.0,41,2
102,102,55242.0,42,2
103,103,55241.0,43,2
104,104,55241.0,43,2
105,105,55240.0,44,2
106,106,55239.0,45,2
107,107,55239.0,45,2
108,108,55239.0,45,2
109,109,55239.0,45,2
110,110,55239.0,45,2
111,111,55239.0,45,2
112,112,55237.0,47,2
113,113,55237.0,47,2
114,114,55237.0,47,2
115,115,55237.0,47,2
116,116,55237.0,47,2
117,117,55237.0,47,2
118,118,55236.0,48,2
119,119,55236.0,48,2
120,120,55235.0,49,2
121,121,55235.0,49,2
122,122,55235.0,49,2
123,123,55235.0,49,2
124,124,55234.0,50,2
125,125,55233.0,51,2
126,126,55233.0,51,2
127,127,55233.0,51,2
128,128,55233.0,51,2
