,Days,S,I,D
0,0,22895.0,0,0
1,1,22895.0,0,0
2,2,22895.0,0,0
3,3,22895.0,0,0
4,4,22895.0,0,0
5,5,22895.0,0,0
6,6,22895.0,0,0
7,7,22895.0,0,0
8,8,22895.0,0,0
9,9,22895.0,0,0
10,10,22895.0,0,0
11,11,22895.0,0,0
12,12,22895.0,0,0
13,13,22895.0,0,0
14,14,22895.0,0,0
15,15,22895.0,0,0
16,16,22895.0,0,0
17,17,22895.0,0,0
18,18,22895.0,0,0
19,19,22895.0,0,0
20,20,22895.0,0,0
21,21,22895.0,0,0
22,22,22895.0,0,0
23,23,22895.0,0,0
24,24,22895.0,0,0
25,25,22895.0,0,0
26,26,22895.0,0,0
27,27,22895.0,0,0
28,28,22895.0,0,0
29,29,22895.0,0,0
30,30,22895.0,0,0
31,31,22895.0,0,0
32,32,22895.0,0,0
33,33,22895.0,0,0
34,34,22895.0,0,0
35,35,22895.0,0,0
36,36,22895.0,0,0
37,37,22895.0,0,0
38,38,22895.0,0,0
39,39,22895.0,0,0
40,40,22895.0,0,0
41,41,22895.0,0,0
42,42,22895.0,0,0
43,43,22895.0,0,0
44,44,22895.0,0,0
45,45,22895.0,0,0
46,46,22895.0,0,0
47,47,22895.0,0,0
48,48,22895.0,0,0
49,49,22895.0,0,0
50,50,22895.0,0,0
51,51,22895.0,0,0
52,52,22895.0,0,0
53,53,22895.0,0,0
54,54,22895.0,0,0
55,55,22895.0,0,0
56,56,22895.0,0,0
57,57,22895.0,0,0
58,58,22895.0,0,0
59,59,22895.0,0,0
60,60,22895.0,0,0
61,61,22895.0,0,0
62,62,22895.0,0,0
63,63,22895.0,0,0
64,64,22895.0,0,0
65,65,22895.0,0,0
66,66,22895.0,0,0
67,67,22895.0,0,0
68,68,22895.0,0,0
69,69,22895.0,0,0
70,70,22895.0,0,0
71,71,22895.0,0,0
72,72,22893.0,2,0
73,73,22893.0,2,0
74,74,22892.0,3,0
75,75,22892.0,3,0
76,76,22890.0,5,0
77,77,22888.0,7,0
78,78,22884.0,11,0
79,79,22877.0,18,0
80,80,22873.0,22,0
81,81,22873.0,22,0
82,82,22872.0,23,0
83,83,22860.0,35,0
84,84,22851.0,44,0
85,85,22846.0,49,0
86,86,22844.0,51,0
87,87,22844.0,51,0
88,88,22841.0,54,0
89,89,22841.0,54,0
90,90,22841.0,54,0
91,91,22840.0,55,0
92,92,22814.0,81,0
93,93,22756.0,139,0
94,94,22752.0,143,0
95,95,22736.0,159,0
96,96,22727.0,168,0
97,97,22725.0,170,0
98,98,22713.0,182,0
99,99,22711.0,184,0
100,100,22705.0,190,0
101,101,22702.0,193,0
102,102,22696.0,199,0
103,103,22691.0,204,0
104,104,22690.0,205,0
105,105,22687.0,208,0
106,106,22687.0,208,0
107,107,22681.0,214,0
108,108,22680.0,215,0
109,109,22676.0,219,0
110,110,22676.0,219,0
111,111,22676.0,219,0
112,112,22671.0,224,0
113,113,22671.0,224,0
114,114,22670.0,225,0
115,115,22654.0,241,0
116,116,22649.0,246,0
117,117,22646.0,249,0
118,118,22642.0,253,0
119,119,22639.0,256,0
120,120,22639.0,256,0
121,121,22635.0,260,0
122,122,22632.0,263,0
123,123,22630.0,265,0
124,124,22628.0,267,0
125,125,22628.0,267,0
126,126,22628.0,267,0
127,127,22626.0,267,2
128,128,22626.0,267,2
