,Days,S,I,D
0,0,213413.0,0,0
1,1,213413.0,0,0
2,2,213413.0,0,0
3,3,213413.0,0,0
4,4,213413.0,0,0
5,5,213413.0,0,0
6,6,213413.0,0,0
7,7,213413.0,0,0
8,8,213413.0,0,0
9,9,213413.0,0,0
10,10,213413.0,0,0
11,11,213413.0,0,0
12,12,213413.0,0,0
13,13,213413.0,0,0
14,14,213413.0,0,0
15,15,213413.0,0,0
16,16,213413.0,0,0
17,17,213413.0,0,0
18,18,213413.0,0,0
19,19,213413.0,0,0
20,20,213413.0,0,0
21,21,213413.0,0,0
22,22,213413.0,0,0
23,23,213413.0,0,0
24,24,213413.0,0,0
25,25,213413.0,0,0
26,26,213413.0,0,0
27,27,213413.0,0,0
28,28,213413.0,0,0
29,29,213413.0,0,0
30,30,213413.0,0,0
31,31,213413.0,0,0
32,32,213413.0,0,0
33,33,213413.0,0,0
34,34,213413.0,0,0
35,35,213413.0,0,0
36,36,213413.0,0,0
37,37,213413.0,0,0
38,38,213413.0,0,0
39,39,213413.0,0,0
40,40,213413.0,0,0
41,41,213413.0,0,0
42,42,213413.0,0,0
43,43,213413.0,0,0
44,44,213413.0,0,0
45,45,213413.0,0,0
46,46,213413.0,0,0
47,47,213413.0,0,0
48,48,213413.0,0,0
49,49,213413.0,0,0
50,50,213413.0,0,0
51,51,213413.0,0,0
52,52,213412.0,1,0
53,53,213412.0,1,0
54,54,213412.0,1,0
55,55,213411.0,2,0
56,56,213411.0,2,0
57,57,213408.0,5,0
58,58,213404.0,9,0
59,59,213402.0,11,0
60,60,213389.0,24,0
61,61,213383.0,30,0
62,62,213373.0,40,0
63,63,213361.0,51,1
64,64,213345.0,67,1
65,65,213311.0,100,2
66,66,213278.0,133,2
67,67,213263.0,148,2
68,68,213238.0,173,2
69,69,213220.0,191,2
70,70,213155.0,255,3
71,71,213127.0,283,3
72,72,213093.0,314,6
73,73,213077.0,330,6
74,74,213060.0,347,6
75,75,213023.0,383,7
76,76,212998.0,405,10
77,77,212979.0,423,11
78,78,212957.0,444,12
79,79,212936.0,464,13
80,80,212918.0,480,15
81,81,212896.0,501,16
82,82,212894.0,502,17
83,83,212882.0,514,17
84,84,212865.0,530,18
85,85,212845.0,550,18
86,86,212820.0,573,20
87,87,212803.0,590,20
88,88,212760.0,632,21
89,89,212728.0,664,21
90,90,212719.0,672,22
91,91,212708.0,678,27
92,92,212677.0,708,28
93,93,212634.0,747,32
94,94,212620.0,756,37
95,95,212604.0,772,37
96,96,212576.0,798,39
97,97,212554.0,820,39
98,98,212531.0,842,40
99,99,212510.0,860,43
100,100,212466.0,902,45
101,101,212430.0,937,46
102,102,212420.0,946,47
103,103,212405.0,961,47
104,104,212396.0,969,48
105,105,212361.0,997,55
106,106,212335.0,1021,57
107,107,212314.0,1038,61
108,108,212291.0,1056,66
109,109,212277.0,1068,68
110,110,212265.0,1075,73
111,111,212247.0,1093,73
112,112,212223.0,1111,79
113,113,212212.0,1119,82
114,114,212190.0,1137,86
115,115,212176.0,1147,90
116,116,212170.0,1150,93
117,117,212163.0,1155,95
118,118,212140.0,1177,96
119,119,212118.0,1197,98
120,120,212112.0,1202,99
121,121,212053.0,1257,103
122,122,212042.0,1264,107
123,123,212035.0,1269,109
124,124,212026.0,1277,110
125,125,212023.0,1280,110
126,126,212016.0,1286,111
127,127,212003.0,1295,115
128,128,211995.0,1303,115
