,Days,S,I,D
0,0,23974.0,0,0
1,1,23974.0,0,0
2,2,23974.0,0,0
3,3,23974.0,0,0
4,4,23974.0,0,0
5,5,23974.0,0,0
6,6,23974.0,0,0
7,7,23974.0,0,0
8,8,23974.0,0,0
9,9,23974.0,0,0
10,10,23974.0,0,0
11,11,23974.0,0,0
12,12,23974.0,0,0
13,13,23974.0,0,0
14,14,23974.0,0,0
15,15,23974.0,0,0
16,16,23974.0,0,0
17,17,23974.0,0,0
18,18,23974.0,0,0
19,19,23974.0,0,0
20,20,23974.0,0,0
21,21,23974.0,0,0
22,22,23974.0,0,0
23,23,23974.0,0,0
24,24,23974.0,0,0
25,25,23974.0,0,0
26,26,23974.0,0,0
27,27,23974.0,0,0
28,28,23974.0,0,0
29,29,23974.0,0,0
30,30,23974.0,0,0
31,31,23974.0,0,0
32,32,23974.0,0,0
33,33,23974.0,0,0
34,34,23974.0,0,0
35,35,23974.0,0,0
36,36,23974.0,0,0
37,37,23974.0,0,0
38,38,23974.0,0,0
39,39,23974.0,0,0
40,40,23974.0,0,0
41,41,23974.0,0,0
42,42,23974.0,0,0
43,43,23974.0,0,0
44,44,23974.0,0,0
45,45,23974.0,0,0
46,46,23974.0,0,0
47,47,23974.0,0,0
48,48,23974.0,0,0
49,49,23974.0,0,0
50,50,23974.0,0,0
51,51,23974.0,0,0
52,52,23974.0,0,0
53,53,23974.0,0,0
54,54,23974.0,0,0
55,55,23974.0,0,0
56,56,23974.0,0,0
57,57,23973.0,1,0
58,58,23973.0,1,0
59,59,23973.0,1,0
60,60,23971.0,3,0
61,61,23971.0,3,0
62,62,23972.0,2,0
63,63,23972.0,2,0
64,64,23972.0,2,0
65,65,23971.0,3,0
66,66,23971.0,3,0
67,67,23971.0,3,0
68,68,23969.0,5,0
69,69,23969.0,5,0
70,70,23969.0,5,0
71,71,23969.0,5,0
72,72,23969.0,5,0
73,73,23969.0,5,0
74,74,23969.0,5,0
75,75,23968.0,6,0
76,76,23968.0,6,0
77,77,23968.0,6,0
78,78,23968.0,6,0
79,79,23967.0,7,0
80,80,23967.0,7,0
81,81,23967.0,7,0
82,82,23967.0,7,0
83,83,23967.0,7,0
84,84,23965.0,9,0
85,85,23965.0,9,0
86,86,23964.0,10,0
87,87,23964.0,10,0
88,88,23964.0,10,0
89,89,23964.0,10,0
90,90,23963.0,11,0
91,91,23961.0,13,0
92,92,23961.0,13,0
93,93,23960.0,14,0
94,94,23960.0,14,0
95,95,23958.0,16,0
96,96,23956.0,18,0
97,97,23955.0,18,1
98,98,23952.0,21,1
99,99,23951.0,22,1
100,100,23949.0,23,2
101,101,23949.0,23,2
102,102,23949.0,23,2
103,103,23949.0,23,2
104,104,23947.0,25,2
105,105,23947.0,25,2
106,106,23947.0,25,2
107,107,23947.0,25,2
108,108,23947.0,25,2
109,109,23947.0,25,2
110,110,23947.0,25,2
111,111,23947.0,25,2
112,112,23947.0,25,2
113,113,23947.0,25,2
114,114,23947.0,25,2
115,115,23946.0,26,2
116,116,23946.0,26,2
117,117,23945.0,27,2
118,118,23944.0,28,2
119,119,23944.0,28,2
120,120,23942.0,30,2
121,121,23942.0,30,2
122,122,23942.0,30,2
123,123,23942.0,30,2
124,124,23942.0,30,2
125,125,23942.0,30,2
126,126,23941.0,31,2
127,127,23941.0,31,2
128,128,23941.0,31,2
