,Days,S,I,D
0,0,45313.0,0,0
1,1,45313.0,0,0
2,2,45313.0,0,0
3,3,45313.0,0,0
4,4,45313.0,0,0
5,5,45313.0,0,0
6,6,45313.0,0,0
7,7,45313.0,0,0
8,8,45313.0,0,0
9,9,45313.0,0,0
10,10,45313.0,0,0
11,11,45313.0,0,0
12,12,45313.0,0,0
13,13,45313.0,0,0
14,14,45313.0,0,0
15,15,45313.0,0,0
16,16,45313.0,0,0
17,17,45313.0,0,0
18,18,45313.0,0,0
19,19,45313.0,0,0
20,20,45313.0,0,0
21,21,45313.0,0,0
22,22,45313.0,0,0
23,23,45313.0,0,0
24,24,45313.0,0,0
25,25,45313.0,0,0
26,26,45313.0,0,0
27,27,45313.0,0,0
28,28,45313.0,0,0
29,29,45313.0,0,0
30,30,45313.0,0,0
31,31,45313.0,0,0
32,32,45313.0,0,0
33,33,45313.0,0,0
34,34,45313.0,0,0
35,35,45313.0,0,0
36,36,45313.0,0,0
37,37,45313.0,0,0
38,38,45313.0,0,0
39,39,45313.0,0,0
40,40,45313.0,0,0
41,41,45313.0,0,0
42,42,45313.0,0,0
43,43,45313.0,0,0
44,44,45313.0,0,0
45,45,45313.0,0,0
46,46,45313.0,0,0
47,47,45313.0,0,0
48,48,45313.0,0,0
49,49,45313.0,0,0
50,50,45313.0,0,0
51,51,45313.0,0,0
52,52,45313.0,0,0
53,53,45313.0,0,0
54,54,45313.0,0,0
55,55,45313.0,0,0
56,56,45313.0,0,0
57,57,45313.0,0,0
58,58,45313.0,0,0
59,59,45313.0,0,0
60,60,45313.0,0,0
61,61,45313.0,0,0
62,62,45313.0,0,0
63,63,45313.0,0,0
64,64,45313.0,0,0
65,65,45313.0,0,0
66,66,45313.0,0,0
67,67,45313.0,0,0
68,68,45313.0,0,0
69,69,45313.0,0,0
70,70,45313.0,0,0
71,71,45312.0,1,0
72,72,45312.0,1,0
73,73,45309.0,4,0
74,74,45308.0,5,0
75,75,45306.0,7,0
76,76,45305.0,8,0
77,77,45303.0,10,0
78,78,45301.0,12,0
79,79,45299.0,14,0
80,80,45299.0,14,0
81,81,45297.0,16,0
82,82,45297.0,16,0
83,83,45297.0,16,0
84,84,45296.0,17,0
85,85,45296.0,17,0
86,86,45296.0,17,0
87,87,45293.0,20,0
88,88,45293.0,20,0
89,89,45293.0,20,0
90,90,45291.0,22,0
91,91,45289.0,24,0
92,92,45289.0,24,0
93,93,45288.0,25,0
94,94,45285.0,28,0
95,95,45285.0,28,0
96,96,45283.0,30,0
97,97,45283.0,30,0
98,98,45283.0,30,0
99,99,45283.0,30,0
100,100,45282.0,31,0
101,101,45281.0,32,0
102,102,45281.0,32,0
103,103,45279.0,34,0
104,104,45276.0,36,1
105,105,45274.0,38,1
106,106,45274.0,38,1
107,107,45274.0,38,1
108,108,45274.0,38,1
109,109,45274.0,38,1
110,110,45273.0,39,1
111,111,45273.0,39,1
112,112,45273.0,39,1
113,113,45272.0,40,1
114,114,45272.0,40,1
115,115,45272.0,40,1
116,116,45272.0,40,1
117,117,45272.0,40,1
118,118,45272.0,40,1
119,119,45272.0,40,1
120,120,45272.0,40,1
121,121,45271.0,41,1
122,122,45271.0,41,1
123,123,45271.0,41,1
124,124,45271.0,41,1
125,125,45270.0,42,1
126,126,45269.0,43,1
127,127,45267.0,44,2
128,128,45266.0,45,2
