,Days,S,I,D
0,0,23551.0,0,0
1,1,23551.0,0,0
2,2,23551.0,0,0
3,3,23551.0,0,0
4,4,23551.0,0,0
5,5,23551.0,0,0
6,6,23551.0,0,0
7,7,23551.0,0,0
8,8,23551.0,0,0
9,9,23551.0,0,0
10,10,23551.0,0,0
11,11,23551.0,0,0
12,12,23551.0,0,0
13,13,23551.0,0,0
14,14,23551.0,0,0
15,15,23551.0,0,0
16,16,23551.0,0,0
17,17,23551.0,0,0
18,18,23551.0,0,0
19,19,23551.0,0,0
20,20,23551.0,0,0
21,21,23551.0,0,0
22,22,23551.0,0,0
23,23,23551.0,0,0
24,24,23551.0,0,0
25,25,23551.0,0,0
26,26,23551.0,0,0
27,27,23551.0,0,0
28,28,23551.0,0,0
29,29,23551.0,0,0
30,30,23551.0,0,0
31,31,23551.0,0,0
32,32,23551.0,0,0
33,33,23551.0,0,0
34,34,23551.0,0,0
35,35,23551.0,0,0
36,36,23551.0,0,0
37,37,23551.0,0,0
38,38,23551.0,0,0
39,39,23551.0,0,0
40,40,23551.0,0,0
41,41,23551.0,0,0
42,42,23551.0,0,0
43,43,23551.0,0,0
44,44,23551.0,0,0
45,45,23551.0,0,0
46,46,23551.0,0,0
47,47,23551.0,0,0
48,48,23551.0,0,0
49,49,23551.0,0,0
50,50,23551.0,0,0
51,51,23551.0,0,0
52,52,23551.0,0,0
53,53,23551.0,0,0
54,54,23551.0,0,0
55,55,23551.0,0,0
56,56,23551.0,0,0
57,57,23551.0,0,0
58,58,23551.0,0,0
59,59,23551.0,0,0
60,60,23551.0,0,0
61,61,23551.0,0,0
62,62,23551.0,0,0
63,63,23550.0,1,0
64,64,23550.0,1,0
65,65,23550.0,1,0
66,66,23550.0,1,0
67,67,23550.0,1,0
68,68,23550.0,1,0
69,69,23550.0,1,0
70,70,23548.0,3,0
71,71,23546.0,5,0
72,72,23546.0,5,0
73,73,23546.0,5,0
74,74,23545.0,6,0
75,75,23545.0,6,0
76,76,23545.0,6,0
77,77,23545.0,6,0
78,78,23543.0,8,0
79,79,23543.0,8,0
80,80,23542.0,8,1
81,81,23542.0,8,1
82,82,23541.0,9,1
83,83,23541.0,9,1
84,84,23540.0,10,1
85,85,23540.0,10,1
86,86,23540.0,10,1
87,87,23540.0,10,1
88,88,23540.0,10,1
89,89,23539.0,11,1
90,90,23539.0,11,1
91,91,23539.0,11,1
92,92,23539.0,11,1
93,93,23537.0,13,1
94,94,23537.0,13,1
95,95,23537.0,13,1
96,96,23536.0,14,1
97,97,23536.0,14,1
98,98,23534.0,16,1
99,99,23534.0,16,1
100,100,23534.0,16,1
101,101,23534.0,16,1
102,102,23534.0,16,1
103,103,23533.0,17,1
104,104,23533.0,17,1
105,105,23532.0,17,2
106,106,23532.0,17,2
107,107,23532.0,17,2
108,108,23532.0,17,2
109,109,23532.0,17,2
110,110,23532.0,17,2
111,111,23532.0,17,2
112,112,23532.0,17,2
113,113,23530.0,19,2
114,114,23529.0,20,2
115,115,23529.0,20,2
116,116,23529.0,20,2
117,117,23527.0,22,2
118,118,23527.0,22,2
119,119,23527.0,22,2
120,120,23526.0,23,2
121,121,23526.0,23,2
122,122,23526.0,23,2
123,123,23526.0,23,2
124,124,23526.0,23,2
125,125,23526.0,23,2
126,126,23526.0,23,2
127,127,23526.0,23,2
128,128,23526.0,23,2
