,Days,S,I,D
0,0,98971.0,0,0
1,1,98971.0,0,0
2,2,98971.0,0,0
3,3,98971.0,0,0
4,4,98971.0,0,0
5,5,98971.0,0,0
6,6,98971.0,0,0
7,7,98971.0,0,0
8,8,98971.0,0,0
9,9,98971.0,0,0
10,10,98971.0,0,0
11,11,98971.0,0,0
12,12,98971.0,0,0
13,13,98971.0,0,0
14,14,98971.0,0,0
15,15,98971.0,0,0
16,16,98971.0,0,0
17,17,98971.0,0,0
18,18,98971.0,0,0
19,19,98971.0,0,0
20,20,98971.0,0,0
21,21,98971.0,0,0
22,22,98971.0,0,0
23,23,98971.0,0,0
24,24,98971.0,0,0
25,25,98971.0,0,0
26,26,98971.0,0,0
27,27,98971.0,0,0
28,28,98971.0,0,0
29,29,98971.0,0,0
30,30,98971.0,0,0
31,31,98971.0,0,0
32,32,98971.0,0,0
33,33,98971.0,0,0
34,34,98971.0,0,0
35,35,98971.0,0,0
36,36,98971.0,0,0
37,37,98971.0,0,0
38,38,98971.0,0,0
39,39,98971.0,0,0
40,40,98971.0,0,0
41,41,98971.0,0,0
42,42,98971.0,0,0
43,43,98971.0,0,0
44,44,98971.0,0,0
45,45,98971.0,0,0
46,46,98971.0,0,0
47,47,98971.0,0,0
48,48,98971.0,0,0
49,49,98971.0,0,0
50,50,98971.0,0,0
51,51,98971.0,0,0
52,52,98971.0,0,0
53,53,98971.0,0,0
54,54,98969.0,2,0
55,55,98968.0,3,0
56,56,98968.0,3,0
57,57,98968.0,3,0
58,58,98968.0,3,0
59,59,98968.0,3,0
60,60,98964.0,7,0
61,61,98964.0,7,0
62,62,98962.0,9,0
63,63,98960.0,11,0
64,64,98956.0,15,0
65,65,98952.0,19,0
66,66,98948.0,23,0
67,67,98943.0,28,0
68,68,98941.0,30,0
69,69,98936.0,35,0
70,70,98931.0,40,0
71,71,98929.0,42,0
72,72,98929.0,42,0
73,73,98924.0,46,1
74,74,98917.0,53,1
75,75,98916.0,54,1
76,76,98905.0,65,1
77,77,98899.0,71,1
78,78,98897.0,73,1
79,79,98894.0,76,1
80,80,98893.0,76,2
81,81,98890.0,79,2
82,82,98890.0,79,2
83,83,98890.0,79,2
84,84,98890.0,79,2
85,85,98890.0,79,2
86,86,98890.0,79,2
87,87,98890.0,79,2
88,88,98890.0,79,2
89,89,98890.0,79,2
90,90,98890.0,79,2
91,91,98890.0,79,2
92,92,98890.0,79,2
93,93,98890.0,79,2
94,94,98890.0,79,2
95,95,98889.0,80,2
96,96,98889.0,80,2
97,97,98888.0,81,2
98,98,98888.0,81,2
99,99,98888.0,81,2
100,100,98887.0,82,2
101,101,98886.0,83,2
102,102,98886.0,83,2
103,103,98886.0,83,2
104,104,98886.0,83,2
105,105,98886.0,83,2
106,106,98886.0,83,2
107,107,98886.0,83,2
108,108,98886.0,83,2
109,109,98885.0,84,2
110,110,98884.0,85,2
111,111,98884.0,85,2
112,112,98884.0,85,2
113,113,98884.0,85,2
114,114,98886.0,85,0
115,115,98886.0,85,0
116,116,98884.0,85,2
117,117,98884.0,85,2
118,118,98884.0,85,2
119,119,98884.0,85,2
120,120,98884.0,85,2
121,121,98884.0,85,2
122,122,98884.0,85,2
123,123,98884.0,85,2
124,124,98884.0,85,2
125,125,98884.0,85,2
126,126,98884.0,85,2
127,127,98884.0,85,2
128,128,98884.0,85,2
