,Days,S,I,D
0,0,413757.0,0,0
1,1,413757.0,0,0
2,2,413757.0,0,0
3,3,413757.0,0,0
4,4,413757.0,0,0
5,5,413757.0,0,0
6,6,413757.0,0,0
7,7,413757.0,0,0
8,8,413757.0,0,0
9,9,413757.0,0,0
10,10,413757.0,0,0
11,11,413757.0,0,0
12,12,413757.0,0,0
13,13,413757.0,0,0
14,14,413757.0,0,0
15,15,413757.0,0,0
16,16,413757.0,0,0
17,17,413757.0,0,0
18,18,413757.0,0,0
19,19,413757.0,0,0
20,20,413757.0,0,0
21,21,413757.0,0,0
22,22,413757.0,0,0
23,23,413757.0,0,0
24,24,413757.0,0,0
25,25,413757.0,0,0
26,26,413757.0,0,0
27,27,413757.0,0,0
28,28,413757.0,0,0
29,29,413757.0,0,0
30,30,413757.0,0,0
31,31,413757.0,0,0
32,32,413757.0,0,0
33,33,413757.0,0,0
34,34,413757.0,0,0
35,35,413757.0,0,0
36,36,413757.0,0,0
37,37,413757.0,0,0
38,38,413757.0,0,0
39,39,413757.0,0,0
40,40,413757.0,0,0
41,41,413757.0,0,0
42,42,413757.0,0,0
43,43,413757.0,0,0
44,44,413757.0,0,0
45,45,413757.0,0,0
46,46,413757.0,0,0
47,47,413757.0,0,0
48,48,413757.0,0,0
49,49,413757.0,0,0
50,50,413757.0,0,0
51,51,413757.0,0,0
52,52,413757.0,0,0
53,53,413757.0,0,0
54,54,413757.0,0,0
55,55,413757.0,0,0
56,56,413757.0,0,0
57,57,413756.0,1,0
58,58,413755.0,2,0
59,59,413755.0,2,0
60,60,413755.0,2,0
61,61,413755.0,2,0
62,62,413751.0,6,0
63,63,413747.0,10,0
64,64,413738.0,19,0
65,65,413734.0,23,0
66,66,413723.0,34,0
67,67,413716.0,41,0
68,68,413711.0,45,1
69,69,413703.0,53,1
70,70,413698.0,57,2
71,71,413685.0,69,3
72,72,413650.0,103,4
73,73,413638.0,114,5
74,74,413625.0,127,5
75,75,413604.0,148,5
76,76,413549.0,202,6
77,77,413501.0,249,7
78,78,413421.0,329,7
79,79,413366.0,382,9
80,80,413319.0,429,9
81,81,413294.0,454,9
82,82,413257.0,491,9
83,83,413236.0,509,12
84,84,413184.0,561,12
85,85,413151.0,594,12
86,86,413114.0,627,16
87,87,413101.0,638,18
88,88,413076.0,663,18
89,89,413059.0,680,18
90,90,413008.0,721,28
91,91,412965.0,759,33
92,92,412909.0,810,38
93,93,412872.0,845,40
94,94,412829.0,888,40
95,95,412799.0,917,41
96,96,412772.0,942,43
97,97,412717.0,994,46
98,98,412663.0,1041,53
99,99,412645.0,1057,55
100,100,412597.0,1099,61
101,101,412524.0,1172,61
102,102,412497.0,1198,62
103,103,412469.0,1222,66
104,104,412421.0,1265,71
105,105,412370.0,1311,76
106,106,412324.0,1355,78
107,107,412269.0,1407,81
108,108,412222.0,1452,83
109,109,412211.0,1461,85
110,110,412193.0,1474,90
111,111,412155.0,1507,95
112,112,412116.0,1545,96
113,113,412051.0,1608,98
114,114,412003.0,1654,100
115,115,411976.0,1681,100
116,116,411955.0,1701,101
117,117,411921.0,1735,101
118,118,411903.0,1751,103
119,119,411829.0,1822,106
120,120,411776.0,1874,107
121,121,411734.0,1916,107
122,122,411665.0,1983,109
123,123,411635.0,2011,111
124,124,411613.0,2033,111
125,125,411591.0,2054,112
126,126,411560.0,2085,112
127,127,411510.0,2133,114
128,128,411481.0,2162,114
