,Days,S,I,D
0,0,51736.0,0,0
1,1,51736.0,0,0
2,2,51736.0,0,0
3,3,51736.0,0,0
4,4,51736.0,0,0
5,5,51736.0,0,0
6,6,51736.0,0,0
7,7,51736.0,0,0
8,8,51736.0,0,0
9,9,51736.0,0,0
10,10,51736.0,0,0
11,11,51736.0,0,0
12,12,51736.0,0,0
13,13,51736.0,0,0
14,14,51736.0,0,0
15,15,51736.0,0,0
16,16,51736.0,0,0
17,17,51736.0,0,0
18,18,51736.0,0,0
19,19,51736.0,0,0
20,20,51736.0,0,0
21,21,51736.0,0,0
22,22,51736.0,0,0
23,23,51736.0,0,0
24,24,51736.0,0,0
25,25,51736.0,0,0
26,26,51736.0,0,0
27,27,51736.0,0,0
28,28,51736.0,0,0
29,29,51736.0,0,0
30,30,51736.0,0,0
31,31,51736.0,0,0
32,32,51736.0,0,0
33,33,51736.0,0,0
34,34,51736.0,0,0
35,35,51736.0,0,0
36,36,51736.0,0,0
37,37,51736.0,0,0
38,38,51736.0,0,0
39,39,51736.0,0,0
40,40,51736.0,0,0
41,41,51736.0,0,0
42,42,51736.0,0,0
43,43,51736.0,0,0
44,44,51736.0,0,0
45,45,51736.0,0,0
46,46,51736.0,0,0
47,47,51736.0,0,0
48,48,51736.0,0,0
49,49,51736.0,0,0
50,50,51736.0,0,0
51,51,51736.0,0,0
52,52,51736.0,0,0
53,53,51736.0,0,0
54,54,51736.0,0,0
55,55,51736.0,0,0
56,56,51736.0,0,0
57,57,51736.0,0,0
58,58,51735.0,1,0
59,59,51735.0,1,0
60,60,51735.0,1,0
61,61,51735.0,1,0
62,62,51734.0,2,0
63,63,51733.0,2,1
64,64,51731.0,4,1
65,65,51730.0,5,1
66,66,51730.0,5,1
67,67,51730.0,5,1
68,68,51728.0,7,1
69,69,51727.0,8,1
70,70,51727.0,8,1
71,71,51726.0,9,1
72,72,51723.0,12,1
73,73,51722.0,13,1
74,74,51721.0,14,1
75,75,51718.0,17,1
76,76,51717.0,18,1
77,77,51715.0,20,1
78,78,51713.0,22,1
79,79,51712.0,22,2
80,80,51712.0,22,2
81,81,51709.0,25,2
82,82,51708.0,26,2
83,83,51705.0,29,2
84,84,51703.0,31,2
85,85,51702.0,32,2
86,86,51702.0,32,2
87,87,51696.0,38,2
88,88,51696.0,38,2
89,89,51695.0,39,2
90,90,51693.0,41,2
91,91,51692.0,42,2
92,92,51691.0,43,2
93,93,51689.0,45,2
94,94,51689.0,45,2
95,95,51689.0,45,2
96,96,51689.0,45,2
97,97,51688.0,46,2
98,98,51687.0,47,2
99,99,51686.0,48,2
100,100,51685.0,49,2
101,101,51684.0,50,2
102,102,51684.0,50,2
103,103,51684.0,50,2
104,104,51681.0,53,2
105,105,51681.0,53,2
106,106,51678.0,56,2
107,107,51675.0,59,2
108,108,51675.0,59,2
109,109,51674.0,60,2
110,110,51674.0,60,2
111,111,51674.0,60,2
112,112,51674.0,60,2
113,113,51674.0,60,2
114,114,51673.0,61,2
115,115,51671.0,63,2
116,116,51671.0,63,2
117,117,51671.0,63,2
118,118,51671.0,63,2
119,119,51668.0,66,2
120,120,51665.0,69,2
121,121,51665.0,69,2
122,122,51665.0,69,2
123,123,51665.0,69,2
124,124,51663.0,71,2
125,125,51662.0,72,2
126,126,51660.0,74,2
127,127,51659.0,75,2
128,128,51658.0,76,2
