,Days,S,I,D
0,0,22612.0,0,0
1,1,22612.0,0,0
2,2,22612.0,0,0
3,3,22612.0,0,0
4,4,22612.0,0,0
5,5,22612.0,0,0
6,6,22612.0,0,0
7,7,22612.0,0,0
8,8,22612.0,0,0
9,9,22612.0,0,0
10,10,22612.0,0,0
11,11,22612.0,0,0
12,12,22612.0,0,0
13,13,22612.0,0,0
14,14,22612.0,0,0
15,15,22612.0,0,0
16,16,22612.0,0,0
17,17,22612.0,0,0
18,18,22612.0,0,0
19,19,22612.0,0,0
20,20,22612.0,0,0
21,21,22612.0,0,0
22,22,22612.0,0,0
23,23,22612.0,0,0
24,24,22612.0,0,0
25,25,22612.0,0,0
26,26,22612.0,0,0
27,27,22612.0,0,0
28,28,22612.0,0,0
29,29,22612.0,0,0
30,30,22612.0,0,0
31,31,22612.0,0,0
32,32,22612.0,0,0
33,33,22612.0,0,0
34,34,22612.0,0,0
35,35,22612.0,0,0
36,36,22612.0,0,0
37,37,22612.0,0,0
38,38,22612.0,0,0
39,39,22612.0,0,0
40,40,22612.0,0,0
41,41,22612.0,0,0
42,42,22612.0,0,0
43,43,22612.0,0,0
44,44,22612.0,0,0
45,45,22612.0,0,0
46,46,22612.0,0,0
47,47,22612.0,0,0
48,48,22612.0,0,0
49,49,22612.0,0,0
50,50,22612.0,0,0
51,51,22612.0,0,0
52,52,22612.0,0,0
53,53,22612.0,0,0
54,54,22612.0,0,0
55,55,22612.0,0,0
56,56,22612.0,0,0
57,57,22612.0,0,0
58,58,22612.0,0,0
59,59,22612.0,0,0
60,60,22612.0,0,0
61,61,22612.0,0,0
62,62,22612.0,0,0
63,63,22612.0,0,0
64,64,22612.0,0,0
65,65,22612.0,0,0
66,66,22612.0,0,0
67,67,22612.0,0,0
68,68,22612.0,0,0
69,69,22611.0,1,0
70,70,22611.0,1,0
71,71,22611.0,1,0
72,72,22611.0,1,0
73,73,22611.0,1,0
74,74,22611.0,1,0
75,75,22610.0,2,0
76,76,22609.0,3,0
77,77,22607.0,5,0
78,78,22605.0,7,0
79,79,22605.0,7,0
80,80,22605.0,7,0
81,81,22604.0,8,0
82,82,22603.0,9,0
83,83,22603.0,9,0
84,84,22603.0,9,0
85,85,22600.0,12,0
86,86,22600.0,12,0
87,87,22600.0,12,0
88,88,22599.0,13,0
89,89,22598.0,14,0
90,90,22597.0,15,0
91,91,22597.0,15,0
92,92,22595.0,17,0
93,93,22593.0,19,0
94,94,22593.0,19,0
95,95,22593.0,19,0
96,96,22592.0,20,0
97,97,22592.0,20,0
98,98,22591.0,21,0
99,99,22591.0,21,0
100,100,22591.0,21,0
101,101,22591.0,21,0
102,102,22591.0,21,0
103,103,22590.0,22,0
104,104,22590.0,22,0
105,105,22590.0,22,0
106,106,22589.0,23,0
107,107,22588.0,23,1
108,108,22588.0,23,1
109,109,22588.0,23,1
110,110,22587.0,24,1
111,111,22587.0,24,1
112,112,22586.0,25,1
113,113,22586.0,25,1
114,114,22586.0,25,1
115,115,22585.0,26,1
116,116,22585.0,26,1
117,117,22585.0,26,1
118,118,22584.0,26,2
119,119,22584.0,26,2
120,120,22584.0,26,2
121,121,22584.0,26,2
122,122,22584.0,26,2
123,123,22584.0,26,2
124,124,22584.0,26,2
125,125,22584.0,26,2
126,126,22583.0,27,2
127,127,22583.0,27,2
128,128,22583.0,27,2
