,Days,S,I,D
0,0,63711.0,0,0
1,1,63711.0,0,0
2,2,63711.0,0,0
3,3,63711.0,0,0
4,4,63711.0,0,0
5,5,63711.0,0,0
6,6,63711.0,0,0
7,7,63711.0,0,0
8,8,63711.0,0,0
9,9,63711.0,0,0
10,10,63711.0,0,0
11,11,63711.0,0,0
12,12,63711.0,0,0
13,13,63711.0,0,0
14,14,63711.0,0,0
15,15,63711.0,0,0
16,16,63711.0,0,0
17,17,63711.0,0,0
18,18,63711.0,0,0
19,19,63711.0,0,0
20,20,63711.0,0,0
21,21,63711.0,0,0
22,22,63711.0,0,0
23,23,63711.0,0,0
24,24,63711.0,0,0
25,25,63711.0,0,0
26,26,63711.0,0,0
27,27,63711.0,0,0
28,28,63711.0,0,0
29,29,63711.0,0,0
30,30,63711.0,0,0
31,31,63711.0,0,0
32,32,63711.0,0,0
33,33,63711.0,0,0
34,34,63711.0,0,0
35,35,63711.0,0,0
36,36,63711.0,0,0
37,37,63711.0,0,0
38,38,63711.0,0,0
39,39,63711.0,0,0
40,40,63711.0,0,0
41,41,63711.0,0,0
42,42,63711.0,0,0
43,43,63711.0,0,0
44,44,63711.0,0,0
45,45,63711.0,0,0
46,46,63711.0,0,0
47,47,63711.0,0,0
48,48,63711.0,0,0
49,49,63711.0,0,0
50,50,63711.0,0,0
51,51,63711.0,0,0
52,52,63711.0,0,0
53,53,63711.0,0,0
54,54,63711.0,0,0
55,55,63711.0,0,0
56,56,63711.0,0,0
57,57,63710.0,1,0
58,58,63710.0,1,0
59,59,63710.0,1,0
60,60,63710.0,1,0
61,61,63708.0,3,0
62,62,63706.0,5,0
63,63,63702.0,9,0
64,64,63693.0,18,0
65,65,63687.0,24,0
66,66,63683.0,28,0
67,67,63681.0,30,0
68,68,63680.0,31,0
69,69,63679.0,32,0
70,70,63679.0,32,0
71,71,63677.0,34,0
72,72,63662.0,49,0
73,73,63662.0,49,0
74,74,63662.0,49,0
75,75,63657.0,54,0
76,76,63647.0,64,0
77,77,63643.0,68,0
78,78,63639.0,72,0
79,79,63639.0,72,0
80,80,63633.0,78,0
81,81,63628.0,83,0
82,82,63628.0,83,0
83,83,63628.0,83,0
84,84,63628.0,83,0
85,85,63628.0,83,0
86,86,63628.0,83,0
87,87,63628.0,83,0
88,88,63626.0,85,0
89,89,63622.0,89,0
90,90,63622.0,89,0
91,91,63622.0,89,0
92,92,63622.0,89,0
93,93,63622.0,89,0
94,94,63620.0,91,0
95,95,63619.0,92,0
96,96,63618.0,93,0
97,97,63618.0,93,0
98,98,63618.0,93,0
99,99,63616.0,95,0
100,100,63614.0,97,0
101,101,63614.0,97,0
102,102,63612.0,99,0
103,103,63611.0,100,0
104,104,63611.0,100,0
105,105,63610.0,101,0
106,106,63608.0,103,0
107,107,63606.0,105,0
108,108,63605.0,106,0
109,109,63605.0,106,0
110,110,63604.0,107,0
111,111,63601.0,110,0
112,112,63600.0,111,0
113,113,63595.0,116,0
114,114,63592.0,119,0
115,115,63585.0,126,0
116,116,63585.0,126,0
117,117,63572.0,139,0
118,118,63562.0,148,1
119,119,63546.0,164,1
120,120,63538.0,172,1
121,121,63531.0,179,1
122,122,63519.0,191,1
123,123,63510.0,200,1
124,124,63461.0,249,1
125,125,63438.0,272,1
126,126,63428.0,282,1
127,127,63409.0,300,2
128,128,63379.0,330,2
