,Days,S,I,D
0,0,31191.0,0,0
1,1,31191.0,0,0
2,2,31191.0,0,0
3,3,31191.0,0,0
4,4,31191.0,0,0
5,5,31191.0,0,0
6,6,31191.0,0,0
7,7,31191.0,0,0
8,8,31191.0,0,0
9,9,31191.0,0,0
10,10,31191.0,0,0
11,11,31191.0,0,0
12,12,31191.0,0,0
13,13,31191.0,0,0
14,14,31191.0,0,0
15,15,31191.0,0,0
16,16,31191.0,0,0
17,17,31191.0,0,0
18,18,31191.0,0,0
19,19,31191.0,0,0
20,20,31191.0,0,0
21,21,31191.0,0,0
22,22,31191.0,0,0
23,23,31191.0,0,0
24,24,31191.0,0,0
25,25,31191.0,0,0
26,26,31191.0,0,0
27,27,31191.0,0,0
28,28,31191.0,0,0
29,29,31191.0,0,0
30,30,31191.0,0,0
31,31,31191.0,0,0
32,32,31191.0,0,0
33,33,31191.0,0,0
34,34,31191.0,0,0
35,35,31191.0,0,0
36,36,31191.0,0,0
37,37,31191.0,0,0
38,38,31191.0,0,0
39,39,31191.0,0,0
40,40,31191.0,0,0
41,41,31191.0,0,0
42,42,31191.0,0,0
43,43,31191.0,0,0
44,44,31191.0,0,0
45,45,31191.0,0,0
46,46,31191.0,0,0
47,47,31191.0,0,0
48,48,31191.0,0,0
49,49,31191.0,0,0
50,50,31191.0,0,0
51,51,31191.0,0,0
52,52,31191.0,0,0
53,53,31191.0,0,0
54,54,31191.0,0,0
55,55,31191.0,0,0
56,56,31191.0,0,0
57,57,31191.0,0,0
58,58,31191.0,0,0
59,59,31191.0,0,0
60,60,31191.0,0,0
61,61,31191.0,0,0
62,62,31191.0,0,0
63,63,31191.0,0,0
64,64,31191.0,0,0
65,65,31191.0,0,0
66,66,31191.0,0,0
67,67,31191.0,0,0
68,68,31190.0,1,0
69,69,31190.0,1,0
70,70,31190.0,1,0
71,71,31190.0,1,0
72,72,31190.0,1,0
73,73,31190.0,1,0
74,74,31190.0,1,0
75,75,31190.0,1,0
76,76,31190.0,1,0
77,77,31190.0,1,0
78,78,31190.0,1,0
79,79,31190.0,1,0
80,80,31180.0,11,0
81,81,31180.0,11,0
82,82,31180.0,11,0
83,83,31179.0,12,0
84,84,31179.0,12,0
85,85,31179.0,12,0
86,86,31179.0,12,0
87,87,31179.0,12,0
88,88,31179.0,12,0
89,89,31177.0,14,0
90,90,31175.0,16,0
91,91,31171.0,20,0
92,92,31168.0,23,0
93,93,31168.0,23,0
94,94,31164.0,27,0
95,95,31160.0,31,0
96,96,31158.0,33,0
97,97,31158.0,33,0
98,98,31158.0,33,0
99,99,31158.0,33,0
100,100,31157.0,33,1
101,101,31157.0,33,1
102,102,31157.0,33,1
103,103,31157.0,33,1
104,104,31157.0,33,1
105,105,31157.0,33,1
106,106,31157.0,33,1
107,107,31157.0,33,1
108,108,31156.0,34,1
109,109,31156.0,34,1
110,110,31156.0,34,1
111,111,31156.0,34,1
112,112,31155.0,34,2
113,113,31155.0,34,2
114,114,31154.0,35,2
115,115,31154.0,35,2
116,116,31154.0,35,2
117,117,31153.0,36,2
118,118,31153.0,36,2
119,119,31153.0,36,2
120,120,31153.0,36,2
121,121,31152.0,37,2
122,122,31152.0,37,2
123,123,31152.0,37,2
124,124,31152.0,37,2
125,125,31152.0,37,2
126,126,31152.0,37,2
127,127,31152.0,37,2
128,128,31151.0,38,2
