,Days,S,I,D
0,0,24015.0,0,0
1,1,24015.0,0,0
2,2,24015.0,0,0
3,3,24015.0,0,0
4,4,24015.0,0,0
5,5,24015.0,0,0
6,6,24015.0,0,0
7,7,24015.0,0,0
8,8,24015.0,0,0
9,9,24015.0,0,0
10,10,24015.0,0,0
11,11,24015.0,0,0
12,12,24015.0,0,0
13,13,24015.0,0,0
14,14,24015.0,0,0
15,15,24015.0,0,0
16,16,24015.0,0,0
17,17,24015.0,0,0
18,18,24015.0,0,0
19,19,24015.0,0,0
20,20,24015.0,0,0
21,21,24015.0,0,0
22,22,24015.0,0,0
23,23,24015.0,0,0
24,24,24015.0,0,0
25,25,24015.0,0,0
26,26,24015.0,0,0
27,27,24015.0,0,0
28,28,24015.0,0,0
29,29,24015.0,0,0
30,30,24015.0,0,0
31,31,24015.0,0,0
32,32,24015.0,0,0
33,33,24015.0,0,0
34,34,24015.0,0,0
35,35,24015.0,0,0
36,36,24015.0,0,0
37,37,24015.0,0,0
38,38,24015.0,0,0
39,39,24015.0,0,0
40,40,24015.0,0,0
41,41,24015.0,0,0
42,42,24015.0,0,0
43,43,24015.0,0,0
44,44,24015.0,0,0
45,45,24015.0,0,0
46,46,24015.0,0,0
47,47,24015.0,0,0
48,48,24015.0,0,0
49,49,24015.0,0,0
50,50,24015.0,0,0
51,51,24015.0,0,0
52,52,24015.0,0,0
53,53,24015.0,0,0
54,54,24015.0,0,0
55,55,24015.0,0,0
56,56,24015.0,0,0
57,57,24015.0,0,0
58,58,24015.0,0,0
59,59,24015.0,0,0
60,60,24015.0,0,0
61,61,24015.0,0,0
62,62,24015.0,0,0
63,63,24015.0,0,0
64,64,24015.0,0,0
65,65,24015.0,0,0
66,66,24015.0,0,0
67,67,24015.0,0,0
68,68,24014.0,1,0
69,69,24013.0,2,0
70,70,24011.0,4,0
71,71,24007.0,8,0
72,72,24004.0,11,0
73,73,24002.0,13,0
74,74,24002.0,13,0
75,75,23997.0,18,0
76,76,23997.0,18,0
77,77,23996.0,19,0
78,78,23989.0,24,2
79,79,23985.0,28,2
80,80,23984.0,29,2
81,81,23984.0,29,2
82,82,23983.0,30,2
83,83,23983.0,30,2
84,84,23975.0,38,2
85,85,23972.0,41,2
86,86,23969.0,44,2
87,87,23969.0,44,2
88,88,23969.0,44,2
89,89,23969.0,44,2
90,90,23969.0,44,2
91,91,23969.0,44,2
92,92,23969.0,44,2
93,93,23968.0,45,2
94,94,23967.0,46,2
95,95,23967.0,46,2
96,96,23967.0,46,2
97,97,23965.0,48,2
98,98,23962.0,51,2
99,99,23959.0,54,2
100,100,23959.0,54,2
101,101,23958.0,55,2
102,102,23958.0,55,2
103,103,23956.0,57,2
104,104,23952.0,61,2
105,105,23949.0,64,2
106,106,23948.0,65,2
107,107,23946.0,67,2
108,108,23942.0,71,2
109,109,23942.0,71,2
110,110,23938.0,75,2
111,111,23932.0,81,2
112,112,23929.0,84,2
113,113,23926.0,87,2
114,114,23925.0,88,2
115,115,23918.0,95,2
116,116,23918.0,95,2
117,117,23911.0,102,2
118,118,23908.0,105,2
119,119,23903.0,110,2
120,120,23899.0,114,2
121,121,23876.0,137,2
122,122,23868.0,145,2
123,123,23868.0,145,2
124,124,23868.0,145,2
125,125,23859.0,154,2
126,126,23857.0,156,2
127,127,23852.0,161,2
128,128,23852.0,161,2
