,Days,S,I,D
0,0,26282.0,0,0
1,1,26282.0,0,0
2,2,26282.0,0,0
3,3,26282.0,0,0
4,4,26282.0,0,0
5,5,26282.0,0,0
6,6,26282.0,0,0
7,7,26282.0,0,0
8,8,26282.0,0,0
9,9,26282.0,0,0
10,10,26282.0,0,0
11,11,26282.0,0,0
12,12,26282.0,0,0
13,13,26282.0,0,0
14,14,26282.0,0,0
15,15,26282.0,0,0
16,16,26282.0,0,0
17,17,26282.0,0,0
18,18,26282.0,0,0
19,19,26282.0,0,0
20,20,26282.0,0,0
21,21,26282.0,0,0
22,22,26282.0,0,0
23,23,26282.0,0,0
24,24,26282.0,0,0
25,25,26282.0,0,0
26,26,26282.0,0,0
27,27,26282.0,0,0
28,28,26282.0,0,0
29,29,26282.0,0,0
30,30,26282.0,0,0
31,31,26282.0,0,0
32,32,26282.0,0,0
33,33,26282.0,0,0
34,34,26282.0,0,0
35,35,26282.0,0,0
36,36,26282.0,0,0
37,37,26282.0,0,0
38,38,26282.0,0,0
39,39,26282.0,0,0
40,40,26282.0,0,0
41,41,26282.0,0,0
42,42,26282.0,0,0
43,43,26282.0,0,0
44,44,26282.0,0,0
45,45,26282.0,0,0
46,46,26282.0,0,0
47,47,26282.0,0,0
48,48,26282.0,0,0
49,49,26282.0,0,0
50,50,26282.0,0,0
51,51,26282.0,0,0
52,52,26282.0,0,0
53,53,26282.0,0,0
54,54,26282.0,0,0
55,55,26282.0,0,0
56,56,26282.0,0,0
57,57,26282.0,0,0
58,58,26282.0,0,0
59,59,26279.0,3,0
60,60,26279.0,3,0
61,61,26279.0,3,0
62,62,26279.0,3,0
63,63,26279.0,3,0
64,64,26279.0,3,0
65,65,26279.0,3,0
66,66,26279.0,3,0
67,67,26279.0,3,0
68,68,26278.0,4,0
69,69,26277.0,5,0
70,70,26277.0,5,0
71,71,26277.0,5,0
72,72,26276.0,6,0
73,73,26272.0,9,1
74,74,26272.0,9,1
75,75,26272.0,9,1
76,76,26272.0,9,1
77,77,26271.0,10,1
78,78,26271.0,10,1
79,79,26268.0,13,1
80,80,26267.0,14,1
81,81,26265.0,16,1
82,82,26265.0,16,1
83,83,26264.0,17,1
84,84,26265.0,16,1
85,85,26264.0,17,1
86,86,26261.0,20,1
87,87,26258.0,23,1
88,88,26258.0,23,1
89,89,26257.0,24,1
90,90,26257.0,24,1
91,91,26257.0,24,1
92,92,26255.0,26,1
93,93,26254.0,27,1
94,94,26254.0,27,1
95,95,26254.0,27,1
96,96,26254.0,27,1
97,97,26254.0,27,1
98,98,26253.0,28,1
99,99,26252.0,29,1
100,100,26251.0,30,1
101,101,26250.0,31,1
102,102,26250.0,31,1
103,103,26249.0,32,1
104,104,26245.0,36,1
105,105,26244.0,37,1
106,106,26244.0,37,1
107,107,26242.0,39,1
108,108,26242.0,39,1
109,109,26242.0,39,1
110,110,26242.0,39,1
111,111,26240.0,40,2
112,112,26239.0,41,2
113,113,26239.0,41,2
114,114,26238.0,42,2
115,115,26236.0,44,2
116,116,26235.0,45,2
117,117,26233.0,47,2
118,118,26233.0,47,2
119,119,26232.0,48,2
120,120,26232.0,48,2
121,121,26232.0,48,2
122,122,26232.0,48,2
123,123,26232.0,48,2
124,124,26231.0,49,2
125,125,26231.0,49,2
126,126,26229.0,51,2
127,127,26229.0,51,2
128,128,26228.0,52,2
