,Days,S,I,D
0,0,27732.0,0,0
1,1,27732.0,0,0
2,2,27732.0,0,0
3,3,27732.0,0,0
4,4,27732.0,0,0
5,5,27732.0,0,0
6,6,27732.0,0,0
7,7,27732.0,0,0
8,8,27732.0,0,0
9,9,27732.0,0,0
10,10,27732.0,0,0
11,11,27732.0,0,0
12,12,27732.0,0,0
13,13,27732.0,0,0
14,14,27732.0,0,0
15,15,27732.0,0,0
16,16,27732.0,0,0
17,17,27732.0,0,0
18,18,27732.0,0,0
19,19,27732.0,0,0
20,20,27732.0,0,0
21,21,27732.0,0,0
22,22,27732.0,0,0
23,23,27732.0,0,0
24,24,27732.0,0,0
25,25,27732.0,0,0
26,26,27732.0,0,0
27,27,27732.0,0,0
28,28,27732.0,0,0
29,29,27732.0,0,0
30,30,27732.0,0,0
31,31,27732.0,0,0
32,32,27732.0,0,0
33,33,27732.0,0,0
34,34,27732.0,0,0
35,35,27732.0,0,0
36,36,27732.0,0,0
37,37,27732.0,0,0
38,38,27732.0,0,0
39,39,27732.0,0,0
40,40,27732.0,0,0
41,41,27732.0,0,0
42,42,27732.0,0,0
43,43,27732.0,0,0
44,44,27732.0,0,0
45,45,27732.0,0,0
46,46,27732.0,0,0
47,47,27732.0,0,0
48,48,27732.0,0,0
49,49,27731.0,1,0
50,50,27731.0,1,0
51,51,27732.0,0,0
52,52,27732.0,0,0
53,53,27732.0,0,0
54,54,27732.0,0,0
55,55,27732.0,0,0
56,56,27732.0,0,0
57,57,27732.0,0,0
58,58,27732.0,0,0
59,59,27732.0,0,0
60,60,27731.0,1,0
61,61,27731.0,1,0
62,62,27731.0,1,0
63,63,27731.0,1,0
64,64,27731.0,1,0
65,65,27731.0,1,0
66,66,27731.0,1,0
67,67,27730.0,2,0
68,68,27730.0,2,0
69,69,27730.0,2,0
70,70,27729.0,3,0
71,71,27727.0,5,0
72,72,27727.0,5,0
73,73,27726.0,6,0
74,74,27725.0,7,0
75,75,27723.0,9,0
76,76,27721.0,11,0
77,77,27717.0,15,0
78,78,27712.0,20,0
79,79,27710.0,22,0
80,80,27708.0,24,0
81,81,27702.0,29,1
82,82,27701.0,30,1
83,83,27700.0,31,1
84,84,27696.0,35,1
85,85,27692.0,39,1
86,86,27690.0,40,2
87,87,27688.0,42,2
88,88,27688.0,42,2
89,89,27688.0,42,2
90,90,27688.0,42,2
91,91,27688.0,42,2
92,92,27688.0,42,2
93,93,27688.0,42,2
94,94,27688.0,42,2
95,95,27687.0,43,2
96,96,27686.0,44,2
97,97,27686.0,44,2
98,98,27684.0,46,2
99,99,27684.0,46,2
100,100,27683.0,47,2
101,101,27682.0,48,2
102,102,27682.0,48,2
103,103,27682.0,48,2
104,104,27682.0,48,2
105,105,27682.0,48,2
106,106,27682.0,48,2
107,107,27682.0,48,2
108,108,27682.0,48,2
109,109,27682.0,48,2
110,110,27682.0,48,2
111,111,27682.0,48,2
112,112,27682.0,48,2
113,113,27681.0,49,2
114,114,27681.0,49,2
115,115,27681.0,49,2
116,116,27681.0,49,2
117,117,27681.0,49,2
118,118,27681.0,49,2
119,119,27681.0,49,2
120,120,27680.0,50,2
121,121,27680.0,50,2
122,122,27680.0,50,2
123,123,27679.0,51,2
124,124,27679.0,51,2
125,125,27679.0,51,2
126,126,27679.0,51,2
127,127,27679.0,51,2
128,128,27679.0,51,2
