,Days,S,I,D
0,0,25095.0,0,0
1,1,25095.0,0,0
2,2,25095.0,0,0
3,3,25095.0,0,0
4,4,25095.0,0,0
5,5,25095.0,0,0
6,6,25095.0,0,0
7,7,25095.0,0,0
8,8,25095.0,0,0
9,9,25095.0,0,0
10,10,25095.0,0,0
11,11,25095.0,0,0
12,12,25095.0,0,0
13,13,25095.0,0,0
14,14,25095.0,0,0
15,15,25095.0,0,0
16,16,25095.0,0,0
17,17,25095.0,0,0
18,18,25095.0,0,0
19,19,25095.0,0,0
20,20,25095.0,0,0
21,21,25095.0,0,0
22,22,25095.0,0,0
23,23,25095.0,0,0
24,24,25095.0,0,0
25,25,25095.0,0,0
26,26,25095.0,0,0
27,27,25095.0,0,0
28,28,25095.0,0,0
29,29,25095.0,0,0
30,30,25095.0,0,0
31,31,25095.0,0,0
32,32,25095.0,0,0
33,33,25095.0,0,0
34,34,25095.0,0,0
35,35,25095.0,0,0
36,36,25095.0,0,0
37,37,25095.0,0,0
38,38,25095.0,0,0
39,39,25095.0,0,0
40,40,25095.0,0,0
41,41,25095.0,0,0
42,42,25095.0,0,0
43,43,25095.0,0,0
44,44,25095.0,0,0
45,45,25095.0,0,0
46,46,25095.0,0,0
47,47,25095.0,0,0
48,48,25095.0,0,0
49,49,25095.0,0,0
50,50,25095.0,0,0
51,51,25095.0,0,0
52,52,25095.0,0,0
53,53,25095.0,0,0
54,54,25095.0,0,0
55,55,25095.0,0,0
56,56,25095.0,0,0
57,57,25095.0,0,0
58,58,25095.0,0,0
59,59,25095.0,0,0
60,60,25095.0,0,0
61,61,25095.0,0,0
62,62,25095.0,0,0
63,63,25095.0,0,0
64,64,25095.0,0,0
65,65,25095.0,0,0
66,66,25095.0,0,0
67,67,25095.0,0,0
68,68,25095.0,0,0
69,69,25095.0,0,0
70,70,25095.0,0,0
71,71,25095.0,0,0
72,72,25094.0,1,0
73,73,25092.0,3,0
74,74,25091.0,4,0
75,75,25091.0,4,0
76,76,25091.0,4,0
77,77,25091.0,4,0
78,78,25091.0,4,0
79,79,25091.0,4,0
80,80,25091.0,4,0
81,81,25091.0,4,0
82,82,25091.0,4,0
83,83,25091.0,4,0
84,84,25091.0,4,0
85,85,25090.0,5,0
86,86,25089.0,6,0
87,87,25087.0,8,0
88,88,25087.0,8,0
89,89,25087.0,8,0
90,90,25087.0,8,0
91,91,25087.0,8,0
92,92,25087.0,8,0
93,93,25087.0,8,0
94,94,25085.0,10,0
95,95,25085.0,10,0
96,96,25085.0,10,0
97,97,25083.0,12,0
98,98,25083.0,12,0
99,99,25083.0,12,0
100,100,25081.0,14,0
101,101,25078.0,17,0
102,102,25072.0,23,0
103,103,25068.0,27,0
104,104,25062.0,33,0
105,105,25061.0,34,0
106,106,25051.0,44,0
107,107,25047.0,48,0
108,108,25044.0,51,0
109,109,25036.0,59,0
110,110,25033.0,62,0
111,111,25028.0,67,0
112,112,25024.0,71,0
113,113,25021.0,74,0
114,114,25017.0,78,0
115,115,25013.0,82,0
116,116,25012.0,83,0
117,117,25009.0,86,0
118,118,25006.0,89,0
119,119,25006.0,89,0
120,120,24999.0,96,0
121,121,24995.0,100,0
122,122,24993.0,102,0
123,123,24988.0,107,0
124,124,24979.0,116,0
125,125,24976.0,118,1
126,126,24976.0,118,1
127,127,24975.0,119,1
128,128,24973.0,121,1
