,Days,S,I,D
0,0,59770.0,0,0
1,1,59770.0,0,0
2,2,59770.0,0,0
3,3,59770.0,0,0
4,4,59770.0,0,0
5,5,59770.0,0,0
6,6,59770.0,0,0
7,7,59770.0,0,0
8,8,59770.0,0,0
9,9,59770.0,0,0
10,10,59770.0,0,0
11,11,59770.0,0,0
12,12,59770.0,0,0
13,13,59770.0,0,0
14,14,59770.0,0,0
15,15,59770.0,0,0
16,16,59770.0,0,0
17,17,59770.0,0,0
18,18,59770.0,0,0
19,19,59770.0,0,0
20,20,59770.0,0,0
21,21,59770.0,0,0
22,22,59770.0,0,0
23,23,59770.0,0,0
24,24,59770.0,0,0
25,25,59770.0,0,0
26,26,59770.0,0,0
27,27,59770.0,0,0
28,28,59770.0,0,0
29,29,59770.0,0,0
30,30,59770.0,0,0
31,31,59770.0,0,0
32,32,59770.0,0,0
33,33,59770.0,0,0
34,34,59770.0,0,0
35,35,59770.0,0,0
36,36,59770.0,0,0
37,37,59770.0,0,0
38,38,59770.0,0,0
39,39,59770.0,0,0
40,40,59770.0,0,0
41,41,59770.0,0,0
42,42,59770.0,0,0
43,43,59770.0,0,0
44,44,59770.0,0,0
45,45,59770.0,0,0
46,46,59770.0,0,0
47,47,59770.0,0,0
48,48,59770.0,0,0
49,49,59770.0,0,0
50,50,59770.0,0,0
51,51,59770.0,0,0
52,52,59770.0,0,0
53,53,59769.0,1,0
54,54,59769.0,1,0
55,55,59768.0,2,0
56,56,59768.0,2,0
57,57,59767.0,3,0
58,58,59766.0,4,0
59,59,59763.0,7,0
60,60,59762.0,8,0
61,61,59762.0,8,0
62,62,59760.0,10,0
63,63,59757.0,13,0
64,64,59754.0,16,0
65,65,59754.0,16,0
66,66,59747.0,23,0
67,67,59745.0,25,0
68,68,59738.0,31,1
69,69,59736.0,33,1
70,70,59735.0,34,1
71,71,59726.0,43,1
72,72,59724.0,45,1
73,73,59724.0,45,1
74,74,59723.0,46,1
75,75,59722.0,47,1
76,76,59721.0,48,1
77,77,59720.0,49,1
78,78,59718.0,50,2
79,79,59716.0,52,2
80,80,59714.0,54,2
81,81,59713.0,55,2
82,82,59710.0,58,2
83,83,59709.0,59,2
84,84,59706.0,62,2
85,85,59704.0,64,2
86,86,59703.0,65,2
87,87,59698.0,70,2
88,88,59698.0,70,2
89,89,59697.0,71,2
90,90,59697.0,71,2
91,91,59697.0,71,2
92,92,59694.0,74,2
93,93,59687.0,81,2
94,94,59685.0,83,2
95,95,59681.0,87,2
96,96,59680.0,88,2
97,97,59679.0,89,2
98,98,59677.0,91,2
99,99,59675.0,93,2
100,100,59675.0,93,2
101,101,59673.0,95,2
102,102,59673.0,95,2
103,103,59673.0,95,2
104,104,59669.0,99,2
105,105,59669.0,99,2
106,106,59668.0,100,2
107,107,59666.0,102,2
108,108,59665.0,103,2
109,109,59665.0,103,2
110,110,59665.0,103,2
111,111,59657.0,111,2
112,112,59656.0,112,2
113,113,59656.0,112,2
114,114,59655.0,113,2
115,115,59655.0,113,2
116,116,59654.0,114,2
117,117,59654.0,114,2
118,118,59654.0,114,2
119,119,59654.0,114,2
120,120,59654.0,114,2
121,121,59648.0,120,2
122,122,59648.0,120,2
123,123,59647.0,121,2
124,124,59645.0,123,2
125,125,59634.0,134,2
126,126,59633.0,135,2
127,127,59633.0,135,2
128,128,59631.0,137,2
