,Days,S,I,D
0,0,16249.0,0,0
1,1,16249.0,0,0
2,2,16249.0,0,0
3,3,16249.0,0,0
4,4,16249.0,0,0
5,5,16249.0,0,0
6,6,16249.0,0,0
7,7,16249.0,0,0
8,8,16249.0,0,0
9,9,16249.0,0,0
10,10,16249.0,0,0
11,11,16249.0,0,0
12,12,16249.0,0,0
13,13,16249.0,0,0
14,14,16249.0,0,0
15,15,16249.0,0,0
16,16,16249.0,0,0
17,17,16249.0,0,0
18,18,16249.0,0,0
19,19,16249.0,0,0
20,20,16249.0,0,0
21,21,16249.0,0,0
22,22,16249.0,0,0
23,23,16249.0,0,0
24,24,16249.0,0,0
25,25,16249.0,0,0
26,26,16249.0,0,0
27,27,16249.0,0,0
28,28,16249.0,0,0
29,29,16249.0,0,0
30,30,16249.0,0,0
31,31,16249.0,0,0
32,32,16249.0,0,0
33,33,16249.0,0,0
34,34,16249.0,0,0
35,35,16249.0,0,0
36,36,16249.0,0,0
37,37,16249.0,0,0
38,38,16249.0,0,0
39,39,16249.0,0,0
40,40,16249.0,0,0
41,41,16249.0,0,0
42,42,16249.0,0,0
43,43,16249.0,0,0
44,44,16249.0,0,0
45,45,16249.0,0,0
46,46,16249.0,0,0
47,47,16249.0,0,0
48,48,16249.0,0,0
49,49,16249.0,0,0
50,50,16249.0,0,0
51,51,16249.0,0,0
52,52,16249.0,0,0
53,53,16249.0,0,0
54,54,16249.0,0,0
55,55,16249.0,0,0
56,56,16249.0,0,0
57,57,16249.0,0,0
58,58,16249.0,0,0
59,59,16249.0,0,0
60,60,16249.0,0,0
61,61,16249.0,0,0
62,62,16249.0,0,0
63,63,16249.0,0,0
64,64,16249.0,0,0
65,65,16249.0,0,0
66,66,16249.0,0,0
67,67,16249.0,0,0
68,68,16249.0,0,0
69,69,16249.0,0,0
70,70,16248.0,1,0
71,71,16248.0,1,0
72,72,16248.0,1,0
73,73,16248.0,1,0
74,74,16248.0,1,0
75,75,16248.0,1,0
76,76,16248.0,1,0
77,77,16248.0,1,0
78,78,16248.0,1,0
79,79,16248.0,1,0
80,80,16246.0,2,1
81,81,16246.0,2,1
82,82,16246.0,2,1
83,83,16245.0,3,1
84,84,16245.0,3,1
85,85,16245.0,3,1
86,86,16245.0,3,1
87,87,16245.0,3,1
88,88,16245.0,3,1
89,89,16245.0,3,1
90,90,16245.0,3,1
91,91,16245.0,3,1
92,92,16245.0,3,1
93,93,16245.0,3,1
94,94,16245.0,3,1
95,95,16245.0,3,1
96,96,16245.0,3,1
97,97,16244.0,4,1
98,98,16243.0,5,1
99,99,16243.0,5,1
100,100,16240.0,8,1
101,101,16240.0,8,1
102,102,16239.0,9,1
103,103,16239.0,9,1
104,104,16239.0,9,1
105,105,16238.0,10,1
106,106,16238.0,10,1
107,107,16238.0,10,1
108,108,16237.0,11,1
109,109,16237.0,11,1
110,110,16237.0,11,1
111,111,16236.0,12,1
112,112,16235.0,13,1
113,113,16235.0,13,1
114,114,16234.0,14,1
115,115,16232.0,16,1
116,116,16232.0,16,1
117,117,16232.0,16,1
118,118,16232.0,16,1
119,119,16228.0,20,1
120,120,16228.0,20,1
121,121,16227.0,21,1
122,122,16226.0,22,1
123,123,16225.0,23,1
124,124,16224.0,24,1
125,125,16223.0,25,1
126,126,16222.0,26,1
127,127,16222.0,26,1
128,128,16221.0,27,1
