,Days,S,I,D
0,0,25083.0,0,0
1,1,25083.0,0,0
2,2,25083.0,0,0
3,3,25083.0,0,0
4,4,25083.0,0,0
5,5,25083.0,0,0
6,6,25083.0,0,0
7,7,25083.0,0,0
8,8,25083.0,0,0
9,9,25083.0,0,0
10,10,25083.0,0,0
11,11,25083.0,0,0
12,12,25083.0,0,0
13,13,25083.0,0,0
14,14,25083.0,0,0
15,15,25083.0,0,0
16,16,25083.0,0,0
17,17,25083.0,0,0
18,18,25083.0,0,0
19,19,25083.0,0,0
20,20,25083.0,0,0
21,21,25083.0,0,0
22,22,25083.0,0,0
23,23,25083.0,0,0
24,24,25083.0,0,0
25,25,25083.0,0,0
26,26,25083.0,0,0
27,27,25083.0,0,0
28,28,25083.0,0,0
29,29,25083.0,0,0
30,30,25083.0,0,0
31,31,25083.0,0,0
32,32,25083.0,0,0
33,33,25083.0,0,0
34,34,25083.0,0,0
35,35,25083.0,0,0
36,36,25083.0,0,0
37,37,25083.0,0,0
38,38,25083.0,0,0
39,39,25083.0,0,0
40,40,25083.0,0,0
41,41,25083.0,0,0
42,42,25083.0,0,0
43,43,25083.0,0,0
44,44,25083.0,0,0
45,45,25083.0,0,0
46,46,25083.0,0,0
47,47,25083.0,0,0
48,48,25083.0,0,0
49,49,25083.0,0,0
50,50,25083.0,0,0
51,51,25083.0,0,0
52,52,25083.0,0,0
53,53,25083.0,0,0
54,54,25083.0,0,0
55,55,25083.0,0,0
56,56,25083.0,0,0
57,57,25083.0,0,0
58,58,25083.0,0,0
59,59,25083.0,0,0
60,60,25083.0,0,0
61,61,25080.0,3,0
62,62,25080.0,3,0
63,63,25077.0,5,1
64,64,25075.0,7,1
65,65,25075.0,7,1
66,66,25075.0,7,1
67,67,25075.0,7,1
68,68,25075.0,7,1
69,69,25075.0,7,1
70,70,25075.0,7,1
71,71,25075.0,7,1
72,72,25071.0,11,1
73,73,25071.0,11,1
74,74,25071.0,11,1
75,75,25071.0,11,1
76,76,25070.0,12,1
77,77,25070.0,12,1
78,78,25070.0,12,1
79,79,25069.0,12,2
80,80,25069.0,12,2
81,81,25065.0,16,2
82,82,25066.0,15,2
83,83,25065.0,16,2
84,84,25065.0,16,2
85,85,25064.0,17,2
86,86,25063.0,18,2
87,87,25063.0,18,2
88,88,25057.0,24,2
89,89,25057.0,24,2
90,90,25056.0,25,2
91,91,25056.0,25,2
92,92,25056.0,25,2
93,93,25055.0,26,2
94,94,25054.0,27,2
95,95,25054.0,27,2
96,96,25054.0,27,2
97,97,25053.0,28,2
98,98,25053.0,28,2
99,99,25053.0,28,2
100,100,25053.0,28,2
101,101,25053.0,28,2
102,102,25053.0,28,2
103,103,25053.0,28,2
104,104,25052.0,29,2
105,105,25051.0,30,2
106,106,25051.0,30,2
107,107,25051.0,30,2
108,108,25051.0,30,2
109,109,25050.0,31,2
110,110,25050.0,31,2
111,111,25050.0,31,2
112,112,25050.0,31,2
113,113,25050.0,31,2
114,114,25050.0,31,2
115,115,25050.0,31,2
116,116,25050.0,31,2
117,117,25050.0,31,2
118,118,25050.0,31,2
119,119,25049.0,32,2
120,120,25049.0,32,2
121,121,25049.0,32,2
122,122,25049.0,32,2
123,123,25049.0,32,2
124,124,25049.0,32,2
125,125,25049.0,32,2
126,126,25049.0,32,2
127,127,25049.0,32,2
128,128,25049.0,32,2
