,Days,S,I,D
0,0,31007.0,0,0
1,1,31007.0,0,0
2,2,31007.0,0,0
3,3,31007.0,0,0
4,4,31007.0,0,0
5,5,31007.0,0,0
6,6,31007.0,0,0
7,7,31007.0,0,0
8,8,31007.0,0,0
9,9,31007.0,0,0
10,10,31007.0,0,0
11,11,31007.0,0,0
12,12,31007.0,0,0
13,13,31007.0,0,0
14,14,31007.0,0,0
15,15,31007.0,0,0
16,16,31007.0,0,0
17,17,31007.0,0,0
18,18,31007.0,0,0
19,19,31007.0,0,0
20,20,31007.0,0,0
21,21,31007.0,0,0
22,22,31007.0,0,0
23,23,31007.0,0,0
24,24,31007.0,0,0
25,25,31007.0,0,0
26,26,31007.0,0,0
27,27,31007.0,0,0
28,28,31007.0,0,0
29,29,31007.0,0,0
30,30,31007.0,0,0
31,31,31007.0,0,0
32,32,31007.0,0,0
33,33,31007.0,0,0
34,34,31007.0,0,0
35,35,31007.0,0,0
36,36,31007.0,0,0
37,37,31007.0,0,0
38,38,31007.0,0,0
39,39,31007.0,0,0
40,40,31007.0,0,0
41,41,31007.0,0,0
42,42,31007.0,0,0
43,43,31007.0,0,0
44,44,31006.0,1,0
45,45,31006.0,1,0
46,46,31006.0,1,0
47,47,31006.0,1,0
48,48,31006.0,1,0
49,49,31006.0,1,0
50,50,31006.0,1,0
51,51,31005.0,2,0
52,52,31005.0,2,0
53,53,31006.0,1,0
54,54,31006.0,1,0
55,55,31004.0,3,0
56,56,31004.0,3,0
57,57,31002.0,5,0
58,58,31000.0,7,0
59,59,31000.0,7,0
60,60,31000.0,7,0
61,61,30999.0,8,0
62,62,30998.0,9,0
63,63,30998.0,9,0
64,64,30998.0,9,0
65,65,30997.0,10,0
66,66,30996.0,11,0
67,67,30996.0,11,0
68,68,30993.0,14,0
69,69,30987.0,20,0
70,70,30984.0,23,0
71,71,30981.0,26,0
72,72,30972.0,35,0
73,73,30964.0,43,0
74,74,30962.0,45,0
75,75,30960.0,47,0
76,76,30954.0,53,0
77,77,30951.0,56,0
78,78,30950.0,57,0
79,79,30946.0,61,0
80,80,30939.0,68,0
81,81,30938.0,68,1
82,82,30934.0,72,1
83,83,30932.0,74,1
84,84,30930.0,76,1
85,85,30929.0,77,1
86,86,30924.0,82,1
87,87,30920.0,86,1
88,88,30920.0,86,1
89,89,30918.0,88,1
90,90,30918.0,88,1
91,91,30918.0,88,1
92,92,30917.0,89,1
93,93,30909.0,97,1
94,94,30909.0,97,1
95,95,30901.0,105,1
96,96,30900.0,106,1
97,97,30887.0,119,1
98,98,30885.0,121,1
99,99,30878.0,128,1
100,100,30876.0,130,1
101,101,30870.0,136,1
102,102,30862.0,144,1
103,103,30862.0,144,1
104,104,30855.0,151,1
105,105,30851.0,155,1
106,106,30851.0,155,1
107,107,30850.0,156,1
108,108,30844.0,162,1
109,109,30841.0,165,1
110,110,30837.0,169,1
111,111,30835.0,171,1
112,112,30832.0,174,1
113,113,30831.0,175,1
114,114,30828.0,178,1
115,115,30824.0,182,1
116,116,30823.0,183,1
117,117,30820.0,186,1
118,118,30813.0,192,2
119,119,30811.0,194,2
120,120,30810.0,195,2
121,121,30808.0,197,2
122,122,30802.0,203,2
123,123,30800.0,205,2
124,124,30800.0,205,2
125,125,30793.0,212,2
126,126,30792.0,213,2
127,127,30792.0,213,2
128,128,30786.0,219,2
