,Days,S,I,D
0,0,34586.0,0,0
1,1,34586.0,0,0
2,2,34586.0,0,0
3,3,34586.0,0,0
4,4,34586.0,0,0
5,5,34586.0,0,0
6,6,34586.0,0,0
7,7,34586.0,0,0
8,8,34586.0,0,0
9,9,34586.0,0,0
10,10,34586.0,0,0
11,11,34586.0,0,0
12,12,34586.0,0,0
13,13,34586.0,0,0
14,14,34586.0,0,0
15,15,34586.0,0,0
16,16,34586.0,0,0
17,17,34586.0,0,0
18,18,34586.0,0,0
19,19,34586.0,0,0
20,20,34586.0,0,0
21,21,34586.0,0,0
22,22,34586.0,0,0
23,23,34586.0,0,0
24,24,34586.0,0,0
25,25,34586.0,0,0
26,26,34586.0,0,0
27,27,34586.0,0,0
28,28,34586.0,0,0
29,29,34586.0,0,0
30,30,34586.0,0,0
31,31,34586.0,0,0
32,32,34586.0,0,0
33,33,34586.0,0,0
34,34,34586.0,0,0
35,35,34586.0,0,0
36,36,34586.0,0,0
37,37,34586.0,0,0
38,38,34586.0,0,0
39,39,34586.0,0,0
40,40,34586.0,0,0
41,41,34586.0,0,0
42,42,34586.0,0,0
43,43,34586.0,0,0
44,44,34586.0,0,0
45,45,34586.0,0,0
46,46,34586.0,0,0
47,47,34586.0,0,0
48,48,34586.0,0,0
49,49,34586.0,0,0
50,50,34586.0,0,0
51,51,34586.0,0,0
52,52,34586.0,0,0
53,53,34586.0,0,0
54,54,34586.0,0,0
55,55,34586.0,0,0
56,56,34586.0,0,0
57,57,34586.0,0,0
58,58,34586.0,0,0
59,59,34586.0,0,0
60,60,34586.0,0,0
61,61,34586.0,0,0
62,62,34586.0,0,0
63,63,34586.0,0,0
64,64,34586.0,0,0
65,65,34586.0,0,0
66,66,34586.0,0,0
67,67,34585.0,1,0
68,68,34585.0,1,0
69,69,34585.0,1,0
70,70,34584.0,2,0
71,71,34584.0,2,0
72,72,34584.0,2,0
73,73,34582.0,4,0
74,74,34580.0,6,0
75,75,34578.0,8,0
76,76,34577.0,9,0
77,77,34575.0,10,1
78,78,34573.0,12,1
79,79,34573.0,12,1
80,80,34573.0,12,1
81,81,34573.0,12,1
82,82,34573.0,12,1
83,83,34573.0,12,1
84,84,34572.0,13,1
85,85,34571.0,14,1
86,86,34569.0,16,1
87,87,34568.0,17,1
88,88,34568.0,17,1
89,89,34568.0,17,1
90,90,34568.0,17,1
91,91,34567.0,18,1
92,92,34567.0,18,1
93,93,34565.0,20,1
94,94,34564.0,21,1
95,95,34564.0,21,1
96,96,34564.0,21,1
97,97,34564.0,21,1
98,98,34563.0,22,1
99,99,34562.0,23,1
100,100,34560.0,25,1
101,101,34559.0,26,1
102,102,34559.0,26,1
103,103,34544.0,41,1
104,104,34534.0,51,1
105,105,34526.0,59,1
106,106,34524.0,61,1
107,107,34523.0,62,1
108,108,34522.0,62,2
109,109,34522.0,62,2
110,110,34522.0,62,2
111,111,34522.0,62,2
112,112,34520.0,64,2
113,113,34519.0,65,2
114,114,34519.0,65,2
115,115,34519.0,65,2
116,116,34519.0,65,2
117,117,34517.0,67,2
118,118,34515.0,69,2
119,119,34513.0,71,2
120,120,34511.0,73,2
121,121,34508.0,76,2
122,122,34508.0,76,2
123,123,34505.0,79,2
124,124,34505.0,79,2
125,125,34504.0,80,2
126,126,34504.0,80,2
127,127,34503.0,81,2
128,128,34503.0,81,2
