,Days,S,I,D
0,0,180974.0,0,0
1,1,180974.0,0,0
2,2,180974.0,0,0
3,3,180974.0,0,0
4,4,180974.0,0,0
5,5,180974.0,0,0
6,6,180974.0,0,0
7,7,180974.0,0,0
8,8,180974.0,0,0
9,9,180974.0,0,0
10,10,180974.0,0,0
11,11,180974.0,0,0
12,12,180974.0,0,0
13,13,180974.0,0,0
14,14,180974.0,0,0
15,15,180974.0,0,0
16,16,180974.0,0,0
17,17,180974.0,0,0
18,18,180974.0,0,0
19,19,180974.0,0,0
20,20,180974.0,0,0
21,21,180974.0,0,0
22,22,180974.0,0,0
23,23,180974.0,0,0
24,24,180974.0,0,0
25,25,180974.0,0,0
26,26,180974.0,0,0
27,27,180974.0,0,0
28,28,180974.0,0,0
29,29,180974.0,0,0
30,30,180974.0,0,0
31,31,180974.0,0,0
32,32,180974.0,0,0
33,33,180974.0,0,0
34,34,180974.0,0,0
35,35,180974.0,0,0
36,36,180974.0,0,0
37,37,180974.0,0,0
38,38,180974.0,0,0
39,39,180974.0,0,0
40,40,180974.0,0,0
41,41,180974.0,0,0
42,42,180974.0,0,0
43,43,180974.0,0,0
44,44,180974.0,0,0
45,45,180974.0,0,0
46,46,180974.0,0,0
47,47,180974.0,0,0
48,48,180974.0,0,0
49,49,180974.0,0,0
50,50,180974.0,0,0
51,51,180974.0,0,0
52,52,180974.0,0,0
53,53,180974.0,0,0
54,54,180974.0,0,0
55,55,180974.0,0,0
56,56,180974.0,0,0
57,57,180974.0,0,0
58,58,180972.0,2,0
59,59,180972.0,2,0
60,60,180973.0,1,0
61,61,180973.0,1,0
62,62,180973.0,1,0
63,63,180973.0,1,0
64,64,180968.0,6,0
65,65,180968.0,6,0
66,66,180964.0,10,0
67,67,180957.0,17,0
68,68,180957.0,17,0
69,69,180956.0,18,0
70,70,180954.0,20,0
71,71,180951.0,23,0
72,72,180941.0,33,0
73,73,180939.0,35,0
74,74,180937.0,37,0
75,75,180934.0,40,0
76,76,180932.0,41,1
77,77,180932.0,41,1
78,78,180924.0,49,1
79,79,180920.0,53,1
80,80,180920.0,53,1
81,81,180917.0,56,1
82,82,180916.0,57,1
83,83,180913.0,60,1
84,84,180908.0,65,1
85,85,180902.0,71,1
86,86,180897.0,76,1
87,87,180893.0,80,1
88,88,180888.0,85,1
89,89,180886.0,87,1
90,90,180885.0,88,1
91,91,180877.0,96,1
92,92,180877.0,96,1
93,93,180869.0,104,1
94,94,180860.0,113,1
95,95,180856.0,117,1
96,96,180854.0,119,1
97,97,180847.0,126,1
98,98,180842.0,131,1
99,99,180838.0,135,1
100,100,180830.0,143,1
101,101,180826.0,147,1
102,102,180823.0,150,1
103,103,180823.0,150,1
104,104,180819.0,153,2
105,105,180809.0,163,2
106,106,180803.0,169,2
107,107,180797.0,175,2
108,108,180790.0,182,2
109,109,180787.0,185,2
110,110,180783.0,189,2
111,111,180778.0,194,2
112,112,180778.0,194,2
113,113,180777.0,195,2
114,114,180771.0,201,2
115,115,180771.0,201,2
116,116,180765.0,207,2
117,117,180753.0,219,2
118,118,180749.0,223,2
119,119,180747.0,225,2
120,120,180743.0,229,2
121,121,180742.0,230,2
122,122,180732.0,240,2
123,123,180730.0,242,2
124,124,180724.0,248,2
125,125,180724.0,248,2
126,126,180719.0,253,2
127,127,180713.0,259,2
128,128,180707.0,265,2
