,Days,S,I,D
0,0,31280.0,0,0
1,1,31280.0,0,0
2,2,31280.0,0,0
3,3,31280.0,0,0
4,4,31280.0,0,0
5,5,31280.0,0,0
6,6,31280.0,0,0
7,7,31280.0,0,0
8,8,31280.0,0,0
9,9,31280.0,0,0
10,10,31280.0,0,0
11,11,31280.0,0,0
12,12,31280.0,0,0
13,13,31280.0,0,0
14,14,31280.0,0,0
15,15,31280.0,0,0
16,16,31280.0,0,0
17,17,31280.0,0,0
18,18,31280.0,0,0
19,19,31280.0,0,0
20,20,31280.0,0,0
21,21,31280.0,0,0
22,22,31280.0,0,0
23,23,31280.0,0,0
24,24,31280.0,0,0
25,25,31280.0,0,0
26,26,31280.0,0,0
27,27,31280.0,0,0
28,28,31280.0,0,0
29,29,31280.0,0,0
30,30,31280.0,0,0
31,31,31280.0,0,0
32,32,31280.0,0,0
33,33,31280.0,0,0
34,34,31280.0,0,0
35,35,31280.0,0,0
36,36,31280.0,0,0
37,37,31280.0,0,0
38,38,31280.0,0,0
39,39,31280.0,0,0
40,40,31280.0,0,0
41,41,31280.0,0,0
42,42,31280.0,0,0
43,43,31280.0,0,0
44,44,31280.0,0,0
45,45,31280.0,0,0
46,46,31280.0,0,0
47,47,31280.0,0,0
48,48,31280.0,0,0
49,49,31280.0,0,0
50,50,31280.0,0,0
51,51,31280.0,0,0
52,52,31280.0,0,0
53,53,31280.0,0,0
54,54,31280.0,0,0
55,55,31280.0,0,0
56,56,31280.0,0,0
57,57,31280.0,0,0
58,58,31280.0,0,0
59,59,31280.0,0,0
60,60,31280.0,0,0
61,61,31280.0,0,0
62,62,31280.0,0,0
63,63,31280.0,0,0
64,64,31280.0,0,0
65,65,31280.0,0,0
66,66,31279.0,1,0
67,67,31279.0,1,0
68,68,31279.0,1,0
69,69,31279.0,1,0
70,70,31279.0,1,0
71,71,31279.0,1,0
72,72,31279.0,1,0
73,73,31279.0,1,0
74,74,31279.0,1,0
75,75,31277.0,3,0
76,76,31275.0,5,0
77,77,31275.0,5,0
78,78,31274.0,6,0
79,79,31273.0,7,0
80,80,31273.0,7,0
81,81,31273.0,7,0
82,82,31273.0,7,0
83,83,31273.0,7,0
84,84,31273.0,7,0
85,85,31272.0,8,0
86,86,31271.0,9,0
87,87,31271.0,9,0
88,88,31271.0,9,0
89,89,31270.0,10,0
90,90,31270.0,10,0
91,91,31269.0,10,1
92,92,31269.0,10,1
93,93,31267.0,12,1
94,94,31267.0,12,1
95,95,31260.0,19,1
96,96,31257.0,22,1
97,97,31251.0,28,1
98,98,31241.0,38,1
99,99,31237.0,42,1
100,100,31228.0,51,1
101,101,31224.0,55,1
102,102,31218.0,60,2
103,103,31215.0,63,2
104,104,31215.0,63,2
105,105,31215.0,63,2
106,106,31214.0,64,2
107,107,31214.0,64,2
108,108,31214.0,64,2
109,109,31214.0,64,2
110,110,31214.0,64,2
111,111,31211.0,67,2
112,112,31211.0,67,2
113,113,31210.0,68,2
114,114,31209.0,69,2
115,115,31207.0,71,2
116,116,31207.0,71,2
117,117,31207.0,71,2
118,118,31207.0,71,2
119,119,31207.0,71,2
120,120,31207.0,71,2
121,121,31207.0,71,2
122,122,31206.0,72,2
123,123,31206.0,72,2
124,124,31206.0,72,2
125,125,31206.0,72,2
126,126,31205.0,73,2
127,127,31204.0,74,2
128,128,31202.0,76,2
