,Days,S,I,D
0,0,16700.0,0,0
1,1,16700.0,0,0
2,2,16700.0,0,0
3,3,16700.0,0,0
4,4,16700.0,0,0
5,5,16700.0,0,0
6,6,16700.0,0,0
7,7,16700.0,0,0
8,8,16700.0,0,0
9,9,16700.0,0,0
10,10,16700.0,0,0
11,11,16700.0,0,0
12,12,16700.0,0,0
13,13,16700.0,0,0
14,14,16700.0,0,0
15,15,16700.0,0,0
16,16,16700.0,0,0
17,17,16700.0,0,0
18,18,16700.0,0,0
19,19,16700.0,0,0
20,20,16700.0,0,0
21,21,16700.0,0,0
22,22,16700.0,0,0
23,23,16700.0,0,0
24,24,16700.0,0,0
25,25,16700.0,0,0
26,26,16700.0,0,0
27,27,16700.0,0,0
28,28,16700.0,0,0
29,29,16700.0,0,0
30,30,16700.0,0,0
31,31,16700.0,0,0
32,32,16700.0,0,0
33,33,16700.0,0,0
34,34,16700.0,0,0
35,35,16700.0,0,0
36,36,16700.0,0,0
37,37,16700.0,0,0
38,38,16700.0,0,0
39,39,16700.0,0,0
40,40,16700.0,0,0
41,41,16700.0,0,0
42,42,16700.0,0,0
43,43,16700.0,0,0
44,44,16700.0,0,0
45,45,16700.0,0,0
46,46,16700.0,0,0
47,47,16700.0,0,0
48,48,16700.0,0,0
49,49,16700.0,0,0
50,50,16700.0,0,0
51,51,16700.0,0,0
52,52,16700.0,0,0
53,53,16700.0,0,0
54,54,16700.0,0,0
55,55,16700.0,0,0
56,56,16700.0,0,0
57,57,16700.0,0,0
58,58,16700.0,0,0
59,59,16700.0,0,0
60,60,16700.0,0,0
61,61,16700.0,0,0
62,62,16700.0,0,0
63,63,16700.0,0,0
64,64,16700.0,0,0
65,65,16700.0,0,0
66,66,16700.0,0,0
67,67,16700.0,0,0
68,68,16700.0,0,0
69,69,16700.0,0,0
70,70,16700.0,0,0
71,71,16700.0,0,0
72,72,16700.0,0,0
73,73,16699.0,1,0
74,74,16699.0,1,0
75,75,16699.0,1,0
76,76,16699.0,1,0
77,77,16699.0,1,0
78,78,16699.0,1,0
79,79,16699.0,1,0
80,80,16698.0,2,0
81,81,16698.0,2,0
82,82,16698.0,2,0
83,83,16698.0,2,0
84,84,16697.0,3,0
85,85,16697.0,3,0
86,86,16697.0,3,0
87,87,16697.0,3,0
88,88,16697.0,3,0
89,89,16696.0,4,0
90,90,16696.0,4,0
91,91,16696.0,4,0
92,92,16696.0,4,0
93,93,16695.0,5,0
94,94,16695.0,5,0
95,95,16695.0,5,0
96,96,16695.0,5,0
97,97,16694.0,6,0
98,98,16694.0,6,0
99,99,16693.0,7,0
100,100,16693.0,7,0
101,101,16693.0,7,0
102,102,16691.0,9,0
103,103,16690.0,10,0
104,104,16690.0,10,0
105,105,16690.0,10,0
106,106,16689.0,11,0
107,107,16688.0,12,0
108,108,16687.0,13,0
109,109,16687.0,13,0
110,110,16687.0,13,0
111,111,16686.0,14,0
112,112,16685.0,15,0
113,113,16682.0,18,0
114,114,16678.0,22,0
115,115,16678.0,22,0
116,116,16678.0,22,0
117,117,16675.0,25,0
118,118,16673.0,26,1
119,119,16673.0,26,1
120,120,16668.0,31,1
121,121,16666.0,33,1
122,122,16661.0,38,1
123,123,16658.0,41,1
124,124,16656.0,43,1
125,125,16655.0,44,1
126,126,16653.0,46,1
127,127,16652.0,46,2
128,128,16649.0,49,2
