,Days,S,I,D
0,0,3092.0,0,0
1,1,3092.0,0,0
2,2,3092.0,0,0
3,3,3092.0,0,0
4,4,3092.0,0,0
5,5,3092.0,0,0
6,6,3092.0,0,0
7,7,3092.0,0,0
8,8,3092.0,0,0
9,9,3092.0,0,0
10,10,3092.0,0,0
11,11,3092.0,0,0
12,12,3092.0,0,0
13,13,3092.0,0,0
14,14,3092.0,0,0
15,15,3092.0,0,0
16,16,3092.0,0,0
17,17,3092.0,0,0
18,18,3092.0,0,0
19,19,3092.0,0,0
20,20,3092.0,0,0
21,21,3092.0,0,0
22,22,3092.0,0,0
23,23,3092.0,0,0
24,24,3092.0,0,0
25,25,3092.0,0,0
26,26,3092.0,0,0
27,27,3092.0,0,0
28,28,3092.0,0,0
29,29,3092.0,0,0
30,30,3092.0,0,0
31,31,3092.0,0,0
32,32,3092.0,0,0
33,33,3092.0,0,0
34,34,3092.0,0,0
35,35,3092.0,0,0
36,36,3092.0,0,0
37,37,3092.0,0,0
38,38,3092.0,0,0
39,39,3092.0,0,0
40,40,3092.0,0,0
41,41,3092.0,0,0
42,42,3092.0,0,0
43,43,3092.0,0,0
44,44,3092.0,0,0
45,45,3092.0,0,0
46,46,3092.0,0,0
47,47,3092.0,0,0
48,48,3092.0,0,0
49,49,3092.0,0,0
50,50,3092.0,0,0
51,51,3092.0,0,0
52,52,3092.0,0,0
53,53,3092.0,0,0
54,54,3092.0,0,0
55,55,3092.0,0,0
56,56,3092.0,0,0
57,57,3092.0,0,0
58,58,3092.0,0,0
59,59,3092.0,0,0
60,60,3092.0,0,0
61,61,3091.0,1,0
62,62,3090.0,1,1
63,63,3090.0,1,1
64,64,3090.0,1,1
65,65,3090.0,1,1
66,66,3090.0,1,1
67,67,3090.0,1,1
68,68,3090.0,1,1
69,69,3087.0,4,1
70,70,3087.0,4,1
71,71,3087.0,4,1
72,72,3087.0,4,1
73,73,3086.0,5,1
74,74,3086.0,5,1
75,75,3086.0,5,1
76,76,3081.0,10,1
77,77,3082.0,9,1
78,78,3080.0,11,1
79,79,3080.0,11,1
80,80,3078.0,13,1
81,81,3077.0,14,1
82,82,3075.0,16,1
83,83,3075.0,16,1
84,84,3075.0,16,1
85,85,3075.0,16,1
86,86,3075.0,16,1
87,87,3075.0,16,1
88,88,3074.0,17,1
89,89,3073.0,18,1
90,90,3073.0,18,1
91,91,3073.0,18,1
92,92,3072.0,19,1
93,93,3072.0,19,1
94,94,3072.0,19,1
95,95,3072.0,19,1
96,96,3070.0,21,1
97,97,3070.0,21,1
98,98,3070.0,21,1
99,99,3068.0,23,1
100,100,3068.0,23,1
101,101,3068.0,23,1
102,102,3068.0,23,1
103,103,3065.0,26,1
104,104,3065.0,26,1
105,105,3063.0,28,1
106,106,3062.0,29,1
107,107,3060.0,31,1
108,108,3060.0,31,1
109,109,3060.0,31,1
110,110,3059.0,32,1
111,111,3059.0,32,1
112,112,3059.0,32,1
113,113,3059.0,32,1
114,114,3059.0,32,1
115,115,3059.0,32,1
116,116,3059.0,32,1
117,117,3059.0,32,1
118,118,3059.0,32,1
119,119,3059.0,32,1
120,120,3059.0,32,1
121,121,3057.0,33,2
122,122,3057.0,33,2
123,123,3057.0,33,2
124,124,3057.0,33,2
125,125,3056.0,34,2
126,126,3056.0,34,2
127,127,3056.0,34,2
128,128,3056.0,34,2
