,Days,S,I,D
0,0,11930.0,0,0
1,1,11930.0,0,0
2,2,11930.0,0,0
3,3,11930.0,0,0
4,4,11930.0,0,0
5,5,11930.0,0,0
6,6,11930.0,0,0
7,7,11930.0,0,0
8,8,11930.0,0,0
9,9,11930.0,0,0
10,10,11930.0,0,0
11,11,11930.0,0,0
12,12,11930.0,0,0
13,13,11930.0,0,0
14,14,11930.0,0,0
15,15,11930.0,0,0
16,16,11930.0,0,0
17,17,11930.0,0,0
18,18,11930.0,0,0
19,19,11930.0,0,0
20,20,11930.0,0,0
21,21,11930.0,0,0
22,22,11930.0,0,0
23,23,11930.0,0,0
24,24,11930.0,0,0
25,25,11930.0,0,0
26,26,11930.0,0,0
27,27,11930.0,0,0
28,28,11930.0,0,0
29,29,11930.0,0,0
30,30,11930.0,0,0
31,31,11930.0,0,0
32,32,11930.0,0,0
33,33,11930.0,0,0
34,34,11930.0,0,0
35,35,11930.0,0,0
36,36,11930.0,0,0
37,37,11930.0,0,0
38,38,11930.0,0,0
39,39,11930.0,0,0
40,40,11930.0,0,0
41,41,11930.0,0,0
42,42,11930.0,0,0
43,43,11930.0,0,0
44,44,11930.0,0,0
45,45,11930.0,0,0
46,46,11930.0,0,0
47,47,11930.0,0,0
48,48,11930.0,0,0
49,49,11930.0,0,0
50,50,11930.0,0,0
51,51,11930.0,0,0
52,52,11930.0,0,0
53,53,11930.0,0,0
54,54,11930.0,0,0
55,55,11930.0,0,0
56,56,11930.0,0,0
57,57,11930.0,0,0
58,58,11930.0,0,0
59,59,11930.0,0,0
60,60,11930.0,0,0
61,61,11930.0,0,0
62,62,11930.0,0,0
63,63,11930.0,0,0
64,64,11930.0,0,0
65,65,11930.0,0,0
66,66,11930.0,0,0
67,67,11930.0,0,0
68,68,11930.0,0,0
69,69,11930.0,0,0
70,70,11930.0,0,0
71,71,11929.0,1,0
72,72,11929.0,1,0
73,73,11928.0,2,0
74,74,11927.0,3,0
75,75,11926.0,4,0
76,76,11926.0,4,0
77,77,11926.0,4,0
78,78,11926.0,4,0
79,79,11926.0,4,0
80,80,11925.0,5,0
81,81,11925.0,5,0
82,82,11925.0,5,0
83,83,11924.0,6,0
84,84,11923.0,6,1
85,85,11923.0,6,1
86,86,11923.0,6,1
87,87,11923.0,6,1
88,88,11923.0,6,1
89,89,11923.0,6,1
90,90,11923.0,6,1
91,91,11923.0,6,1
92,92,11923.0,6,1
93,93,11922.0,7,1
94,94,11922.0,7,1
95,95,11922.0,7,1
96,96,11922.0,7,1
97,97,11922.0,7,1
98,98,11921.0,8,1
99,99,11921.0,8,1
100,100,11921.0,8,1
101,101,11920.0,9,1
102,102,11920.0,9,1
103,103,11920.0,9,1
104,104,11919.0,10,1
105,105,11917.0,12,1
106,106,11917.0,12,1
107,107,11916.0,13,1
108,108,11916.0,13,1
109,109,11915.0,14,1
110,110,11915.0,14,1
111,111,11915.0,14,1
112,112,11915.0,14,1
113,113,11915.0,14,1
114,114,11915.0,14,1
115,115,11915.0,14,1
116,116,11915.0,14,1
117,117,11914.0,15,1
118,118,11913.0,16,1
119,119,11913.0,16,1
120,120,11913.0,16,1
121,121,11911.0,18,1
122,122,11910.0,19,1
123,123,11909.0,20,1
124,124,11909.0,20,1
125,125,11909.0,20,1
126,126,11908.0,20,2
127,127,11906.0,22,2
128,128,11904.0,24,2
