,Days,S,I,D
0,0,16351.0,0,0
1,1,16351.0,0,0
2,2,16351.0,0,0
3,3,16351.0,0,0
4,4,16351.0,0,0
5,5,16351.0,0,0
6,6,16351.0,0,0
7,7,16351.0,0,0
8,8,16351.0,0,0
9,9,16351.0,0,0
10,10,16351.0,0,0
11,11,16351.0,0,0
12,12,16351.0,0,0
13,13,16351.0,0,0
14,14,16351.0,0,0
15,15,16351.0,0,0
16,16,16351.0,0,0
17,17,16351.0,0,0
18,18,16351.0,0,0
19,19,16351.0,0,0
20,20,16351.0,0,0
21,21,16351.0,0,0
22,22,16351.0,0,0
23,23,16351.0,0,0
24,24,16351.0,0,0
25,25,16351.0,0,0
26,26,16351.0,0,0
27,27,16351.0,0,0
28,28,16351.0,0,0
29,29,16351.0,0,0
30,30,16351.0,0,0
31,31,16351.0,0,0
32,32,16351.0,0,0
33,33,16351.0,0,0
34,34,16351.0,0,0
35,35,16351.0,0,0
36,36,16351.0,0,0
37,37,16351.0,0,0
38,38,16351.0,0,0
39,39,16351.0,0,0
40,40,16351.0,0,0
41,41,16351.0,0,0
42,42,16351.0,0,0
43,43,16351.0,0,0
44,44,16351.0,0,0
45,45,16351.0,0,0
46,46,16351.0,0,0
47,47,16351.0,0,0
48,48,16351.0,0,0
49,49,16351.0,0,0
50,50,16351.0,0,0
51,51,16351.0,0,0
52,52,16351.0,0,0
53,53,16351.0,0,0
54,54,16351.0,0,0
55,55,16351.0,0,0
56,56,16351.0,0,0
57,57,16351.0,0,0
58,58,16351.0,0,0
59,59,16351.0,0,0
60,60,16351.0,0,0
61,61,16351.0,0,0
62,62,16351.0,0,0
63,63,16351.0,0,0
64,64,16351.0,0,0
65,65,16351.0,0,0
66,66,16350.0,1,0
67,67,16350.0,1,0
68,68,16350.0,1,0
69,69,16350.0,1,0
70,70,16350.0,1,0
71,71,16348.0,2,1
72,72,16348.0,2,1
73,73,16348.0,2,1
74,74,16348.0,2,1
75,75,16348.0,2,1
76,76,16348.0,2,1
77,77,16348.0,2,1
78,78,16348.0,2,1
79,79,16347.0,3,1
80,80,16347.0,3,1
81,81,16347.0,3,1
82,82,16347.0,3,1
83,83,16347.0,3,1
84,84,16347.0,3,1
85,85,16345.0,4,2
86,86,16345.0,4,2
87,87,16344.0,5,2
88,88,16343.0,6,2
89,89,16341.0,8,2
90,90,16341.0,8,2
91,91,16341.0,8,2
92,92,16341.0,8,2
93,93,16340.0,9,2
94,94,16340.0,9,2
95,95,16340.0,9,2
96,96,16340.0,9,2
97,97,16339.0,10,2
98,98,16339.0,10,2
99,99,16338.0,11,2
100,100,16337.0,12,2
101,101,16337.0,12,2
102,102,16336.0,13,2
103,103,16335.0,14,2
104,104,16335.0,14,2
105,105,16335.0,14,2
106,106,16335.0,14,2
107,107,16335.0,14,2
108,108,16334.0,15,2
109,109,16333.0,16,2
110,110,16333.0,16,2
111,111,16333.0,16,2
112,112,16333.0,16,2
113,113,16333.0,16,2
114,114,16333.0,16,2
115,115,16332.0,17,2
116,116,16332.0,17,2
117,117,16332.0,17,2
118,118,16332.0,17,2
119,119,16332.0,17,2
120,120,16332.0,17,2
121,121,16332.0,17,2
122,122,16332.0,17,2
123,123,16332.0,17,2
124,124,16331.0,18,2
125,125,16331.0,18,2
126,126,16331.0,18,2
127,127,16331.0,18,2
128,128,16329.0,20,2
