,Days,S,I,D
0,0,33452.0,0,0
1,1,33452.0,0,0
2,2,33452.0,0,0
3,3,33452.0,0,0
4,4,33452.0,0,0
5,5,33452.0,0,0
6,6,33452.0,0,0
7,7,33452.0,0,0
8,8,33452.0,0,0
9,9,33452.0,0,0
10,10,33452.0,0,0
11,11,33452.0,0,0
12,12,33452.0,0,0
13,13,33452.0,0,0
14,14,33452.0,0,0
15,15,33452.0,0,0
16,16,33452.0,0,0
17,17,33452.0,0,0
18,18,33452.0,0,0
19,19,33452.0,0,0
20,20,33452.0,0,0
21,21,33452.0,0,0
22,22,33452.0,0,0
23,23,33452.0,0,0
24,24,33452.0,0,0
25,25,33452.0,0,0
26,26,33452.0,0,0
27,27,33452.0,0,0
28,28,33452.0,0,0
29,29,33452.0,0,0
30,30,33452.0,0,0
31,31,33452.0,0,0
32,32,33452.0,0,0
33,33,33452.0,0,0
34,34,33452.0,0,0
35,35,33452.0,0,0
36,36,33452.0,0,0
37,37,33452.0,0,0
38,38,33452.0,0,0
39,39,33452.0,0,0
40,40,33452.0,0,0
41,41,33452.0,0,0
42,42,33452.0,0,0
43,43,33452.0,0,0
44,44,33452.0,0,0
45,45,33452.0,0,0
46,46,33452.0,0,0
47,47,33452.0,0,0
48,48,33452.0,0,0
49,49,33452.0,0,0
50,50,33452.0,0,0
51,51,33452.0,0,0
52,52,33452.0,0,0
53,53,33452.0,0,0
54,54,33452.0,0,0
55,55,33452.0,0,0
56,56,33452.0,0,0
57,57,33452.0,0,0
58,58,33452.0,0,0
59,59,33452.0,0,0
60,60,33452.0,0,0
61,61,33452.0,0,0
62,62,33450.0,2,0
63,63,33450.0,2,0
64,64,33449.0,3,0
65,65,33449.0,3,0
66,66,33448.0,4,0
67,67,33448.0,4,0
68,68,33448.0,4,0
69,69,33448.0,4,0
70,70,33448.0,4,0
71,71,33448.0,4,0
72,72,33448.0,4,0
73,73,33448.0,4,0
74,74,33448.0,4,0
75,75,33448.0,4,0
76,76,33448.0,4,0
77,77,33448.0,4,0
78,78,33448.0,4,0
79,79,33448.0,4,0
80,80,33448.0,4,0
81,81,33448.0,4,0
82,82,33448.0,4,0
83,83,33448.0,4,0
84,84,33448.0,4,0
85,85,33448.0,4,0
86,86,33448.0,4,0
87,87,33447.0,5,0
88,88,33447.0,5,0
89,89,33447.0,5,0
90,90,33447.0,5,0
91,91,33447.0,5,0
92,92,33447.0,5,0
93,93,33446.0,6,0
94,94,33446.0,6,0
95,95,33446.0,6,0
96,96,33446.0,6,0
97,97,33446.0,6,0
98,98,33446.0,6,0
99,99,33445.0,7,0
100,100,33445.0,7,0
101,101,33445.0,7,0
102,102,33445.0,7,0
103,103,33445.0,7,0
104,104,33445.0,7,0
105,105,33445.0,7,0
106,106,33445.0,7,0
107,107,33445.0,7,0
108,108,33445.0,7,0
109,109,33444.0,8,0
110,110,33444.0,8,0
111,111,33444.0,8,0
112,112,33444.0,8,0
113,113,33444.0,8,0
114,114,33443.0,9,0
115,115,33442.0,10,0
116,116,33442.0,10,0
117,117,33442.0,10,0
118,118,33442.0,10,0
119,119,33441.0,11,0
120,120,33438.0,13,1
121,121,33438.0,13,1
122,122,33437.0,13,2
123,123,33437.0,13,2
124,124,33436.0,14,2
125,125,33436.0,14,2
126,126,33436.0,14,2
127,127,33436.0,14,2
128,128,33436.0,14,2
