,Days,S,I,D
0,0,274255.0,0,0
1,1,274255.0,0,0
2,2,274255.0,0,0
3,3,274255.0,0,0
4,4,274255.0,0,0
5,5,274255.0,0,0
6,6,274255.0,0,0
7,7,274255.0,0,0
8,8,274255.0,0,0
9,9,274255.0,0,0
10,10,274255.0,0,0
11,11,274255.0,0,0
12,12,274255.0,0,0
13,13,274255.0,0,0
14,14,274255.0,0,0
15,15,274255.0,0,0
16,16,274255.0,0,0
17,17,274255.0,0,0
18,18,274255.0,0,0
19,19,274255.0,0,0
20,20,274255.0,0,0
21,21,274255.0,0,0
22,22,274255.0,0,0
23,23,274255.0,0,0
24,24,274255.0,0,0
25,25,274255.0,0,0
26,26,274255.0,0,0
27,27,274255.0,0,0
28,28,274255.0,0,0
29,29,274255.0,0,0
30,30,274255.0,0,0
31,31,274255.0,0,0
32,32,274255.0,0,0
33,33,274255.0,0,0
34,34,274255.0,0,0
35,35,274255.0,0,0
36,36,274255.0,0,0
37,37,274255.0,0,0
38,38,274255.0,0,0
39,39,274255.0,0,0
40,40,274255.0,0,0
41,41,274255.0,0,0
42,42,274255.0,0,0
43,43,274255.0,0,0
44,44,274255.0,0,0
45,45,274255.0,0,0
46,46,274255.0,0,0
47,47,274253.0,2,0
48,48,274253.0,2,0
49,49,274253.0,2,0
50,50,274253.0,2,0
51,51,274248.0,7,0
52,52,274248.0,7,0
53,53,274248.0,7,0
54,54,274246.0,9,0
55,55,274242.0,13,0
56,56,274242.0,13,0
57,57,274241.0,14,0
58,58,274240.0,15,0
59,59,274240.0,15,0
60,60,274240.0,15,0
61,61,274233.0,22,0
62,62,274231.0,24,0
63,63,274230.0,25,0
64,64,274223.0,32,0
65,65,274221.0,34,0
66,66,274216.0,39,0
67,67,274210.0,44,1
68,68,274209.0,45,1
69,69,274205.0,49,1
70,70,274200.0,54,1
71,71,274197.0,57,1
72,72,274195.0,59,1
73,73,274192.0,62,1
74,74,274185.0,69,1
75,75,274183.0,71,1
76,76,274178.0,76,1
77,77,274178.0,76,1
78,78,274174.0,80,1
79,79,274174.0,80,1
80,80,274172.0,82,1
81,81,274166.0,88,1
82,82,274163.0,91,1
83,83,274163.0,91,1
84,84,274157.0,96,2
85,85,274157.0,96,2
86,86,274155.0,98,2
87,87,274152.0,101,2
88,88,274149.0,104,2
89,89,274147.0,106,2
90,90,274145.0,108,2
91,91,274142.0,111,2
92,92,274139.0,114,2
93,93,274138.0,115,2
94,94,274138.0,115,2
95,95,274133.0,120,2
96,96,274129.0,124,2
97,97,274128.0,125,2
98,98,274126.0,127,2
99,99,274122.0,131,2
100,100,274121.0,132,2
101,101,274119.0,134,2
102,102,274116.0,137,2
103,103,274116.0,137,2
104,104,274115.0,138,2
105,105,274115.0,138,2
106,106,274114.0,139,2
107,107,274113.0,140,2
108,108,274112.0,141,2
109,109,274112.0,141,2
110,110,274112.0,141,2
111,111,274107.0,146,2
112,112,274107.0,146,2
113,113,274104.0,149,2
114,114,274104.0,149,2
115,115,274096.0,157,2
116,116,274094.0,159,2
117,117,274090.0,163,2
118,118,274088.0,165,2
119,119,274085.0,168,2
120,120,274079.0,174,2
121,121,274067.0,186,2
122,122,274061.0,192,2
123,123,274061.0,192,2
124,124,274053.0,200,2
125,125,274053.0,200,2
126,126,274048.0,205,2
127,127,274047.0,206,2
128,128,274047.0,206,2
