,Days,S,I,D
0,0,11069.0,0,0
1,1,11069.0,0,0
2,2,11069.0,0,0
3,3,11069.0,0,0
4,4,11069.0,0,0
5,5,11069.0,0,0
6,6,11069.0,0,0
7,7,11069.0,0,0
8,8,11069.0,0,0
9,9,11069.0,0,0
10,10,11069.0,0,0
11,11,11069.0,0,0
12,12,11069.0,0,0
13,13,11069.0,0,0
14,14,11069.0,0,0
15,15,11069.0,0,0
16,16,11069.0,0,0
17,17,11069.0,0,0
18,18,11069.0,0,0
19,19,11069.0,0,0
20,20,11069.0,0,0
21,21,11069.0,0,0
22,22,11069.0,0,0
23,23,11069.0,0,0
24,24,11069.0,0,0
25,25,11069.0,0,0
26,26,11069.0,0,0
27,27,11069.0,0,0
28,28,11069.0,0,0
29,29,11069.0,0,0
30,30,11069.0,0,0
31,31,11069.0,0,0
32,32,11069.0,0,0
33,33,11069.0,0,0
34,34,11069.0,0,0
35,35,11069.0,0,0
36,36,11069.0,0,0
37,37,11069.0,0,0
38,38,11069.0,0,0
39,39,11069.0,0,0
40,40,11069.0,0,0
41,41,11069.0,0,0
42,42,11069.0,0,0
43,43,11069.0,0,0
44,44,11069.0,0,0
45,45,11069.0,0,0
46,46,11069.0,0,0
47,47,11069.0,0,0
48,48,11069.0,0,0
49,49,11069.0,0,0
50,50,11069.0,0,0
51,51,11069.0,0,0
52,52,11069.0,0,0
53,53,11069.0,0,0
54,54,11069.0,0,0
55,55,11069.0,0,0
56,56,11069.0,0,0
57,57,11069.0,0,0
58,58,11069.0,0,0
59,59,11069.0,0,0
60,60,11069.0,0,0
61,61,11069.0,0,0
62,62,11068.0,1,0
63,63,11068.0,1,0
64,64,11068.0,1,0
65,65,11067.0,2,0
66,66,11066.0,3,0
67,67,11066.0,3,0
68,68,11066.0,3,0
69,69,11066.0,3,0
70,70,11065.0,4,0
71,71,11064.0,5,0
72,72,11064.0,5,0
73,73,11063.0,6,0
74,74,11063.0,6,0
75,75,11061.0,8,0
76,76,11061.0,8,0
77,77,11060.0,9,0
78,78,11060.0,9,0
79,79,11060.0,9,0
80,80,11060.0,9,0
81,81,11060.0,9,0
82,82,11058.0,11,0
83,83,11057.0,11,1
84,84,11057.0,11,1
85,85,11052.0,16,1
86,86,11052.0,16,1
87,87,11052.0,16,1
88,88,11051.0,17,1
89,89,11051.0,17,1
90,90,11051.0,17,1
91,91,11051.0,17,1
92,92,11048.0,20,1
93,93,11048.0,20,1
94,94,11048.0,20,1
95,95,11048.0,20,1
96,96,11044.0,24,1
97,97,11043.0,25,1
98,98,11041.0,27,1
99,99,11038.0,30,1
100,100,11037.0,31,1
101,101,11037.0,31,1
102,102,11036.0,32,1
103,103,11035.0,33,1
104,104,11035.0,33,1
105,105,11035.0,33,1
106,106,11034.0,34,1
107,107,11034.0,34,1
108,108,11034.0,34,1
109,109,11034.0,34,1
110,110,11034.0,34,1
111,111,11034.0,34,1
112,112,11034.0,34,1
113,113,11033.0,35,1
114,114,11033.0,35,1
115,115,11033.0,35,1
116,116,11032.0,35,2
117,117,11032.0,35,2
118,118,11032.0,35,2
119,119,11032.0,35,2
120,120,11029.0,38,2
121,121,11029.0,38,2
122,122,11028.0,39,2
123,123,11028.0,39,2
124,124,11028.0,39,2
125,125,11028.0,39,2
126,126,11028.0,39,2
127,127,11027.0,40,2
128,128,11025.0,42,2
