,Days,S,I,D
0,0,25675.0,0,0
1,1,25675.0,0,0
2,2,25675.0,0,0
3,3,25675.0,0,0
4,4,25675.0,0,0
5,5,25675.0,0,0
6,6,25675.0,0,0
7,7,25675.0,0,0
8,8,25675.0,0,0
9,9,25675.0,0,0
10,10,25675.0,0,0
11,11,25675.0,0,0
12,12,25675.0,0,0
13,13,25675.0,0,0
14,14,25675.0,0,0
15,15,25675.0,0,0
16,16,25675.0,0,0
17,17,25675.0,0,0
18,18,25675.0,0,0
19,19,25675.0,0,0
20,20,25675.0,0,0
21,21,25675.0,0,0
22,22,25675.0,0,0
23,23,25675.0,0,0
24,24,25675.0,0,0
25,25,25675.0,0,0
26,26,25675.0,0,0
27,27,25675.0,0,0
28,28,25675.0,0,0
29,29,25675.0,0,0
30,30,25675.0,0,0
31,31,25675.0,0,0
32,32,25675.0,0,0
33,33,25675.0,0,0
34,34,25675.0,0,0
35,35,25675.0,0,0
36,36,25675.0,0,0
37,37,25675.0,0,0
38,38,25675.0,0,0
39,39,25675.0,0,0
40,40,25675.0,0,0
41,41,25675.0,0,0
42,42,25675.0,0,0
43,43,25675.0,0,0
44,44,25675.0,0,0
45,45,25675.0,0,0
46,46,25675.0,0,0
47,47,25675.0,0,0
48,48,25675.0,0,0
49,49,25675.0,0,0
50,50,25675.0,0,0
51,51,25675.0,0,0
52,52,25675.0,0,0
53,53,25675.0,0,0
54,54,25675.0,0,0
55,55,25675.0,0,0
56,56,25675.0,0,0
57,57,25675.0,0,0
58,58,25675.0,0,0
59,59,25675.0,0,0
60,60,25674.0,1,0
61,61,25674.0,1,0
62,62,25674.0,1,0
63,63,25674.0,1,0
64,64,25674.0,1,0
65,65,25674.0,1,0
66,66,25674.0,1,0
67,67,25674.0,1,0
68,68,25674.0,1,0
69,69,25674.0,1,0
70,70,25671.0,4,0
71,71,25671.0,4,0
72,72,25671.0,4,0
73,73,25671.0,4,0
74,74,25671.0,4,0
75,75,25671.0,4,0
76,76,25671.0,4,0
77,77,25671.0,4,0
78,78,25671.0,4,0
79,79,25671.0,4,0
80,80,25671.0,4,0
81,81,25671.0,4,0
82,82,25670.0,5,0
83,83,25670.0,5,0
84,84,25670.0,5,0
85,85,25669.0,6,0
86,86,25666.0,9,0
87,87,25665.0,10,0
88,88,25665.0,10,0
89,89,25664.0,11,0
90,90,25664.0,11,0
91,91,25664.0,11,0
92,92,25663.0,12,0
93,93,25662.0,13,0
94,94,25661.0,14,0
95,95,25659.0,16,0
96,96,25656.0,19,0
97,97,25655.0,20,0
98,98,25654.0,21,0
99,99,25649.0,26,0
100,100,25645.0,30,0
101,101,25643.0,32,0
102,102,25642.0,33,0
103,103,25640.0,35,0
104,104,25638.0,37,0
105,105,25636.0,39,0
106,106,25635.0,40,0
107,107,25634.0,41,0
108,108,25633.0,42,0
109,109,25632.0,43,0
110,110,25625.0,50,0
111,111,25624.0,51,0
112,112,25624.0,51,0
113,113,25624.0,51,0
114,114,25621.0,54,0
115,115,25620.0,55,0
116,116,25618.0,57,0
117,117,25614.0,61,0
118,118,25612.0,62,1
119,119,25610.0,64,1
120,120,25603.0,71,1
121,121,25603.0,71,1
122,122,25603.0,71,1
123,123,25601.0,72,2
124,124,25600.0,73,2
125,125,25600.0,73,2
126,126,25600.0,73,2
127,127,25600.0,73,2
128,128,25600.0,73,2
