,Days,S,I,D
0,0,19000.0,0,0
1,1,19000.0,0,0
2,2,19000.0,0,0
3,3,19000.0,0,0
4,4,19000.0,0,0
5,5,19000.0,0,0
6,6,19000.0,0,0
7,7,19000.0,0,0
8,8,19000.0,0,0
9,9,19000.0,0,0
10,10,19000.0,0,0
11,11,19000.0,0,0
12,12,19000.0,0,0
13,13,19000.0,0,0
14,14,19000.0,0,0
15,15,19000.0,0,0
16,16,19000.0,0,0
17,17,19000.0,0,0
18,18,19000.0,0,0
19,19,19000.0,0,0
20,20,19000.0,0,0
21,21,19000.0,0,0
22,22,19000.0,0,0
23,23,19000.0,0,0
24,24,19000.0,0,0
25,25,19000.0,0,0
26,26,19000.0,0,0
27,27,19000.0,0,0
28,28,19000.0,0,0
29,29,19000.0,0,0
30,30,19000.0,0,0
31,31,19000.0,0,0
32,32,19000.0,0,0
33,33,19000.0,0,0
34,34,19000.0,0,0
35,35,19000.0,0,0
36,36,19000.0,0,0
37,37,19000.0,0,0
38,38,19000.0,0,0
39,39,19000.0,0,0
40,40,19000.0,0,0
41,41,19000.0,0,0
42,42,19000.0,0,0
43,43,19000.0,0,0
44,44,19000.0,0,0
45,45,19000.0,0,0
46,46,19000.0,0,0
47,47,19000.0,0,0
48,48,19000.0,0,0
49,49,19000.0,0,0
50,50,19000.0,0,0
51,51,19000.0,0,0
52,52,19000.0,0,0
53,53,19000.0,0,0
54,54,19000.0,0,0
55,55,19000.0,0,0
56,56,19000.0,0,0
57,57,19000.0,0,0
58,58,18999.0,1,0
59,59,18999.0,1,0
60,60,18998.0,2,0
61,61,18998.0,2,0
62,62,18998.0,2,0
63,63,18998.0,2,0
64,64,18998.0,2,0
65,65,18998.0,2,0
66,66,18998.0,2,0
67,67,18998.0,2,0
68,68,18997.0,3,0
69,69,18997.0,3,0
70,70,18996.0,4,0
71,71,18994.0,6,0
72,72,18994.0,6,0
73,73,18993.0,7,0
74,74,18993.0,7,0
75,75,18985.0,15,0
76,76,18985.0,15,0
77,77,18985.0,15,0
78,78,18985.0,15,0
79,79,18985.0,15,0
80,80,18985.0,15,0
81,81,18983.0,17,0
82,82,18982.0,18,0
83,83,18980.0,20,0
84,84,18979.0,21,0
85,85,18979.0,21,0
86,86,18978.0,22,0
87,87,18976.0,24,0
88,88,18975.0,25,0
89,89,18973.0,27,0
90,90,18972.0,28,0
91,91,18972.0,28,0
92,92,18969.0,31,0
93,93,18969.0,31,0
94,94,18967.0,33,0
95,95,18967.0,33,0
96,96,18966.0,34,0
97,97,18964.0,35,1
98,98,18962.0,37,1
99,99,18961.0,38,1
100,100,18961.0,38,1
101,101,18961.0,38,1
102,102,18961.0,38,1
103,103,18961.0,38,1
104,104,18961.0,38,1
105,105,18961.0,38,1
106,106,18961.0,38,1
107,107,18960.0,39,1
108,108,18960.0,39,1
109,109,18959.0,40,1
110,110,18959.0,40,1
111,111,18959.0,40,1
112,112,18959.0,40,1
113,113,18958.0,41,1
114,114,18958.0,41,1
115,115,18958.0,41,1
116,116,18958.0,41,1
117,117,18958.0,41,1
118,118,18955.0,44,1
119,119,18955.0,44,1
120,120,18949.0,50,1
121,121,18949.0,50,1
122,122,18949.0,50,1
123,123,18948.0,51,1
124,124,18944.0,55,1
125,125,18942.0,57,1
126,126,18939.0,60,1
127,127,18933.0,66,1
128,128,18931.0,67,2
