,Days,S,I,D
0,0,13275.0,0,0
1,1,13275.0,0,0
2,2,13275.0,0,0
3,3,13275.0,0,0
4,4,13275.0,0,0
5,5,13275.0,0,0
6,6,13275.0,0,0
7,7,13275.0,0,0
8,8,13275.0,0,0
9,9,13275.0,0,0
10,10,13275.0,0,0
11,11,13275.0,0,0
12,12,13275.0,0,0
13,13,13275.0,0,0
14,14,13275.0,0,0
15,15,13275.0,0,0
16,16,13275.0,0,0
17,17,13275.0,0,0
18,18,13275.0,0,0
19,19,13275.0,0,0
20,20,13275.0,0,0
21,21,13275.0,0,0
22,22,13275.0,0,0
23,23,13275.0,0,0
24,24,13275.0,0,0
25,25,13275.0,0,0
26,26,13275.0,0,0
27,27,13275.0,0,0
28,28,13275.0,0,0
29,29,13275.0,0,0
30,30,13275.0,0,0
31,31,13275.0,0,0
32,32,13275.0,0,0
33,33,13275.0,0,0
34,34,13275.0,0,0
35,35,13275.0,0,0
36,36,13275.0,0,0
37,37,13275.0,0,0
38,38,13275.0,0,0
39,39,13275.0,0,0
40,40,13275.0,0,0
41,41,13275.0,0,0
42,42,13275.0,0,0
43,43,13275.0,0,0
44,44,13275.0,0,0
45,45,13275.0,0,0
46,46,13275.0,0,0
47,47,13275.0,0,0
48,48,13275.0,0,0
49,49,13275.0,0,0
50,50,13275.0,0,0
51,51,13275.0,0,0
52,52,13275.0,0,0
53,53,13275.0,0,0
54,54,13275.0,0,0
55,55,13275.0,0,0
56,56,13275.0,0,0
57,57,13275.0,0,0
58,58,13275.0,0,0
59,59,13275.0,0,0
60,60,13275.0,0,0
61,61,13275.0,0,0
62,62,13275.0,0,0
63,63,13274.0,1,0
64,64,13274.0,1,0
65,65,13274.0,1,0
66,66,13273.0,2,0
67,67,13273.0,2,0
68,68,13273.0,2,0
69,69,13273.0,2,0
70,70,13272.0,3,0
71,71,13268.0,7,0
72,72,13267.0,8,0
73,73,13266.0,9,0
74,74,13266.0,9,0
75,75,13266.0,9,0
76,76,13266.0,9,0
77,77,13264.0,11,0
78,78,13264.0,11,0
79,79,13264.0,11,0
80,80,13263.0,12,0
81,81,13261.0,14,0
82,82,13261.0,14,0
83,83,13261.0,14,0
84,84,13261.0,14,0
85,85,13261.0,14,0
86,86,13261.0,14,0
87,87,13258.0,17,0
88,88,13257.0,18,0
89,89,13256.0,19,0
90,90,13256.0,19,0
91,91,13256.0,19,0
92,92,13255.0,19,1
93,93,13255.0,19,1
94,94,13255.0,19,1
95,95,13255.0,19,1
96,96,13255.0,19,1
97,97,13255.0,19,1
98,98,13253.0,21,1
99,99,13253.0,21,1
100,100,13253.0,21,1
101,101,13253.0,21,1
102,102,13252.0,22,1
103,103,13252.0,22,1
104,104,13250.0,24,1
105,105,13249.0,25,1
106,106,13249.0,25,1
107,107,13248.0,26,1
108,108,13248.0,26,1
109,109,13248.0,26,1
110,110,13247.0,27,1
111,111,13247.0,27,1
112,112,13247.0,27,1
113,113,13246.0,27,2
114,114,13246.0,27,2
115,115,13246.0,27,2
116,116,13246.0,27,2
117,117,13246.0,27,2
118,118,13246.0,27,2
119,119,13246.0,27,2
120,120,13246.0,27,2
121,121,13246.0,27,2
122,122,13246.0,27,2
123,123,13246.0,27,2
124,124,13246.0,27,2
125,125,13246.0,27,2
126,126,13246.0,27,2
127,127,13246.0,27,2
128,128,13246.0,27,2
