,Days,S,I,D
0,0,14134.0,0,0
1,1,14134.0,0,0
2,2,14134.0,0,0
3,3,14134.0,0,0
4,4,14134.0,0,0
5,5,14134.0,0,0
6,6,14134.0,0,0
7,7,14134.0,0,0
8,8,14134.0,0,0
9,9,14134.0,0,0
10,10,14134.0,0,0
11,11,14134.0,0,0
12,12,14134.0,0,0
13,13,14134.0,0,0
14,14,14134.0,0,0
15,15,14134.0,0,0
16,16,14134.0,0,0
17,17,14134.0,0,0
18,18,14134.0,0,0
19,19,14134.0,0,0
20,20,14134.0,0,0
21,21,14134.0,0,0
22,22,14134.0,0,0
23,23,14134.0,0,0
24,24,14134.0,0,0
25,25,14134.0,0,0
26,26,14134.0,0,0
27,27,14134.0,0,0
28,28,14134.0,0,0
29,29,14134.0,0,0
30,30,14134.0,0,0
31,31,14134.0,0,0
32,32,14134.0,0,0
33,33,14134.0,0,0
34,34,14134.0,0,0
35,35,14134.0,0,0
36,36,14134.0,0,0
37,37,14134.0,0,0
38,38,14134.0,0,0
39,39,14134.0,0,0
40,40,14134.0,0,0
41,41,14134.0,0,0
42,42,14134.0,0,0
43,43,14134.0,0,0
44,44,14134.0,0,0
45,45,14134.0,0,0
46,46,14134.0,0,0
47,47,14134.0,0,0
48,48,14134.0,0,0
49,49,14134.0,0,0
50,50,14134.0,0,0
51,51,14134.0,0,0
52,52,14134.0,0,0
53,53,14134.0,0,0
54,54,14134.0,0,0
55,55,14134.0,0,0
56,56,14134.0,0,0
57,57,14134.0,0,0
58,58,14134.0,0,0
59,59,14134.0,0,0
60,60,14134.0,0,0
61,61,14134.0,0,0
62,62,14134.0,0,0
63,63,14133.0,1,0
64,64,14133.0,1,0
65,65,14133.0,1,0
66,66,14133.0,1,0
67,67,14133.0,1,0
68,68,14133.0,1,0
69,69,14133.0,1,0
70,70,14133.0,1,0
71,71,14132.0,2,0
72,72,14132.0,2,0
73,73,14132.0,2,0
74,74,14131.0,2,1
75,75,14131.0,2,1
76,76,14130.0,3,1
77,77,14127.0,5,2
78,78,14125.0,7,2
79,79,14124.0,8,2
80,80,14123.0,9,2
81,81,14120.0,12,2
82,82,14120.0,12,2
83,83,14120.0,12,2
84,84,14120.0,12,2
85,85,14116.0,16,2
86,86,14116.0,16,2
87,87,14116.0,16,2
88,88,14113.0,19,2
89,89,14113.0,19,2
90,90,14113.0,19,2
91,91,14113.0,19,2
92,92,14113.0,19,2
93,93,14112.0,20,2
94,94,14112.0,20,2
95,95,14112.0,20,2
96,96,14110.0,22,2
97,97,14106.0,26,2
98,98,14100.0,32,2
99,99,14100.0,32,2
100,100,14094.0,38,2
101,101,14091.0,41,2
102,102,14090.0,42,2
103,103,14088.0,44,2
104,104,14086.0,46,2
105,105,14085.0,47,2
106,106,14084.0,48,2
107,107,14083.0,49,2
108,108,14081.0,51,2
109,109,14080.0,52,2
110,110,14080.0,52,2
111,111,14078.0,54,2
112,112,14068.0,64,2
113,113,14066.0,66,2
114,114,14056.0,76,2
115,115,14052.0,80,2
116,116,14048.0,84,2
117,117,14043.0,89,2
118,118,14042.0,90,2
119,119,14042.0,90,2
120,120,14032.0,100,2
121,121,14032.0,100,2
122,122,14020.0,112,2
123,123,14020.0,112,2
124,124,14006.0,126,2
125,125,13987.0,145,2
126,126,13982.0,150,2
127,127,13979.0,153,2
128,128,13969.0,163,2
