,Days,S,I,D
0,0,52775.0,0,0
1,1,52775.0,0,0
2,2,52775.0,0,0
3,3,52775.0,0,0
4,4,52775.0,0,0
5,5,52775.0,0,0
6,6,52775.0,0,0
7,7,52775.0,0,0
8,8,52775.0,0,0
9,9,52775.0,0,0
10,10,52775.0,0,0
11,11,52775.0,0,0
12,12,52775.0,0,0
13,13,52775.0,0,0
14,14,52775.0,0,0
15,15,52775.0,0,0
16,16,52775.0,0,0
17,17,52775.0,0,0
18,18,52775.0,0,0
19,19,52775.0,0,0
20,20,52775.0,0,0
21,21,52775.0,0,0
22,22,52775.0,0,0
23,23,52775.0,0,0
24,24,52775.0,0,0
25,25,52775.0,0,0
26,26,52775.0,0,0
27,27,52775.0,0,0
28,28,52775.0,0,0
29,29,52775.0,0,0
30,30,52775.0,0,0
31,31,52775.0,0,0
32,32,52775.0,0,0
33,33,52775.0,0,0
34,34,52775.0,0,0
35,35,52775.0,0,0
36,36,52775.0,0,0
37,37,52775.0,0,0
38,38,52775.0,0,0
39,39,52775.0,0,0
40,40,52775.0,0,0
41,41,52775.0,0,0
42,42,52775.0,0,0
43,43,52775.0,0,0
44,44,52775.0,0,0
45,45,52775.0,0,0
46,46,52775.0,0,0
47,47,52775.0,0,0
48,48,52775.0,0,0
49,49,52775.0,0,0
50,50,52775.0,0,0
51,51,52775.0,0,0
52,52,52775.0,0,0
53,53,52775.0,0,0
54,54,52775.0,0,0
55,55,52775.0,0,0
56,56,52775.0,0,0
57,57,52775.0,0,0
58,58,52775.0,0,0
59,59,52775.0,0,0
60,60,52775.0,0,0
61,61,52775.0,0,0
62,62,52775.0,0,0
63,63,52775.0,0,0
64,64,52772.0,2,1
65,65,52772.0,2,1
66,66,52770.0,4,1
67,67,52770.0,4,1
68,68,52769.0,5,1
69,69,52768.0,6,1
70,70,52767.0,7,1
71,71,52765.0,9,1
72,72,52765.0,9,1
73,73,52762.0,12,1
74,74,52761.0,13,1
75,75,52761.0,13,1
76,76,52761.0,13,1
77,77,52761.0,13,1
78,78,52761.0,13,1
79,79,52761.0,13,1
80,80,52761.0,13,1
81,81,52759.0,15,1
82,82,52759.0,15,1
83,83,52759.0,15,1
84,84,52759.0,15,1
85,85,52758.0,16,1
86,86,52757.0,17,1
87,87,52757.0,17,1
88,88,52757.0,17,1
89,89,52756.0,18,1
90,90,52756.0,18,1
91,91,52756.0,18,1
92,92,52753.0,21,1
93,93,52753.0,21,1
94,94,52753.0,21,1
95,95,52753.0,21,1
96,96,52753.0,21,1
97,97,52753.0,21,1
98,98,52752.0,22,1
99,99,52750.0,24,1
100,100,52750.0,24,1
101,101,52749.0,25,1
102,102,52748.0,26,1
103,103,52748.0,26,1
104,104,52748.0,26,1
105,105,52747.0,27,1
106,106,52746.0,28,1
107,107,52745.0,29,1
108,108,52745.0,29,1
109,109,52745.0,29,1
110,110,52745.0,29,1
111,111,52745.0,29,1
112,112,52745.0,29,1
113,113,52745.0,29,1
114,114,52745.0,29,1
115,115,52744.0,30,1
116,116,52743.0,31,1
117,117,52742.0,32,1
118,118,52739.0,35,1
119,119,52738.0,36,1
120,120,52735.0,39,1
121,121,52734.0,40,1
122,122,52733.0,41,1
123,123,52733.0,41,1
124,124,52730.0,44,1
125,125,52729.0,45,1
126,126,52728.0,46,1
127,127,52724.0,50,1
128,128,52718.0,56,1
