,Days,S,I,D
0,0,468011.0,0,0
1,1,468011.0,0,0
2,2,468011.0,0,0
3,3,468011.0,0,0
4,4,468011.0,0,0
5,5,468011.0,0,0
6,6,468011.0,0,0
7,7,468011.0,0,0
8,8,468011.0,0,0
9,9,468011.0,0,0
10,10,468011.0,0,0
11,11,468011.0,0,0
12,12,468011.0,0,0
13,13,468011.0,0,0
14,14,468011.0,0,0
15,15,468011.0,0,0
16,16,468011.0,0,0
17,17,468011.0,0,0
18,18,468011.0,0,0
19,19,468011.0,0,0
20,20,468011.0,0,0
21,21,468011.0,0,0
22,22,468011.0,0,0
23,23,468011.0,0,0
24,24,468011.0,0,0
25,25,468011.0,0,0
26,26,468011.0,0,0
27,27,468011.0,0,0
28,28,468011.0,0,0
29,29,468011.0,0,0
30,30,468011.0,0,0
31,31,468011.0,0,0
32,32,468011.0,0,0
33,33,468011.0,0,0
34,34,468011.0,0,0
35,35,468011.0,0,0
36,36,468011.0,0,0
37,37,468011.0,0,0
38,38,468011.0,0,0
39,39,468011.0,0,0
40,40,468011.0,0,0
41,41,468011.0,0,0
42,42,468011.0,0,0
43,43,468011.0,0,0
44,44,468011.0,0,0
45,45,468011.0,0,0
46,46,468011.0,0,0
47,47,468011.0,0,0
48,48,468011.0,0,0
49,49,468011.0,0,0
50,50,468011.0,0,0
51,51,468009.0,2,0
52,52,468009.0,2,0
53,53,468008.0,3,0
54,54,468008.0,3,0
55,55,468007.0,4,0
56,56,468007.0,4,0
57,57,468000.0,11,0
58,58,467999.0,12,0
59,59,467997.0,14,0
60,60,467993.0,18,0
61,61,467993.0,18,0
62,62,467988.0,23,0
63,63,467979.0,32,0
64,64,467975.0,36,0
65,65,467967.0,44,0
66,66,467954.0,56,1
67,67,467938.0,72,1
68,68,467931.0,79,1
69,69,467916.0,94,1
70,70,467903.0,106,2
71,71,467892.0,117,2
72,72,467878.0,131,2
73,73,467850.0,159,2
74,74,467833.0,175,3
75,75,467815.0,193,3
76,76,467771.0,236,4
77,77,467743.0,263,5
78,78,467707.0,299,5
79,79,467669.0,337,5
80,80,467615.0,390,6
81,81,467616.0,389,6
82,82,467569.0,434,8
83,83,467494.0,508,9
84,84,467465.0,536,10
85,85,467418.0,582,11
86,86,467354.0,644,13
87,87,467297.0,700,14
88,88,467254.0,742,15
89,89,467202.0,793,16
90,90,467128.0,867,16
91,91,467070.0,924,17
92,92,466966.0,1027,18
93,93,466808.0,1184,19
94,94,466727.0,1265,19
95,95,466727.0,1265,19
96,96,466638.0,1353,20
97,97,466542.0,1449,20
98,98,466462.0,1527,22
99,99,466342.0,1645,24
100,100,466202.0,1781,28
101,101,466082.0,1900,29
102,102,465955.0,2026,30
103,103,465833.0,2146,32
104,104,465755.0,2223,33
105,105,465755.0,2223,33
106,106,465574.0,2398,39
107,107,465491.0,2474,46
108,108,465416.0,2548,47
109,109,465223.0,2740,48
110,110,464967.0,2991,53
111,111,464875.0,3078,58
112,112,464765.0,3181,65
113,113,464594.0,3351,66
114,114,464523.0,3421,67
115,115,464379.0,3563,69
116,116,464275.0,3666,70
117,117,464182.0,3759,70
118,118,464004.0,3934,73
119,119,463878.0,4054,79
120,120,463749.0,4183,79
121,121,463616.0,4315,80
122,122,463519.0,4408,84
123,123,463459.0,4468,84
124,124,463215.0,4702,94
125,125,462923.0,4992,96
126,126,462838.0,5074,99
127,127,462753.0,5157,101
128,128,462640.0,5270,101
