,Days,S,I,D
0,0,61893.0,0,0
1,1,61893.0,0,0
2,2,61893.0,0,0
3,3,61893.0,0,0
4,4,61893.0,0,0
5,5,61893.0,0,0
6,6,61893.0,0,0
7,7,61893.0,0,0
8,8,61893.0,0,0
9,9,61893.0,0,0
10,10,61893.0,0,0
11,11,61893.0,0,0
12,12,61893.0,0,0
13,13,61893.0,0,0
14,14,61893.0,0,0
15,15,61893.0,0,0
16,16,61893.0,0,0
17,17,61893.0,0,0
18,18,61893.0,0,0
19,19,61893.0,0,0
20,20,61893.0,0,0
21,21,61893.0,0,0
22,22,61893.0,0,0
23,23,61893.0,0,0
24,24,61893.0,0,0
25,25,61893.0,0,0
26,26,61893.0,0,0
27,27,61893.0,0,0
28,28,61893.0,0,0
29,29,61893.0,0,0
30,30,61893.0,0,0
31,31,61893.0,0,0
32,32,61893.0,0,0
33,33,61893.0,0,0
34,34,61893.0,0,0
35,35,61893.0,0,0
36,36,61893.0,0,0
37,37,61893.0,0,0
38,38,61893.0,0,0
39,39,61893.0,0,0
40,40,61893.0,0,0
41,41,61893.0,0,0
42,42,61893.0,0,0
43,43,61893.0,0,0
44,44,61893.0,0,0
45,45,61893.0,0,0
46,46,61893.0,0,0
47,47,61893.0,0,0
48,48,61893.0,0,0
49,49,61893.0,0,0
50,50,61893.0,0,0
51,51,61893.0,0,0
52,52,61893.0,0,0
53,53,61893.0,0,0
54,54,61893.0,0,0
55,55,61893.0,0,0
56,56,61893.0,0,0
57,57,61893.0,0,0
58,58,61893.0,0,0
59,59,61893.0,0,0
60,60,61893.0,0,0
61,61,61892.0,1,0
62,62,61892.0,1,0
63,63,61891.0,2,0
64,64,61891.0,2,0
65,65,61891.0,2,0
66,66,61891.0,2,0
67,67,61890.0,3,0
68,68,61890.0,3,0
69,69,61889.0,4,0
70,70,61889.0,4,0
71,71,61887.0,5,1
72,72,61886.0,6,1
73,73,61886.0,6,1
74,74,61885.0,7,1
75,75,61885.0,7,1
76,76,61885.0,7,1
77,77,61885.0,7,1
78,78,61884.0,8,1
79,79,61883.0,9,1
80,80,61883.0,9,1
81,81,61882.0,10,1
82,82,61882.0,10,1
83,83,61882.0,10,1
84,84,61882.0,10,1
85,85,61881.0,11,1
86,86,61881.0,11,1
87,87,61881.0,11,1
88,88,61881.0,11,1
89,89,61879.0,13,1
90,90,61879.0,13,1
91,91,61879.0,13,1
92,92,61878.0,14,1
93,93,61877.0,15,1
94,94,61877.0,15,1
95,95,61877.0,15,1
96,96,61877.0,15,1
97,97,61877.0,15,1
98,98,61876.0,16,1
99,99,61876.0,16,1
100,100,61876.0,16,1
101,101,61874.0,18,1
102,102,61874.0,18,1
103,103,61873.0,19,1
104,104,61873.0,19,1
105,105,61872.0,20,1
106,106,61872.0,20,1
107,107,61872.0,20,1
108,108,61872.0,20,1
109,109,61872.0,20,1
110,110,61872.0,20,1
111,111,61872.0,20,1
112,112,61872.0,20,1
113,113,61872.0,20,1
114,114,61871.0,21,1
115,115,61871.0,21,1
116,116,61870.0,22,1
117,117,61870.0,22,1
118,118,61869.0,23,1
119,119,61869.0,23,1
120,120,61869.0,23,1
121,121,61869.0,23,1
122,122,61869.0,23,1
123,123,61869.0,23,1
124,124,61869.0,23,1
125,125,61869.0,23,1
126,126,61869.0,23,1
127,127,61869.0,23,1
128,128,61868.0,24,1
