,Days,S,I,D
0,0,25300.0,0,0
1,1,25300.0,0,0
2,2,25300.0,0,0
3,3,25300.0,0,0
4,4,25300.0,0,0
5,5,25300.0,0,0
6,6,25300.0,0,0
7,7,25300.0,0,0
8,8,25300.0,0,0
9,9,25300.0,0,0
10,10,25300.0,0,0
11,11,25300.0,0,0
12,12,25300.0,0,0
13,13,25300.0,0,0
14,14,25300.0,0,0
15,15,25300.0,0,0
16,16,25300.0,0,0
17,17,25300.0,0,0
18,18,25300.0,0,0
19,19,25300.0,0,0
20,20,25300.0,0,0
21,21,25300.0,0,0
22,22,25300.0,0,0
23,23,25300.0,0,0
24,24,25300.0,0,0
25,25,25300.0,0,0
26,26,25300.0,0,0
27,27,25300.0,0,0
28,28,25300.0,0,0
29,29,25300.0,0,0
30,30,25300.0,0,0
31,31,25300.0,0,0
32,32,25300.0,0,0
33,33,25300.0,0,0
34,34,25300.0,0,0
35,35,25300.0,0,0
36,36,25300.0,0,0
37,37,25300.0,0,0
38,38,25300.0,0,0
39,39,25300.0,0,0
40,40,25300.0,0,0
41,41,25300.0,0,0
42,42,25300.0,0,0
43,43,25300.0,0,0
44,44,25300.0,0,0
45,45,25300.0,0,0
46,46,25300.0,0,0
47,47,25300.0,0,0
48,48,25300.0,0,0
49,49,25300.0,0,0
50,50,25300.0,0,0
51,51,25300.0,0,0
52,52,25300.0,0,0
53,53,25300.0,0,0
54,54,25300.0,0,0
55,55,25300.0,0,0
56,56,25300.0,0,0
57,57,25300.0,0,0
58,58,25300.0,0,0
59,59,25300.0,0,0
60,60,25300.0,0,0
61,61,25300.0,0,0
62,62,25298.0,2,0
63,63,25296.0,4,0
64,64,25295.0,5,0
65,65,25294.0,6,0
66,66,25291.0,9,0
67,67,25288.0,12,0
68,68,25287.0,13,0
69,69,25287.0,13,0
70,70,25287.0,13,0
71,71,25286.0,14,0
72,72,25283.0,17,0
73,73,25283.0,17,0
74,74,25283.0,17,0
75,75,25282.0,18,0
76,76,25280.0,19,1
77,77,25280.0,19,1
78,78,25280.0,19,1
79,79,25280.0,19,1
80,80,25278.0,21,1
81,81,25278.0,21,1
82,82,25277.0,22,1
83,83,25277.0,22,1
84,84,25277.0,22,1
85,85,25277.0,22,1
86,86,25277.0,22,1
87,87,25276.0,23,1
88,88,25276.0,23,1
89,89,25276.0,23,1
90,90,25276.0,23,1
91,91,25276.0,23,1
92,92,25274.0,25,1
93,93,25274.0,25,1
94,94,25274.0,25,1
95,95,25274.0,25,1
96,96,25274.0,25,1
97,97,25274.0,25,1
98,98,25274.0,25,1
99,99,25274.0,25,1
100,100,25274.0,25,1
101,101,25274.0,25,1
102,102,25274.0,25,1
103,103,25273.0,26,1
104,104,25273.0,26,1
105,105,25273.0,26,1
106,106,25273.0,26,1
107,107,25273.0,26,1
108,108,25273.0,26,1
109,109,25273.0,26,1
110,110,25273.0,26,1
111,111,25273.0,26,1
112,112,25272.0,27,1
113,113,25272.0,27,1
114,114,25272.0,27,1
115,115,25272.0,27,1
116,116,25272.0,27,1
117,117,25272.0,27,1
118,118,25272.0,27,1
119,119,25272.0,27,1
120,120,25270.0,29,1
121,121,25270.0,29,1
122,122,25270.0,29,1
123,123,25270.0,29,1
124,124,25270.0,29,1
125,125,25270.0,29,1
126,126,25270.0,29,1
127,127,25270.0,29,1
128,128,25270.0,29,1
