,Days,S,I,D
0,0,36791.0,0,0
1,1,36791.0,0,0
2,2,36791.0,0,0
3,3,36791.0,0,0
4,4,36791.0,0,0
5,5,36791.0,0,0
6,6,36791.0,0,0
7,7,36791.0,0,0
8,8,36791.0,0,0
9,9,36791.0,0,0
10,10,36791.0,0,0
11,11,36791.0,0,0
12,12,36791.0,0,0
13,13,36791.0,0,0
14,14,36791.0,0,0
15,15,36791.0,0,0
16,16,36791.0,0,0
17,17,36791.0,0,0
18,18,36791.0,0,0
19,19,36791.0,0,0
20,20,36791.0,0,0
21,21,36791.0,0,0
22,22,36791.0,0,0
23,23,36791.0,0,0
24,24,36791.0,0,0
25,25,36791.0,0,0
26,26,36791.0,0,0
27,27,36791.0,0,0
28,28,36791.0,0,0
29,29,36791.0,0,0
30,30,36791.0,0,0
31,31,36791.0,0,0
32,32,36791.0,0,0
33,33,36791.0,0,0
34,34,36791.0,0,0
35,35,36791.0,0,0
36,36,36791.0,0,0
37,37,36791.0,0,0
38,38,36791.0,0,0
39,39,36791.0,0,0
40,40,36791.0,0,0
41,41,36791.0,0,0
42,42,36791.0,0,0
43,43,36791.0,0,0
44,44,36791.0,0,0
45,45,36791.0,0,0
46,46,36791.0,0,0
47,47,36791.0,0,0
48,48,36791.0,0,0
49,49,36791.0,0,0
50,50,36791.0,0,0
51,51,36791.0,0,0
52,52,36791.0,0,0
53,53,36791.0,0,0
54,54,36791.0,0,0
55,55,36791.0,0,0
56,56,36789.0,2,0
57,57,36791.0,0,0
58,58,36791.0,0,0
59,59,36791.0,0,0
60,60,36791.0,0,0
61,61,36791.0,0,0
62,62,36791.0,0,0
63,63,36791.0,0,0
64,64,36791.0,0,0
65,65,36791.0,0,0
66,66,36789.0,2,0
67,67,36788.0,3,0
68,68,36788.0,3,0
69,69,36788.0,3,0
70,70,36787.0,4,0
71,71,36787.0,4,0
72,72,36786.0,5,0
73,73,36785.0,6,0
74,74,36784.0,7,0
75,75,36784.0,7,0
76,76,36784.0,7,0
77,77,36784.0,7,0
78,78,36784.0,7,0
79,79,36784.0,7,0
80,80,36784.0,7,0
81,81,36782.0,9,0
82,82,36781.0,10,0
83,83,36779.0,12,0
84,84,36779.0,12,0
85,85,36779.0,12,0
86,86,36779.0,12,0
87,87,36775.0,16,0
88,88,36775.0,16,0
89,89,36773.0,18,0
90,90,36773.0,18,0
91,91,36773.0,18,0
92,92,36761.0,30,0
93,93,36748.0,43,0
94,94,36746.0,45,0
95,95,36746.0,45,0
96,96,36741.0,50,0
97,97,36741.0,50,0
98,98,36738.0,53,0
99,99,36736.0,55,0
100,100,36731.0,60,0
101,101,36718.0,73,0
102,102,36680.0,111,0
103,103,36672.0,119,0
104,104,36667.0,124,0
105,105,36665.0,126,0
106,106,36653.0,138,0
107,107,36652.0,139,0
108,108,36644.0,147,0
109,109,36644.0,147,0
110,110,36634.0,157,0
111,111,36625.0,166,0
112,112,36589.0,202,0
113,113,36588.0,203,0
114,114,36565.0,225,1
115,115,36554.0,236,1
116,116,36548.0,242,1
117,117,36524.0,266,1
118,118,36516.0,274,1
119,119,36508.0,282,1
120,120,36495.0,295,1
121,121,36476.0,314,1
122,122,36439.0,351,1
123,123,36435.0,355,1
124,124,36414.0,376,1
125,125,36400.0,390,1
126,126,36383.0,407,1
127,127,36377.0,413,1
128,128,36351.0,439,1
