,Days,S,I,D
0,0,44153.0,0,0
1,1,44153.0,0,0
2,2,44153.0,0,0
3,3,44153.0,0,0
4,4,44153.0,0,0
5,5,44153.0,0,0
6,6,44153.0,0,0
7,7,44153.0,0,0
8,8,44153.0,0,0
9,9,44153.0,0,0
10,10,44153.0,0,0
11,11,44153.0,0,0
12,12,44153.0,0,0
13,13,44153.0,0,0
14,14,44153.0,0,0
15,15,44153.0,0,0
16,16,44153.0,0,0
17,17,44153.0,0,0
18,18,44153.0,0,0
19,19,44153.0,0,0
20,20,44153.0,0,0
21,21,44153.0,0,0
22,22,44153.0,0,0
23,23,44153.0,0,0
24,24,44153.0,0,0
25,25,44153.0,0,0
26,26,44153.0,0,0
27,27,44153.0,0,0
28,28,44153.0,0,0
29,29,44153.0,0,0
30,30,44153.0,0,0
31,31,44153.0,0,0
32,32,44153.0,0,0
33,33,44153.0,0,0
34,34,44153.0,0,0
35,35,44153.0,0,0
36,36,44153.0,0,0
37,37,44153.0,0,0
38,38,44153.0,0,0
39,39,44153.0,0,0
40,40,44153.0,0,0
41,41,44153.0,0,0
42,42,44153.0,0,0
43,43,44153.0,0,0
44,44,44153.0,0,0
45,45,44153.0,0,0
46,46,44153.0,0,0
47,47,44153.0,0,0
48,48,44153.0,0,0
49,49,44153.0,0,0
50,50,44153.0,0,0
51,51,44153.0,0,0
52,52,44153.0,0,0
53,53,44153.0,0,0
54,54,44153.0,0,0
55,55,44153.0,0,0
56,56,44153.0,0,0
57,57,44153.0,0,0
58,58,44153.0,0,0
59,59,44153.0,0,0
60,60,44153.0,0,0
61,61,44153.0,0,0
62,62,44153.0,0,0
63,63,44152.0,1,0
64,64,44149.0,4,0
65,65,44146.0,7,0
66,66,44146.0,7,0
67,67,44145.0,8,0
68,68,44143.0,10,0
69,69,44142.0,11,0
70,70,44140.0,13,0
71,71,44139.0,14,0
72,72,44138.0,15,0
73,73,44138.0,15,0
74,74,44135.0,18,0
75,75,44133.0,20,0
76,76,44133.0,20,0
77,77,44131.0,22,0
78,78,44128.0,25,0
79,79,44126.0,27,0
80,80,44123.0,30,0
81,81,44123.0,30,0
82,82,44120.0,33,0
83,83,44120.0,33,0
84,84,44116.0,37,0
85,85,44116.0,37,0
86,86,44116.0,37,0
87,87,44114.0,39,0
88,88,44111.0,42,0
89,89,44110.0,43,0
90,90,44109.0,44,0
91,91,44107.0,46,0
92,92,44105.0,47,1
93,93,44103.0,49,1
94,94,44103.0,49,1
95,95,44101.0,51,1
96,96,44101.0,51,1
97,97,44100.0,52,1
98,98,44100.0,52,1
99,99,44100.0,52,1
100,100,44100.0,52,1
101,101,44098.0,54,1
102,102,44095.0,57,1
103,103,44094.0,58,1
104,104,44092.0,60,1
105,105,44091.0,61,1
106,106,44089.0,63,1
107,107,44089.0,63,1
108,108,44088.0,64,1
109,109,44087.0,65,1
110,110,44085.0,67,1
111,111,44083.0,69,1
112,112,44079.0,73,1
113,113,44078.0,74,1
114,114,44077.0,75,1
115,115,44075.0,77,1
116,116,44075.0,77,1
117,117,44073.0,79,1
118,118,44072.0,80,1
119,119,44069.0,83,1
120,120,44068.0,84,1
121,121,44067.0,85,1
122,122,44066.0,86,1
123,123,44065.0,87,1
124,124,44065.0,87,1
125,125,44062.0,90,1
126,126,44059.0,93,1
127,127,44055.0,97,1
128,128,44053.0,99,1
