,Days,S,I,D
0,0,171700.0,0,0
1,1,171700.0,0,0
2,2,171700.0,0,0
3,3,171700.0,0,0
4,4,171700.0,0,0
5,5,171700.0,0,0
6,6,171700.0,0,0
7,7,171700.0,0,0
8,8,171700.0,0,0
9,9,171700.0,0,0
10,10,171700.0,0,0
11,11,171700.0,0,0
12,12,171700.0,0,0
13,13,171700.0,0,0
14,14,171700.0,0,0
15,15,171700.0,0,0
16,16,171700.0,0,0
17,17,171700.0,0,0
18,18,171700.0,0,0
19,19,171700.0,0,0
20,20,171700.0,0,0
21,21,171700.0,0,0
22,22,171700.0,0,0
23,23,171700.0,0,0
24,24,171700.0,0,0
25,25,171700.0,0,0
26,26,171700.0,0,0
27,27,171700.0,0,0
28,28,171700.0,0,0
29,29,171700.0,0,0
30,30,171700.0,0,0
31,31,171700.0,0,0
32,32,171700.0,0,0
33,33,171700.0,0,0
34,34,171700.0,0,0
35,35,171700.0,0,0
36,36,171700.0,0,0
37,37,171700.0,0,0
38,38,171700.0,0,0
39,39,171700.0,0,0
40,40,171700.0,0,0
41,41,171700.0,0,0
42,42,171700.0,0,0
43,43,171700.0,0,0
44,44,171700.0,0,0
45,45,171700.0,0,0
46,46,171700.0,0,0
47,47,171700.0,0,0
48,48,171700.0,0,0
49,49,171700.0,0,0
50,50,171700.0,0,0
51,51,171700.0,0,0
52,52,171700.0,0,0
53,53,171699.0,1,0
54,54,171699.0,1,0
55,55,171699.0,1,0
56,56,171699.0,1,0
57,57,171699.0,1,0
58,58,171699.0,1,0
59,59,171699.0,1,0
60,60,171699.0,1,0
61,61,171699.0,1,0
62,62,171699.0,1,0
63,63,171697.0,3,0
64,64,171694.0,6,0
65,65,171694.0,6,0
66,66,171692.0,8,0
67,67,171692.0,8,0
68,68,171691.0,9,0
69,69,171686.0,14,0
70,70,171682.0,18,0
71,71,171681.0,19,0
72,72,171681.0,19,0
73,73,171678.0,22,0
74,74,171676.0,24,0
75,75,171674.0,26,0
76,76,171674.0,26,0
77,77,171673.0,27,0
78,78,171669.0,31,0
79,79,171665.0,35,0
80,80,171664.0,36,0
81,81,171663.0,37,0
82,82,171662.0,38,0
83,83,171661.0,39,0
84,84,171661.0,39,0
85,85,171659.0,41,0
86,86,171658.0,42,0
87,87,171656.0,44,0
88,88,171655.0,45,0
89,89,171652.0,48,0
90,90,171652.0,48,0
91,91,171652.0,48,0
92,92,171649.0,51,0
93,93,171649.0,51,0
94,94,171641.0,58,1
95,95,171641.0,58,1
96,96,171637.0,62,1
97,97,171635.0,64,1
98,98,171634.0,65,1
99,99,171631.0,68,1
100,100,171628.0,71,1
101,101,171627.0,72,1
102,102,171623.0,76,1
103,103,171614.0,85,1
104,104,171610.0,89,1
105,105,171604.0,95,1
106,106,171604.0,95,1
107,107,171596.0,103,1
108,108,171579.0,120,1
109,109,171574.0,125,1
110,110,171569.0,130,1
111,111,171563.0,136,1
112,112,171554.0,145,1
113,113,171547.0,152,1
114,114,171534.0,165,1
115,115,171526.0,173,1
116,116,171517.0,182,1
117,117,171501.0,198,1
118,118,171485.0,214,1
119,119,171481.0,218,1
120,120,171473.0,226,1
121,121,171464.0,235,1
122,122,171452.0,247,1
123,123,171442.0,257,1
124,124,171425.0,274,1
125,125,171420.0,279,1
126,126,171416.0,283,1
127,127,171395.0,304,1
128,128,171375.0,324,1
