,Days,S,I,D
0,0,30267.0,0,0
1,1,30267.0,0,0
2,2,30267.0,0,0
3,3,30267.0,0,0
4,4,30267.0,0,0
5,5,30267.0,0,0
6,6,30267.0,0,0
7,7,30267.0,0,0
8,8,30267.0,0,0
9,9,30267.0,0,0
10,10,30267.0,0,0
11,11,30267.0,0,0
12,12,30267.0,0,0
13,13,30267.0,0,0
14,14,30267.0,0,0
15,15,30267.0,0,0
16,16,30267.0,0,0
17,17,30267.0,0,0
18,18,30267.0,0,0
19,19,30267.0,0,0
20,20,30267.0,0,0
21,21,30267.0,0,0
22,22,30267.0,0,0
23,23,30267.0,0,0
24,24,30267.0,0,0
25,25,30267.0,0,0
26,26,30267.0,0,0
27,27,30267.0,0,0
28,28,30267.0,0,0
29,29,30267.0,0,0
30,30,30267.0,0,0
31,31,30267.0,0,0
32,32,30267.0,0,0
33,33,30267.0,0,0
34,34,30267.0,0,0
35,35,30267.0,0,0
36,36,30267.0,0,0
37,37,30267.0,0,0
38,38,30267.0,0,0
39,39,30267.0,0,0
40,40,30267.0,0,0
41,41,30267.0,0,0
42,42,30267.0,0,0
43,43,30267.0,0,0
44,44,30267.0,0,0
45,45,30267.0,0,0
46,46,30267.0,0,0
47,47,30267.0,0,0
48,48,30267.0,0,0
49,49,30267.0,0,0
50,50,30267.0,0,0
51,51,30267.0,0,0
52,52,30267.0,0,0
53,53,30267.0,0,0
54,54,30267.0,0,0
55,55,30267.0,0,0
56,56,30267.0,0,0
57,57,30267.0,0,0
58,58,30267.0,0,0
59,59,30267.0,0,0
60,60,30267.0,0,0
61,61,30267.0,0,0
62,62,30267.0,0,0
63,63,30267.0,0,0
64,64,30267.0,0,0
65,65,30267.0,0,0
66,66,30267.0,0,0
67,67,30266.0,1,0
68,68,30266.0,1,0
69,69,30266.0,1,0
70,70,30265.0,2,0
71,71,30264.0,2,1
72,72,30264.0,2,1
73,73,30264.0,2,1
74,74,30264.0,2,1
75,75,30264.0,2,1
76,76,30263.0,3,1
77,77,30262.0,4,1
78,78,30262.0,4,1
79,79,30261.0,5,1
80,80,30259.0,7,1
81,81,30259.0,7,1
82,82,30258.0,8,1
83,83,30258.0,8,1
84,84,30258.0,8,1
85,85,30258.0,8,1
86,86,30257.0,9,1
87,87,30257.0,9,1
88,88,30257.0,9,1
89,89,30257.0,9,1
90,90,30257.0,9,1
91,91,30256.0,10,1
92,92,30254.0,12,1
93,93,30254.0,12,1
94,94,30254.0,12,1
95,95,30254.0,12,1
96,96,30254.0,12,1
97,97,30254.0,12,1
98,98,30254.0,12,1
99,99,30253.0,13,1
100,100,30252.0,14,1
101,101,30251.0,15,1
102,102,30251.0,15,1
103,103,30251.0,15,1
104,104,30251.0,15,1
105,105,30251.0,15,1
106,106,30251.0,15,1
107,107,30250.0,16,1
108,108,30250.0,16,1
109,109,30250.0,16,1
110,110,30250.0,16,1
111,111,30250.0,16,1
112,112,30250.0,16,1
113,113,30249.0,17,1
114,114,30249.0,17,1
115,115,30249.0,17,1
116,116,30247.0,19,1
117,117,30247.0,19,1
118,118,30247.0,19,1
119,119,30246.0,20,1
120,120,30246.0,20,1
121,121,30245.0,21,1
122,122,30242.0,24,1
123,123,30242.0,24,1
124,124,30242.0,24,1
125,125,30239.0,27,1
126,126,30238.0,28,1
127,127,30238.0,28,1
128,128,30236.0,30,1
