,Days,S,I,D
0,0,8460.0,0,0
1,1,8460.0,0,0
2,2,8460.0,0,0
3,3,8460.0,0,0
4,4,8460.0,0,0
5,5,8460.0,0,0
6,6,8460.0,0,0
7,7,8460.0,0,0
8,8,8460.0,0,0
9,9,8460.0,0,0
10,10,8460.0,0,0
11,11,8460.0,0,0
12,12,8460.0,0,0
13,13,8460.0,0,0
14,14,8460.0,0,0
15,15,8460.0,0,0
16,16,8460.0,0,0
17,17,8460.0,0,0
18,18,8460.0,0,0
19,19,8460.0,0,0
20,20,8460.0,0,0
21,21,8460.0,0,0
22,22,8460.0,0,0
23,23,8460.0,0,0
24,24,8460.0,0,0
25,25,8460.0,0,0
26,26,8460.0,0,0
27,27,8460.0,0,0
28,28,8460.0,0,0
29,29,8460.0,0,0
30,30,8460.0,0,0
31,31,8460.0,0,0
32,32,8460.0,0,0
33,33,8460.0,0,0
34,34,8460.0,0,0
35,35,8460.0,0,0
36,36,8460.0,0,0
37,37,8460.0,0,0
38,38,8460.0,0,0
39,39,8460.0,0,0
40,40,8460.0,0,0
41,41,8460.0,0,0
42,42,8460.0,0,0
43,43,8460.0,0,0
44,44,8460.0,0,0
45,45,8460.0,0,0
46,46,8460.0,0,0
47,47,8460.0,0,0
48,48,8460.0,0,0
49,49,8460.0,0,0
50,50,8460.0,0,0
51,51,8460.0,0,0
52,52,8460.0,0,0
53,53,8460.0,0,0
54,54,8460.0,0,0
55,55,8460.0,0,0
56,56,8460.0,0,0
57,57,8460.0,0,0
58,58,8460.0,0,0
59,59,8460.0,0,0
60,60,8460.0,0,0
61,61,8460.0,0,0
62,62,8460.0,0,0
63,63,8460.0,0,0
64,64,8459.0,1,0
65,65,8456.0,4,0
66,66,8455.0,5,0
67,67,8455.0,5,0
68,68,8455.0,5,0
69,69,8453.0,7,0
70,70,8453.0,7,0
71,71,8452.0,8,0
72,72,8452.0,8,0
73,73,8452.0,8,0
74,74,8452.0,8,0
75,75,8452.0,8,0
76,76,8452.0,8,0
77,77,8452.0,8,0
78,78,8451.0,9,0
79,79,8451.0,9,0
80,80,8450.0,10,0
81,81,8449.0,11,0
82,82,8448.0,11,1
83,83,8448.0,11,1
84,84,8448.0,11,1
85,85,8448.0,11,1
86,86,8448.0,11,1
87,87,8448.0,11,1
88,88,8448.0,11,1
89,89,8448.0,11,1
90,90,8448.0,11,1
91,91,8448.0,11,1
92,92,8448.0,11,1
93,93,8448.0,11,1
94,94,8448.0,11,1
95,95,8448.0,11,1
96,96,8448.0,11,1
97,97,8448.0,11,1
98,98,8448.0,11,1
99,99,8448.0,11,1
100,100,8448.0,11,1
101,101,8448.0,11,1
102,102,8448.0,11,1
103,103,8448.0,11,1
104,104,8448.0,11,1
105,105,8448.0,11,1
106,106,8448.0,11,1
107,107,8448.0,11,1
108,108,8448.0,11,1
109,109,8448.0,11,1
110,110,8448.0,11,1
111,111,8448.0,11,1
112,112,8448.0,11,1
113,113,8448.0,11,1
114,114,8448.0,11,1
115,115,8448.0,11,1
116,116,8448.0,11,1
117,117,8447.0,12,1
118,118,8443.0,16,1
119,119,8443.0,16,1
120,120,8443.0,16,1
121,121,8443.0,16,1
122,122,8443.0,16,1
123,123,8441.0,18,1
124,124,8441.0,18,1
125,125,8441.0,18,1
126,126,8441.0,18,1
127,127,8441.0,18,1
128,128,8441.0,18,1
