,Days,S,I,D
0,0,659300.0,0,0
1,1,659300.0,0,0
2,2,659300.0,0,0
3,3,659300.0,0,0
4,4,659300.0,0,0
5,5,659300.0,0,0
6,6,659300.0,0,0
7,7,659300.0,0,0
8,8,659300.0,0,0
9,9,659300.0,0,0
10,10,659300.0,0,0
11,11,659300.0,0,0
12,12,659300.0,0,0
13,13,659300.0,0,0
14,14,659300.0,0,0
15,15,659300.0,0,0
16,16,659300.0,0,0
17,17,659300.0,0,0
18,18,659300.0,0,0
19,19,659300.0,0,0
20,20,659300.0,0,0
21,21,659300.0,0,0
22,22,659300.0,0,0
23,23,659300.0,0,0
24,24,659300.0,0,0
25,25,659300.0,0,0
26,26,659300.0,0,0
27,27,659300.0,0,0
28,28,659300.0,0,0
29,29,659300.0,0,0
30,30,659300.0,0,0
31,31,659300.0,0,0
32,32,659300.0,0,0
33,33,659300.0,0,0
34,34,659300.0,0,0
35,35,659300.0,0,0
36,36,659300.0,0,0
37,37,659300.0,0,0
38,38,659300.0,0,0
39,39,659300.0,0,0
40,40,659300.0,0,0
41,41,659300.0,0,0
42,42,659300.0,0,0
43,43,659300.0,0,0
44,44,659300.0,0,0
45,45,659300.0,0,0
46,46,659300.0,0,0
47,47,659300.0,0,0
48,48,659300.0,0,0
49,49,659300.0,0,0
50,50,659300.0,0,0
51,51,659299.0,1,0
52,52,659295.0,5,0
53,53,659288.0,12,0
54,54,659283.0,17,0
55,55,659279.0,21,0
56,56,659275.0,25,0
57,57,659266.0,34,0
58,58,659250.0,50,0
59,59,659239.0,61,0
60,60,659229.0,71,0
61,61,659214.0,86,0
62,62,659209.0,91,0
63,63,659171.0,129,0
64,64,659131.0,169,0
65,65,659121.0,179,0
66,66,659086.0,214,0
67,67,659054.0,246,0
68,68,659043.0,257,0
69,69,659018.0,282,0
70,70,658995.0,305,0
71,71,658968.0,332,0
72,72,658931.0,369,0
73,73,658924.0,376,0
74,74,658878.0,418,4
75,75,658857.0,438,5
76,76,658834.0,461,5
77,77,658802.0,492,6
78,78,658771.0,523,6
79,79,658737.0,555,8
80,80,658713.0,579,8
81,81,658695.0,597,8
82,82,658675.0,617,8
83,83,658670.0,620,10
84,84,658661.0,628,11
85,85,658652.0,634,14
86,86,658641.0,645,14
87,87,658612.0,673,15
88,88,658603.0,682,15
89,89,658597.0,688,15
90,90,658584.0,700,16
91,91,658526.0,744,30
92,92,658491.0,778,31
93,93,658470.0,797,33
94,94,658439.0,828,33
95,95,658428.0,839,33
96,96,658425.0,839,36
97,97,658398.0,861,41
98,98,658375.0,881,44
99,99,658368.0,886,46
100,100,658323.0,929,48
101,101,658306.0,946,48
102,102,658283.0,969,48
103,103,658260.0,992,48
104,104,658231.0,1020,49
105,105,658199.0,1048,53
106,106,658178.0,1065,57
107,107,658147.0,1094,59
108,108,658131.0,1109,60
109,109,658119.0,1121,60
110,110,658108.0,1131,61
111,111,658079.0,1157,64
112,112,658037.0,1199,64
113,113,657994.0,1237,69
114,114,657953.0,1274,73
115,115,657928.0,1299,73
116,116,657893.0,1333,74
117,117,657871.0,1355,74
118,118,657855.0,1367,78
119,119,657784.0,1433,83
120,120,657746.0,1469,85
121,121,657714.0,1498,88
122,122,657636.0,1576,88
123,123,657598.0,1614,88
124,124,657579.0,1630,91
125,125,657559.0,1645,96
126,126,657530.0,1673,97
127,127,657483.0,1715,102
128,128,657454.0,1744,102
