,Days,S,I,D
0,0,16787.0,0,0
1,1,16787.0,0,0
2,2,16787.0,0,0
3,3,16787.0,0,0
4,4,16787.0,0,0
5,5,16787.0,0,0
6,6,16787.0,0,0
7,7,16787.0,0,0
8,8,16787.0,0,0
9,9,16787.0,0,0
10,10,16787.0,0,0
11,11,16787.0,0,0
12,12,16787.0,0,0
13,13,16787.0,0,0
14,14,16787.0,0,0
15,15,16787.0,0,0
16,16,16787.0,0,0
17,17,16787.0,0,0
18,18,16787.0,0,0
19,19,16787.0,0,0
20,20,16787.0,0,0
21,21,16787.0,0,0
22,22,16787.0,0,0
23,23,16787.0,0,0
24,24,16787.0,0,0
25,25,16787.0,0,0
26,26,16787.0,0,0
27,27,16787.0,0,0
28,28,16787.0,0,0
29,29,16787.0,0,0
30,30,16787.0,0,0
31,31,16787.0,0,0
32,32,16787.0,0,0
33,33,16787.0,0,0
34,34,16787.0,0,0
35,35,16787.0,0,0
36,36,16787.0,0,0
37,37,16787.0,0,0
38,38,16787.0,0,0
39,39,16787.0,0,0
40,40,16787.0,0,0
41,41,16787.0,0,0
42,42,16787.0,0,0
43,43,16787.0,0,0
44,44,16787.0,0,0
45,45,16787.0,0,0
46,46,16787.0,0,0
47,47,16787.0,0,0
48,48,16787.0,0,0
49,49,16787.0,0,0
50,50,16787.0,0,0
51,51,16787.0,0,0
52,52,16787.0,0,0
53,53,16787.0,0,0
54,54,16787.0,0,0
55,55,16787.0,0,0
56,56,16787.0,0,0
57,57,16787.0,0,0
58,58,16787.0,0,0
59,59,16787.0,0,0
60,60,16787.0,0,0
61,61,16787.0,0,0
62,62,16786.0,1,0
63,63,16786.0,1,0
64,64,16786.0,1,0
65,65,16785.0,2,0
66,66,16785.0,2,0
67,67,16785.0,2,0
68,68,16784.0,3,0
69,69,16784.0,3,0
70,70,16784.0,3,0
71,71,16784.0,3,0
72,72,16784.0,3,0
73,73,16783.0,4,0
74,74,16783.0,4,0
75,75,16781.0,6,0
76,76,16781.0,6,0
77,77,16781.0,6,0
78,78,16780.0,7,0
79,79,16779.0,8,0
80,80,16779.0,8,0
81,81,16779.0,8,0
82,82,16778.0,9,0
83,83,16777.0,10,0
84,84,16777.0,10,0
85,85,16777.0,10,0
86,86,16774.0,13,0
87,87,16774.0,13,0
88,88,16772.0,15,0
89,89,16772.0,15,0
90,90,16768.0,19,0
91,91,16767.0,20,0
92,92,16766.0,21,0
93,93,16766.0,21,0
94,94,16764.0,23,0
95,95,16764.0,23,0
96,96,16763.0,24,0
97,97,16762.0,25,0
98,98,16762.0,25,0
99,99,16762.0,25,0
100,100,16761.0,26,0
101,101,16759.0,28,0
102,102,16759.0,28,0
103,103,16758.0,29,0
104,104,16758.0,29,0
105,105,16751.0,36,0
106,106,16749.0,38,0
107,107,16748.0,39,0
108,108,16748.0,39,0
109,109,16748.0,39,0
110,110,16747.0,40,0
111,111,16744.0,43,0
112,112,16744.0,43,0
113,113,16742.0,44,1
114,114,16741.0,45,1
115,115,16741.0,45,1
116,116,16741.0,45,1
117,117,16739.0,47,1
118,118,16738.0,48,1
119,119,16738.0,48,1
120,120,16733.0,53,1
121,121,16731.0,55,1
122,122,16730.0,56,1
123,123,16728.0,58,1
124,124,16725.0,61,1
125,125,16721.0,65,1
126,126,16717.0,69,1
127,127,16715.0,71,1
128,128,16714.0,72,1
