,Days,S,I,D
0,0,43892.0,0,0
1,1,43892.0,0,0
2,2,43892.0,0,0
3,3,43892.0,0,0
4,4,43892.0,0,0
5,5,43892.0,0,0
6,6,43892.0,0,0
7,7,43892.0,0,0
8,8,43892.0,0,0
9,9,43892.0,0,0
10,10,43892.0,0,0
11,11,43892.0,0,0
12,12,43892.0,0,0
13,13,43892.0,0,0
14,14,43892.0,0,0
15,15,43892.0,0,0
16,16,43892.0,0,0
17,17,43892.0,0,0
18,18,43892.0,0,0
19,19,43892.0,0,0
20,20,43892.0,0,0
21,21,43892.0,0,0
22,22,43892.0,0,0
23,23,43892.0,0,0
24,24,43892.0,0,0
25,25,43892.0,0,0
26,26,43892.0,0,0
27,27,43892.0,0,0
28,28,43892.0,0,0
29,29,43892.0,0,0
30,30,43892.0,0,0
31,31,43892.0,0,0
32,32,43892.0,0,0
33,33,43892.0,0,0
34,34,43892.0,0,0
35,35,43892.0,0,0
36,36,43892.0,0,0
37,37,43892.0,0,0
38,38,43892.0,0,0
39,39,43892.0,0,0
40,40,43892.0,0,0
41,41,43892.0,0,0
42,42,43892.0,0,0
43,43,43892.0,0,0
44,44,43892.0,0,0
45,45,43892.0,0,0
46,46,43892.0,0,0
47,47,43892.0,0,0
48,48,43892.0,0,0
49,49,43892.0,0,0
50,50,43892.0,0,0
51,51,43892.0,0,0
52,52,43892.0,0,0
53,53,43892.0,0,0
54,54,43892.0,0,0
55,55,43892.0,0,0
56,56,43892.0,0,0
57,57,43892.0,0,0
58,58,43892.0,0,0
59,59,43892.0,0,0
60,60,43892.0,0,0
61,61,43892.0,0,0
62,62,43892.0,0,0
63,63,43892.0,0,0
64,64,43892.0,0,0
65,65,43892.0,0,0
66,66,43892.0,0,0
67,67,43892.0,0,0
68,68,43891.0,1,0
69,69,43891.0,1,0
70,70,43891.0,1,0
71,71,43891.0,1,0
72,72,43891.0,1,0
73,73,43891.0,1,0
74,74,43891.0,1,0
75,75,43890.0,2,0
76,76,43890.0,2,0
77,77,43889.0,3,0
78,78,43889.0,3,0
79,79,43889.0,3,0
80,80,43889.0,3,0
81,81,43889.0,3,0
82,82,43889.0,3,0
83,83,43889.0,3,0
84,84,43889.0,3,0
85,85,43889.0,3,0
86,86,43889.0,3,0
87,87,43889.0,3,0
88,88,43889.0,3,0
89,89,43887.0,4,1
90,90,43887.0,4,1
91,91,43887.0,4,1
92,92,43886.0,5,1
93,93,43886.0,5,1
94,94,43886.0,5,1
95,95,43886.0,5,1
96,96,43886.0,5,1
97,97,43886.0,5,1
98,98,43886.0,5,1
99,99,43885.0,6,1
100,100,43885.0,6,1
101,101,43885.0,6,1
102,102,43885.0,6,1
103,103,43885.0,6,1
104,104,43885.0,6,1
105,105,43885.0,6,1
106,106,43884.0,7,1
107,107,43884.0,7,1
108,108,43884.0,7,1
109,109,43883.0,8,1
110,110,43883.0,8,1
111,111,43883.0,8,1
112,112,43883.0,8,1
113,113,43881.0,10,1
114,114,43881.0,10,1
115,115,43881.0,10,1
116,116,43880.0,11,1
117,117,43878.0,13,1
118,118,43878.0,13,1
119,119,43876.0,15,1
120,120,43876.0,15,1
121,121,43871.0,20,1
122,122,43869.0,22,1
123,123,43866.0,25,1
124,124,43864.0,27,1
125,125,43863.0,28,1
126,126,43862.0,29,1
127,127,43862.0,29,1
128,128,43859.0,32,1
