,Days,S,I,D
0,0,33240.0,0,0
1,1,33240.0,0,0
2,2,33240.0,0,0
3,3,33240.0,0,0
4,4,33240.0,0,0
5,5,33240.0,0,0
6,6,33240.0,0,0
7,7,33240.0,0,0
8,8,33240.0,0,0
9,9,33240.0,0,0
10,10,33240.0,0,0
11,11,33240.0,0,0
12,12,33240.0,0,0
13,13,33240.0,0,0
14,14,33240.0,0,0
15,15,33240.0,0,0
16,16,33240.0,0,0
17,17,33240.0,0,0
18,18,33240.0,0,0
19,19,33240.0,0,0
20,20,33240.0,0,0
21,21,33240.0,0,0
22,22,33240.0,0,0
23,23,33240.0,0,0
24,24,33240.0,0,0
25,25,33240.0,0,0
26,26,33240.0,0,0
27,27,33240.0,0,0
28,28,33240.0,0,0
29,29,33240.0,0,0
30,30,33240.0,0,0
31,31,33240.0,0,0
32,32,33240.0,0,0
33,33,33240.0,0,0
34,34,33240.0,0,0
35,35,33240.0,0,0
36,36,33240.0,0,0
37,37,33240.0,0,0
38,38,33240.0,0,0
39,39,33240.0,0,0
40,40,33240.0,0,0
41,41,33240.0,0,0
42,42,33240.0,0,0
43,43,33240.0,0,0
44,44,33240.0,0,0
45,45,33240.0,0,0
46,46,33240.0,0,0
47,47,33240.0,0,0
48,48,33240.0,0,0
49,49,33240.0,0,0
50,50,33240.0,0,0
51,51,33240.0,0,0
52,52,33240.0,0,0
53,53,33240.0,0,0
54,54,33239.0,1,0
55,55,33238.0,2,0
56,56,33238.0,2,0
57,57,33237.0,3,0
58,58,33236.0,4,0
59,59,33233.0,7,0
60,60,33232.0,8,0
61,61,33228.0,12,0
62,62,33224.0,16,0
63,63,33224.0,16,0
64,64,33219.0,21,0
65,65,33211.0,29,0
66,66,33203.0,37,0
67,67,33200.0,40,0
68,68,33196.0,44,0
69,69,33189.0,51,0
70,70,33183.0,57,0
71,71,33179.0,61,0
72,72,33171.0,69,0
73,73,33170.0,70,0
74,74,33162.0,78,0
75,75,33161.0,79,0
76,76,33160.0,80,0
77,77,33158.0,82,0
78,78,33152.0,88,0
79,79,33144.0,96,0
80,80,33141.0,98,1
81,81,33137.0,102,1
82,82,33137.0,102,1
83,83,33137.0,102,1
84,84,33137.0,102,1
85,85,33136.0,103,1
86,86,33136.0,103,1
87,87,33130.0,109,1
88,88,33128.0,111,1
89,89,33121.0,118,1
90,90,33117.0,122,1
91,91,33116.0,123,1
92,92,33112.0,127,1
93,93,33112.0,127,1
94,94,33107.0,132,1
95,95,33101.0,138,1
96,96,33099.0,140,1
97,97,33097.0,142,1
98,98,33092.0,147,1
99,99,33091.0,148,1
100,100,33084.0,155,1
101,101,33083.0,156,1
102,102,33080.0,159,1
103,103,33074.0,165,1
104,104,33073.0,166,1
105,105,33069.0,170,1
106,106,33066.0,173,1
107,107,33066.0,173,1
108,108,33063.0,176,1
109,109,33063.0,176,1
110,110,33056.0,183,1
111,111,33055.0,184,1
112,112,33054.0,185,1
113,113,33051.0,188,1
114,114,33043.0,196,1
115,115,33039.0,200,1
116,116,33037.0,202,1
117,117,33036.0,203,1
118,118,33027.0,212,1
119,119,33022.0,217,1
120,120,33017.0,222,1
121,121,33011.0,228,1
122,122,33002.0,237,1
123,123,32998.0,241,1
124,124,32992.0,247,1
125,125,32986.0,253,1
126,126,32981.0,258,1
127,127,32980.0,259,1
128,128,32974.0,265,1
