,Days,S,I,D
0,0,35112.0,0,0
1,1,35112.0,0,0
2,2,35112.0,0,0
3,3,35112.0,0,0
4,4,35112.0,0,0
5,5,35112.0,0,0
6,6,35112.0,0,0
7,7,35112.0,0,0
8,8,35112.0,0,0
9,9,35112.0,0,0
10,10,35112.0,0,0
11,11,35112.0,0,0
12,12,35112.0,0,0
13,13,35112.0,0,0
14,14,35112.0,0,0
15,15,35112.0,0,0
16,16,35112.0,0,0
17,17,35112.0,0,0
18,18,35112.0,0,0
19,19,35112.0,0,0
20,20,35112.0,0,0
21,21,35112.0,0,0
22,22,35112.0,0,0
23,23,35112.0,0,0
24,24,35112.0,0,0
25,25,35112.0,0,0
26,26,35112.0,0,0
27,27,35112.0,0,0
28,28,35112.0,0,0
29,29,35112.0,0,0
30,30,35112.0,0,0
31,31,35112.0,0,0
32,32,35112.0,0,0
33,33,35112.0,0,0
34,34,35112.0,0,0
35,35,35112.0,0,0
36,36,35112.0,0,0
37,37,35112.0,0,0
38,38,35112.0,0,0
39,39,35112.0,0,0
40,40,35112.0,0,0
41,41,35112.0,0,0
42,42,35112.0,0,0
43,43,35112.0,0,0
44,44,35112.0,0,0
45,45,35112.0,0,0
46,46,35112.0,0,0
47,47,35112.0,0,0
48,48,35112.0,0,0
49,49,35112.0,0,0
50,50,35112.0,0,0
51,51,35112.0,0,0
52,52,35112.0,0,0
53,53,35112.0,0,0
54,54,35112.0,0,0
55,55,35112.0,0,0
56,56,35112.0,0,0
57,57,35112.0,0,0
58,58,35112.0,0,0
59,59,35112.0,0,0
60,60,35112.0,0,0
61,61,35112.0,0,0
62,62,35112.0,0,0
63,63,35112.0,0,0
64,64,35112.0,0,0
65,65,35112.0,0,0
66,66,35112.0,0,0
67,67,35112.0,0,0
68,68,35112.0,0,0
69,69,35112.0,0,0
70,70,35111.0,1,0
71,71,35111.0,1,0
72,72,35111.0,1,0
73,73,35109.0,3,0
74,74,35107.0,5,0
75,75,35107.0,5,0
76,76,35106.0,6,0
77,77,35106.0,6,0
78,78,35106.0,6,0
79,79,35104.0,8,0
80,80,35104.0,8,0
81,81,35104.0,8,0
82,82,35103.0,9,0
83,83,35102.0,10,0
84,84,35098.0,14,0
85,85,35098.0,14,0
86,86,35096.0,16,0
87,87,35093.0,19,0
88,88,35092.0,20,0
89,89,35089.0,23,0
90,90,35088.0,24,0
91,91,35087.0,25,0
92,92,35087.0,25,0
93,93,35086.0,26,0
94,94,35086.0,26,0
95,95,35078.0,34,0
96,96,35077.0,34,1
97,97,35075.0,36,1
98,98,35070.0,41,1
99,99,35069.0,42,1
100,100,35066.0,45,1
101,101,35036.0,75,1
102,102,35036.0,75,1
103,103,35036.0,75,1
104,104,35028.0,83,1
105,105,35028.0,83,1
106,106,35028.0,83,1
107,107,35027.0,84,1
108,108,35027.0,84,1
109,109,35027.0,84,1
110,110,35024.0,87,1
111,111,35024.0,87,1
112,112,35020.0,91,1
113,113,35018.0,93,1
114,114,35014.0,97,1
115,115,35014.0,97,1
116,116,35014.0,97,1
117,117,35013.0,98,1
118,118,35010.0,101,1
119,119,35008.0,103,1
120,120,35008.0,103,1
121,121,35008.0,103,1
122,122,35007.0,104,1
123,123,35007.0,104,1
124,124,35007.0,104,1
125,125,35007.0,104,1
126,126,35007.0,104,1
127,127,35007.0,104,1
128,128,35006.0,105,1
