,Days,S,I,D
0,0,58504.0,0,0
1,1,58504.0,0,0
2,2,58504.0,0,0
3,3,58504.0,0,0
4,4,58504.0,0,0
5,5,58504.0,0,0
6,6,58504.0,0,0
7,7,58504.0,0,0
8,8,58504.0,0,0
9,9,58504.0,0,0
10,10,58504.0,0,0
11,11,58504.0,0,0
12,12,58504.0,0,0
13,13,58504.0,0,0
14,14,58504.0,0,0
15,15,58504.0,0,0
16,16,58504.0,0,0
17,17,58504.0,0,0
18,18,58504.0,0,0
19,19,58504.0,0,0
20,20,58504.0,0,0
21,21,58504.0,0,0
22,22,58504.0,0,0
23,23,58504.0,0,0
24,24,58504.0,0,0
25,25,58504.0,0,0
26,26,58504.0,0,0
27,27,58504.0,0,0
28,28,58504.0,0,0
29,29,58504.0,0,0
30,30,58504.0,0,0
31,31,58504.0,0,0
32,32,58504.0,0,0
33,33,58504.0,0,0
34,34,58504.0,0,0
35,35,58504.0,0,0
36,36,58504.0,0,0
37,37,58504.0,0,0
38,38,58504.0,0,0
39,39,58504.0,0,0
40,40,58504.0,0,0
41,41,58504.0,0,0
42,42,58504.0,0,0
43,43,58504.0,0,0
44,44,58504.0,0,0
45,45,58504.0,0,0
46,46,58504.0,0,0
47,47,58504.0,0,0
48,48,58504.0,0,0
49,49,58504.0,0,0
50,50,58504.0,0,0
51,51,58504.0,0,0
52,52,58504.0,0,0
53,53,58504.0,0,0
54,54,58504.0,0,0
55,55,58504.0,0,0
56,56,58503.0,1,0
57,57,58503.0,1,0
58,58,58503.0,1,0
59,59,58503.0,1,0
60,60,58503.0,1,0
61,61,58503.0,1,0
62,62,58502.0,2,0
63,63,58502.0,2,0
64,64,58501.0,3,0
65,65,58501.0,3,0
66,66,58501.0,3,0
67,67,58501.0,3,0
68,68,58500.0,3,1
69,69,58499.0,4,1
70,70,58499.0,4,1
71,71,58499.0,4,1
72,72,58498.0,5,1
73,73,58497.0,6,1
74,74,58497.0,6,1
75,75,58494.0,9,1
76,76,58493.0,10,1
77,77,58494.0,9,1
78,78,58493.0,10,1
79,79,58493.0,10,1
80,80,58488.0,15,1
81,81,58489.0,14,1
82,82,58489.0,14,1
83,83,58489.0,14,1
84,84,58489.0,14,1
85,85,58488.0,15,1
86,86,58488.0,15,1
87,87,58488.0,15,1
88,88,58487.0,16,1
89,89,58483.0,20,1
90,90,58480.0,23,1
91,91,58479.0,24,1
92,92,58479.0,24,1
93,93,58478.0,25,1
94,94,58476.0,27,1
95,95,58475.0,28,1
96,96,58474.0,29,1
97,97,58474.0,29,1
98,98,58474.0,29,1
99,99,58474.0,29,1
100,100,58474.0,29,1
101,101,58472.0,31,1
102,102,58472.0,31,1
103,103,58471.0,32,1
104,104,58470.0,33,1
105,105,58469.0,34,1
106,106,58469.0,34,1
107,107,58466.0,37,1
108,108,58465.0,38,1
109,109,58465.0,38,1
110,110,58465.0,38,1
111,111,58464.0,39,1
112,112,58464.0,39,1
113,113,58464.0,39,1
114,114,58464.0,39,1
115,115,58463.0,40,1
116,116,58462.0,41,1
117,117,58461.0,42,1
118,118,58460.0,43,1
119,119,58459.0,44,1
120,120,58457.0,46,1
121,121,58455.0,48,1
122,122,58454.0,49,1
123,123,58451.0,52,1
124,124,58448.0,55,1
125,125,58448.0,55,1
126,126,58448.0,55,1
127,127,58447.0,56,1
128,128,58447.0,56,1
