,Days,S,I,D
0,0,118189.0,0,0
1,1,118189.0,0,0
2,2,118189.0,0,0
3,3,118189.0,0,0
4,4,118189.0,0,0
5,5,118189.0,0,0
6,6,118189.0,0,0
7,7,118189.0,0,0
8,8,118189.0,0,0
9,9,118189.0,0,0
10,10,118189.0,0,0
11,11,118189.0,0,0
12,12,118189.0,0,0
13,13,118189.0,0,0
14,14,118189.0,0,0
15,15,118189.0,0,0
16,16,118189.0,0,0
17,17,118189.0,0,0
18,18,118189.0,0,0
19,19,118189.0,0,0
20,20,118189.0,0,0
21,21,118189.0,0,0
22,22,118189.0,0,0
23,23,118189.0,0,0
24,24,118189.0,0,0
25,25,118189.0,0,0
26,26,118189.0,0,0
27,27,118189.0,0,0
28,28,118189.0,0,0
29,29,118189.0,0,0
30,30,118189.0,0,0
31,31,118189.0,0,0
32,32,118189.0,0,0
33,33,118189.0,0,0
34,34,118189.0,0,0
35,35,118189.0,0,0
36,36,118189.0,0,0
37,37,118189.0,0,0
38,38,118189.0,0,0
39,39,118189.0,0,0
40,40,118189.0,0,0
41,41,118189.0,0,0
42,42,118189.0,0,0
43,43,118189.0,0,0
44,44,118189.0,0,0
45,45,118189.0,0,0
46,46,118189.0,0,0
47,47,118189.0,0,0
48,48,118189.0,0,0
49,49,118189.0,0,0
50,50,118189.0,0,0
51,51,118189.0,0,0
52,52,118189.0,0,0
53,53,118189.0,0,0
54,54,118189.0,0,0
55,55,118189.0,0,0
56,56,118189.0,0,0
57,57,118189.0,0,0
58,58,118189.0,0,0
59,59,118189.0,0,0
60,60,118189.0,0,0
61,61,118189.0,0,0
62,62,118188.0,1,0
63,63,118187.0,2,0
64,64,118187.0,2,0
65,65,118187.0,2,0
66,66,118186.0,3,0
67,67,118186.0,3,0
68,68,118184.0,5,0
69,69,118183.0,6,0
70,70,118180.0,9,0
71,71,118180.0,9,0
72,72,118179.0,10,0
73,73,118172.0,17,0
74,74,118169.0,20,0
75,75,118168.0,21,0
76,76,118165.0,24,0
77,77,118164.0,25,0
78,78,118164.0,25,0
79,79,118156.0,32,1
80,80,118155.0,33,1
81,81,118153.0,35,1
82,82,118153.0,35,1
83,83,118149.0,39,1
84,84,118149.0,39,1
85,85,118148.0,40,1
86,86,118147.0,41,1
87,87,118147.0,41,1
88,88,118147.0,41,1
89,89,118147.0,41,1
90,90,118147.0,41,1
91,91,118147.0,41,1
92,92,118147.0,41,1
93,93,118147.0,41,1
94,94,118147.0,41,1
95,95,118145.0,43,1
96,96,118144.0,44,1
97,97,118144.0,44,1
98,98,118144.0,44,1
99,99,118140.0,48,1
100,100,118140.0,48,1
101,101,118138.0,50,1
102,102,118134.0,54,1
103,103,118133.0,55,1
104,104,118132.0,56,1
105,105,118132.0,56,1
106,106,118130.0,58,1
107,107,118129.0,59,1
108,108,118129.0,59,1
109,109,118129.0,59,1
110,110,118129.0,59,1
111,111,118129.0,59,1
112,112,118129.0,59,1
113,113,118129.0,59,1
114,114,118128.0,60,1
115,115,118127.0,61,1
116,116,118127.0,61,1
117,117,118127.0,61,1
118,118,118126.0,62,1
119,119,118126.0,62,1
120,120,118125.0,63,1
121,121,118124.0,64,1
122,122,118124.0,64,1
123,123,118124.0,64,1
124,124,118124.0,64,1
125,125,118124.0,64,1
126,126,118124.0,64,1
127,127,118123.0,65,1
128,128,118123.0,65,1
