,Days,S,I,D
0,0,52460.0,0,0
1,1,52460.0,0,0
2,2,52460.0,0,0
3,3,52460.0,0,0
4,4,52460.0,0,0
5,5,52460.0,0,0
6,6,52460.0,0,0
7,7,52460.0,0,0
8,8,52460.0,0,0
9,9,52460.0,0,0
10,10,52460.0,0,0
11,11,52460.0,0,0
12,12,52460.0,0,0
13,13,52460.0,0,0
14,14,52460.0,0,0
15,15,52460.0,0,0
16,16,52460.0,0,0
17,17,52460.0,0,0
18,18,52460.0,0,0
19,19,52460.0,0,0
20,20,52460.0,0,0
21,21,52460.0,0,0
22,22,52460.0,0,0
23,23,52460.0,0,0
24,24,52460.0,0,0
25,25,52460.0,0,0
26,26,52460.0,0,0
27,27,52460.0,0,0
28,28,52460.0,0,0
29,29,52460.0,0,0
30,30,52460.0,0,0
31,31,52460.0,0,0
32,32,52460.0,0,0
33,33,52460.0,0,0
34,34,52460.0,0,0
35,35,52460.0,0,0
36,36,52460.0,0,0
37,37,52460.0,0,0
38,38,52460.0,0,0
39,39,52460.0,0,0
40,40,52460.0,0,0
41,41,52460.0,0,0
42,42,52460.0,0,0
43,43,52460.0,0,0
44,44,52460.0,0,0
45,45,52460.0,0,0
46,46,52460.0,0,0
47,47,52460.0,0,0
48,48,52460.0,0,0
49,49,52460.0,0,0
50,50,52460.0,0,0
51,51,52460.0,0,0
52,52,52460.0,0,0
53,53,52460.0,0,0
54,54,52460.0,0,0
55,55,52460.0,0,0
56,56,52460.0,0,0
57,57,52459.0,1,0
58,58,52458.0,2,0
59,59,52458.0,2,0
60,60,52458.0,2,0
61,61,52458.0,2,0
62,62,52458.0,2,0
63,63,52458.0,2,0
64,64,52458.0,2,0
65,65,52457.0,3,0
66,66,52457.0,3,0
67,67,52457.0,3,0
68,68,52455.0,5,0
69,69,52455.0,5,0
70,70,52455.0,5,0
71,71,52455.0,5,0
72,72,52452.0,8,0
73,73,52451.0,8,1
74,74,52451.0,8,1
75,75,52451.0,8,1
76,76,52451.0,8,1
77,77,52451.0,8,1
78,78,52451.0,8,1
79,79,52448.0,11,1
80,80,52448.0,11,1
81,81,52448.0,11,1
82,82,52448.0,11,1
83,83,52448.0,11,1
84,84,52448.0,11,1
85,85,52447.0,12,1
86,86,52447.0,12,1
87,87,52447.0,12,1
88,88,52447.0,12,1
89,89,52447.0,12,1
90,90,52447.0,12,1
91,91,52447.0,12,1
92,92,52447.0,12,1
93,93,52447.0,12,1
94,94,52447.0,12,1
95,95,52447.0,12,1
96,96,52447.0,12,1
97,97,52447.0,12,1
98,98,52444.0,15,1
99,99,52444.0,15,1
100,100,52444.0,15,1
101,101,52444.0,15,1
102,102,52444.0,15,1
103,103,52444.0,15,1
104,104,52444.0,15,1
105,105,52444.0,15,1
106,106,52444.0,15,1
107,107,52444.0,15,1
108,108,52444.0,15,1
109,109,52444.0,15,1
110,110,52444.0,15,1
111,111,52441.0,18,1
112,112,52441.0,18,1
113,113,52441.0,18,1
114,114,52441.0,18,1
115,115,52439.0,20,1
116,116,52439.0,20,1
117,117,52439.0,20,1
118,118,52438.0,21,1
119,119,52438.0,21,1
120,120,52438.0,21,1
121,121,52437.0,22,1
122,122,52437.0,22,1
123,123,52437.0,22,1
124,124,52437.0,22,1
125,125,52437.0,22,1
126,126,52437.0,22,1
127,127,52435.0,24,1
128,128,52435.0,24,1
