,Days,S,I,D
0,0,151096.0,0,0
1,1,151096.0,0,0
2,2,151096.0,0,0
3,3,151096.0,0,0
4,4,151096.0,0,0
5,5,151096.0,0,0
6,6,151096.0,0,0
7,7,151096.0,0,0
8,8,151096.0,0,0
9,9,151096.0,0,0
10,10,151096.0,0,0
11,11,151096.0,0,0
12,12,151096.0,0,0
13,13,151096.0,0,0
14,14,151096.0,0,0
15,15,151096.0,0,0
16,16,151096.0,0,0
17,17,151096.0,0,0
18,18,151096.0,0,0
19,19,151096.0,0,0
20,20,151096.0,0,0
21,21,151096.0,0,0
22,22,151096.0,0,0
23,23,151096.0,0,0
24,24,151096.0,0,0
25,25,151096.0,0,0
26,26,151096.0,0,0
27,27,151096.0,0,0
28,28,151096.0,0,0
29,29,151096.0,0,0
30,30,151096.0,0,0
31,31,151096.0,0,0
32,32,151096.0,0,0
33,33,151096.0,0,0
34,34,151096.0,0,0
35,35,151096.0,0,0
36,36,151096.0,0,0
37,37,151096.0,0,0
38,38,151096.0,0,0
39,39,151096.0,0,0
40,40,151096.0,0,0
41,41,151096.0,0,0
42,42,151096.0,0,0
43,43,151096.0,0,0
44,44,151096.0,0,0
45,45,151096.0,0,0
46,46,151096.0,0,0
47,47,151096.0,0,0
48,48,151096.0,0,0
49,49,151096.0,0,0
50,50,151096.0,0,0
51,51,151095.0,1,0
52,52,151095.0,1,0
53,53,151095.0,1,0
54,54,151096.0,0,0
55,55,151096.0,0,0
56,56,151095.0,1,0
57,57,151095.0,1,0
58,58,151094.0,2,0
59,59,151094.0,2,0
60,60,151094.0,2,0
61,61,151093.0,3,0
62,62,151092.0,4,0
63,63,151092.0,4,0
64,64,151091.0,5,0
65,65,151090.0,6,0
66,66,151086.0,10,0
67,67,151085.0,11,0
68,68,151084.0,12,0
69,69,151084.0,12,0
70,70,151083.0,13,0
71,71,151080.0,16,0
72,72,151076.0,20,0
73,73,151074.0,22,0
74,74,151074.0,22,0
75,75,151071.0,25,0
76,76,151065.0,31,0
77,77,151065.0,31,0
78,78,151065.0,31,0
79,79,151063.0,33,0
80,80,151062.0,34,0
81,81,151062.0,34,0
82,82,151062.0,34,0
83,83,151062.0,34,0
84,84,151060.0,36,0
85,85,151059.0,37,0
86,86,151056.0,40,0
87,87,151055.0,41,0
88,88,151053.0,43,0
89,89,151052.0,44,0
90,90,151050.0,46,0
91,91,151049.0,47,0
92,92,151047.0,49,0
93,93,151046.0,50,0
94,94,151044.0,52,0
95,95,151043.0,53,0
96,96,151041.0,55,0
97,97,151039.0,57,0
98,98,151037.0,59,0
99,99,151018.0,78,0
100,100,151017.0,79,0
101,101,151014.0,82,0
102,102,151012.0,84,0
103,103,151011.0,85,0
104,104,151011.0,85,0
105,105,151009.0,87,0
106,106,151007.0,89,0
107,107,151007.0,89,0
108,108,151007.0,89,0
109,109,151006.0,90,0
110,110,151006.0,90,0
111,111,151006.0,90,0
112,112,151006.0,90,0
113,113,151004.0,91,1
114,114,151004.0,91,1
115,115,151002.0,93,1
116,116,151002.0,93,1
117,117,151002.0,93,1
118,118,151001.0,94,1
119,119,151000.0,95,1
120,120,150997.0,98,1
121,121,150997.0,98,1
122,122,150997.0,98,1
123,123,150997.0,98,1
124,124,150996.0,99,1
125,125,150996.0,99,1
126,126,150996.0,99,1
127,127,150995.0,100,1
128,128,150995.0,100,1
