,Days,S,I,D
0,0,370963.0,0,0
1,1,370963.0,0,0
2,2,370963.0,0,0
3,3,370963.0,0,0
4,4,370963.0,0,0
5,5,370963.0,0,0
6,6,370963.0,0,0
7,7,370963.0,0,0
8,8,370963.0,0,0
9,9,370963.0,0,0
10,10,370963.0,0,0
11,11,370963.0,0,0
12,12,370963.0,0,0
13,13,370963.0,0,0
14,14,370963.0,0,0
15,15,370963.0,0,0
16,16,370963.0,0,0
17,17,370963.0,0,0
18,18,370963.0,0,0
19,19,370963.0,0,0
20,20,370963.0,0,0
21,21,370963.0,0,0
22,22,370963.0,0,0
23,23,370963.0,0,0
24,24,370963.0,0,0
25,25,370963.0,0,0
26,26,370963.0,0,0
27,27,370963.0,0,0
28,28,370963.0,0,0
29,29,370963.0,0,0
30,30,370963.0,0,0
31,31,370963.0,0,0
32,32,370963.0,0,0
33,33,370963.0,0,0
34,34,370963.0,0,0
35,35,370963.0,0,0
36,36,370963.0,0,0
37,37,370963.0,0,0
38,38,370963.0,0,0
39,39,370963.0,0,0
40,40,370963.0,0,0
41,41,370963.0,0,0
42,42,370963.0,0,0
43,43,370963.0,0,0
44,44,370963.0,0,0
45,45,370963.0,0,0
46,46,370963.0,0,0
47,47,370963.0,0,0
48,48,370963.0,0,0
49,49,370963.0,0,0
50,50,370961.0,2,0
51,51,370960.0,3,0
52,52,370959.0,4,0
53,53,370956.0,7,0
54,54,370956.0,7,0
55,55,370956.0,7,0
56,56,370956.0,7,0
57,57,370949.0,14,0
58,58,370947.0,16,0
59,59,370934.0,29,0
60,60,370928.0,35,0
61,61,370921.0,42,0
62,62,370910.0,50,3
63,63,370888.0,72,3
64,64,370868.0,92,3
65,65,370810.0,150,3
66,66,370775.0,185,3
67,67,370727.0,231,5
68,68,370691.0,266,6
69,69,370651.0,305,7
70,70,370554.0,401,8
71,71,370517.0,438,8
72,72,370478.0,477,8
73,73,370454.0,501,8
74,74,370437.0,518,8
75,75,370414.0,539,10
76,76,370393.0,559,11
77,77,370340.0,610,13
78,78,370311.0,637,15
79,79,370289.0,659,15
80,80,370260.0,685,18
81,81,370229.0,716,18
82,82,370209.0,736,18
83,83,370170.0,772,21
84,84,370141.0,798,24
85,85,370112.0,826,25
86,86,370083.0,855,25
87,87,370064.0,870,29
88,88,370063.0,870,30
89,89,370054.0,878,31
90,90,370025.0,900,38
91,91,370011.0,912,40
92,92,369961.0,960,42
93,93,369942.0,974,47
94,94,369912.0,1001,50
95,95,369912.0,1001,50
96,96,369904.0,1004,55
97,97,369874.0,1033,56
98,98,369855.0,1049,59
99,99,369827.0,1075,61
100,100,369806.0,1091,66
101,101,369792.0,1101,70
102,102,369779.0,1113,71
103,103,369769.0,1118,76
104,104,369764.0,1123,76
105,105,369757.0,1129,77
106,106,369746.0,1140,77
107,107,369723.0,1160,80
108,108,369706.0,1176,81
109,109,369700.0,1182,81
110,110,369690.0,1192,81
111,111,369675.0,1206,82
112,112,369670.0,1210,83
113,113,369646.0,1231,86
114,114,369640.0,1236,87
115,115,369634.0,1241,88
116,116,369633.0,1242,88
117,117,369629.0,1245,89
118,118,369623.0,1251,89
119,119,369612.0,1261,90
120,120,369603.0,1265,95
121,121,369592.0,1275,96
122,122,369585.0,1282,96
123,123,369573.0,1294,96
124,124,369569.0,1298,96
125,125,369566.0,1301,96
126,126,369561.0,1305,97
127,127,369551.0,1313,99
128,128,369546.0,1318,99
