,Days,S,I,D
0,0,21303.0,0,0
1,1,21303.0,0,0
2,2,21303.0,0,0
3,3,21303.0,0,0
4,4,21303.0,0,0
5,5,21303.0,0,0
6,6,21303.0,0,0
7,7,21303.0,0,0
8,8,21303.0,0,0
9,9,21303.0,0,0
10,10,21303.0,0,0
11,11,21303.0,0,0
12,12,21303.0,0,0
13,13,21303.0,0,0
14,14,21303.0,0,0
15,15,21303.0,0,0
16,16,21303.0,0,0
17,17,21303.0,0,0
18,18,21303.0,0,0
19,19,21303.0,0,0
20,20,21303.0,0,0
21,21,21303.0,0,0
22,22,21303.0,0,0
23,23,21303.0,0,0
24,24,21303.0,0,0
25,25,21303.0,0,0
26,26,21303.0,0,0
27,27,21303.0,0,0
28,28,21303.0,0,0
29,29,21303.0,0,0
30,30,21303.0,0,0
31,31,21303.0,0,0
32,32,21303.0,0,0
33,33,21303.0,0,0
34,34,21303.0,0,0
35,35,21303.0,0,0
36,36,21303.0,0,0
37,37,21303.0,0,0
38,38,21303.0,0,0
39,39,21303.0,0,0
40,40,21303.0,0,0
41,41,21303.0,0,0
42,42,21303.0,0,0
43,43,21303.0,0,0
44,44,21303.0,0,0
45,45,21303.0,0,0
46,46,21303.0,0,0
47,47,21303.0,0,0
48,48,21303.0,0,0
49,49,21303.0,0,0
50,50,21303.0,0,0
51,51,21303.0,0,0
52,52,21303.0,0,0
53,53,21303.0,0,0
54,54,21303.0,0,0
55,55,21303.0,0,0
56,56,21303.0,0,0
57,57,21303.0,0,0
58,58,21303.0,0,0
59,59,21303.0,0,0
60,60,21303.0,0,0
61,61,21303.0,0,0
62,62,21302.0,1,0
63,63,21301.0,2,0
64,64,21301.0,2,0
65,65,21301.0,2,0
66,66,21301.0,2,0
67,67,21301.0,2,0
68,68,21301.0,2,0
69,69,21301.0,2,0
70,70,21301.0,2,0
71,71,21300.0,3,0
72,72,21300.0,3,0
73,73,21299.0,4,0
74,74,21299.0,4,0
75,75,21299.0,4,0
76,76,21299.0,4,0
77,77,21299.0,4,0
78,78,21299.0,4,0
79,79,21298.0,5,0
80,80,21298.0,5,0
81,81,21298.0,5,0
82,82,21297.0,6,0
83,83,21297.0,6,0
84,84,21297.0,6,0
85,85,21297.0,6,0
86,86,21297.0,6,0
87,87,21297.0,6,0
88,88,21297.0,6,0
89,89,21297.0,6,0
90,90,21297.0,6,0
91,91,21297.0,6,0
92,92,21295.0,8,0
93,93,21295.0,8,0
94,94,21294.0,9,0
95,95,21294.0,9,0
96,96,21294.0,9,0
97,97,21294.0,9,0
98,98,21294.0,9,0
99,99,21294.0,9,0
100,100,21294.0,9,0
101,101,21294.0,9,0
102,102,21294.0,9,0
103,103,21293.0,10,0
104,104,21293.0,10,0
105,105,21293.0,10,0
106,106,21293.0,10,0
107,107,21291.0,11,1
108,108,21291.0,11,1
109,109,21291.0,11,1
110,110,21291.0,11,1
111,111,21291.0,11,1
112,112,21290.0,12,1
113,113,21287.0,15,1
114,114,21284.0,18,1
115,115,21282.0,20,1
116,116,21282.0,20,1
117,117,21281.0,21,1
118,118,21280.0,22,1
119,119,21280.0,22,1
120,120,21280.0,22,1
121,121,21277.0,25,1
122,122,21275.0,27,1
123,123,21275.0,27,1
124,124,21274.0,28,1
125,125,21272.0,30,1
126,126,21271.0,31,1
127,127,21269.0,33,1
128,128,21268.0,34,1
