,Days,S,I,D
0,0,33363.0,0,0
1,1,33363.0,0,0
2,2,33363.0,0,0
3,3,33363.0,0,0
4,4,33363.0,0,0
5,5,33363.0,0,0
6,6,33363.0,0,0
7,7,33363.0,0,0
8,8,33363.0,0,0
9,9,33363.0,0,0
10,10,33363.0,0,0
11,11,33363.0,0,0
12,12,33363.0,0,0
13,13,33363.0,0,0
14,14,33363.0,0,0
15,15,33363.0,0,0
16,16,33363.0,0,0
17,17,33363.0,0,0
18,18,33363.0,0,0
19,19,33363.0,0,0
20,20,33363.0,0,0
21,21,33363.0,0,0
22,22,33363.0,0,0
23,23,33363.0,0,0
24,24,33363.0,0,0
25,25,33363.0,0,0
26,26,33363.0,0,0
27,27,33363.0,0,0
28,28,33363.0,0,0
29,29,33363.0,0,0
30,30,33363.0,0,0
31,31,33363.0,0,0
32,32,33363.0,0,0
33,33,33363.0,0,0
34,34,33363.0,0,0
35,35,33363.0,0,0
36,36,33363.0,0,0
37,37,33363.0,0,0
38,38,33363.0,0,0
39,39,33363.0,0,0
40,40,33363.0,0,0
41,41,33363.0,0,0
42,42,33363.0,0,0
43,43,33363.0,0,0
44,44,33363.0,0,0
45,45,33363.0,0,0
46,46,33363.0,0,0
47,47,33363.0,0,0
48,48,33363.0,0,0
49,49,33363.0,0,0
50,50,33363.0,0,0
51,51,33363.0,0,0
52,52,33363.0,0,0
53,53,33363.0,0,0
54,54,33363.0,0,0
55,55,33363.0,0,0
56,56,33363.0,0,0
57,57,33363.0,0,0
58,58,33363.0,0,0
59,59,33363.0,0,0
60,60,33363.0,0,0
61,61,33363.0,0,0
62,62,33363.0,0,0
63,63,33363.0,0,0
64,64,33360.0,3,0
65,65,33360.0,3,0
66,66,33363.0,0,0
67,67,33362.0,1,0
68,68,33362.0,1,0
69,69,33362.0,1,0
70,70,33361.0,2,0
71,71,33361.0,2,0
72,72,33361.0,2,0
73,73,33360.0,3,0
74,74,33358.0,5,0
75,75,33358.0,5,0
76,76,33358.0,5,0
77,77,33358.0,5,0
78,78,33358.0,5,0
79,79,33357.0,6,0
80,80,33357.0,6,0
81,81,33357.0,6,0
82,82,33357.0,6,0
83,83,33357.0,6,0
84,84,33357.0,6,0
85,85,33357.0,6,0
86,86,33357.0,6,0
87,87,33356.0,7,0
88,88,33356.0,7,0
89,89,33356.0,7,0
90,90,33355.0,8,0
91,91,33352.0,11,0
92,92,33352.0,11,0
93,93,33352.0,11,0
94,94,33348.0,15,0
95,95,33347.0,16,0
96,96,33343.0,20,0
97,97,33324.0,39,0
98,98,33297.0,66,0
99,99,33280.0,83,0
100,100,33253.0,110,0
101,101,33225.0,138,0
102,102,33206.0,157,0
103,103,33178.0,185,0
104,104,33158.0,205,0
105,105,33103.0,260,0
106,106,33077.0,286,0
107,107,33039.0,324,0
108,108,33010.0,353,0
109,109,33002.0,361,0
110,110,32990.0,373,0
111,111,32981.0,382,0
112,112,32973.0,390,0
113,113,32956.0,407,0
114,114,32937.0,426,0
115,115,32914.0,448,1
116,116,32911.0,451,1
117,117,32900.0,462,1
118,118,32881.0,481,1
119,119,32857.0,505,1
120,120,32847.0,515,1
121,121,32846.0,516,1
122,122,32840.0,522,1
123,123,32839.0,523,1
124,124,32832.0,530,1
125,125,32828.0,534,1
126,126,32815.0,547,1
127,127,32813.0,549,1
128,128,32802.0,560,1
