,Days,S,I,D
0,0,39022.0,0,0
1,1,39022.0,0,0
2,2,39022.0,0,0
3,3,39022.0,0,0
4,4,39022.0,0,0
5,5,39022.0,0,0
6,6,39022.0,0,0
7,7,39022.0,0,0
8,8,39022.0,0,0
9,9,39022.0,0,0
10,10,39022.0,0,0
11,11,39022.0,0,0
12,12,39022.0,0,0
13,13,39022.0,0,0
14,14,39022.0,0,0
15,15,39022.0,0,0
16,16,39022.0,0,0
17,17,39022.0,0,0
18,18,39022.0,0,0
19,19,39022.0,0,0
20,20,39022.0,0,0
21,21,39022.0,0,0
22,22,39022.0,0,0
23,23,39022.0,0,0
24,24,39022.0,0,0
25,25,39022.0,0,0
26,26,39022.0,0,0
27,27,39022.0,0,0
28,28,39022.0,0,0
29,29,39022.0,0,0
30,30,39022.0,0,0
31,31,39022.0,0,0
32,32,39022.0,0,0
33,33,39022.0,0,0
34,34,39022.0,0,0
35,35,39022.0,0,0
36,36,39022.0,0,0
37,37,39022.0,0,0
38,38,39022.0,0,0
39,39,39022.0,0,0
40,40,39022.0,0,0
41,41,39022.0,0,0
42,42,39022.0,0,0
43,43,39022.0,0,0
44,44,39022.0,0,0
45,45,39022.0,0,0
46,46,39022.0,0,0
47,47,39022.0,0,0
48,48,39022.0,0,0
49,49,39022.0,0,0
50,50,39022.0,0,0
51,51,39022.0,0,0
52,52,39022.0,0,0
53,53,39022.0,0,0
54,54,39022.0,0,0
55,55,39022.0,0,0
56,56,39022.0,0,0
57,57,39022.0,0,0
58,58,39022.0,0,0
59,59,39022.0,0,0
60,60,39022.0,0,0
61,61,39022.0,0,0
62,62,39022.0,0,0
63,63,39022.0,0,0
64,64,39022.0,0,0
65,65,39022.0,0,0
66,66,39022.0,0,0
67,67,39022.0,0,0
68,68,39022.0,0,0
69,69,39022.0,0,0
70,70,39022.0,0,0
71,71,39021.0,1,0
72,72,39021.0,1,0
73,73,39021.0,1,0
74,74,39021.0,1,0
75,75,39021.0,1,0
76,76,39021.0,1,0
77,77,39020.0,2,0
78,78,39018.0,4,0
79,79,39017.0,5,0
80,80,39017.0,5,0
81,81,39016.0,6,0
82,82,39016.0,6,0
83,83,39015.0,7,0
84,84,39012.0,10,0
85,85,39012.0,10,0
86,86,39012.0,10,0
87,87,39012.0,10,0
88,88,39011.0,11,0
89,89,39010.0,12,0
90,90,39010.0,12,0
91,91,39007.0,15,0
92,92,39007.0,15,0
93,93,39007.0,15,0
94,94,39007.0,15,0
95,95,39007.0,15,0
96,96,39007.0,15,0
97,97,39007.0,15,0
98,98,39007.0,15,0
99,99,39007.0,15,0
100,100,39007.0,15,0
101,101,39006.0,16,0
102,102,39003.0,19,0
103,103,39003.0,19,0
104,104,39003.0,19,0
105,105,39002.0,20,0
106,106,39002.0,20,0
107,107,39002.0,20,0
108,108,39001.0,21,0
109,109,39001.0,21,0
110,110,39001.0,21,0
111,111,39001.0,21,0
112,112,39001.0,21,0
113,113,39000.0,22,0
114,114,39000.0,22,0
115,115,38998.0,24,0
116,116,38998.0,24,0
117,117,38997.0,25,0
118,118,38996.0,26,0
119,119,38994.0,28,0
120,120,38993.0,29,0
121,121,38993.0,29,0
122,122,38992.0,30,0
123,123,38991.0,31,0
124,124,38991.0,31,0
125,125,38990.0,32,0
126,126,38989.0,33,0
127,127,38988.0,34,0
128,128,38988.0,34,0
