,Days,S,I,D
0,0,45129.0,0,0
1,1,45129.0,0,0
2,2,45129.0,0,0
3,3,45129.0,0,0
4,4,45129.0,0,0
5,5,45129.0,0,0
6,6,45129.0,0,0
7,7,45129.0,0,0
8,8,45129.0,0,0
9,9,45129.0,0,0
10,10,45129.0,0,0
11,11,45129.0,0,0
12,12,45129.0,0,0
13,13,45129.0,0,0
14,14,45129.0,0,0
15,15,45129.0,0,0
16,16,45129.0,0,0
17,17,45129.0,0,0
18,18,45129.0,0,0
19,19,45129.0,0,0
20,20,45129.0,0,0
21,21,45129.0,0,0
22,22,45129.0,0,0
23,23,45129.0,0,0
24,24,45129.0,0,0
25,25,45129.0,0,0
26,26,45129.0,0,0
27,27,45129.0,0,0
28,28,45129.0,0,0
29,29,45129.0,0,0
30,30,45129.0,0,0
31,31,45129.0,0,0
32,32,45129.0,0,0
33,33,45129.0,0,0
34,34,45129.0,0,0
35,35,45129.0,0,0
36,36,45129.0,0,0
37,37,45129.0,0,0
38,38,45129.0,0,0
39,39,45129.0,0,0
40,40,45129.0,0,0
41,41,45129.0,0,0
42,42,45129.0,0,0
43,43,45129.0,0,0
44,44,45129.0,0,0
45,45,45129.0,0,0
46,46,45129.0,0,0
47,47,45129.0,0,0
48,48,45129.0,0,0
49,49,45129.0,0,0
50,50,45129.0,0,0
51,51,45129.0,0,0
52,52,45129.0,0,0
53,53,45129.0,0,0
54,54,45129.0,0,0
55,55,45129.0,0,0
56,56,45129.0,0,0
57,57,45129.0,0,0
58,58,45129.0,0,0
59,59,45129.0,0,0
60,60,45129.0,0,0
61,61,45129.0,0,0
62,62,45129.0,0,0
63,63,45129.0,0,0
64,64,45129.0,0,0
65,65,45129.0,0,0
66,66,45129.0,0,0
67,67,45129.0,0,0
68,68,45129.0,0,0
69,69,45129.0,0,0
70,70,45128.0,1,0
71,71,45128.0,1,0
72,72,45128.0,1,0
73,73,45128.0,1,0
74,74,45127.0,2,0
75,75,45126.0,3,0
76,76,45125.0,4,0
77,77,45125.0,4,0
78,78,45125.0,4,0
79,79,45124.0,5,0
80,80,45124.0,5,0
81,81,45124.0,5,0
82,82,45124.0,5,0
83,83,45123.0,6,0
84,84,45123.0,6,0
85,85,45123.0,6,0
86,86,45123.0,6,0
87,87,45123.0,6,0
88,88,45123.0,6,0
89,89,45123.0,6,0
90,90,45123.0,6,0
91,91,45123.0,6,0
92,92,45123.0,6,0
93,93,45122.0,7,0
94,94,45122.0,7,0
95,95,45122.0,7,0
96,96,45122.0,7,0
97,97,45122.0,7,0
98,98,45122.0,7,0
99,99,45121.0,8,0
100,100,45120.0,9,0
101,101,45119.0,10,0
102,102,45119.0,10,0
103,103,45119.0,10,0
104,104,45118.0,11,0
105,105,45118.0,11,0
106,106,45118.0,11,0
107,107,45116.0,13,0
108,108,45116.0,13,0
109,109,45115.0,14,0
110,110,45115.0,14,0
111,111,45114.0,15,0
112,112,45114.0,15,0
113,113,45114.0,15,0
114,114,45112.0,17,0
115,115,45111.0,18,0
116,116,45111.0,18,0
117,117,45111.0,18,0
118,118,45107.0,22,0
119,119,45106.0,22,1
120,120,45106.0,22,1
121,121,45106.0,22,1
122,122,45105.0,23,1
123,123,45105.0,23,1
124,124,45105.0,23,1
125,125,45105.0,23,1
126,126,45103.0,25,1
127,127,45102.0,26,1
128,128,45101.0,27,1
