,Days,S,I,D
0,0,18045.0,0,0
1,1,18045.0,0,0
2,2,18045.0,0,0
3,3,18045.0,0,0
4,4,18045.0,0,0
5,5,18045.0,0,0
6,6,18045.0,0,0
7,7,18045.0,0,0
8,8,18045.0,0,0
9,9,18045.0,0,0
10,10,18045.0,0,0
11,11,18045.0,0,0
12,12,18045.0,0,0
13,13,18045.0,0,0
14,14,18045.0,0,0
15,15,18045.0,0,0
16,16,18045.0,0,0
17,17,18045.0,0,0
18,18,18045.0,0,0
19,19,18045.0,0,0
20,20,18045.0,0,0
21,21,18045.0,0,0
22,22,18045.0,0,0
23,23,18045.0,0,0
24,24,18045.0,0,0
25,25,18045.0,0,0
26,26,18045.0,0,0
27,27,18045.0,0,0
28,28,18045.0,0,0
29,29,18045.0,0,0
30,30,18045.0,0,0
31,31,18045.0,0,0
32,32,18045.0,0,0
33,33,18045.0,0,0
34,34,18045.0,0,0
35,35,18045.0,0,0
36,36,18045.0,0,0
37,37,18045.0,0,0
38,38,18045.0,0,0
39,39,18045.0,0,0
40,40,18045.0,0,0
41,41,18045.0,0,0
42,42,18045.0,0,0
43,43,18045.0,0,0
44,44,18045.0,0,0
45,45,18045.0,0,0
46,46,18045.0,0,0
47,47,18045.0,0,0
48,48,18045.0,0,0
49,49,18045.0,0,0
50,50,18045.0,0,0
51,51,18045.0,0,0
52,52,18045.0,0,0
53,53,18045.0,0,0
54,54,18045.0,0,0
55,55,18045.0,0,0
56,56,18045.0,0,0
57,57,18045.0,0,0
58,58,18045.0,0,0
59,59,18045.0,0,0
60,60,18045.0,0,0
61,61,18045.0,0,0
62,62,18045.0,0,0
63,63,18045.0,0,0
64,64,18045.0,0,0
65,65,18044.0,1,0
66,66,18044.0,1,0
67,67,18044.0,1,0
68,68,18044.0,1,0
69,69,18044.0,1,0
70,70,18042.0,3,0
71,71,18042.0,3,0
72,72,18042.0,3,0
73,73,18042.0,3,0
74,74,18042.0,3,0
75,75,18042.0,3,0
76,76,18042.0,3,0
77,77,18042.0,3,0
78,78,18042.0,3,0
79,79,18042.0,3,0
80,80,18042.0,3,0
81,81,18042.0,3,0
82,82,18042.0,3,0
83,83,18042.0,3,0
84,84,18040.0,4,1
85,85,18040.0,4,1
86,86,18040.0,4,1
87,87,18040.0,4,1
88,88,18040.0,4,1
89,89,18040.0,4,1
90,90,18040.0,4,1
91,91,18040.0,4,1
92,92,18040.0,4,1
93,93,18040.0,4,1
94,94,18040.0,4,1
95,95,18040.0,4,1
96,96,18040.0,4,1
97,97,18040.0,4,1
98,98,18040.0,4,1
99,99,18040.0,4,1
100,100,18040.0,4,1
101,101,18040.0,4,1
102,102,18040.0,4,1
103,103,18040.0,4,1
104,104,18040.0,4,1
105,105,18040.0,4,1
106,106,18040.0,4,1
107,107,18040.0,4,1
108,108,18040.0,4,1
109,109,18040.0,4,1
110,110,18040.0,4,1
111,111,18040.0,4,1
112,112,18040.0,4,1
113,113,18040.0,4,1
114,114,18040.0,4,1
115,115,18040.0,4,1
116,116,18040.0,4,1
117,117,18040.0,4,1
118,118,18040.0,4,1
119,119,18040.0,4,1
120,120,18040.0,4,1
121,121,18040.0,4,1
122,122,18040.0,4,1
123,123,18040.0,4,1
124,124,18040.0,4,1
125,125,18040.0,4,1
126,126,18040.0,4,1
127,127,18040.0,4,1
128,128,18040.0,4,1
