,Days,S,I,D
0,0,75930.0,0,0
1,1,75930.0,0,0
2,2,75930.0,0,0
3,3,75930.0,0,0
4,4,75930.0,0,0
5,5,75930.0,0,0
6,6,75930.0,0,0
7,7,75930.0,0,0
8,8,75930.0,0,0
9,9,75930.0,0,0
10,10,75930.0,0,0
11,11,75930.0,0,0
12,12,75930.0,0,0
13,13,75930.0,0,0
14,14,75930.0,0,0
15,15,75930.0,0,0
16,16,75930.0,0,0
17,17,75930.0,0,0
18,18,75930.0,0,0
19,19,75930.0,0,0
20,20,75930.0,0,0
21,21,75930.0,0,0
22,22,75930.0,0,0
23,23,75930.0,0,0
24,24,75930.0,0,0
25,25,75930.0,0,0
26,26,75930.0,0,0
27,27,75930.0,0,0
28,28,75930.0,0,0
29,29,75930.0,0,0
30,30,75930.0,0,0
31,31,75930.0,0,0
32,32,75930.0,0,0
33,33,75930.0,0,0
34,34,75930.0,0,0
35,35,75930.0,0,0
36,36,75930.0,0,0
37,37,75930.0,0,0
38,38,75930.0,0,0
39,39,75930.0,0,0
40,40,75930.0,0,0
41,41,75930.0,0,0
42,42,75930.0,0,0
43,43,75930.0,0,0
44,44,75930.0,0,0
45,45,75930.0,0,0
46,46,75930.0,0,0
47,47,75930.0,0,0
48,48,75930.0,0,0
49,49,75930.0,0,0
50,50,75930.0,0,0
51,51,75930.0,0,0
52,52,75930.0,0,0
53,53,75930.0,0,0
54,54,75930.0,0,0
55,55,75930.0,0,0
56,56,75930.0,0,0
57,57,75930.0,0,0
58,58,75930.0,0,0
59,59,75930.0,0,0
60,60,75929.0,1,0
61,61,75929.0,1,0
62,62,75929.0,1,0
63,63,75929.0,1,0
64,64,75928.0,2,0
65,65,75928.0,2,0
66,66,75927.0,3,0
67,67,75927.0,3,0
68,68,75927.0,3,0
69,69,75925.0,5,0
70,70,75924.0,6,0
71,71,75922.0,8,0
72,72,75921.0,9,0
73,73,75921.0,9,0
74,74,75919.0,11,0
75,75,75916.0,14,0
76,76,75915.0,15,0
77,77,75913.0,17,0
78,78,75914.0,16,0
79,79,75912.0,17,1
80,80,75909.0,20,1
81,81,75910.0,19,1
82,82,75910.0,19,1
83,83,75909.0,20,1
84,84,75906.0,23,1
85,85,75904.0,25,1
86,86,75902.0,27,1
87,87,75900.0,29,1
88,88,75900.0,29,1
89,89,75900.0,29,1
90,90,75900.0,29,1
91,91,75899.0,30,1
92,92,75897.0,32,1
93,93,75895.0,34,1
94,94,75895.0,34,1
95,95,75895.0,34,1
96,96,75894.0,35,1
97,97,75892.0,37,1
98,98,75892.0,37,1
99,99,75892.0,37,1
100,100,75892.0,37,1
101,101,75891.0,38,1
102,102,75891.0,38,1
103,103,75890.0,39,1
104,104,75890.0,39,1
105,105,75890.0,39,1
106,106,75890.0,39,1
107,107,75890.0,39,1
108,108,75890.0,39,1
109,109,75890.0,39,1
110,110,75890.0,39,1
111,111,75890.0,39,1
112,112,75889.0,40,1
113,113,75887.0,42,1
114,114,75885.0,44,1
115,115,75884.0,45,1
116,116,75884.0,45,1
117,117,75883.0,46,1
118,118,75883.0,46,1
119,119,75883.0,46,1
120,120,75882.0,47,1
121,121,75882.0,47,1
122,122,75881.0,48,1
123,123,75881.0,48,1
124,124,75881.0,48,1
125,125,75881.0,48,1
126,126,75881.0,48,1
127,127,75879.0,50,1
128,128,75879.0,50,1
