,Days,S,I,D
0,0,54811.0,0,0
1,1,54811.0,0,0
2,2,54811.0,0,0
3,3,54811.0,0,0
4,4,54811.0,0,0
5,5,54811.0,0,0
6,6,54811.0,0,0
7,7,54811.0,0,0
8,8,54811.0,0,0
9,9,54811.0,0,0
10,10,54811.0,0,0
11,11,54811.0,0,0
12,12,54811.0,0,0
13,13,54811.0,0,0
14,14,54811.0,0,0
15,15,54811.0,0,0
16,16,54811.0,0,0
17,17,54811.0,0,0
18,18,54811.0,0,0
19,19,54811.0,0,0
20,20,54811.0,0,0
21,21,54811.0,0,0
22,22,54811.0,0,0
23,23,54811.0,0,0
24,24,54811.0,0,0
25,25,54811.0,0,0
26,26,54811.0,0,0
27,27,54811.0,0,0
28,28,54811.0,0,0
29,29,54811.0,0,0
30,30,54811.0,0,0
31,31,54811.0,0,0
32,32,54811.0,0,0
33,33,54811.0,0,0
34,34,54811.0,0,0
35,35,54811.0,0,0
36,36,54811.0,0,0
37,37,54811.0,0,0
38,38,54811.0,0,0
39,39,54811.0,0,0
40,40,54811.0,0,0
41,41,54811.0,0,0
42,42,54811.0,0,0
43,43,54811.0,0,0
44,44,54811.0,0,0
45,45,54811.0,0,0
46,46,54811.0,0,0
47,47,54811.0,0,0
48,48,54811.0,0,0
49,49,54811.0,0,0
50,50,54811.0,0,0
51,51,54811.0,0,0
52,52,54811.0,0,0
53,53,54811.0,0,0
54,54,54811.0,0,0
55,55,54811.0,0,0
56,56,54811.0,0,0
57,57,54811.0,0,0
58,58,54811.0,0,0
59,59,54811.0,0,0
60,60,54811.0,0,0
61,61,54811.0,0,0
62,62,54811.0,0,0
63,63,54811.0,0,0
64,64,54811.0,0,0
65,65,54811.0,0,0
66,66,54811.0,0,0
67,67,54811.0,0,0
68,68,54811.0,0,0
69,69,54811.0,0,0
70,70,54810.0,1,0
71,71,54809.0,2,0
72,72,54809.0,2,0
73,73,54809.0,2,0
74,74,54809.0,2,0
75,75,54809.0,2,0
76,76,54809.0,2,0
77,77,54808.0,3,0
78,78,54808.0,3,0
79,79,54807.0,4,0
80,80,54807.0,4,0
81,81,54806.0,5,0
82,82,54806.0,5,0
83,83,54806.0,5,0
84,84,54806.0,5,0
85,85,54806.0,5,0
86,86,54805.0,6,0
87,87,54805.0,6,0
88,88,54805.0,6,0
89,89,54805.0,6,0
90,90,54805.0,6,0
91,91,54804.0,7,0
92,92,54803.0,8,0
93,93,54803.0,8,0
94,94,54802.0,9,0
95,95,54802.0,9,0
96,96,54802.0,9,0
97,97,54801.0,10,0
98,98,54801.0,10,0
99,99,54801.0,10,0
100,100,54801.0,10,0
101,101,54801.0,10,0
102,102,54801.0,10,0
103,103,54801.0,10,0
104,104,54801.0,10,0
105,105,54801.0,10,0
106,106,54801.0,10,0
107,107,54800.0,10,1
108,108,54800.0,10,1
109,109,54800.0,10,1
110,110,54800.0,10,1
111,111,54800.0,10,1
112,112,54800.0,10,1
113,113,54800.0,10,1
114,114,54800.0,10,1
115,115,54800.0,10,1
116,116,54799.0,11,1
117,117,54799.0,11,1
118,118,54799.0,11,1
119,119,54799.0,11,1
120,120,54799.0,11,1
121,121,54799.0,11,1
122,122,54799.0,11,1
123,123,54799.0,11,1
124,124,54799.0,11,1
125,125,54799.0,11,1
126,126,54799.0,11,1
127,127,54799.0,11,1
128,128,54799.0,11,1
