,Days,S,I,D
0,0,78727.0,0,0
1,1,78727.0,0,0
2,2,78727.0,0,0
3,3,78727.0,0,0
4,4,78727.0,0,0
5,5,78727.0,0,0
6,6,78727.0,0,0
7,7,78727.0,0,0
8,8,78727.0,0,0
9,9,78727.0,0,0
10,10,78727.0,0,0
11,11,78727.0,0,0
12,12,78727.0,0,0
13,13,78727.0,0,0
14,14,78727.0,0,0
15,15,78727.0,0,0
16,16,78727.0,0,0
17,17,78727.0,0,0
18,18,78727.0,0,0
19,19,78727.0,0,0
20,20,78727.0,0,0
21,21,78727.0,0,0
22,22,78727.0,0,0
23,23,78727.0,0,0
24,24,78727.0,0,0
25,25,78727.0,0,0
26,26,78727.0,0,0
27,27,78727.0,0,0
28,28,78727.0,0,0
29,29,78727.0,0,0
30,30,78727.0,0,0
31,31,78727.0,0,0
32,32,78727.0,0,0
33,33,78727.0,0,0
34,34,78727.0,0,0
35,35,78727.0,0,0
36,36,78727.0,0,0
37,37,78727.0,0,0
38,38,78727.0,0,0
39,39,78727.0,0,0
40,40,78727.0,0,0
41,41,78727.0,0,0
42,42,78727.0,0,0
43,43,78727.0,0,0
44,44,78727.0,0,0
45,45,78727.0,0,0
46,46,78727.0,0,0
47,47,78727.0,0,0
48,48,78727.0,0,0
49,49,78727.0,0,0
50,50,78727.0,0,0
51,51,78727.0,0,0
52,52,78727.0,0,0
53,53,78727.0,0,0
54,54,78727.0,0,0
55,55,78727.0,0,0
56,56,78727.0,0,0
57,57,78727.0,0,0
58,58,78727.0,0,0
59,59,78727.0,0,0
60,60,78727.0,0,0
61,61,78727.0,0,0
62,62,78724.0,3,0
63,63,78724.0,3,0
64,64,78721.0,6,0
65,65,78721.0,6,0
66,66,78721.0,6,0
67,67,78721.0,6,0
68,68,78718.0,9,0
69,69,78716.0,11,0
70,70,78712.0,15,0
71,71,78705.0,22,0
72,72,78704.0,23,0
73,73,78704.0,23,0
74,74,78702.0,25,0
75,75,78700.0,27,0
76,76,78700.0,27,0
77,77,78700.0,27,0
78,78,78700.0,27,0
79,79,78699.0,28,0
80,80,78699.0,28,0
81,81,78699.0,28,0
82,82,78699.0,28,0
83,83,78699.0,28,0
84,84,78699.0,28,0
85,85,78699.0,28,0
86,86,78698.0,29,0
87,87,78698.0,29,0
88,88,78698.0,29,0
89,89,78697.0,29,1
90,90,78697.0,29,1
91,91,78697.0,29,1
92,92,78697.0,29,1
93,93,78696.0,30,1
94,94,78695.0,31,1
95,95,78695.0,31,1
96,96,78695.0,31,1
97,97,78695.0,31,1
98,98,78693.0,33,1
99,99,78692.0,34,1
100,100,78692.0,34,1
101,101,78692.0,34,1
102,102,78691.0,35,1
103,103,78691.0,35,1
104,104,78691.0,35,1
105,105,78691.0,35,1
106,106,78691.0,35,1
107,107,78691.0,35,1
108,108,78691.0,35,1
109,109,78690.0,36,1
110,110,78690.0,36,1
111,111,78690.0,36,1
112,112,78690.0,36,1
113,113,78690.0,36,1
114,114,78690.0,36,1
115,115,78690.0,36,1
116,116,78690.0,36,1
117,117,78689.0,37,1
118,118,78689.0,37,1
119,119,78689.0,37,1
120,120,78689.0,37,1
121,121,78689.0,37,1
122,122,78688.0,38,1
123,123,78686.0,40,1
124,124,78686.0,40,1
125,125,78686.0,40,1
126,126,78684.0,42,1
127,127,78683.0,43,1
128,128,78683.0,43,1
