,Days,S,I,D
0,0,255648.0,0,0
1,1,255648.0,0,0
2,2,255648.0,0,0
3,3,255648.0,0,0
4,4,255648.0,0,0
5,5,255648.0,0,0
6,6,255648.0,0,0
7,7,255648.0,0,0
8,8,255648.0,0,0
9,9,255648.0,0,0
10,10,255648.0,0,0
11,11,255648.0,0,0
12,12,255648.0,0,0
13,13,255648.0,0,0
14,14,255648.0,0,0
15,15,255648.0,0,0
16,16,255648.0,0,0
17,17,255648.0,0,0
18,18,255648.0,0,0
19,19,255648.0,0,0
20,20,255648.0,0,0
21,21,255648.0,0,0
22,22,255648.0,0,0
23,23,255648.0,0,0
24,24,255648.0,0,0
25,25,255648.0,0,0
26,26,255648.0,0,0
27,27,255648.0,0,0
28,28,255648.0,0,0
29,29,255648.0,0,0
30,30,255648.0,0,0
31,31,255648.0,0,0
32,32,255648.0,0,0
33,33,255648.0,0,0
34,34,255648.0,0,0
35,35,255648.0,0,0
36,36,255648.0,0,0
37,37,255648.0,0,0
38,38,255648.0,0,0
39,39,255648.0,0,0
40,40,255648.0,0,0
41,41,255648.0,0,0
42,42,255648.0,0,0
43,43,255648.0,0,0
44,44,255648.0,0,0
45,45,255648.0,0,0
46,46,255648.0,0,0
47,47,255648.0,0,0
48,48,255648.0,0,0
49,49,255648.0,0,0
50,50,255648.0,0,0
51,51,255648.0,0,0
52,52,255648.0,0,0
53,53,255648.0,0,0
54,54,255648.0,0,0
55,55,255647.0,1,0
56,56,255647.0,1,0
57,57,255647.0,1,0
58,58,255647.0,1,0
59,59,255647.0,1,0
60,60,255647.0,1,0
61,61,255646.0,2,0
62,62,255644.0,4,0
63,63,255641.0,7,0
64,64,255634.0,14,0
65,65,255633.0,15,0
66,66,255626.0,22,0
67,67,255624.0,24,0
68,68,255622.0,26,0
69,69,255615.0,33,0
70,70,255611.0,35,2
71,71,255601.0,45,2
72,72,255592.0,54,2
73,73,255573.0,73,2
74,74,255533.0,112,3
75,75,255506.0,138,4
76,76,255493.0,151,4
77,77,255445.0,199,4
78,78,255411.0,233,4
79,79,255350.0,289,9
80,80,255296.0,341,11
81,81,255268.0,368,12
82,82,255219.0,417,12
83,83,255193.0,441,14
84,84,255179.0,442,27
85,85,255122.0,497,29
86,86,255100.0,525,23
87,87,255068.0,557,23
88,88,255032.0,591,25
89,89,255007.0,616,25
90,90,254988.0,632,28
91,91,254961.0,658,29
92,92,254928.0,690,30
93,93,254853.0,765,30
94,94,254795.0,814,39
95,95,254775.0,834,39
96,96,254741.0,865,42
97,97,254736.0,870,42
98,98,254710.0,893,45
99,99,254681.0,918,49
100,100,254657.0,942,49
101,101,254620.0,976,52
102,102,254590.0,1004,54
103,103,254555.0,1038,55
104,104,254518.0,1071,59
105,105,254479.0,1108,61
106,106,254434.0,1151,63
107,107,254402.0,1182,64
108,108,254369.0,1213,66
109,109,254329.0,1251,68
110,110,254313.0,1267,68
111,111,254295.0,1282,71
112,112,254272.0,1302,74
113,113,254245.0,1325,78
114,114,254203.0,1364,81
115,115,254164.0,1402,82
116,116,254142.0,1423,83
117,117,254105.0,1460,83
118,118,254074.0,1491,83
119,119,254029.0,1533,86
120,120,253993.0,1568,87
121,121,253935.0,1625,88
122,122,253898.0,1661,89
123,123,253825.0,1731,92
124,124,253804.0,1746,98
125,125,253804.0,1746,98
126,126,253764.0,1786,98
127,127,253726.0,1824,98
128,128,253694.0,1856,98
