,Days,S,I,D
0,0,8768.0,0,0
1,1,8768.0,0,0
2,2,8768.0,0,0
3,3,8768.0,0,0
4,4,8768.0,0,0
5,5,8768.0,0,0
6,6,8768.0,0,0
7,7,8768.0,0,0
8,8,8768.0,0,0
9,9,8768.0,0,0
10,10,8768.0,0,0
11,11,8768.0,0,0
12,12,8768.0,0,0
13,13,8768.0,0,0
14,14,8768.0,0,0
15,15,8768.0,0,0
16,16,8768.0,0,0
17,17,8768.0,0,0
18,18,8768.0,0,0
19,19,8768.0,0,0
20,20,8768.0,0,0
21,21,8768.0,0,0
22,22,8768.0,0,0
23,23,8768.0,0,0
24,24,8768.0,0,0
25,25,8768.0,0,0
26,26,8768.0,0,0
27,27,8768.0,0,0
28,28,8768.0,0,0
29,29,8768.0,0,0
30,30,8768.0,0,0
31,31,8768.0,0,0
32,32,8768.0,0,0
33,33,8768.0,0,0
34,34,8768.0,0,0
35,35,8768.0,0,0
36,36,8768.0,0,0
37,37,8768.0,0,0
38,38,8768.0,0,0
39,39,8768.0,0,0
40,40,8768.0,0,0
41,41,8768.0,0,0
42,42,8768.0,0,0
43,43,8768.0,0,0
44,44,8768.0,0,0
45,45,8768.0,0,0
46,46,8768.0,0,0
47,47,8768.0,0,0
48,48,8768.0,0,0
49,49,8768.0,0,0
50,50,8768.0,0,0
51,51,8768.0,0,0
52,52,8768.0,0,0
53,53,8768.0,0,0
54,54,8768.0,0,0
55,55,8768.0,0,0
56,56,8768.0,0,0
57,57,8768.0,0,0
58,58,8767.0,1,0
59,59,8767.0,1,0
60,60,8767.0,1,0
61,61,8767.0,1,0
62,62,8767.0,1,0
63,63,8766.0,2,0
64,64,8766.0,2,0
65,65,8765.0,3,0
66,66,8764.0,3,1
67,67,8763.0,4,1
68,68,8763.0,4,1
69,69,8761.0,6,1
70,70,8761.0,6,1
71,71,8761.0,6,1
72,72,8761.0,6,1
73,73,8761.0,6,1
74,74,8759.0,8,1
75,75,8759.0,8,1
76,76,8759.0,8,1
77,77,8759.0,8,1
78,78,8759.0,8,1
79,79,8759.0,8,1
80,80,8759.0,8,1
81,81,8759.0,8,1
82,82,8759.0,8,1
83,83,8759.0,8,1
84,84,8759.0,8,1
85,85,8759.0,8,1
86,86,8759.0,8,1
87,87,8759.0,8,1
88,88,8759.0,8,1
89,89,8759.0,8,1
90,90,8759.0,8,1
91,91,8759.0,8,1
92,92,8759.0,8,1
93,93,8759.0,8,1
94,94,8759.0,8,1
95,95,8759.0,8,1
96,96,8759.0,8,1
97,97,8759.0,8,1
98,98,8759.0,8,1
99,99,8759.0,8,1
100,100,8759.0,8,1
101,101,8759.0,8,1
102,102,8759.0,8,1
103,103,8759.0,8,1
104,104,8759.0,8,1
105,105,8759.0,8,1
106,106,8759.0,8,1
107,107,8759.0,8,1
108,108,8759.0,8,1
109,109,8759.0,8,1
110,110,8759.0,8,1
111,111,8759.0,8,1
112,112,8759.0,8,1
113,113,8759.0,8,1
114,114,8759.0,8,1
115,115,8759.0,8,1
116,116,8759.0,8,1
117,117,8759.0,8,1
118,118,8759.0,8,1
119,119,8759.0,8,1
120,120,8759.0,8,1
121,121,8759.0,8,1
122,122,8759.0,8,1
123,123,8759.0,8,1
124,124,8759.0,8,1
125,125,8759.0,8,1
126,126,8759.0,8,1
127,127,8759.0,8,1
128,128,8759.0,8,1
