,Days,S,I,D
0,0,43592.0,0,0
1,1,43592.0,0,0
2,2,43592.0,0,0
3,3,43592.0,0,0
4,4,43592.0,0,0
5,5,43592.0,0,0
6,6,43592.0,0,0
7,7,43592.0,0,0
8,8,43592.0,0,0
9,9,43592.0,0,0
10,10,43592.0,0,0
11,11,43592.0,0,0
12,12,43592.0,0,0
13,13,43592.0,0,0
14,14,43592.0,0,0
15,15,43592.0,0,0
16,16,43592.0,0,0
17,17,43592.0,0,0
18,18,43592.0,0,0
19,19,43592.0,0,0
20,20,43592.0,0,0
21,21,43592.0,0,0
22,22,43592.0,0,0
23,23,43592.0,0,0
24,24,43592.0,0,0
25,25,43592.0,0,0
26,26,43592.0,0,0
27,27,43592.0,0,0
28,28,43592.0,0,0
29,29,43592.0,0,0
30,30,43592.0,0,0
31,31,43592.0,0,0
32,32,43592.0,0,0
33,33,43592.0,0,0
34,34,43592.0,0,0
35,35,43592.0,0,0
36,36,43592.0,0,0
37,37,43592.0,0,0
38,38,43592.0,0,0
39,39,43592.0,0,0
40,40,43592.0,0,0
41,41,43592.0,0,0
42,42,43592.0,0,0
43,43,43592.0,0,0
44,44,43592.0,0,0
45,45,43592.0,0,0
46,46,43592.0,0,0
47,47,43592.0,0,0
48,48,43592.0,0,0
49,49,43592.0,0,0
50,50,43592.0,0,0
51,51,43592.0,0,0
52,52,43592.0,0,0
53,53,43592.0,0,0
54,54,43592.0,0,0
55,55,43592.0,0,0
56,56,43592.0,0,0
57,57,43592.0,0,0
58,58,43592.0,0,0
59,59,43592.0,0,0
60,60,43592.0,0,0
61,61,43592.0,0,0
62,62,43592.0,0,0
63,63,43592.0,0,0
64,64,43592.0,0,0
65,65,43592.0,0,0
66,66,43592.0,0,0
67,67,43592.0,0,0
68,68,43592.0,0,0
69,69,43591.0,1,0
70,70,43585.0,7,0
71,71,43584.0,8,0
72,72,43584.0,8,0
73,73,43584.0,8,0
74,74,43584.0,8,0
75,75,43579.0,13,0
76,76,43576.0,16,0
77,77,43575.0,17,0
78,78,43572.0,20,0
79,79,43572.0,20,0
80,80,43570.0,22,0
81,81,43570.0,22,0
82,82,43565.0,27,0
83,83,43564.0,28,0
84,84,43563.0,29,0
85,85,43563.0,29,0
86,86,43563.0,29,0
87,87,43563.0,29,0
88,88,43563.0,29,0
89,89,43562.0,30,0
90,90,43562.0,30,0
91,91,43561.0,30,1
92,92,43560.0,31,1
93,93,43559.0,32,1
94,94,43559.0,32,1
95,95,43559.0,32,1
96,96,43558.0,33,1
97,97,43558.0,33,1
98,98,43558.0,33,1
99,99,43557.0,34,1
100,100,43557.0,34,1
101,101,43557.0,34,1
102,102,43556.0,35,1
103,103,43556.0,35,1
104,104,43556.0,35,1
105,105,43556.0,35,1
106,106,43556.0,35,1
107,107,43555.0,36,1
108,108,43555.0,36,1
109,109,43555.0,36,1
110,110,43554.0,37,1
111,111,43553.0,38,1
112,112,43551.0,40,1
113,113,43551.0,40,1
114,114,43549.0,42,1
115,115,43549.0,42,1
116,116,43549.0,42,1
117,117,43549.0,42,1
118,118,43549.0,42,1
119,119,43549.0,42,1
120,120,43549.0,42,1
121,121,43549.0,42,1
122,122,43549.0,42,1
123,123,43549.0,42,1
124,124,43549.0,42,1
125,125,43549.0,42,1
126,126,43549.0,42,1
127,127,43549.0,42,1
128,128,43549.0,42,1
