,Days,S,I,D
0,0,394855.0,0,0
1,1,394855.0,0,0
2,2,394855.0,0,0
3,3,394855.0,0,0
4,4,394855.0,0,0
5,5,394855.0,0,0
6,6,394855.0,0,0
7,7,394855.0,0,0
8,8,394855.0,0,0
9,9,394855.0,0,0
10,10,394855.0,0,0
11,11,394855.0,0,0
12,12,394855.0,0,0
13,13,394855.0,0,0
14,14,394855.0,0,0
15,15,394855.0,0,0
16,16,394855.0,0,0
17,17,394855.0,0,0
18,18,394855.0,0,0
19,19,394855.0,0,0
20,20,394855.0,0,0
21,21,394855.0,0,0
22,22,394855.0,0,0
23,23,394855.0,0,0
24,24,394855.0,0,0
25,25,394855.0,0,0
26,26,394855.0,0,0
27,27,394855.0,0,0
28,28,394855.0,0,0
29,29,394855.0,0,0
30,30,394855.0,0,0
31,31,394855.0,0,0
32,32,394855.0,0,0
33,33,394855.0,0,0
34,34,394855.0,0,0
35,35,394855.0,0,0
36,36,394855.0,0,0
37,37,394855.0,0,0
38,38,394855.0,0,0
39,39,394855.0,0,0
40,40,394855.0,0,0
41,41,394855.0,0,0
42,42,394855.0,0,0
43,43,394855.0,0,0
44,44,394855.0,0,0
45,45,394855.0,0,0
46,46,394854.0,1,0
47,47,394853.0,2,0
48,48,394853.0,2,0
49,49,394853.0,2,0
50,50,394853.0,2,0
51,51,394851.0,4,0
52,52,394851.0,4,0
53,53,394851.0,4,0
54,54,394849.0,6,0
55,55,394847.0,7,1
56,56,394846.0,8,1
57,57,394845.0,9,1
58,58,394843.0,11,1
59,59,394841.0,13,1
60,60,394841.0,13,1
61,61,394839.0,15,1
62,62,394838.0,16,1
63,63,394829.0,25,1
64,64,394829.0,25,1
65,65,394825.0,29,1
66,66,394822.0,32,1
67,67,394816.0,38,1
68,68,394812.0,42,1
69,69,394800.0,53,2
70,70,394782.0,70,3
71,71,394763.0,89,3
72,72,394748.0,104,3
73,73,394723.0,129,3
74,74,394716.0,136,3
75,75,394705.0,145,5
76,76,394684.0,164,7
77,77,394675.0,172,8
78,78,394665.0,179,11
79,79,394642.0,200,13
80,80,394621.0,221,13
81,81,394606.0,236,13
82,82,394590.0,252,13
83,83,394575.0,261,19
84,84,394559.0,277,19
85,85,394526.0,309,20
86,86,394500.0,326,29
87,87,394462.0,362,31
88,88,394407.0,417,31
89,89,394389.0,433,33
90,90,394378.0,443,34
91,91,394373.0,448,34
92,92,394343.0,473,39
93,93,394322.0,491,42
94,94,394316.0,497,42
95,95,394305.0,508,42
96,96,394280.0,533,42
97,97,394246.0,563,46
98,98,394239.0,567,49
99,99,394220.0,580,55
100,100,394207.0,591,57
101,101,394189.0,607,59
102,102,394177.0,619,59
103,103,394160.0,636,59
104,104,394110.0,684,61
105,105,394069.0,722,64
106,106,394050.0,737,68
107,107,394041.0,742,72
108,108,394025.0,756,74
109,109,394005.0,776,74
110,110,393998.0,783,74
111,111,393986.0,795,74
112,112,393974.0,806,75
113,113,393964.0,813,78
114,114,393950.0,826,79
115,115,393940.0,834,81
116,116,393925.0,849,81
117,117,393907.0,867,81
118,118,393885.0,888,82
119,119,393878.0,893,84
120,120,393834.0,933,88
121,121,393819.0,946,90
122,122,393806.0,958,91
123,123,393789.0,975,91
124,124,393776.0,988,91
125,125,393774.0,990,91
126,126,393766.0,996,93
127,127,393753.0,1007,95
128,128,393737.0,1022,96
