,Days,S,I,D
0,0,36778.0,0,0
1,1,36778.0,0,0
2,2,36778.0,0,0
3,3,36778.0,0,0
4,4,36778.0,0,0
5,5,36778.0,0,0
6,6,36778.0,0,0
7,7,36778.0,0,0
8,8,36778.0,0,0
9,9,36778.0,0,0
10,10,36778.0,0,0
11,11,36778.0,0,0
12,12,36778.0,0,0
13,13,36778.0,0,0
14,14,36778.0,0,0
15,15,36778.0,0,0
16,16,36778.0,0,0
17,17,36778.0,0,0
18,18,36778.0,0,0
19,19,36778.0,0,0
20,20,36778.0,0,0
21,21,36778.0,0,0
22,22,36778.0,0,0
23,23,36778.0,0,0
24,24,36778.0,0,0
25,25,36778.0,0,0
26,26,36778.0,0,0
27,27,36778.0,0,0
28,28,36778.0,0,0
29,29,36778.0,0,0
30,30,36778.0,0,0
31,31,36778.0,0,0
32,32,36778.0,0,0
33,33,36778.0,0,0
34,34,36778.0,0,0
35,35,36778.0,0,0
36,36,36778.0,0,0
37,37,36778.0,0,0
38,38,36778.0,0,0
39,39,36778.0,0,0
40,40,36778.0,0,0
41,41,36778.0,0,0
42,42,36778.0,0,0
43,43,36778.0,0,0
44,44,36778.0,0,0
45,45,36778.0,0,0
46,46,36778.0,0,0
47,47,36778.0,0,0
48,48,36778.0,0,0
49,49,36778.0,0,0
50,50,36778.0,0,0
51,51,36777.0,1,0
52,52,36778.0,0,0
53,53,36778.0,0,0
54,54,36778.0,0,0
55,55,36778.0,0,0
56,56,36778.0,0,0
57,57,36778.0,0,0
58,58,36778.0,0,0
59,59,36778.0,0,0
60,60,36777.0,1,0
61,61,36776.0,2,0
62,62,36776.0,2,0
63,63,36775.0,3,0
64,64,36774.0,4,0
65,65,36773.0,5,0
66,66,36772.0,6,0
67,67,36771.0,7,0
68,68,36770.0,8,0
69,69,36769.0,9,0
70,70,36767.0,11,0
71,71,36766.0,12,0
72,72,36766.0,12,0
73,73,36765.0,13,0
74,74,36764.0,14,0
75,75,36764.0,14,0
76,76,36764.0,14,0
77,77,36762.0,16,0
78,78,36761.0,17,0
79,79,36758.0,20,0
80,80,36753.0,25,0
81,81,36753.0,25,0
82,82,36751.0,27,0
83,83,36751.0,27,0
84,84,36749.0,29,0
85,85,36748.0,30,0
86,86,36745.0,33,0
87,87,36745.0,33,0
88,88,36745.0,33,0
89,89,36745.0,33,0
90,90,36743.0,35,0
91,91,36741.0,37,0
92,92,36740.0,38,0
93,93,36739.0,39,0
94,94,36738.0,40,0
95,95,36738.0,40,0
96,96,36737.0,41,0
97,97,36737.0,41,0
98,98,36737.0,41,0
99,99,36735.0,43,0
100,100,36733.0,45,0
101,101,36732.0,46,0
102,102,36732.0,46,0
103,103,36729.0,49,0
104,104,36728.0,50,0
105,105,36728.0,50,0
106,106,36727.0,51,0
107,107,36725.0,53,0
108,108,36723.0,55,0
109,109,36723.0,55,0
110,110,36722.0,56,0
111,111,36722.0,56,0
112,112,36719.0,59,0
113,113,36719.0,59,0
114,114,36719.0,59,0
115,115,36719.0,59,0
116,116,36719.0,59,0
117,117,36718.0,60,0
118,118,36718.0,60,0
119,119,36717.0,61,0
120,120,36714.0,64,0
121,121,36710.0,67,1
122,122,36710.0,67,1
123,123,36708.0,69,1
124,124,36708.0,69,1
125,125,36704.0,73,1
126,126,36702.0,75,1
127,127,36701.0,76,1
128,128,36701.0,76,1
