,Days,S,I,D
0,0,98985.0,0,0
1,1,98985.0,0,0
2,2,98985.0,0,0
3,3,98985.0,0,0
4,4,98985.0,0,0
5,5,98985.0,0,0
6,6,98985.0,0,0
7,7,98985.0,0,0
8,8,98985.0,0,0
9,9,98985.0,0,0
10,10,98985.0,0,0
11,11,98985.0,0,0
12,12,98985.0,0,0
13,13,98985.0,0,0
14,14,98985.0,0,0
15,15,98985.0,0,0
16,16,98985.0,0,0
17,17,98985.0,0,0
18,18,98985.0,0,0
19,19,98985.0,0,0
20,20,98985.0,0,0
21,21,98985.0,0,0
22,22,98985.0,0,0
23,23,98985.0,0,0
24,24,98985.0,0,0
25,25,98985.0,0,0
26,26,98985.0,0,0
27,27,98985.0,0,0
28,28,98985.0,0,0
29,29,98985.0,0,0
30,30,98985.0,0,0
31,31,98985.0,0,0
32,32,98985.0,0,0
33,33,98985.0,0,0
34,34,98985.0,0,0
35,35,98985.0,0,0
36,36,98985.0,0,0
37,37,98985.0,0,0
38,38,98985.0,0,0
39,39,98985.0,0,0
40,40,98985.0,0,0
41,41,98985.0,0,0
42,42,98985.0,0,0
43,43,98985.0,0,0
44,44,98985.0,0,0
45,45,98985.0,0,0
46,46,98985.0,0,0
47,47,98985.0,0,0
48,48,98985.0,0,0
49,49,98985.0,0,0
50,50,98985.0,0,0
51,51,98985.0,0,0
52,52,98985.0,0,0
53,53,98985.0,0,0
54,54,98985.0,0,0
55,55,98985.0,0,0
56,56,98985.0,0,0
57,57,98985.0,0,0
58,58,98985.0,0,0
59,59,98985.0,0,0
60,60,98985.0,0,0
61,61,98985.0,0,0
62,62,98985.0,0,0
63,63,98985.0,0,0
64,64,98985.0,0,0
65,65,98985.0,0,0
66,66,98984.0,1,0
67,67,98984.0,1,0
68,68,98984.0,1,0
69,69,98984.0,1,0
70,70,98984.0,1,0
71,71,98984.0,1,0
72,72,98984.0,1,0
73,73,98979.0,6,0
74,74,98979.0,6,0
75,75,98978.0,7,0
76,76,98969.0,16,0
77,77,98969.0,16,0
78,78,98968.0,17,0
79,79,98967.0,18,0
80,80,98954.0,31,0
81,81,98953.0,32,0
82,82,98953.0,32,0
83,83,98952.0,33,0
84,84,98951.0,34,0
85,85,98951.0,34,0
86,86,98945.0,40,0
87,87,98943.0,42,0
88,88,98943.0,42,0
89,89,98941.0,44,0
90,90,98937.0,48,0
91,91,98935.0,50,0
92,92,98935.0,50,0
93,93,98933.0,51,1
94,94,98933.0,51,1
95,95,98933.0,51,1
96,96,98930.0,54,1
97,97,98930.0,54,1
98,98,98929.0,55,1
99,99,98928.0,56,1
100,100,98928.0,56,1
101,101,98928.0,56,1
102,102,98928.0,56,1
103,103,98925.0,59,1
104,104,98923.0,61,1
105,105,98923.0,61,1
106,106,98923.0,61,1
107,107,98923.0,61,1
108,108,98920.0,64,1
109,109,98919.0,65,1
110,110,98918.0,66,1
111,111,98918.0,66,1
112,112,98918.0,66,1
113,113,98918.0,66,1
114,114,98918.0,66,1
115,115,98918.0,66,1
116,116,98918.0,66,1
117,117,98918.0,66,1
118,118,98918.0,66,1
119,119,98918.0,66,1
120,120,98917.0,67,1
121,121,98917.0,67,1
122,122,98915.0,69,1
123,123,98915.0,69,1
124,124,98915.0,69,1
125,125,98915.0,69,1
126,126,98914.0,70,1
127,127,98912.0,72,1
128,128,98911.0,73,1
