,Days,S,I,D
0,0,12968.0,0,0
1,1,12968.0,0,0
2,2,12968.0,0,0
3,3,12968.0,0,0
4,4,12968.0,0,0
5,5,12968.0,0,0
6,6,12968.0,0,0
7,7,12968.0,0,0
8,8,12968.0,0,0
9,9,12968.0,0,0
10,10,12968.0,0,0
11,11,12968.0,0,0
12,12,12968.0,0,0
13,13,12968.0,0,0
14,14,12968.0,0,0
15,15,12968.0,0,0
16,16,12968.0,0,0
17,17,12968.0,0,0
18,18,12968.0,0,0
19,19,12968.0,0,0
20,20,12968.0,0,0
21,21,12968.0,0,0
22,22,12968.0,0,0
23,23,12968.0,0,0
24,24,12968.0,0,0
25,25,12968.0,0,0
26,26,12968.0,0,0
27,27,12968.0,0,0
28,28,12968.0,0,0
29,29,12968.0,0,0
30,30,12968.0,0,0
31,31,12968.0,0,0
32,32,12968.0,0,0
33,33,12968.0,0,0
34,34,12968.0,0,0
35,35,12968.0,0,0
36,36,12968.0,0,0
37,37,12968.0,0,0
38,38,12968.0,0,0
39,39,12968.0,0,0
40,40,12968.0,0,0
41,41,12968.0,0,0
42,42,12968.0,0,0
43,43,12968.0,0,0
44,44,12968.0,0,0
45,45,12968.0,0,0
46,46,12968.0,0,0
47,47,12968.0,0,0
48,48,12968.0,0,0
49,49,12967.0,1,0
50,50,12967.0,1,0
51,51,12967.0,1,0
52,52,12967.0,1,0
53,53,12967.0,1,0
54,54,12967.0,1,0
55,55,12967.0,1,0
56,56,12967.0,1,0
57,57,12967.0,1,0
58,58,12967.0,1,0
59,59,12967.0,1,0
60,60,12967.0,1,0
61,61,12967.0,1,0
62,62,12967.0,1,0
63,63,12967.0,1,0
64,64,12967.0,1,0
65,65,12967.0,1,0
66,66,12967.0,1,0
67,67,12967.0,1,0
68,68,12967.0,1,0
69,69,12967.0,1,0
70,70,12967.0,1,0
71,71,12967.0,1,0
72,72,12967.0,1,0
73,73,12967.0,1,0
74,74,12966.0,2,0
75,75,12965.0,3,0
76,76,12965.0,3,0
77,77,12965.0,3,0
78,78,12966.0,2,0
79,79,12966.0,2,0
80,80,12966.0,2,0
81,81,12965.0,3,0
82,82,12964.0,4,0
83,83,12964.0,4,0
84,84,12963.0,5,0
85,85,12963.0,5,0
86,86,12963.0,5,0
87,87,12963.0,5,0
88,88,12962.0,6,0
89,89,12962.0,6,0
90,90,12961.0,7,0
91,91,12961.0,7,0
92,92,12961.0,7,0
93,93,12961.0,7,0
94,94,12961.0,7,0
95,95,12961.0,7,0
96,96,12960.0,8,0
97,97,12960.0,8,0
98,98,12960.0,8,0
99,99,12960.0,8,0
100,100,12957.0,11,0
101,101,12957.0,11,0
102,102,12956.0,12,0
103,103,12956.0,12,0
104,104,12955.0,13,0
105,105,12955.0,13,0
106,106,12954.0,14,0
107,107,12951.0,17,0
108,108,12951.0,17,0
109,109,12951.0,17,0
110,110,12950.0,17,1
111,111,12950.0,17,1
112,112,12948.0,19,1
113,113,12947.0,20,1
114,114,12941.0,26,1
115,115,12941.0,26,1
116,116,12941.0,26,1
117,117,12941.0,26,1
118,118,12939.0,28,1
119,119,12939.0,28,1
120,120,12939.0,28,1
121,121,12939.0,28,1
122,122,12938.0,29,1
123,123,12938.0,29,1
124,124,12938.0,29,1
125,125,12937.0,30,1
126,126,12935.0,32,1
127,127,12935.0,32,1
128,128,12935.0,32,1
