,Days,S,I,D
0,0,42470.0,0,0
1,1,42470.0,0,0
2,2,42470.0,0,0
3,3,42470.0,0,0
4,4,42470.0,0,0
5,5,42470.0,0,0
6,6,42470.0,0,0
7,7,42470.0,0,0
8,8,42470.0,0,0
9,9,42470.0,0,0
10,10,42470.0,0,0
11,11,42470.0,0,0
12,12,42470.0,0,0
13,13,42470.0,0,0
14,14,42470.0,0,0
15,15,42470.0,0,0
16,16,42470.0,0,0
17,17,42470.0,0,0
18,18,42470.0,0,0
19,19,42470.0,0,0
20,20,42470.0,0,0
21,21,42470.0,0,0
22,22,42470.0,0,0
23,23,42470.0,0,0
24,24,42470.0,0,0
25,25,42470.0,0,0
26,26,42470.0,0,0
27,27,42470.0,0,0
28,28,42470.0,0,0
29,29,42470.0,0,0
30,30,42470.0,0,0
31,31,42470.0,0,0
32,32,42470.0,0,0
33,33,42470.0,0,0
34,34,42470.0,0,0
35,35,42470.0,0,0
36,36,42470.0,0,0
37,37,42470.0,0,0
38,38,42470.0,0,0
39,39,42470.0,0,0
40,40,42470.0,0,0
41,41,42470.0,0,0
42,42,42470.0,0,0
43,43,42470.0,0,0
44,44,42469.0,1,0
45,45,42468.0,2,0
46,46,42469.0,1,0
47,47,42469.0,1,0
48,48,42469.0,1,0
49,49,42469.0,1,0
50,50,42469.0,1,0
51,51,42469.0,1,0
52,52,42469.0,1,0
53,53,42469.0,1,0
54,54,42469.0,1,0
55,55,42469.0,1,0
56,56,42469.0,1,0
57,57,42469.0,1,0
58,58,42467.0,3,0
59,59,42466.0,4,0
60,60,42466.0,4,0
61,61,42466.0,4,0
62,62,42462.0,8,0
63,63,42461.0,9,0
64,64,42460.0,10,0
65,65,42460.0,10,0
66,66,42460.0,10,0
67,67,42460.0,10,0
68,68,42456.0,14,0
69,69,42455.0,15,0
70,70,42454.0,16,0
71,71,42454.0,16,0
72,72,42452.0,18,0
73,73,42452.0,18,0
74,74,42452.0,18,0
75,75,42450.0,20,0
76,76,42450.0,20,0
77,77,42448.0,22,0
78,78,42448.0,22,0
79,79,42449.0,21,0
80,80,42448.0,22,0
81,81,42445.0,25,0
82,82,42445.0,25,0
83,83,42445.0,25,0
84,84,42443.0,27,0
85,85,42442.0,28,0
86,86,42441.0,29,0
87,87,42441.0,29,0
88,88,42440.0,30,0
89,89,42434.0,36,0
90,90,42434.0,36,0
91,91,42434.0,36,0
92,92,42434.0,36,0
93,93,42428.0,42,0
94,94,42425.0,45,0
95,95,42424.0,46,0
96,96,42421.0,49,0
97,97,42421.0,49,0
98,98,42414.0,56,0
99,99,42413.0,57,0
100,100,42411.0,59,0
101,101,42411.0,59,0
102,102,42411.0,59,0
103,103,42410.0,60,0
104,104,42409.0,61,0
105,105,42406.0,64,0
106,106,42406.0,64,0
107,107,42405.0,65,0
108,108,42405.0,65,0
109,109,42404.0,66,0
110,110,42404.0,66,0
111,111,42401.0,69,0
112,112,42401.0,69,0
113,113,42399.0,71,0
114,114,42392.0,78,0
115,115,42391.0,79,0
116,116,42391.0,79,0
117,117,42390.0,80,0
118,118,42390.0,80,0
119,119,42384.0,86,0
120,120,42383.0,87,0
121,121,42377.0,93,0
122,122,42375.0,95,0
123,123,42375.0,95,0
124,124,42371.0,99,0
125,125,42367.0,102,1
126,126,42362.0,107,1
127,127,42356.0,113,1
128,128,42351.0,118,1
