,Days,S,I,D
0,0,12147.0,0,0
1,1,12147.0,0,0
2,2,12147.0,0,0
3,3,12147.0,0,0
4,4,12147.0,0,0
5,5,12147.0,0,0
6,6,12147.0,0,0
7,7,12147.0,0,0
8,8,12147.0,0,0
9,9,12147.0,0,0
10,10,12147.0,0,0
11,11,12147.0,0,0
12,12,12147.0,0,0
13,13,12147.0,0,0
14,14,12147.0,0,0
15,15,12147.0,0,0
16,16,12147.0,0,0
17,17,12147.0,0,0
18,18,12147.0,0,0
19,19,12147.0,0,0
20,20,12147.0,0,0
21,21,12147.0,0,0
22,22,12147.0,0,0
23,23,12147.0,0,0
24,24,12147.0,0,0
25,25,12147.0,0,0
26,26,12147.0,0,0
27,27,12147.0,0,0
28,28,12147.0,0,0
29,29,12147.0,0,0
30,30,12147.0,0,0
31,31,12147.0,0,0
32,32,12147.0,0,0
33,33,12147.0,0,0
34,34,12147.0,0,0
35,35,12147.0,0,0
36,36,12147.0,0,0
37,37,12147.0,0,0
38,38,12147.0,0,0
39,39,12147.0,0,0
40,40,12147.0,0,0
41,41,12147.0,0,0
42,42,12147.0,0,0
43,43,12147.0,0,0
44,44,12147.0,0,0
45,45,12147.0,0,0
46,46,12147.0,0,0
47,47,12147.0,0,0
48,48,12147.0,0,0
49,49,12147.0,0,0
50,50,12147.0,0,0
51,51,12147.0,0,0
52,52,12147.0,0,0
53,53,12147.0,0,0
54,54,12147.0,0,0
55,55,12147.0,0,0
56,56,12147.0,0,0
57,57,12147.0,0,0
58,58,12147.0,0,0
59,59,12147.0,0,0
60,60,12147.0,0,0
61,61,12147.0,0,0
62,62,12147.0,0,0
63,63,12147.0,0,0
64,64,12147.0,0,0
65,65,12147.0,0,0
66,66,12145.0,2,0
67,67,12145.0,2,0
68,68,12145.0,2,0
69,69,12144.0,3,0
70,70,12144.0,3,0
71,71,12144.0,3,0
72,72,12144.0,3,0
73,73,12144.0,3,0
74,74,12144.0,3,0
75,75,12144.0,3,0
76,76,12144.0,3,0
77,77,12144.0,3,0
78,78,12144.0,3,0
79,79,12144.0,3,0
80,80,12143.0,4,0
81,81,12143.0,4,0
82,82,12143.0,4,0
83,83,12143.0,4,0
84,84,12143.0,4,0
85,85,12142.0,5,0
86,86,12142.0,5,0
87,87,12142.0,5,0
88,88,12142.0,5,0
89,89,12142.0,5,0
90,90,12142.0,5,0
91,91,12142.0,5,0
92,92,12141.0,6,0
93,93,12139.0,8,0
94,94,12139.0,8,0
95,95,12139.0,8,0
96,96,12139.0,8,0
97,97,12139.0,8,0
98,98,12139.0,8,0
99,99,12138.0,9,0
100,100,12138.0,9,0
101,101,12138.0,9,0
102,102,12138.0,9,0
103,103,12138.0,9,0
104,104,12138.0,9,0
105,105,12138.0,9,0
106,106,12137.0,9,1
107,107,12137.0,9,1
108,108,12137.0,9,1
109,109,12136.0,10,1
110,110,12136.0,10,1
111,111,12136.0,10,1
112,112,12135.0,11,1
113,113,12131.0,15,1
114,114,12131.0,15,1
115,115,12129.0,17,1
116,116,12128.0,18,1
117,117,12128.0,18,1
118,118,12126.0,20,1
119,119,12125.0,21,1
120,120,12125.0,21,1
121,121,12124.0,22,1
122,122,12124.0,22,1
123,123,12124.0,22,1
124,124,12123.0,23,1
125,125,12123.0,23,1
126,126,12123.0,23,1
127,127,12121.0,25,1
128,128,12121.0,25,1
