,Days,S,I,D
0,0,1666753.0,0,0
1,1,1666753.0,0,0
2,2,1666753.0,0,0
3,3,1666753.0,0,0
4,4,1666753.0,0,0
5,5,1666753.0,0,0
6,6,1666753.0,0,0
7,7,1666753.0,0,0
8,8,1666753.0,0,0
9,9,1666753.0,0,0
10,10,1666753.0,0,0
11,11,1666753.0,0,0
12,12,1666753.0,0,0
13,13,1666753.0,0,0
14,14,1666753.0,0,0
15,15,1666753.0,0,0
16,16,1666753.0,0,0
17,17,1666753.0,0,0
18,18,1666753.0,0,0
19,19,1666753.0,0,0
20,20,1666753.0,0,0
21,21,1666753.0,0,0
22,22,1666753.0,0,0
23,23,1666753.0,0,0
24,24,1666753.0,0,0
25,25,1666753.0,0,0
26,26,1666753.0,0,0
27,27,1666753.0,0,0
28,28,1666753.0,0,0
29,29,1666753.0,0,0
30,30,1666753.0,0,0
31,31,1666753.0,0,0
32,32,1666753.0,0,0
33,33,1666753.0,0,0
34,34,1666753.0,0,0
35,35,1666753.0,0,0
36,36,1666753.0,0,0
37,37,1666753.0,0,0
38,38,1666753.0,0,0
39,39,1666753.0,0,0
40,40,1666753.0,0,0
41,41,1666752.0,1,0
42,42,1666752.0,1,0
43,43,1666752.0,1,0
44,44,1666752.0,1,0
45,45,1666751.0,2,0
46,46,1666751.0,2,0
47,47,1666750.0,3,0
48,48,1666750.0,3,0
49,49,1666749.0,4,0
50,50,1666749.0,4,0
51,51,1666746.0,7,0
52,52,1666746.0,7,0
53,53,1666738.0,15,0
54,54,1666735.0,18,0
55,55,1666726.0,27,0
56,56,1666722.0,31,0
57,57,1666718.0,35,0
58,58,1666708.0,45,0
59,59,1666688.0,65,0
60,60,1666647.0,106,0
61,61,1666630.0,122,1
62,62,1666627.0,124,2
63,63,1666616.0,135,2
64,64,1666586.0,163,4
65,65,1666529.0,220,4
66,66,1666491.0,256,6
67,67,1666476.0,270,7
68,68,1666463.0,283,7
69,69,1666433.0,313,7
70,70,1666386.0,359,8
71,71,1666348.0,396,9
72,72,1666298.0,443,12
73,73,1666204.0,537,12
74,74,1666175.0,566,12
75,75,1666152.0,588,13
76,76,1666104.0,634,15
77,77,1666063.0,674,16
78,78,1666023.0,713,17
79,79,1665967.0,766,20
80,80,1665926.0,806,21
81,81,1665887.0,843,23
82,82,1665846.0,884,23
83,83,1665846.0,884,23
84,84,1665755.0,962,36
85,85,1665707.0,1007,39
86,86,1665653.0,1061,39
87,87,1665598.0,1114,41
88,88,1665547.0,1164,42
89,89,1665520.0,1191,42
90,90,1665471.0,1239,43
91,91,1665428.0,1280,45
92,92,1665357.0,1350,46
93,93,1665304.0,1401,48
94,94,1665264.0,1437,52
95,95,1665233.0,1468,52
96,96,1665203.0,1498,52
97,97,1665165.0,1533,55
98,98,1665128.0,1568,57
99,99,1665090.0,1603,60
100,100,1665055.0,1636,62
101,101,1664985.0,1705,63
102,102,1664941.0,1749,63
103,103,1664914.0,1776,63
104,104,1664878.0,1809,66
105,105,1664824.0,1863,66
106,106,1664769.0,1917,67
107,107,1664722.0,1961,70
108,108,1664659.0,2023,71
109,109,1664618.0,2064,71
110,110,1664581.0,2101,71
111,111,1664546.0,2133,74
112,112,1664499.0,2178,76
113,113,1664440.0,2234,79
114,114,1664371.0,2300,82
115,115,1664319.0,2351,83
116,116,1664278.0,2392,83
117,117,1664213.0,2457,83
118,118,1664145.0,2522,86
119,119,1664105.0,2560,88
120,120,1664054.0,2609,90
121,121,1663955.0,2708,90
122,122,1663894.0,2767,92
123,123,1663813.0,2847,93
124,124,1663786.0,2874,93
125,125,1663674.0,2986,93
126,126,1663611.0,3049,93
127,127,1663562.0,3097,94
128,128,1663463.0,3195,95
