,Days,S,I,D
0,0,24943.0,0,0
1,1,24943.0,0,0
2,2,24943.0,0,0
3,3,24943.0,0,0
4,4,24943.0,0,0
5,5,24943.0,0,0
6,6,24943.0,0,0
7,7,24943.0,0,0
8,8,24943.0,0,0
9,9,24943.0,0,0
10,10,24943.0,0,0
11,11,24943.0,0,0
12,12,24943.0,0,0
13,13,24943.0,0,0
14,14,24943.0,0,0
15,15,24943.0,0,0
16,16,24943.0,0,0
17,17,24943.0,0,0
18,18,24943.0,0,0
19,19,24943.0,0,0
20,20,24943.0,0,0
21,21,24943.0,0,0
22,22,24943.0,0,0
23,23,24943.0,0,0
24,24,24943.0,0,0
25,25,24943.0,0,0
26,26,24943.0,0,0
27,27,24943.0,0,0
28,28,24943.0,0,0
29,29,24943.0,0,0
30,30,24943.0,0,0
31,31,24943.0,0,0
32,32,24943.0,0,0
33,33,24943.0,0,0
34,34,24943.0,0,0
35,35,24943.0,0,0
36,36,24943.0,0,0
37,37,24943.0,0,0
38,38,24943.0,0,0
39,39,24943.0,0,0
40,40,24943.0,0,0
41,41,24943.0,0,0
42,42,24943.0,0,0
43,43,24943.0,0,0
44,44,24943.0,0,0
45,45,24943.0,0,0
46,46,24943.0,0,0
47,47,24943.0,0,0
48,48,24943.0,0,0
49,49,24943.0,0,0
50,50,24943.0,0,0
51,51,24943.0,0,0
52,52,24943.0,0,0
53,53,24943.0,0,0
54,54,24943.0,0,0
55,55,24943.0,0,0
56,56,24943.0,0,0
57,57,24943.0,0,0
58,58,24943.0,0,0
59,59,24943.0,0,0
60,60,24943.0,0,0
61,61,24943.0,0,0
62,62,24943.0,0,0
63,63,24943.0,0,0
64,64,24943.0,0,0
65,65,24943.0,0,0
66,66,24943.0,0,0
67,67,24943.0,0,0
68,68,24943.0,0,0
69,69,24943.0,0,0
70,70,24943.0,0,0
71,71,24943.0,0,0
72,72,24943.0,0,0
73,73,24943.0,0,0
74,74,24943.0,0,0
75,75,24943.0,0,0
76,76,24943.0,0,0
77,77,24942.0,1,0
78,78,24942.0,1,0
79,79,24942.0,1,0
80,80,24942.0,1,0
81,81,24942.0,1,0
82,82,24942.0,1,0
83,83,24942.0,1,0
84,84,24941.0,2,0
85,85,24940.0,3,0
86,86,24939.0,4,0
87,87,24939.0,4,0
88,88,24939.0,4,0
89,89,24938.0,5,0
90,90,24937.0,6,0
91,91,24937.0,6,0
92,92,24936.0,7,0
93,93,24935.0,8,0
94,94,24934.0,8,1
95,95,24934.0,8,1
96,96,24934.0,8,1
97,97,24934.0,8,1
98,98,24934.0,8,1
99,99,24934.0,8,1
100,100,24934.0,8,1
101,101,24934.0,8,1
102,102,24934.0,8,1
103,103,24933.0,9,1
104,104,24933.0,9,1
105,105,24933.0,9,1
106,106,24933.0,9,1
107,107,24933.0,9,1
108,108,24933.0,9,1
109,109,24933.0,9,1
110,110,24933.0,9,1
111,111,24933.0,9,1
112,112,24933.0,9,1
113,113,24933.0,9,1
114,114,24933.0,9,1
115,115,24933.0,9,1
116,116,24933.0,9,1
117,117,24933.0,9,1
118,118,24933.0,9,1
119,119,24933.0,9,1
120,120,24932.0,10,1
121,121,24932.0,10,1
122,122,24932.0,10,1
123,123,24932.0,10,1
124,124,24932.0,10,1
125,125,24932.0,10,1
126,126,24932.0,10,1
127,127,24932.0,10,1
128,128,24931.0,11,1
