,Days,S,I,D
0,0,8985.0,0,0
1,1,8985.0,0,0
2,2,8985.0,0,0
3,3,8985.0,0,0
4,4,8985.0,0,0
5,5,8985.0,0,0
6,6,8985.0,0,0
7,7,8985.0,0,0
8,8,8985.0,0,0
9,9,8985.0,0,0
10,10,8985.0,0,0
11,11,8985.0,0,0
12,12,8985.0,0,0
13,13,8985.0,0,0
14,14,8985.0,0,0
15,15,8985.0,0,0
16,16,8985.0,0,0
17,17,8985.0,0,0
18,18,8985.0,0,0
19,19,8985.0,0,0
20,20,8985.0,0,0
21,21,8985.0,0,0
22,22,8985.0,0,0
23,23,8985.0,0,0
24,24,8985.0,0,0
25,25,8985.0,0,0
26,26,8985.0,0,0
27,27,8985.0,0,0
28,28,8985.0,0,0
29,29,8985.0,0,0
30,30,8985.0,0,0
31,31,8985.0,0,0
32,32,8985.0,0,0
33,33,8985.0,0,0
34,34,8985.0,0,0
35,35,8985.0,0,0
36,36,8985.0,0,0
37,37,8985.0,0,0
38,38,8985.0,0,0
39,39,8985.0,0,0
40,40,8985.0,0,0
41,41,8985.0,0,0
42,42,8985.0,0,0
43,43,8985.0,0,0
44,44,8985.0,0,0
45,45,8985.0,0,0
46,46,8985.0,0,0
47,47,8985.0,0,0
48,48,8985.0,0,0
49,49,8985.0,0,0
50,50,8985.0,0,0
51,51,8985.0,0,0
52,52,8985.0,0,0
53,53,8985.0,0,0
54,54,8985.0,0,0
55,55,8985.0,0,0
56,56,8985.0,0,0
57,57,8985.0,0,0
58,58,8985.0,0,0
59,59,8985.0,0,0
60,60,8985.0,0,0
61,61,8985.0,0,0
62,62,8985.0,0,0
63,63,8985.0,0,0
64,64,8985.0,0,0
65,65,8985.0,0,0
66,66,8985.0,0,0
67,67,8985.0,0,0
68,68,8985.0,0,0
69,69,8985.0,0,0
70,70,8984.0,1,0
71,71,8984.0,1,0
72,72,8984.0,1,0
73,73,8984.0,1,0
74,74,8983.0,2,0
75,75,8983.0,2,0
76,76,8983.0,2,0
77,77,8983.0,2,0
78,78,8983.0,2,0
79,79,8983.0,2,0
80,80,8983.0,2,0
81,81,8983.0,2,0
82,82,8983.0,2,0
83,83,8982.0,2,1
84,84,8981.0,3,1
85,85,8981.0,3,1
86,86,8981.0,3,1
87,87,8981.0,3,1
88,88,8981.0,3,1
89,89,8981.0,3,1
90,90,8981.0,3,1
91,91,8981.0,3,1
92,92,8981.0,3,1
93,93,8981.0,3,1
94,94,8981.0,3,1
95,95,8981.0,3,1
96,96,8981.0,3,1
97,97,8981.0,3,1
98,98,8981.0,3,1
99,99,8981.0,3,1
100,100,8981.0,3,1
101,101,8981.0,3,1
102,102,8981.0,3,1
103,103,8981.0,3,1
104,104,8980.0,4,1
105,105,8980.0,4,1
106,106,8980.0,4,1
107,107,8980.0,4,1
108,108,8980.0,4,1
109,109,8979.0,5,1
110,110,8979.0,5,1
111,111,8975.0,9,1
112,112,8975.0,9,1
113,113,8974.0,10,1
114,114,8974.0,10,1
115,115,8974.0,10,1
116,116,8973.0,11,1
117,117,8972.0,12,1
118,118,8972.0,12,1
119,119,8972.0,12,1
120,120,8971.0,13,1
121,121,8971.0,13,1
122,122,8970.0,14,1
123,123,8969.0,15,1
124,124,8967.0,17,1
125,125,8967.0,17,1
126,126,8967.0,17,1
127,127,8966.0,18,1
128,128,8966.0,18,1
