,Days,S,I,D
0,0,11924.0,0,0
1,1,11924.0,0,0
2,2,11924.0,0,0
3,3,11924.0,0,0
4,4,11924.0,0,0
5,5,11924.0,0,0
6,6,11924.0,0,0
7,7,11924.0,0,0
8,8,11924.0,0,0
9,9,11924.0,0,0
10,10,11924.0,0,0
11,11,11924.0,0,0
12,12,11924.0,0,0
13,13,11924.0,0,0
14,14,11924.0,0,0
15,15,11924.0,0,0
16,16,11924.0,0,0
17,17,11924.0,0,0
18,18,11924.0,0,0
19,19,11924.0,0,0
20,20,11924.0,0,0
21,21,11924.0,0,0
22,22,11924.0,0,0
23,23,11924.0,0,0
24,24,11924.0,0,0
25,25,11924.0,0,0
26,26,11924.0,0,0
27,27,11924.0,0,0
28,28,11924.0,0,0
29,29,11924.0,0,0
30,30,11924.0,0,0
31,31,11924.0,0,0
32,32,11924.0,0,0
33,33,11924.0,0,0
34,34,11924.0,0,0
35,35,11924.0,0,0
36,36,11924.0,0,0
37,37,11924.0,0,0
38,38,11924.0,0,0
39,39,11924.0,0,0
40,40,11924.0,0,0
41,41,11924.0,0,0
42,42,11924.0,0,0
43,43,11924.0,0,0
44,44,11924.0,0,0
45,45,11924.0,0,0
46,46,11924.0,0,0
47,47,11924.0,0,0
48,48,11924.0,0,0
49,49,11924.0,0,0
50,50,11924.0,0,0
51,51,11924.0,0,0
52,52,11924.0,0,0
53,53,11924.0,0,0
54,54,11924.0,0,0
55,55,11924.0,0,0
56,56,11924.0,0,0
57,57,11924.0,0,0
58,58,11924.0,0,0
59,59,11924.0,0,0
60,60,11924.0,0,0
61,61,11924.0,0,0
62,62,11924.0,0,0
63,63,11924.0,0,0
64,64,11924.0,0,0
65,65,11924.0,0,0
66,66,11924.0,0,0
67,67,11924.0,0,0
68,68,11924.0,0,0
69,69,11924.0,0,0
70,70,11924.0,0,0
71,71,11924.0,0,0
72,72,11924.0,0,0
73,73,11924.0,0,0
74,74,11924.0,0,0
75,75,11924.0,0,0
76,76,11924.0,0,0
77,77,11924.0,0,0
78,78,11924.0,0,0
79,79,11924.0,0,0
80,80,11924.0,0,0
81,81,11924.0,0,0
82,82,11924.0,0,0
83,83,11924.0,0,0
84,84,11924.0,0,0
85,85,11924.0,0,0
86,86,11924.0,0,0
87,87,11924.0,0,0
88,88,11924.0,0,0
89,89,11923.0,1,0
90,90,11923.0,1,0
91,91,11923.0,1,0
92,92,11923.0,1,0
93,93,11923.0,1,0
94,94,11922.0,2,0
95,95,11922.0,2,0
96,96,11922.0,2,0
97,97,11922.0,2,0
98,98,11922.0,2,0
99,99,11922.0,2,0
100,100,11922.0,2,0
101,101,11922.0,2,0
102,102,11921.0,3,0
103,103,11921.0,3,0
104,104,11921.0,3,0
105,105,11920.0,4,0
106,106,11919.0,5,0
107,107,11919.0,5,0
108,108,11919.0,5,0
109,109,11918.0,6,0
110,110,11910.0,14,0
111,111,11903.0,21,0
112,112,11898.0,26,0
113,113,11897.0,27,0
114,114,11897.0,27,0
115,115,11896.0,28,0
116,116,11894.0,30,0
117,117,11892.0,32,0
118,118,11890.0,34,0
119,119,11888.0,36,0
120,120,11887.0,37,0
121,121,11885.0,39,0
122,122,11885.0,39,0
123,123,11884.0,40,0
124,124,11882.0,42,0
125,125,11881.0,42,1
126,126,11879.0,44,1
127,127,11879.0,44,1
128,128,11874.0,49,1
