,Days,S,I,D
0,0,18029.0,0,0
1,1,18029.0,0,0
2,2,18029.0,0,0
3,3,18029.0,0,0
4,4,18029.0,0,0
5,5,18029.0,0,0
6,6,18029.0,0,0
7,7,18029.0,0,0
8,8,18029.0,0,0
9,9,18029.0,0,0
10,10,18029.0,0,0
11,11,18029.0,0,0
12,12,18029.0,0,0
13,13,18029.0,0,0
14,14,18029.0,0,0
15,15,18029.0,0,0
16,16,18029.0,0,0
17,17,18029.0,0,0
18,18,18029.0,0,0
19,19,18029.0,0,0
20,20,18029.0,0,0
21,21,18029.0,0,0
22,22,18029.0,0,0
23,23,18029.0,0,0
24,24,18029.0,0,0
25,25,18029.0,0,0
26,26,18029.0,0,0
27,27,18029.0,0,0
28,28,18029.0,0,0
29,29,18029.0,0,0
30,30,18029.0,0,0
31,31,18029.0,0,0
32,32,18029.0,0,0
33,33,18029.0,0,0
34,34,18029.0,0,0
35,35,18029.0,0,0
36,36,18029.0,0,0
37,37,18029.0,0,0
38,38,18029.0,0,0
39,39,18029.0,0,0
40,40,18029.0,0,0
41,41,18029.0,0,0
42,42,18029.0,0,0
43,43,18029.0,0,0
44,44,18029.0,0,0
45,45,18029.0,0,0
46,46,18029.0,0,0
47,47,18029.0,0,0
48,48,18029.0,0,0
49,49,18029.0,0,0
50,50,18029.0,0,0
51,51,18029.0,0,0
52,52,18029.0,0,0
53,53,18029.0,0,0
54,54,18029.0,0,0
55,55,18029.0,0,0
56,56,18029.0,0,0
57,57,18029.0,0,0
58,58,18029.0,0,0
59,59,18029.0,0,0
60,60,18029.0,0,0
61,61,18029.0,0,0
62,62,18029.0,0,0
63,63,18029.0,0,0
64,64,18029.0,0,0
65,65,18029.0,0,0
66,66,18029.0,0,0
67,67,18029.0,0,0
68,68,18029.0,0,0
69,69,18029.0,0,0
70,70,18029.0,0,0
71,71,18029.0,0,0
72,72,18029.0,0,0
73,73,18029.0,0,0
74,74,18028.0,1,0
75,75,18028.0,1,0
76,76,18028.0,1,0
77,77,18028.0,1,0
78,78,18027.0,2,0
79,79,18026.0,3,0
80,80,18026.0,3,0
81,81,18025.0,3,1
82,82,18024.0,4,1
83,83,18024.0,4,1
84,84,18024.0,4,1
85,85,18024.0,4,1
86,86,18024.0,4,1
87,87,18024.0,4,1
88,88,18024.0,4,1
89,89,18024.0,4,1
90,90,18024.0,4,1
91,91,18024.0,4,1
92,92,18024.0,4,1
93,93,18024.0,4,1
94,94,18024.0,4,1
95,95,18024.0,4,1
96,96,18024.0,4,1
97,97,18024.0,4,1
98,98,18024.0,4,1
99,99,18024.0,4,1
100,100,18024.0,4,1
101,101,18024.0,4,1
102,102,18024.0,4,1
103,103,18024.0,4,1
104,104,18024.0,4,1
105,105,18024.0,4,1
106,106,18024.0,4,1
107,107,18024.0,4,1
108,108,18024.0,4,1
109,109,18024.0,4,1
110,110,18024.0,4,1
111,111,18024.0,4,1
112,112,18024.0,4,1
113,113,18024.0,4,1
114,114,18024.0,4,1
115,115,18024.0,4,1
116,116,18023.0,5,1
117,117,18023.0,5,1
118,118,18023.0,5,1
119,119,18023.0,5,1
120,120,18022.0,6,1
121,121,18021.0,7,1
122,122,18021.0,7,1
123,123,18019.0,9,1
124,124,18019.0,9,1
125,125,18019.0,9,1
126,126,18016.0,12,1
127,127,18016.0,12,1
128,128,18009.0,19,1
