,Days,S,I,D
0,0,37349.0,0,0
1,1,37349.0,0,0
2,2,37349.0,0,0
3,3,37349.0,0,0
4,4,37349.0,0,0
5,5,37349.0,0,0
6,6,37349.0,0,0
7,7,37349.0,0,0
8,8,37349.0,0,0
9,9,37349.0,0,0
10,10,37349.0,0,0
11,11,37349.0,0,0
12,12,37349.0,0,0
13,13,37349.0,0,0
14,14,37349.0,0,0
15,15,37349.0,0,0
16,16,37349.0,0,0
17,17,37349.0,0,0
18,18,37349.0,0,0
19,19,37349.0,0,0
20,20,37349.0,0,0
21,21,37349.0,0,0
22,22,37349.0,0,0
23,23,37349.0,0,0
24,24,37349.0,0,0
25,25,37349.0,0,0
26,26,37349.0,0,0
27,27,37349.0,0,0
28,28,37349.0,0,0
29,29,37349.0,0,0
30,30,37349.0,0,0
31,31,37349.0,0,0
32,32,37349.0,0,0
33,33,37349.0,0,0
34,34,37349.0,0,0
35,35,37349.0,0,0
36,36,37349.0,0,0
37,37,37349.0,0,0
38,38,37349.0,0,0
39,39,37349.0,0,0
40,40,37349.0,0,0
41,41,37349.0,0,0
42,42,37349.0,0,0
43,43,37349.0,0,0
44,44,37349.0,0,0
45,45,37349.0,0,0
46,46,37349.0,0,0
47,47,37349.0,0,0
48,48,37349.0,0,0
49,49,37349.0,0,0
50,50,37349.0,0,0
51,51,37349.0,0,0
52,52,37349.0,0,0
53,53,37349.0,0,0
54,54,37349.0,0,0
55,55,37349.0,0,0
56,56,37349.0,0,0
57,57,37349.0,0,0
58,58,37348.0,1,0
59,59,37347.0,2,0
60,60,37347.0,2,0
61,61,37347.0,2,0
62,62,37347.0,2,0
63,63,37347.0,2,0
64,64,37347.0,2,0
65,65,37346.0,3,0
66,66,37343.0,6,0
67,67,37343.0,6,0
68,68,37342.0,7,0
69,69,37342.0,7,0
70,70,37341.0,8,0
71,71,37341.0,8,0
72,72,37341.0,8,0
73,73,37340.0,9,0
74,74,37339.0,10,0
75,75,37337.0,12,0
76,76,37334.0,15,0
77,77,37333.0,16,0
78,78,37333.0,16,0
79,79,37331.0,18,0
80,80,37329.0,20,0
81,81,37329.0,20,0
82,82,37329.0,20,0
83,83,37329.0,20,0
84,84,37328.0,20,1
85,85,37328.0,20,1
86,86,37328.0,20,1
87,87,37327.0,21,1
88,88,37327.0,21,1
89,89,37327.0,21,1
90,90,37327.0,21,1
91,91,37327.0,21,1
92,92,37327.0,21,1
93,93,37326.0,22,1
94,94,37326.0,22,1
95,95,37326.0,22,1
96,96,37326.0,22,1
97,97,37326.0,22,1
98,98,37325.0,23,1
99,99,37325.0,23,1
100,100,37324.0,24,1
101,101,37324.0,24,1
102,102,37323.0,25,1
103,103,37321.0,27,1
104,104,37321.0,27,1
105,105,37321.0,27,1
106,106,37321.0,27,1
107,107,37321.0,27,1
108,108,37321.0,27,1
109,109,37321.0,27,1
110,110,37321.0,27,1
111,111,37321.0,27,1
112,112,37320.0,28,1
113,113,37320.0,28,1
114,114,37320.0,28,1
115,115,37320.0,28,1
116,116,37320.0,28,1
117,117,37320.0,28,1
118,118,37320.0,28,1
119,119,37319.0,29,1
120,120,37318.0,30,1
121,121,37318.0,30,1
122,122,37318.0,30,1
123,123,37318.0,30,1
124,124,37318.0,30,1
125,125,37318.0,30,1
126,126,37318.0,30,1
127,127,37318.0,30,1
128,128,37318.0,30,1
