,Days,S,I,D
0,0,32250.0,0,0
1,1,32250.0,0,0
2,2,32250.0,0,0
3,3,32250.0,0,0
4,4,32250.0,0,0
5,5,32250.0,0,0
6,6,32250.0,0,0
7,7,32250.0,0,0
8,8,32250.0,0,0
9,9,32250.0,0,0
10,10,32250.0,0,0
11,11,32250.0,0,0
12,12,32250.0,0,0
13,13,32250.0,0,0
14,14,32250.0,0,0
15,15,32250.0,0,0
16,16,32250.0,0,0
17,17,32250.0,0,0
18,18,32250.0,0,0
19,19,32250.0,0,0
20,20,32250.0,0,0
21,21,32250.0,0,0
22,22,32250.0,0,0
23,23,32250.0,0,0
24,24,32250.0,0,0
25,25,32250.0,0,0
26,26,32250.0,0,0
27,27,32250.0,0,0
28,28,32250.0,0,0
29,29,32250.0,0,0
30,30,32250.0,0,0
31,31,32250.0,0,0
32,32,32250.0,0,0
33,33,32250.0,0,0
34,34,32250.0,0,0
35,35,32250.0,0,0
36,36,32250.0,0,0
37,37,32250.0,0,0
38,38,32250.0,0,0
39,39,32250.0,0,0
40,40,32250.0,0,0
41,41,32250.0,0,0
42,42,32250.0,0,0
43,43,32250.0,0,0
44,44,32250.0,0,0
45,45,32250.0,0,0
46,46,32250.0,0,0
47,47,32250.0,0,0
48,48,32250.0,0,0
49,49,32250.0,0,0
50,50,32250.0,0,0
51,51,32250.0,0,0
52,52,32250.0,0,0
53,53,32250.0,0,0
54,54,32250.0,0,0
55,55,32250.0,0,0
56,56,32250.0,0,0
57,57,32250.0,0,0
58,58,32250.0,0,0
59,59,32250.0,0,0
60,60,32250.0,0,0
61,61,32250.0,0,0
62,62,32250.0,0,0
63,63,32250.0,0,0
64,64,32250.0,0,0
65,65,32250.0,0,0
66,66,32249.0,1,0
67,67,32249.0,1,0
68,68,32249.0,1,0
69,69,32249.0,1,0
70,70,32249.0,1,0
71,71,32249.0,1,0
72,72,32247.0,3,0
73,73,32247.0,3,0
74,74,32246.0,4,0
75,75,32246.0,4,0
76,76,32245.0,5,0
77,77,32242.0,8,0
78,78,32239.0,10,1
79,79,32238.0,11,1
80,80,32238.0,11,1
81,81,32238.0,11,1
82,82,32238.0,11,1
83,83,32237.0,12,1
84,84,32236.0,13,1
85,85,32235.0,14,1
86,86,32233.0,16,1
87,87,32233.0,16,1
88,88,32231.0,18,1
89,89,32230.0,19,1
90,90,32229.0,20,1
91,91,32229.0,20,1
92,92,32229.0,20,1
93,93,32223.0,26,1
94,94,32219.0,30,1
95,95,32218.0,31,1
96,96,32217.0,32,1
97,97,32214.0,35,1
98,98,32213.0,36,1
99,99,32211.0,38,1
100,100,32204.0,45,1
101,101,32202.0,47,1
102,102,32193.0,56,1
103,103,32185.0,64,1
104,104,32184.0,65,1
105,105,32179.0,70,1
106,106,32174.0,75,1
107,107,32169.0,80,1
108,108,32164.0,85,1
109,109,32161.0,88,1
110,110,32153.0,96,1
111,111,32149.0,100,1
112,112,32138.0,111,1
113,113,32133.0,116,1
114,114,32131.0,118,1
115,115,32123.0,126,1
116,116,32115.0,134,1
117,117,32107.0,142,1
118,118,32100.0,149,1
119,119,32086.0,163,1
120,120,32064.0,185,1
121,121,32055.0,194,1
122,122,32045.0,204,1
123,123,32041.0,208,1
124,124,32034.0,215,1
125,125,32027.0,222,1
126,126,32027.0,222,1
127,127,32027.0,222,1
128,128,32026.0,223,1
