,Days,S,I,D
0,0,28601.0,0,0
1,1,28601.0,0,0
2,2,28601.0,0,0
3,3,28601.0,0,0
4,4,28601.0,0,0
5,5,28601.0,0,0
6,6,28601.0,0,0
7,7,28601.0,0,0
8,8,28601.0,0,0
9,9,28601.0,0,0
10,10,28601.0,0,0
11,11,28601.0,0,0
12,12,28601.0,0,0
13,13,28601.0,0,0
14,14,28601.0,0,0
15,15,28601.0,0,0
16,16,28601.0,0,0
17,17,28601.0,0,0
18,18,28601.0,0,0
19,19,28601.0,0,0
20,20,28601.0,0,0
21,21,28601.0,0,0
22,22,28601.0,0,0
23,23,28601.0,0,0
24,24,28601.0,0,0
25,25,28601.0,0,0
26,26,28601.0,0,0
27,27,28601.0,0,0
28,28,28601.0,0,0
29,29,28601.0,0,0
30,30,28601.0,0,0
31,31,28601.0,0,0
32,32,28601.0,0,0
33,33,28601.0,0,0
34,34,28601.0,0,0
35,35,28601.0,0,0
36,36,28601.0,0,0
37,37,28601.0,0,0
38,38,28601.0,0,0
39,39,28601.0,0,0
40,40,28601.0,0,0
41,41,28601.0,0,0
42,42,28601.0,0,0
43,43,28601.0,0,0
44,44,28601.0,0,0
45,45,28601.0,0,0
46,46,28601.0,0,0
47,47,28601.0,0,0
48,48,28601.0,0,0
49,49,28601.0,0,0
50,50,28601.0,0,0
51,51,28601.0,0,0
52,52,28601.0,0,0
53,53,28601.0,0,0
54,54,28601.0,0,0
55,55,28601.0,0,0
56,56,28601.0,0,0
57,57,28601.0,0,0
58,58,28601.0,0,0
59,59,28601.0,0,0
60,60,28601.0,0,0
61,61,28601.0,0,0
62,62,28601.0,0,0
63,63,28601.0,0,0
64,64,28601.0,0,0
65,65,28601.0,0,0
66,66,28601.0,0,0
67,67,28600.0,1,0
68,68,28600.0,1,0
69,69,28599.0,2,0
70,70,28599.0,2,0
71,71,28599.0,2,0
72,72,28599.0,2,0
73,73,28599.0,2,0
74,74,28597.0,3,1
75,75,28597.0,3,1
76,76,28597.0,3,1
77,77,28596.0,4,1
78,78,28594.0,6,1
79,79,28592.0,8,1
80,80,28592.0,8,1
81,81,28592.0,8,1
82,82,28591.0,9,1
83,83,28591.0,9,1
84,84,28591.0,9,1
85,85,28591.0,9,1
86,86,28589.0,11,1
87,87,28587.0,13,1
88,88,28586.0,14,1
89,89,28584.0,16,1
90,90,28583.0,17,1
91,91,28579.0,21,1
92,92,28579.0,21,1
93,93,28577.0,23,1
94,94,28577.0,23,1
95,95,28577.0,23,1
96,96,28577.0,23,1
97,97,28576.0,24,1
98,98,28575.0,25,1
99,99,28574.0,26,1
100,100,28574.0,26,1
101,101,28573.0,27,1
102,102,28572.0,28,1
103,103,28571.0,29,1
104,104,28570.0,30,1
105,105,28567.0,33,1
106,106,28567.0,33,1
107,107,28566.0,34,1
108,108,28566.0,34,1
109,109,28566.0,34,1
110,110,28566.0,34,1
111,111,28566.0,34,1
112,112,28566.0,34,1
113,113,28564.0,36,1
114,114,28564.0,36,1
115,115,28563.0,37,1
116,116,28562.0,38,1
117,117,28562.0,38,1
118,118,28562.0,38,1
119,119,28562.0,38,1
120,120,28562.0,38,1
121,121,28562.0,38,1
122,122,28562.0,38,1
123,123,28561.0,39,1
124,124,28561.0,39,1
125,125,28561.0,39,1
126,126,28561.0,39,1
127,127,28561.0,39,1
128,128,28561.0,39,1
