,Days,S,I,D
0,0,40997.0,0,0
1,1,40997.0,0,0
2,2,40997.0,0,0
3,3,40997.0,0,0
4,4,40997.0,0,0
5,5,40997.0,0,0
6,6,40997.0,0,0
7,7,40997.0,0,0
8,8,40997.0,0,0
9,9,40997.0,0,0
10,10,40997.0,0,0
11,11,40997.0,0,0
12,12,40997.0,0,0
13,13,40997.0,0,0
14,14,40997.0,0,0
15,15,40997.0,0,0
16,16,40997.0,0,0
17,17,40997.0,0,0
18,18,40997.0,0,0
19,19,40997.0,0,0
20,20,40997.0,0,0
21,21,40997.0,0,0
22,22,40997.0,0,0
23,23,40997.0,0,0
24,24,40997.0,0,0
25,25,40997.0,0,0
26,26,40997.0,0,0
27,27,40997.0,0,0
28,28,40997.0,0,0
29,29,40997.0,0,0
30,30,40997.0,0,0
31,31,40997.0,0,0
32,32,40997.0,0,0
33,33,40997.0,0,0
34,34,40997.0,0,0
35,35,40997.0,0,0
36,36,40997.0,0,0
37,37,40997.0,0,0
38,38,40997.0,0,0
39,39,40997.0,0,0
40,40,40997.0,0,0
41,41,40997.0,0,0
42,42,40997.0,0,0
43,43,40997.0,0,0
44,44,40997.0,0,0
45,45,40997.0,0,0
46,46,40997.0,0,0
47,47,40997.0,0,0
48,48,40997.0,0,0
49,49,40997.0,0,0
50,50,40997.0,0,0
51,51,40997.0,0,0
52,52,40997.0,0,0
53,53,40997.0,0,0
54,54,40997.0,0,0
55,55,40997.0,0,0
56,56,40997.0,0,0
57,57,40997.0,0,0
58,58,40997.0,0,0
59,59,40997.0,0,0
60,60,40997.0,0,0
61,61,40997.0,0,0
62,62,40997.0,0,0
63,63,40997.0,0,0
64,64,40997.0,0,0
65,65,40997.0,0,0
66,66,40997.0,0,0
67,67,40997.0,0,0
68,68,40996.0,1,0
69,69,40996.0,1,0
70,70,40996.0,1,0
71,71,40996.0,1,0
72,72,40994.0,3,0
73,73,40993.0,4,0
74,74,40992.0,5,0
75,75,40992.0,5,0
76,76,40990.0,7,0
77,77,40989.0,8,0
78,78,40987.0,9,1
79,79,40986.0,10,1
80,80,40985.0,11,1
81,81,40981.0,15,1
82,82,40980.0,16,1
83,83,40979.0,17,1
84,84,40976.0,20,1
85,85,40976.0,20,1
86,86,40975.0,21,1
87,87,40975.0,21,1
88,88,40975.0,21,1
89,89,40972.0,24,1
90,90,40971.0,25,1
91,91,40971.0,25,1
92,92,40971.0,25,1
93,93,40971.0,25,1
94,94,40971.0,25,1
95,95,40971.0,25,1
96,96,40971.0,25,1
97,97,40971.0,25,1
98,98,40969.0,27,1
99,99,40969.0,27,1
100,100,40969.0,27,1
101,101,40969.0,27,1
102,102,40969.0,27,1
103,103,40969.0,27,1
104,104,40969.0,27,1
105,105,40969.0,27,1
106,106,40969.0,27,1
107,107,40969.0,27,1
108,108,40968.0,28,1
109,109,40968.0,28,1
110,110,40968.0,28,1
111,111,40968.0,28,1
112,112,40968.0,28,1
113,113,40968.0,28,1
114,114,40968.0,28,1
115,115,40968.0,28,1
116,116,40967.0,29,1
117,117,40966.0,30,1
118,118,40966.0,30,1
119,119,40966.0,30,1
120,120,40966.0,30,1
121,121,40966.0,30,1
122,122,40966.0,30,1
123,123,40966.0,30,1
124,124,40966.0,30,1
125,125,40966.0,30,1
126,126,40965.0,31,1
127,127,40963.0,33,1
128,128,40961.0,35,1
