,Days,S,I,D
0,0,75457.0,0,0
1,1,75457.0,0,0
2,2,75457.0,0,0
3,3,75457.0,0,0
4,4,75457.0,0,0
5,5,75457.0,0,0
6,6,75457.0,0,0
7,7,75457.0,0,0
8,8,75457.0,0,0
9,9,75457.0,0,0
10,10,75457.0,0,0
11,11,75457.0,0,0
12,12,75457.0,0,0
13,13,75457.0,0,0
14,14,75457.0,0,0
15,15,75457.0,0,0
16,16,75457.0,0,0
17,17,75457.0,0,0
18,18,75457.0,0,0
19,19,75457.0,0,0
20,20,75457.0,0,0
21,21,75457.0,0,0
22,22,75457.0,0,0
23,23,75457.0,0,0
24,24,75457.0,0,0
25,25,75457.0,0,0
26,26,75457.0,0,0
27,27,75457.0,0,0
28,28,75457.0,0,0
29,29,75457.0,0,0
30,30,75457.0,0,0
31,31,75457.0,0,0
32,32,75457.0,0,0
33,33,75457.0,0,0
34,34,75457.0,0,0
35,35,75457.0,0,0
36,36,75457.0,0,0
37,37,75457.0,0,0
38,38,75457.0,0,0
39,39,75457.0,0,0
40,40,75457.0,0,0
41,41,75457.0,0,0
42,42,75457.0,0,0
43,43,75457.0,0,0
44,44,75457.0,0,0
45,45,75457.0,0,0
46,46,75457.0,0,0
47,47,75457.0,0,0
48,48,75457.0,0,0
49,49,75457.0,0,0
50,50,75457.0,0,0
51,51,75457.0,0,0
52,52,75457.0,0,0
53,53,75457.0,0,0
54,54,75457.0,0,0
55,55,75457.0,0,0
56,56,75457.0,0,0
57,57,75457.0,0,0
58,58,75457.0,0,0
59,59,75457.0,0,0
60,60,75457.0,0,0
61,61,75457.0,0,0
62,62,75457.0,0,0
63,63,75457.0,0,0
64,64,75457.0,0,0
65,65,75457.0,0,0
66,66,75457.0,0,0
67,67,75457.0,0,0
68,68,75457.0,0,0
69,69,75457.0,0,0
70,70,75456.0,1,0
71,71,75455.0,2,0
72,72,75453.0,4,0
73,73,75450.0,7,0
74,74,75449.0,8,0
75,75,75448.0,9,0
76,76,75447.0,10,0
77,77,75444.0,13,0
78,78,75444.0,13,0
79,79,75442.0,15,0
80,80,75440.0,17,0
81,81,75440.0,17,0
82,82,75440.0,17,0
83,83,75440.0,17,0
84,84,75439.0,18,0
85,85,75438.0,19,0
86,86,75438.0,19,0
87,87,75435.0,22,0
88,88,75435.0,22,0
89,89,75433.0,24,0
90,90,75429.0,28,0
91,91,75427.0,30,0
92,92,75423.0,33,1
93,93,75420.0,36,1
94,94,75420.0,36,1
95,95,75420.0,36,1
96,96,75420.0,36,1
97,97,75417.0,39,1
98,98,75415.0,41,1
99,99,75413.0,43,1
100,100,75412.0,44,1
101,101,75411.0,45,1
102,102,75410.0,46,1
103,103,75409.0,47,1
104,104,75409.0,47,1
105,105,75409.0,47,1
106,106,75401.0,55,1
107,107,75401.0,55,1
108,108,75392.0,64,1
109,109,75392.0,64,1
110,110,75392.0,64,1
111,111,75392.0,64,1
112,112,75390.0,66,1
113,113,75386.0,70,1
114,114,75382.0,74,1
115,115,75374.0,82,1
116,116,75372.0,84,1
117,117,75371.0,85,1
118,118,75371.0,85,1
119,119,75371.0,85,1
120,120,75371.0,85,1
121,121,75370.0,86,1
122,122,75367.0,89,1
123,123,75366.0,90,1
124,124,75363.0,93,1
125,125,75356.0,100,1
126,126,75354.0,102,1
127,127,75351.0,105,1
128,128,75351.0,105,1
