,Days,S,I,D
0,0,33683.0,0,0
1,1,33683.0,0,0
2,2,33683.0,0,0
3,3,33683.0,0,0
4,4,33683.0,0,0
5,5,33683.0,0,0
6,6,33683.0,0,0
7,7,33683.0,0,0
8,8,33683.0,0,0
9,9,33683.0,0,0
10,10,33683.0,0,0
11,11,33683.0,0,0
12,12,33683.0,0,0
13,13,33683.0,0,0
14,14,33683.0,0,0
15,15,33683.0,0,0
16,16,33683.0,0,0
17,17,33683.0,0,0
18,18,33683.0,0,0
19,19,33683.0,0,0
20,20,33683.0,0,0
21,21,33683.0,0,0
22,22,33683.0,0,0
23,23,33683.0,0,0
24,24,33683.0,0,0
25,25,33683.0,0,0
26,26,33683.0,0,0
27,27,33683.0,0,0
28,28,33683.0,0,0
29,29,33683.0,0,0
30,30,33683.0,0,0
31,31,33683.0,0,0
32,32,33683.0,0,0
33,33,33683.0,0,0
34,34,33683.0,0,0
35,35,33683.0,0,0
36,36,33683.0,0,0
37,37,33683.0,0,0
38,38,33683.0,0,0
39,39,33683.0,0,0
40,40,33683.0,0,0
41,41,33683.0,0,0
42,42,33683.0,0,0
43,43,33683.0,0,0
44,44,33683.0,0,0
45,45,33683.0,0,0
46,46,33683.0,0,0
47,47,33683.0,0,0
48,48,33683.0,0,0
49,49,33683.0,0,0
50,50,33683.0,0,0
51,51,33683.0,0,0
52,52,33683.0,0,0
53,53,33683.0,0,0
54,54,33683.0,0,0
55,55,33683.0,0,0
56,56,33683.0,0,0
57,57,33683.0,0,0
58,58,33683.0,0,0
59,59,33683.0,0,0
60,60,33683.0,0,0
61,61,33683.0,0,0
62,62,33683.0,0,0
63,63,33683.0,0,0
64,64,33683.0,0,0
65,65,33683.0,0,0
66,66,33683.0,0,0
67,67,33683.0,0,0
68,68,33682.0,1,0
69,69,33682.0,1,0
70,70,33682.0,1,0
71,71,33681.0,2,0
72,72,33679.0,4,0
73,73,33679.0,4,0
74,74,33677.0,6,0
75,75,33674.0,9,0
76,76,33674.0,9,0
77,77,33674.0,9,0
78,78,33673.0,9,1
79,79,33673.0,9,1
80,80,33673.0,9,1
81,81,33673.0,9,1
82,82,33673.0,9,1
83,83,33673.0,9,1
84,84,33673.0,9,1
85,85,33670.0,12,1
86,86,33669.0,13,1
87,87,33666.0,16,1
88,88,33666.0,16,1
89,89,33666.0,16,1
90,90,33660.0,22,1
91,91,33660.0,22,1
92,92,33660.0,22,1
93,93,33660.0,22,1
94,94,33660.0,22,1
95,95,33660.0,22,1
96,96,33660.0,22,1
97,97,33660.0,22,1
98,98,33660.0,22,1
99,99,33660.0,22,1
100,100,33659.0,23,1
101,101,33659.0,23,1
102,102,33659.0,23,1
103,103,33659.0,23,1
104,104,33659.0,23,1
105,105,33659.0,23,1
106,106,33658.0,24,1
107,107,33658.0,24,1
108,108,33658.0,24,1
109,109,33658.0,24,1
110,110,33658.0,24,1
111,111,33658.0,24,1
112,112,33658.0,24,1
113,113,33657.0,25,1
114,114,33657.0,25,1
115,115,33656.0,26,1
116,116,33656.0,26,1
117,117,33656.0,26,1
118,118,33656.0,26,1
119,119,33655.0,27,1
120,120,33655.0,27,1
121,121,33655.0,27,1
122,122,33655.0,27,1
123,123,33655.0,27,1
124,124,33653.0,29,1
125,125,33653.0,29,1
126,126,33653.0,29,1
127,127,33652.0,30,1
128,128,33651.0,31,1
