,Days,S,I,D
0,0,16384.0,0,0
1,1,16384.0,0,0
2,2,16384.0,0,0
3,3,16384.0,0,0
4,4,16384.0,0,0
5,5,16384.0,0,0
6,6,16384.0,0,0
7,7,16384.0,0,0
8,8,16384.0,0,0
9,9,16384.0,0,0
10,10,16384.0,0,0
11,11,16384.0,0,0
12,12,16384.0,0,0
13,13,16384.0,0,0
14,14,16384.0,0,0
15,15,16384.0,0,0
16,16,16384.0,0,0
17,17,16384.0,0,0
18,18,16384.0,0,0
19,19,16384.0,0,0
20,20,16384.0,0,0
21,21,16384.0,0,0
22,22,16384.0,0,0
23,23,16384.0,0,0
24,24,16384.0,0,0
25,25,16384.0,0,0
26,26,16384.0,0,0
27,27,16384.0,0,0
28,28,16384.0,0,0
29,29,16384.0,0,0
30,30,16384.0,0,0
31,31,16384.0,0,0
32,32,16384.0,0,0
33,33,16384.0,0,0
34,34,16384.0,0,0
35,35,16384.0,0,0
36,36,16384.0,0,0
37,37,16384.0,0,0
38,38,16384.0,0,0
39,39,16384.0,0,0
40,40,16384.0,0,0
41,41,16384.0,0,0
42,42,16384.0,0,0
43,43,16384.0,0,0
44,44,16384.0,0,0
45,45,16384.0,0,0
46,46,16384.0,0,0
47,47,16384.0,0,0
48,48,16384.0,0,0
49,49,16384.0,0,0
50,50,16384.0,0,0
51,51,16384.0,0,0
52,52,16384.0,0,0
53,53,16384.0,0,0
54,54,16384.0,0,0
55,55,16384.0,0,0
56,56,16384.0,0,0
57,57,16384.0,0,0
58,58,16384.0,0,0
59,59,16384.0,0,0
60,60,16384.0,0,0
61,61,16384.0,0,0
62,62,16384.0,0,0
63,63,16384.0,0,0
64,64,16384.0,0,0
65,65,16384.0,0,0
66,66,16384.0,0,0
67,67,16384.0,0,0
68,68,16384.0,0,0
69,69,16383.0,1,0
70,70,16383.0,1,0
71,71,16383.0,1,0
72,72,16383.0,1,0
73,73,16383.0,1,0
74,74,16383.0,1,0
75,75,16383.0,1,0
76,76,16383.0,1,0
77,77,16383.0,1,0
78,78,16383.0,1,0
79,79,16382.0,2,0
80,80,16381.0,3,0
81,81,16381.0,3,0
82,82,16381.0,3,0
83,83,16375.0,9,0
84,84,16375.0,9,0
85,85,16374.0,10,0
86,86,16374.0,10,0
87,87,16372.0,12,0
88,88,16372.0,12,0
89,89,16372.0,12,0
90,90,16372.0,12,0
91,91,16371.0,13,0
92,92,16371.0,13,0
93,93,16370.0,14,0
94,94,16370.0,14,0
95,95,16370.0,14,0
96,96,16370.0,14,0
97,97,16370.0,14,0
98,98,16370.0,14,0
99,99,16370.0,14,0
100,100,16370.0,14,0
101,101,16369.0,15,0
102,102,16369.0,15,0
103,103,16369.0,15,0
104,104,16369.0,15,0
105,105,16369.0,15,0
106,106,16368.0,16,0
107,107,16367.0,17,0
108,108,16367.0,17,0
109,109,16366.0,18,0
110,110,16365.0,19,0
111,111,16364.0,20,0
112,112,16364.0,20,0
113,113,16364.0,20,0
114,114,16363.0,20,1
115,115,16363.0,20,1
116,116,16363.0,20,1
117,117,16363.0,20,1
118,118,16362.0,21,1
119,119,16362.0,21,1
120,120,16362.0,21,1
121,121,16362.0,21,1
122,122,16362.0,21,1
123,123,16362.0,21,1
124,124,16362.0,21,1
125,125,16362.0,21,1
126,126,16362.0,21,1
127,127,16359.0,24,1
128,128,16358.0,25,1
