,Days,S,I,D
0,0,121421.0,0,0
1,1,121421.0,0,0
2,2,121421.0,0,0
3,3,121421.0,0,0
4,4,121421.0,0,0
5,5,121421.0,0,0
6,6,121421.0,0,0
7,7,121421.0,0,0
8,8,121421.0,0,0
9,9,121421.0,0,0
10,10,121421.0,0,0
11,11,121421.0,0,0
12,12,121421.0,0,0
13,13,121421.0,0,0
14,14,121421.0,0,0
15,15,121421.0,0,0
16,16,121421.0,0,0
17,17,121421.0,0,0
18,18,121421.0,0,0
19,19,121421.0,0,0
20,20,121421.0,0,0
21,21,121421.0,0,0
22,22,121421.0,0,0
23,23,121421.0,0,0
24,24,121421.0,0,0
25,25,121421.0,0,0
26,26,121421.0,0,0
27,27,121421.0,0,0
28,28,121421.0,0,0
29,29,121421.0,0,0
30,30,121421.0,0,0
31,31,121421.0,0,0
32,32,121421.0,0,0
33,33,121421.0,0,0
34,34,121421.0,0,0
35,35,121421.0,0,0
36,36,121421.0,0,0
37,37,121421.0,0,0
38,38,121421.0,0,0
39,39,121421.0,0,0
40,40,121421.0,0,0
41,41,121421.0,0,0
42,42,121421.0,0,0
43,43,121421.0,0,0
44,44,121421.0,0,0
45,45,121421.0,0,0
46,46,121421.0,0,0
47,47,121421.0,0,0
48,48,121421.0,0,0
49,49,121421.0,0,0
50,50,121420.0,1,0
51,51,121420.0,1,0
52,52,121420.0,1,0
53,53,121420.0,1,0
54,54,121420.0,1,0
55,55,121420.0,1,0
56,56,121420.0,1,0
57,57,121420.0,1,0
58,58,121420.0,1,0
59,59,121420.0,1,0
60,60,121417.0,4,0
61,61,121417.0,4,0
62,62,121418.0,3,0
63,63,121418.0,3,0
64,64,121418.0,3,0
65,65,121417.0,4,0
66,66,121417.0,4,0
67,67,121415.0,6,0
68,68,121413.0,8,0
69,69,121410.0,11,0
70,70,121407.0,14,0
71,71,121403.0,18,0
72,72,121400.0,21,0
73,73,121400.0,21,0
74,74,121391.0,29,1
75,75,121387.0,33,1
76,76,121387.0,33,1
77,77,121390.0,30,1
78,78,121389.0,31,1
79,79,121388.0,32,1
80,80,121388.0,32,1
81,81,121388.0,32,1
82,82,121388.0,32,1
83,83,121387.0,33,1
84,84,121385.0,35,1
85,85,121384.0,36,1
86,86,121383.0,37,1
87,87,121377.0,43,1
88,88,121377.0,43,1
89,89,121375.0,45,1
90,90,121374.0,46,1
91,91,121372.0,48,1
92,92,121369.0,51,1
93,93,121366.0,54,1
94,94,121366.0,54,1
95,95,121365.0,55,1
96,96,121364.0,56,1
97,97,121363.0,57,1
98,98,121356.0,64,1
99,99,121353.0,67,1
100,100,121353.0,67,1
101,101,121353.0,67,1
102,102,121353.0,67,1
103,103,121353.0,67,1
104,104,121353.0,67,1
105,105,121353.0,67,1
106,106,121350.0,70,1
107,107,121348.0,72,1
108,108,121348.0,72,1
109,109,121347.0,73,1
110,110,121347.0,73,1
111,111,121345.0,75,1
112,112,121344.0,76,1
113,113,121342.0,78,1
114,114,121340.0,80,1
115,115,121339.0,81,1
116,116,121338.0,82,1
117,117,121338.0,82,1
118,118,121338.0,82,1
119,119,121338.0,82,1
120,120,121337.0,83,1
121,121,121337.0,83,1
122,122,121333.0,87,1
123,123,121323.0,97,1
124,124,121322.0,98,1
125,125,121321.0,99,1
126,126,121321.0,99,1
127,127,121312.0,108,1
128,128,121310.0,110,1
