,Days,S,I,D
0,0,25439.0,0,0
1,1,25439.0,0,0
2,2,25439.0,0,0
3,3,25439.0,0,0
4,4,25439.0,0,0
5,5,25439.0,0,0
6,6,25439.0,0,0
7,7,25439.0,0,0
8,8,25439.0,0,0
9,9,25439.0,0,0
10,10,25439.0,0,0
11,11,25439.0,0,0
12,12,25439.0,0,0
13,13,25439.0,0,0
14,14,25439.0,0,0
15,15,25439.0,0,0
16,16,25439.0,0,0
17,17,25439.0,0,0
18,18,25439.0,0,0
19,19,25439.0,0,0
20,20,25439.0,0,0
21,21,25439.0,0,0
22,22,25439.0,0,0
23,23,25439.0,0,0
24,24,25439.0,0,0
25,25,25439.0,0,0
26,26,25439.0,0,0
27,27,25439.0,0,0
28,28,25439.0,0,0
29,29,25439.0,0,0
30,30,25439.0,0,0
31,31,25439.0,0,0
32,32,25439.0,0,0
33,33,25439.0,0,0
34,34,25439.0,0,0
35,35,25439.0,0,0
36,36,25439.0,0,0
37,37,25439.0,0,0
38,38,25439.0,0,0
39,39,25439.0,0,0
40,40,25439.0,0,0
41,41,25439.0,0,0
42,42,25439.0,0,0
43,43,25439.0,0,0
44,44,25439.0,0,0
45,45,25439.0,0,0
46,46,25439.0,0,0
47,47,25439.0,0,0
48,48,25439.0,0,0
49,49,25439.0,0,0
50,50,25439.0,0,0
51,51,25439.0,0,0
52,52,25439.0,0,0
53,53,25439.0,0,0
54,54,25439.0,0,0
55,55,25439.0,0,0
56,56,25439.0,0,0
57,57,25439.0,0,0
58,58,25439.0,0,0
59,59,25439.0,0,0
60,60,25439.0,0,0
61,61,25439.0,0,0
62,62,25439.0,0,0
63,63,25439.0,0,0
64,64,25439.0,0,0
65,65,25439.0,0,0
66,66,25439.0,0,0
67,67,25439.0,0,0
68,68,25438.0,1,0
69,69,25437.0,2,0
70,70,25437.0,2,0
71,71,25437.0,2,0
72,72,25437.0,2,0
73,73,25436.0,3,0
74,74,25428.0,11,0
75,75,25422.0,17,0
76,76,25411.0,28,0
77,77,25408.0,31,0
78,78,25408.0,31,0
79,79,25408.0,31,0
80,80,25408.0,31,0
81,81,25407.0,32,0
82,82,25394.0,45,0
83,83,25394.0,45,0
84,84,25394.0,45,0
85,85,25376.0,63,0
86,86,25376.0,63,0
87,87,25375.0,64,0
88,88,25375.0,64,0
89,89,25374.0,65,0
90,90,25373.0,66,0
91,91,25373.0,66,0
92,92,25370.0,69,0
93,93,25365.0,74,0
94,94,25364.0,75,0
95,95,25359.0,80,0
96,96,25358.0,81,0
97,97,25357.0,82,0
98,98,25356.0,83,0
99,99,25356.0,83,0
100,100,25355.0,84,0
101,101,25352.0,87,0
102,102,25346.0,93,0
103,103,25344.0,95,0
104,104,25344.0,95,0
105,105,25341.0,98,0
106,106,25335.0,104,0
107,107,25331.0,108,0
108,108,25331.0,108,0
109,109,25161.0,278,0
110,110,25160.0,279,0
111,111,25134.0,305,0
112,112,25129.0,310,0
113,113,25123.0,316,0
114,114,25106.0,333,0
115,115,25104.0,335,0
116,116,25098.0,341,0
117,117,25090.0,349,0
118,118,25077.0,362,0
119,119,25074.0,365,0
120,120,24839.0,600,0
121,121,24817.0,621,1
122,122,24810.0,628,1
123,123,24804.0,634,1
124,124,24799.0,639,1
125,125,24787.0,651,1
126,126,24783.0,655,1
127,127,24778.0,660,1
128,128,24774.0,664,1
