,Days,S,I,D
0,0,6941.0,0,0
1,1,6941.0,0,0
2,2,6941.0,0,0
3,3,6941.0,0,0
4,4,6941.0,0,0
5,5,6941.0,0,0
6,6,6941.0,0,0
7,7,6941.0,0,0
8,8,6941.0,0,0
9,9,6941.0,0,0
10,10,6941.0,0,0
11,11,6941.0,0,0
12,12,6941.0,0,0
13,13,6941.0,0,0
14,14,6941.0,0,0
15,15,6941.0,0,0
16,16,6941.0,0,0
17,17,6941.0,0,0
18,18,6941.0,0,0
19,19,6941.0,0,0
20,20,6941.0,0,0
21,21,6941.0,0,0
22,22,6941.0,0,0
23,23,6941.0,0,0
24,24,6941.0,0,0
25,25,6941.0,0,0
26,26,6941.0,0,0
27,27,6941.0,0,0
28,28,6941.0,0,0
29,29,6941.0,0,0
30,30,6941.0,0,0
31,31,6941.0,0,0
32,32,6941.0,0,0
33,33,6941.0,0,0
34,34,6941.0,0,0
35,35,6941.0,0,0
36,36,6941.0,0,0
37,37,6941.0,0,0
38,38,6941.0,0,0
39,39,6941.0,0,0
40,40,6941.0,0,0
41,41,6941.0,0,0
42,42,6941.0,0,0
43,43,6941.0,0,0
44,44,6941.0,0,0
45,45,6941.0,0,0
46,46,6941.0,0,0
47,47,6941.0,0,0
48,48,6941.0,0,0
49,49,6941.0,0,0
50,50,6941.0,0,0
51,51,6941.0,0,0
52,52,6941.0,0,0
53,53,6941.0,0,0
54,54,6941.0,0,0
55,55,6941.0,0,0
56,56,6940.0,1,0
57,57,6940.0,1,0
58,58,6940.0,1,0
59,59,6940.0,1,0
60,60,6940.0,1,0
61,61,6940.0,1,0
62,62,6940.0,1,0
63,63,6940.0,1,0
64,64,6940.0,1,0
65,65,6940.0,1,0
66,66,6940.0,1,0
67,67,6940.0,1,0
68,68,6940.0,1,0
69,69,6940.0,1,0
70,70,6939.0,2,0
71,71,6937.0,4,0
72,72,6937.0,4,0
73,73,6937.0,4,0
74,74,6937.0,4,0
75,75,6937.0,4,0
76,76,6937.0,4,0
77,77,6936.0,5,0
78,78,6936.0,5,0
79,79,6934.0,7,0
80,80,6933.0,8,0
81,81,6932.0,9,0
82,82,6932.0,9,0
83,83,6932.0,9,0
84,84,6932.0,9,0
85,85,6932.0,9,0
86,86,6931.0,10,0
87,87,6929.0,11,1
88,88,6929.0,11,1
89,89,6929.0,11,1
90,90,6929.0,11,1
91,91,6929.0,11,1
92,92,6928.0,12,1
93,93,6928.0,12,1
94,94,6927.0,13,1
95,95,6927.0,13,1
96,96,6927.0,13,1
97,97,6927.0,13,1
98,98,6927.0,13,1
99,99,6927.0,13,1
100,100,6927.0,13,1
101,101,6927.0,13,1
102,102,6923.0,17,1
103,103,6923.0,17,1
104,104,6923.0,17,1
105,105,6923.0,17,1
106,106,6923.0,17,1
107,107,6921.0,19,1
108,108,6919.0,21,1
109,109,6919.0,21,1
110,110,6919.0,21,1
111,111,6919.0,21,1
112,112,6919.0,21,1
113,113,6919.0,21,1
114,114,6918.0,22,1
115,115,6918.0,22,1
116,116,6918.0,22,1
117,117,6917.0,23,1
118,118,6916.0,24,1
119,119,6916.0,24,1
120,120,6915.0,25,1
121,121,6915.0,25,1
122,122,6913.0,27,1
123,123,6913.0,27,1
124,124,6913.0,27,1
125,125,6913.0,27,1
126,126,6913.0,27,1
127,127,6913.0,27,1
128,128,6913.0,27,1
