,Days,S,I,D
0,0,15113.0,0,0
1,1,15113.0,0,0
2,2,15113.0,0,0
3,3,15113.0,0,0
4,4,15113.0,0,0
5,5,15113.0,0,0
6,6,15113.0,0,0
7,7,15113.0,0,0
8,8,15113.0,0,0
9,9,15113.0,0,0
10,10,15113.0,0,0
11,11,15113.0,0,0
12,12,15113.0,0,0
13,13,15113.0,0,0
14,14,15113.0,0,0
15,15,15113.0,0,0
16,16,15113.0,0,0
17,17,15113.0,0,0
18,18,15113.0,0,0
19,19,15113.0,0,0
20,20,15113.0,0,0
21,21,15113.0,0,0
22,22,15113.0,0,0
23,23,15113.0,0,0
24,24,15113.0,0,0
25,25,15113.0,0,0
26,26,15113.0,0,0
27,27,15113.0,0,0
28,28,15113.0,0,0
29,29,15113.0,0,0
30,30,15113.0,0,0
31,31,15113.0,0,0
32,32,15113.0,0,0
33,33,15113.0,0,0
34,34,15113.0,0,0
35,35,15113.0,0,0
36,36,15113.0,0,0
37,37,15113.0,0,0
38,38,15113.0,0,0
39,39,15113.0,0,0
40,40,15113.0,0,0
41,41,15113.0,0,0
42,42,15113.0,0,0
43,43,15113.0,0,0
44,44,15113.0,0,0
45,45,15113.0,0,0
46,46,15113.0,0,0
47,47,15113.0,0,0
48,48,15113.0,0,0
49,49,15113.0,0,0
50,50,15113.0,0,0
51,51,15113.0,0,0
52,52,15113.0,0,0
53,53,15113.0,0,0
54,54,15113.0,0,0
55,55,15113.0,0,0
56,56,15113.0,0,0
57,57,15113.0,0,0
58,58,15113.0,0,0
59,59,15113.0,0,0
60,60,15113.0,0,0
61,61,15113.0,0,0
62,62,15113.0,0,0
63,63,15113.0,0,0
64,64,15112.0,1,0
65,65,15112.0,1,0
66,66,15112.0,1,0
67,67,15111.0,1,1
68,68,15111.0,1,1
69,69,15111.0,1,1
70,70,15111.0,1,1
71,71,15111.0,1,1
72,72,15111.0,1,1
73,73,15111.0,1,1
74,74,15111.0,1,1
75,75,15111.0,1,1
76,76,15111.0,1,1
77,77,15111.0,1,1
78,78,15111.0,1,1
79,79,15111.0,1,1
80,80,15111.0,1,1
81,81,15111.0,1,1
82,82,15111.0,1,1
83,83,15111.0,1,1
84,84,15110.0,2,1
85,85,15109.0,3,1
86,86,15109.0,3,1
87,87,15109.0,3,1
88,88,15108.0,4,1
89,89,15107.0,5,1
90,90,15106.0,6,1
91,91,15100.0,12,1
92,92,15100.0,12,1
93,93,15098.0,14,1
94,94,15097.0,15,1
95,95,15097.0,15,1
96,96,15097.0,15,1
97,97,15097.0,15,1
98,98,15097.0,15,1
99,99,15097.0,15,1
100,100,15096.0,16,1
101,101,15096.0,16,1
102,102,15096.0,16,1
103,103,15096.0,16,1
104,104,15096.0,16,1
105,105,15096.0,16,1
106,106,15096.0,16,1
107,107,15096.0,16,1
108,108,15096.0,16,1
109,109,15096.0,16,1
110,110,15096.0,16,1
111,111,15096.0,16,1
112,112,15096.0,16,1
113,113,15096.0,16,1
114,114,15096.0,16,1
115,115,15096.0,16,1
116,116,15096.0,16,1
117,117,15096.0,16,1
118,118,15096.0,16,1
119,119,15096.0,16,1
120,120,15096.0,16,1
121,121,15096.0,16,1
122,122,15096.0,16,1
123,123,15096.0,16,1
124,124,15096.0,16,1
125,125,15096.0,16,1
126,126,15096.0,16,1
127,127,15096.0,16,1
128,128,15096.0,16,1
