,Days,S,I,D
0,0,57835.0,0,0
1,1,57835.0,0,0
2,2,57835.0,0,0
3,3,57835.0,0,0
4,4,57835.0,0,0
5,5,57835.0,0,0
6,6,57835.0,0,0
7,7,57835.0,0,0
8,8,57835.0,0,0
9,9,57835.0,0,0
10,10,57835.0,0,0
11,11,57835.0,0,0
12,12,57835.0,0,0
13,13,57835.0,0,0
14,14,57835.0,0,0
15,15,57835.0,0,0
16,16,57835.0,0,0
17,17,57835.0,0,0
18,18,57835.0,0,0
19,19,57835.0,0,0
20,20,57835.0,0,0
21,21,57835.0,0,0
22,22,57835.0,0,0
23,23,57835.0,0,0
24,24,57835.0,0,0
25,25,57835.0,0,0
26,26,57835.0,0,0
27,27,57835.0,0,0
28,28,57835.0,0,0
29,29,57835.0,0,0
30,30,57835.0,0,0
31,31,57835.0,0,0
32,32,57835.0,0,0
33,33,57835.0,0,0
34,34,57835.0,0,0
35,35,57835.0,0,0
36,36,57835.0,0,0
37,37,57835.0,0,0
38,38,57835.0,0,0
39,39,57835.0,0,0
40,40,57835.0,0,0
41,41,57835.0,0,0
42,42,57835.0,0,0
43,43,57835.0,0,0
44,44,57835.0,0,0
45,45,57835.0,0,0
46,46,57835.0,0,0
47,47,57835.0,0,0
48,48,57835.0,0,0
49,49,57835.0,0,0
50,50,57835.0,0,0
51,51,57835.0,0,0
52,52,57835.0,0,0
53,53,57835.0,0,0
54,54,57835.0,0,0
55,55,57835.0,0,0
56,56,57835.0,0,0
57,57,57835.0,0,0
58,58,57834.0,1,0
59,59,57834.0,1,0
60,60,57834.0,1,0
61,61,57834.0,1,0
62,62,57833.0,2,0
63,63,57832.0,3,0
64,64,57832.0,3,0
65,65,57832.0,3,0
66,66,57832.0,3,0
67,67,57832.0,3,0
68,68,57831.0,4,0
69,69,57831.0,4,0
70,70,57831.0,4,0
71,71,57831.0,4,0
72,72,57830.0,5,0
73,73,57828.0,7,0
74,74,57827.0,8,0
75,75,57827.0,8,0
76,76,57827.0,8,0
77,77,57827.0,8,0
78,78,57826.0,9,0
79,79,57825.0,10,0
80,80,57825.0,10,0
81,81,57825.0,10,0
82,82,57824.0,11,0
83,83,57824.0,11,0
84,84,57824.0,11,0
85,85,57824.0,11,0
86,86,57823.0,12,0
87,87,57823.0,12,0
88,88,57823.0,12,0
89,89,57822.0,13,0
90,90,57819.0,16,0
91,91,57819.0,16,0
92,92,57819.0,16,0
93,93,57818.0,17,0
94,94,57817.0,18,0
95,95,57817.0,18,0
96,96,57817.0,18,0
97,97,57817.0,18,0
98,98,57816.0,19,0
99,99,57813.0,22,0
100,100,57813.0,22,0
101,101,57813.0,22,0
102,102,57811.0,24,0
103,103,57810.0,25,0
104,104,57809.0,26,0
105,105,57809.0,26,0
106,106,57807.0,28,0
107,107,57807.0,28,0
108,108,57807.0,28,0
109,109,57807.0,28,0
110,110,57807.0,28,0
111,111,57807.0,28,0
112,112,57807.0,28,0
113,113,57807.0,28,0
114,114,57805.0,30,0
115,115,57804.0,31,0
116,116,57800.0,35,0
117,117,57799.0,36,0
118,118,57799.0,36,0
119,119,57798.0,37,0
120,120,57795.0,40,0
121,121,57795.0,40,0
122,122,57793.0,42,0
123,123,57792.0,43,0
124,124,57790.0,45,0
125,125,57789.0,46,0
126,126,57789.0,46,0
127,127,57785.0,49,1
128,128,57783.0,51,1
