,Days,S,I,D
0,0,63968.0,0,0
1,1,63968.0,0,0
2,2,63968.0,0,0
3,3,63968.0,0,0
4,4,63968.0,0,0
5,5,63968.0,0,0
6,6,63968.0,0,0
7,7,63968.0,0,0
8,8,63968.0,0,0
9,9,63968.0,0,0
10,10,63968.0,0,0
11,11,63968.0,0,0
12,12,63968.0,0,0
13,13,63968.0,0,0
14,14,63968.0,0,0
15,15,63968.0,0,0
16,16,63968.0,0,0
17,17,63968.0,0,0
18,18,63968.0,0,0
19,19,63968.0,0,0
20,20,63968.0,0,0
21,21,63968.0,0,0
22,22,63968.0,0,0
23,23,63968.0,0,0
24,24,63968.0,0,0
25,25,63968.0,0,0
26,26,63968.0,0,0
27,27,63968.0,0,0
28,28,63968.0,0,0
29,29,63968.0,0,0
30,30,63968.0,0,0
31,31,63968.0,0,0
32,32,63968.0,0,0
33,33,63968.0,0,0
34,34,63968.0,0,0
35,35,63968.0,0,0
36,36,63968.0,0,0
37,37,63968.0,0,0
38,38,63968.0,0,0
39,39,63968.0,0,0
40,40,63968.0,0,0
41,41,63968.0,0,0
42,42,63968.0,0,0
43,43,63968.0,0,0
44,44,63968.0,0,0
45,45,63968.0,0,0
46,46,63968.0,0,0
47,47,63968.0,0,0
48,48,63968.0,0,0
49,49,63968.0,0,0
50,50,63967.0,1,0
51,51,63967.0,1,0
52,52,63967.0,1,0
53,53,63967.0,1,0
54,54,63967.0,1,0
55,55,63967.0,1,0
56,56,63967.0,1,0
57,57,63967.0,1,0
58,58,63967.0,1,0
59,59,63967.0,1,0
60,60,63967.0,1,0
61,61,63967.0,1,0
62,62,63967.0,1,0
63,63,63966.0,2,0
64,64,63965.0,3,0
65,65,63965.0,3,0
66,66,63965.0,3,0
67,67,63965.0,3,0
68,68,63964.0,4,0
69,69,63963.0,5,0
70,70,63958.0,10,0
71,71,63958.0,10,0
72,72,63956.0,12,0
73,73,63955.0,13,0
74,74,63954.0,14,0
75,75,63953.0,15,0
76,76,63951.0,16,1
77,77,63949.0,18,1
78,78,63948.0,19,1
79,79,63947.0,20,1
80,80,63946.0,21,1
81,81,63945.0,22,1
82,82,63945.0,22,1
83,83,63944.0,23,1
84,84,63944.0,23,1
85,85,63944.0,23,1
86,86,63943.0,24,1
87,87,63943.0,24,1
88,88,63943.0,24,1
89,89,63941.0,26,1
90,90,63941.0,26,1
91,91,63941.0,26,1
92,92,63939.0,28,1
93,93,63939.0,28,1
94,94,63938.0,29,1
95,95,63935.0,32,1
96,96,63935.0,32,1
97,97,63930.0,37,1
98,98,63929.0,38,1
99,99,63927.0,40,1
100,100,63927.0,40,1
101,101,63923.0,44,1
102,102,63923.0,44,1
103,103,63922.0,45,1
104,104,63921.0,46,1
105,105,63921.0,46,1
106,106,63921.0,46,1
107,107,63921.0,46,1
108,108,63921.0,46,1
109,109,63921.0,46,1
110,110,63921.0,46,1
111,111,63920.0,47,1
112,112,63915.0,52,1
113,113,63915.0,52,1
114,114,63915.0,52,1
115,115,63914.0,53,1
116,116,63914.0,53,1
117,117,63912.0,55,1
118,118,63911.0,56,1
119,119,63907.0,60,1
120,120,63905.0,62,1
121,121,63904.0,63,1
122,122,63902.0,65,1
123,123,63902.0,65,1
124,124,63902.0,65,1
125,125,63902.0,65,1
126,126,63902.0,65,1
127,127,63902.0,65,1
128,128,63902.0,65,1
