,Days,S,I,D
0,0,35872.0,0,0
1,1,35872.0,0,0
2,2,35872.0,0,0
3,3,35872.0,0,0
4,4,35872.0,0,0
5,5,35872.0,0,0
6,6,35872.0,0,0
7,7,35872.0,0,0
8,8,35872.0,0,0
9,9,35872.0,0,0
10,10,35872.0,0,0
11,11,35872.0,0,0
12,12,35872.0,0,0
13,13,35872.0,0,0
14,14,35872.0,0,0
15,15,35872.0,0,0
16,16,35872.0,0,0
17,17,35872.0,0,0
18,18,35872.0,0,0
19,19,35872.0,0,0
20,20,35872.0,0,0
21,21,35872.0,0,0
22,22,35872.0,0,0
23,23,35872.0,0,0
24,24,35872.0,0,0
25,25,35872.0,0,0
26,26,35872.0,0,0
27,27,35872.0,0,0
28,28,35872.0,0,0
29,29,35872.0,0,0
30,30,35872.0,0,0
31,31,35872.0,0,0
32,32,35872.0,0,0
33,33,35872.0,0,0
34,34,35872.0,0,0
35,35,35872.0,0,0
36,36,35872.0,0,0
37,37,35872.0,0,0
38,38,35872.0,0,0
39,39,35872.0,0,0
40,40,35872.0,0,0
41,41,35872.0,0,0
42,42,35872.0,0,0
43,43,35872.0,0,0
44,44,35872.0,0,0
45,45,35872.0,0,0
46,46,35872.0,0,0
47,47,35872.0,0,0
48,48,35872.0,0,0
49,49,35872.0,0,0
50,50,35872.0,0,0
51,51,35872.0,0,0
52,52,35872.0,0,0
53,53,35872.0,0,0
54,54,35872.0,0,0
55,55,35872.0,0,0
56,56,35872.0,0,0
57,57,35872.0,0,0
58,58,35872.0,0,0
59,59,35872.0,0,0
60,60,35872.0,0,0
61,61,35872.0,0,0
62,62,35872.0,0,0
63,63,35872.0,0,0
64,64,35872.0,0,0
65,65,35872.0,0,0
66,66,35872.0,0,0
67,67,35872.0,0,0
68,68,35872.0,0,0
69,69,35872.0,0,0
70,70,35872.0,0,0
71,71,35872.0,0,0
72,72,35870.0,2,0
73,73,35870.0,2,0
74,74,35870.0,2,0
75,75,35870.0,2,0
76,76,35870.0,2,0
77,77,35870.0,2,0
78,78,35870.0,2,0
79,79,35869.0,3,0
80,80,35865.0,7,0
81,81,35865.0,7,0
82,82,35865.0,7,0
83,83,35865.0,7,0
84,84,35866.0,6,0
85,85,35866.0,6,0
86,86,35866.0,6,0
87,87,35866.0,6,0
88,88,35866.0,6,0
89,89,35865.0,7,0
90,90,35862.0,10,0
91,91,35862.0,10,0
92,92,35862.0,10,0
93,93,35862.0,10,0
94,94,35862.0,10,0
95,95,35860.0,12,0
96,96,35860.0,12,0
97,97,35860.0,12,0
98,98,35860.0,12,0
99,99,35855.0,16,1
100,100,35855.0,16,1
101,101,35853.0,18,1
102,102,35853.0,18,1
103,103,35853.0,18,1
104,104,35853.0,18,1
105,105,35853.0,18,1
106,106,35853.0,18,1
107,107,35852.0,19,1
108,108,35852.0,19,1
109,109,35852.0,19,1
110,110,35852.0,19,1
111,111,35852.0,19,1
112,112,35852.0,19,1
113,113,35852.0,19,1
114,114,35848.0,23,1
115,115,35848.0,23,1
116,116,35848.0,23,1
117,117,35848.0,23,1
118,118,35845.0,26,1
119,119,35845.0,26,1
120,120,35845.0,26,1
121,121,35844.0,27,1
122,122,35843.0,28,1
123,123,35843.0,28,1
124,124,35843.0,28,1
125,125,35843.0,28,1
126,126,35843.0,28,1
127,127,35843.0,28,1
128,128,35843.0,28,1
