,Days,S,I,D
0,0,24877.0,0,0
1,1,24877.0,0,0
2,2,24877.0,0,0
3,3,24877.0,0,0
4,4,24877.0,0,0
5,5,24877.0,0,0
6,6,24877.0,0,0
7,7,24877.0,0,0
8,8,24877.0,0,0
9,9,24877.0,0,0
10,10,24877.0,0,0
11,11,24877.0,0,0
12,12,24877.0,0,0
13,13,24877.0,0,0
14,14,24877.0,0,0
15,15,24877.0,0,0
16,16,24877.0,0,0
17,17,24877.0,0,0
18,18,24877.0,0,0
19,19,24877.0,0,0
20,20,24877.0,0,0
21,21,24877.0,0,0
22,22,24877.0,0,0
23,23,24877.0,0,0
24,24,24877.0,0,0
25,25,24877.0,0,0
26,26,24877.0,0,0
27,27,24877.0,0,0
28,28,24877.0,0,0
29,29,24877.0,0,0
30,30,24877.0,0,0
31,31,24877.0,0,0
32,32,24877.0,0,0
33,33,24877.0,0,0
34,34,24877.0,0,0
35,35,24877.0,0,0
36,36,24877.0,0,0
37,37,24877.0,0,0
38,38,24877.0,0,0
39,39,24877.0,0,0
40,40,24877.0,0,0
41,41,24877.0,0,0
42,42,24877.0,0,0
43,43,24877.0,0,0
44,44,24877.0,0,0
45,45,24877.0,0,0
46,46,24877.0,0,0
47,47,24877.0,0,0
48,48,24877.0,0,0
49,49,24877.0,0,0
50,50,24877.0,0,0
51,51,24877.0,0,0
52,52,24877.0,0,0
53,53,24877.0,0,0
54,54,24877.0,0,0
55,55,24877.0,0,0
56,56,24877.0,0,0
57,57,24877.0,0,0
58,58,24877.0,0,0
59,59,24877.0,0,0
60,60,24877.0,0,0
61,61,24877.0,0,0
62,62,24877.0,0,0
63,63,24877.0,0,0
64,64,24877.0,0,0
65,65,24877.0,0,0
66,66,24877.0,0,0
67,67,24877.0,0,0
68,68,24877.0,0,0
69,69,24876.0,1,0
70,70,24876.0,1,0
71,71,24876.0,1,0
72,72,24874.0,3,0
73,73,24874.0,3,0
74,74,24872.0,5,0
75,75,24872.0,5,0
76,76,24871.0,6,0
77,77,24871.0,6,0
78,78,24868.0,9,0
79,79,24868.0,9,0
80,80,24867.0,10,0
81,81,24867.0,10,0
82,82,24867.0,10,0
83,83,24866.0,11,0
84,84,24865.0,12,0
85,85,24863.0,14,0
86,86,24863.0,14,0
87,87,24862.0,15,0
88,88,24862.0,15,0
89,89,24859.0,18,0
90,90,24859.0,18,0
91,91,24859.0,18,0
92,92,24859.0,18,0
93,93,24858.0,19,0
94,94,24857.0,20,0
95,95,24857.0,20,0
96,96,24857.0,20,0
97,97,24855.0,22,0
98,98,24853.0,24,0
99,99,24852.0,25,0
100,100,24850.0,27,0
101,101,24848.0,29,0
102,102,24847.0,30,0
103,103,24847.0,30,0
104,104,24847.0,30,0
105,105,24846.0,31,0
106,106,24844.0,33,0
107,107,24840.0,37,0
108,108,24839.0,38,0
109,109,24839.0,38,0
110,110,24839.0,38,0
111,111,24838.0,39,0
112,112,24843.0,34,0
113,113,24836.0,41,0
114,114,24834.0,43,0
115,115,24831.0,46,0
116,116,24830.0,47,0
117,117,24829.0,48,0
118,118,24828.0,49,0
119,119,24827.0,50,0
120,120,24827.0,50,0
121,121,24823.0,54,0
122,122,24820.0,57,0
123,123,24820.0,57,0
124,124,24820.0,57,0
125,125,24820.0,57,0
126,126,24820.0,57,0
127,127,24814.0,63,0
128,128,24813.0,63,1
