,Days,S,I,D
0,0,168429.0,0,0
1,1,168429.0,0,0
2,2,168429.0,0,0
3,3,168429.0,0,0
4,4,168429.0,0,0
5,5,168429.0,0,0
6,6,168429.0,0,0
7,7,168429.0,0,0
8,8,168429.0,0,0
9,9,168429.0,0,0
10,10,168429.0,0,0
11,11,168429.0,0,0
12,12,168429.0,0,0
13,13,168429.0,0,0
14,14,168429.0,0,0
15,15,168429.0,0,0
16,16,168429.0,0,0
17,17,168429.0,0,0
18,18,168429.0,0,0
19,19,168429.0,0,0
20,20,168429.0,0,0
21,21,168429.0,0,0
22,22,168429.0,0,0
23,23,168429.0,0,0
24,24,168429.0,0,0
25,25,168429.0,0,0
26,26,168429.0,0,0
27,27,168429.0,0,0
28,28,168429.0,0,0
29,29,168429.0,0,0
30,30,168429.0,0,0
31,31,168429.0,0,0
32,32,168429.0,0,0
33,33,168429.0,0,0
34,34,168429.0,0,0
35,35,168429.0,0,0
36,36,168429.0,0,0
37,37,168429.0,0,0
38,38,168429.0,0,0
39,39,168429.0,0,0
40,40,168429.0,0,0
41,41,168429.0,0,0
42,42,168429.0,0,0
43,43,168429.0,0,0
44,44,168429.0,0,0
45,45,168429.0,0,0
46,46,168429.0,0,0
47,47,168429.0,0,0
48,48,168429.0,0,0
49,49,168429.0,0,0
50,50,168429.0,0,0
51,51,168429.0,0,0
52,52,168428.0,1,0
53,53,168428.0,1,0
54,54,168428.0,1,0
55,55,168428.0,1,0
56,56,168428.0,1,0
57,57,168427.0,2,0
58,58,168426.0,3,0
59,59,168426.0,3,0
60,60,168425.0,4,0
61,61,168424.0,5,0
62,62,168424.0,5,0
63,63,168424.0,5,0
64,64,168422.0,7,0
65,65,168420.0,9,0
66,66,168419.0,10,0
67,67,168346.0,82,1
68,68,168346.0,82,1
69,69,168335.0,92,2
70,70,168328.0,96,5
71,71,168319.0,105,5
72,72,168295.0,129,5
73,73,168289.0,134,6
74,74,168279.0,142,8
75,75,168269.0,150,10
76,76,168254.0,159,16
77,77,168225.0,186,18
78,78,168208.0,203,18
79,79,168196.0,214,19
80,80,168190.0,214,25
81,81,168168.0,236,25
82,82,168154.0,250,25
83,83,168148.0,259,22
84,84,168145.0,262,22
85,85,168123.0,283,23
86,86,168116.0,288,25
87,87,168095.0,308,26
88,88,168089.0,313,27
89,89,168069.0,330,30
90,90,168068.0,330,31
91,91,168053.0,344,32
92,92,168040.0,355,34
93,93,168023.0,372,34
94,94,168009.0,384,36
95,95,168002.0,391,36
96,96,167989.0,403,37
97,97,167969.0,416,44
98,98,167963.0,421,45
99,99,167947.0,436,46
100,100,167923.0,460,46
101,101,167903.0,480,46
102,102,167889.0,494,46
103,103,167876.0,506,47
104,104,167864.0,513,52
105,105,167854.0,521,54
106,106,167841.0,534,54
107,107,167831.0,542,56
108,108,167820.0,551,58
109,109,167811.0,560,58
110,110,167788.0,583,58
111,111,167780.0,589,60
112,112,167773.0,595,61
113,113,167748.0,619,62
114,114,167732.0,633,64
115,115,167730.0,633,66
116,116,167716.0,646,67
117,117,167658.0,703,68
118,118,167648.0,712,69
119,119,167640.0,720,69
120,120,167627.0,733,69
121,121,167603.0,755,71
122,122,167590.0,765,74
123,123,167550.0,802,77
124,124,167538.0,811,80
125,125,167538.0,811,80
126,126,167529.0,817,83
127,127,167506.0,840,83
128,128,167485.0,861,83
