,Days,S,I,D
0,0,12619.0,0,0
1,1,12619.0,0,0
2,2,12619.0,0,0
3,3,12619.0,0,0
4,4,12619.0,0,0
5,5,12619.0,0,0
6,6,12619.0,0,0
7,7,12619.0,0,0
8,8,12619.0,0,0
9,9,12619.0,0,0
10,10,12619.0,0,0
11,11,12619.0,0,0
12,12,12619.0,0,0
13,13,12619.0,0,0
14,14,12619.0,0,0
15,15,12619.0,0,0
16,16,12619.0,0,0
17,17,12619.0,0,0
18,18,12619.0,0,0
19,19,12619.0,0,0
20,20,12619.0,0,0
21,21,12619.0,0,0
22,22,12619.0,0,0
23,23,12619.0,0,0
24,24,12619.0,0,0
25,25,12619.0,0,0
26,26,12619.0,0,0
27,27,12619.0,0,0
28,28,12619.0,0,0
29,29,12619.0,0,0
30,30,12619.0,0,0
31,31,12619.0,0,0
32,32,12619.0,0,0
33,33,12619.0,0,0
34,34,12619.0,0,0
35,35,12619.0,0,0
36,36,12619.0,0,0
37,37,12619.0,0,0
38,38,12619.0,0,0
39,39,12619.0,0,0
40,40,12619.0,0,0
41,41,12619.0,0,0
42,42,12619.0,0,0
43,43,12619.0,0,0
44,44,12619.0,0,0
45,45,12619.0,0,0
46,46,12619.0,0,0
47,47,12619.0,0,0
48,48,12619.0,0,0
49,49,12619.0,0,0
50,50,12619.0,0,0
51,51,12619.0,0,0
52,52,12619.0,0,0
53,53,12619.0,0,0
54,54,12619.0,0,0
55,55,12619.0,0,0
56,56,12619.0,0,0
57,57,12619.0,0,0
58,58,12619.0,0,0
59,59,12619.0,0,0
60,60,12619.0,0,0
61,61,12619.0,0,0
62,62,12619.0,0,0
63,63,12619.0,0,0
64,64,12618.0,1,0
65,65,12618.0,1,0
66,66,12618.0,1,0
67,67,12618.0,1,0
68,68,12618.0,1,0
69,69,12616.0,3,0
70,70,12616.0,3,0
71,71,12616.0,3,0
72,72,12616.0,3,0
73,73,12616.0,3,0
74,74,12616.0,3,0
75,75,12616.0,3,0
76,76,12613.0,5,1
77,77,12613.0,5,1
78,78,12613.0,5,1
79,79,12613.0,5,1
80,80,12612.0,6,1
81,81,12612.0,6,1
82,82,12610.0,8,1
83,83,12610.0,8,1
84,84,12610.0,8,1
85,85,12610.0,8,1
86,86,12606.0,12,1
87,87,12606.0,12,1
88,88,12606.0,12,1
89,89,12605.0,13,1
90,90,12604.0,14,1
91,91,12604.0,14,1
92,92,12600.0,18,1
93,93,12600.0,18,1
94,94,12600.0,18,1
95,95,12597.0,21,1
96,96,12597.0,21,1
97,97,12597.0,21,1
98,98,12597.0,21,1
99,99,12594.0,24,1
100,100,12594.0,24,1
101,101,12592.0,26,1
102,102,12592.0,26,1
103,103,12592.0,26,1
104,104,12589.0,29,1
105,105,12588.0,30,1
106,106,12588.0,30,1
107,107,12588.0,30,1
108,108,12588.0,30,1
109,109,12588.0,30,1
110,110,12588.0,30,1
111,111,12588.0,30,1
112,112,12586.0,32,1
113,113,12586.0,32,1
114,114,12582.0,36,1
115,115,12580.0,38,1
116,116,12580.0,38,1
117,117,12580.0,38,1
118,118,12580.0,38,1
119,119,12579.0,39,1
120,120,12579.0,39,1
121,121,12579.0,39,1
122,122,12579.0,39,1
123,123,12579.0,39,1
124,124,12579.0,39,1
125,125,12578.0,40,1
126,126,12578.0,40,1
127,127,12578.0,40,1
128,128,12577.0,41,1
