,Days,S,I,D
0,0,55808.0,0,0
1,1,55808.0,0,0
2,2,55808.0,0,0
3,3,55808.0,0,0
4,4,55808.0,0,0
5,5,55808.0,0,0
6,6,55808.0,0,0
7,7,55808.0,0,0
8,8,55808.0,0,0
9,9,55808.0,0,0
10,10,55808.0,0,0
11,11,55808.0,0,0
12,12,55808.0,0,0
13,13,55808.0,0,0
14,14,55808.0,0,0
15,15,55808.0,0,0
16,16,55808.0,0,0
17,17,55808.0,0,0
18,18,55808.0,0,0
19,19,55808.0,0,0
20,20,55808.0,0,0
21,21,55808.0,0,0
22,22,55808.0,0,0
23,23,55808.0,0,0
24,24,55808.0,0,0
25,25,55808.0,0,0
26,26,55808.0,0,0
27,27,55808.0,0,0
28,28,55808.0,0,0
29,29,55808.0,0,0
30,30,55808.0,0,0
31,31,55808.0,0,0
32,32,55808.0,0,0
33,33,55808.0,0,0
34,34,55808.0,0,0
35,35,55808.0,0,0
36,36,55808.0,0,0
37,37,55808.0,0,0
38,38,55808.0,0,0
39,39,55808.0,0,0
40,40,55808.0,0,0
41,41,55808.0,0,0
42,42,55808.0,0,0
43,43,55808.0,0,0
44,44,55808.0,0,0
45,45,55808.0,0,0
46,46,55808.0,0,0
47,47,55808.0,0,0
48,48,55808.0,0,0
49,49,55808.0,0,0
50,50,55808.0,0,0
51,51,55808.0,0,0
52,52,55808.0,0,0
53,53,55808.0,0,0
54,54,55808.0,0,0
55,55,55808.0,0,0
56,56,55808.0,0,0
57,57,55808.0,0,0
58,58,55808.0,0,0
59,59,55808.0,0,0
60,60,55808.0,0,0
61,61,55808.0,0,0
62,62,55808.0,0,0
63,63,55808.0,0,0
64,64,55808.0,0,0
65,65,55807.0,1,0
66,66,55807.0,1,0
67,67,55807.0,1,0
68,68,55807.0,1,0
69,69,55807.0,1,0
70,70,55806.0,2,0
71,71,55806.0,2,0
72,72,55806.0,2,0
73,73,55805.0,3,0
74,74,55805.0,3,0
75,75,55804.0,4,0
76,76,55804.0,4,0
77,77,55804.0,4,0
78,78,55802.0,6,0
79,79,55801.0,7,0
80,80,55801.0,7,0
81,81,55801.0,7,0
82,82,55801.0,7,0
83,83,55801.0,7,0
84,84,55801.0,7,0
85,85,55796.0,12,0
86,86,55796.0,12,0
87,87,55793.0,15,0
88,88,55792.0,16,0
89,89,55790.0,18,0
90,90,55790.0,18,0
91,91,55789.0,19,0
92,92,55786.0,22,0
93,93,55786.0,22,0
94,94,55782.0,26,0
95,95,55782.0,26,0
96,96,55782.0,26,0
97,97,55782.0,26,0
98,98,55781.0,27,0
99,99,55781.0,27,0
100,100,55780.0,28,0
101,101,55775.0,33,0
102,102,55774.0,34,0
103,103,55774.0,34,0
104,104,55773.0,35,0
105,105,55773.0,35,0
106,106,55771.0,37,0
107,107,55771.0,37,0
108,108,55768.0,40,0
109,109,55768.0,40,0
110,110,55766.0,42,0
111,111,55763.0,45,0
112,112,55763.0,45,0
113,113,55763.0,45,0
114,114,55761.0,47,0
115,115,55761.0,47,0
116,116,55761.0,47,0
117,117,55761.0,47,0
118,118,55760.0,48,0
119,119,55760.0,48,0
120,120,55760.0,48,0
121,121,55757.0,51,0
122,122,55757.0,51,0
123,123,55753.0,55,0
124,124,55753.0,55,0
125,125,55752.0,56,0
126,126,55752.0,56,0
127,127,55751.0,56,1
128,128,55750.0,57,1
