,Days,S,I,D
0,0,35567.0,0,0
1,1,35567.0,0,0
2,2,35567.0,0,0
3,3,35567.0,0,0
4,4,35567.0,0,0
5,5,35567.0,0,0
6,6,35567.0,0,0
7,7,35567.0,0,0
8,8,35567.0,0,0
9,9,35567.0,0,0
10,10,35567.0,0,0
11,11,35567.0,0,0
12,12,35567.0,0,0
13,13,35567.0,0,0
14,14,35567.0,0,0
15,15,35567.0,0,0
16,16,35567.0,0,0
17,17,35567.0,0,0
18,18,35567.0,0,0
19,19,35567.0,0,0
20,20,35567.0,0,0
21,21,35567.0,0,0
22,22,35567.0,0,0
23,23,35567.0,0,0
24,24,35567.0,0,0
25,25,35567.0,0,0
26,26,35567.0,0,0
27,27,35567.0,0,0
28,28,35567.0,0,0
29,29,35567.0,0,0
30,30,35567.0,0,0
31,31,35567.0,0,0
32,32,35567.0,0,0
33,33,35567.0,0,0
34,34,35567.0,0,0
35,35,35567.0,0,0
36,36,35567.0,0,0
37,37,35567.0,0,0
38,38,35567.0,0,0
39,39,35567.0,0,0
40,40,35567.0,0,0
41,41,35567.0,0,0
42,42,35567.0,0,0
43,43,35567.0,0,0
44,44,35567.0,0,0
45,45,35567.0,0,0
46,46,35567.0,0,0
47,47,35567.0,0,0
48,48,35567.0,0,0
49,49,35567.0,0,0
50,50,35567.0,0,0
51,51,35567.0,0,0
52,52,35567.0,0,0
53,53,35567.0,0,0
54,54,35567.0,0,0
55,55,35567.0,0,0
56,56,35567.0,0,0
57,57,35567.0,0,0
58,58,35566.0,1,0
59,59,35566.0,1,0
60,60,35566.0,1,0
61,61,35566.0,1,0
62,62,35566.0,1,0
63,63,35566.0,1,0
64,64,35566.0,1,0
65,65,35566.0,1,0
66,66,35566.0,1,0
67,67,35566.0,1,0
68,68,35564.0,3,0
69,69,35564.0,3,0
70,70,35564.0,3,0
71,71,35563.0,4,0
72,72,35562.0,5,0
73,73,35560.0,7,0
74,74,35560.0,7,0
75,75,35560.0,7,0
76,76,35558.0,9,0
77,77,35555.0,12,0
78,78,35554.0,13,0
79,79,35553.0,14,0
80,80,35552.0,15,0
81,81,35551.0,16,0
82,82,35551.0,16,0
83,83,35550.0,17,0
84,84,35550.0,17,0
85,85,35546.0,21,0
86,86,35546.0,21,0
87,87,35546.0,21,0
88,88,35545.0,22,0
89,89,35545.0,22,0
90,90,35541.0,26,0
91,91,35540.0,27,0
92,92,35540.0,27,0
93,93,35529.0,38,0
94,94,35525.0,42,0
95,95,35502.0,65,0
96,96,35474.0,93,0
97,97,35471.0,96,0
98,98,35467.0,100,0
99,99,35463.0,104,0
100,100,35460.0,107,0
101,101,35457.0,109,1
102,102,35451.0,115,1
103,103,35447.0,119,1
104,104,35446.0,120,1
105,105,35445.0,121,1
106,106,35445.0,121,1
107,107,35444.0,122,1
108,108,35443.0,123,1
109,109,35441.0,125,1
110,110,35440.0,126,1
111,111,35437.0,129,1
112,112,35437.0,129,1
113,113,35437.0,129,1
114,114,35437.0,129,1
115,115,35436.0,130,1
116,116,35436.0,130,1
117,117,35436.0,130,1
118,118,35436.0,130,1
119,119,35434.0,132,1
120,120,35432.0,134,1
121,121,35432.0,134,1
122,122,35431.0,135,1
123,123,35429.0,137,1
124,124,35427.0,139,1
125,125,35427.0,139,1
126,126,35427.0,139,1
127,127,35426.0,140,1
128,128,35426.0,140,1
