,Days,S,I,D
0,0,3221.0,0,0
1,1,3221.0,0,0
2,2,3221.0,0,0
3,3,3221.0,0,0
4,4,3221.0,0,0
5,5,3221.0,0,0
6,6,3221.0,0,0
7,7,3221.0,0,0
8,8,3221.0,0,0
9,9,3221.0,0,0
10,10,3221.0,0,0
11,11,3221.0,0,0
12,12,3221.0,0,0
13,13,3221.0,0,0
14,14,3221.0,0,0
15,15,3221.0,0,0
16,16,3221.0,0,0
17,17,3221.0,0,0
18,18,3221.0,0,0
19,19,3221.0,0,0
20,20,3221.0,0,0
21,21,3221.0,0,0
22,22,3221.0,0,0
23,23,3221.0,0,0
24,24,3221.0,0,0
25,25,3221.0,0,0
26,26,3221.0,0,0
27,27,3221.0,0,0
28,28,3221.0,0,0
29,29,3221.0,0,0
30,30,3221.0,0,0
31,31,3221.0,0,0
32,32,3221.0,0,0
33,33,3221.0,0,0
34,34,3221.0,0,0
35,35,3221.0,0,0
36,36,3221.0,0,0
37,37,3221.0,0,0
38,38,3221.0,0,0
39,39,3221.0,0,0
40,40,3221.0,0,0
41,41,3221.0,0,0
42,42,3221.0,0,0
43,43,3221.0,0,0
44,44,3221.0,0,0
45,45,3221.0,0,0
46,46,3221.0,0,0
47,47,3221.0,0,0
48,48,3221.0,0,0
49,49,3221.0,0,0
50,50,3221.0,0,0
51,51,3221.0,0,0
52,52,3221.0,0,0
53,53,3221.0,0,0
54,54,3221.0,0,0
55,55,3221.0,0,0
56,56,3221.0,0,0
57,57,3221.0,0,0
58,58,3221.0,0,0
59,59,3221.0,0,0
60,60,3221.0,0,0
61,61,3221.0,0,0
62,62,3221.0,0,0
63,63,3221.0,0,0
64,64,3221.0,0,0
65,65,3221.0,0,0
66,66,3221.0,0,0
67,67,3221.0,0,0
68,68,3221.0,0,0
69,69,3221.0,0,0
70,70,3221.0,0,0
71,71,3220.0,1,0
72,72,3220.0,1,0
73,73,3220.0,1,0
74,74,3219.0,1,1
75,75,3218.0,2,1
76,76,3218.0,2,1
77,77,3218.0,2,1
78,78,3218.0,2,1
79,79,3218.0,2,1
80,80,3218.0,2,1
81,81,3218.0,2,1
82,82,3218.0,2,1
83,83,3218.0,2,1
84,84,3218.0,2,1
85,85,3218.0,2,1
86,86,3218.0,2,1
87,87,3218.0,2,1
88,88,3217.0,3,1
89,89,3217.0,3,1
90,90,3217.0,3,1
91,91,3217.0,3,1
92,92,3217.0,3,1
93,93,3217.0,3,1
94,94,3217.0,3,1
95,95,3217.0,3,1
96,96,3217.0,3,1
97,97,3216.0,4,1
98,98,3216.0,4,1
99,99,3216.0,4,1
100,100,3216.0,4,1
101,101,3216.0,4,1
102,102,3216.0,4,1
103,103,3216.0,4,1
104,104,3216.0,4,1
105,105,3216.0,4,1
106,106,3216.0,4,1
107,107,3216.0,4,1
108,108,3216.0,4,1
109,109,3216.0,4,1
110,110,3216.0,4,1
111,111,3216.0,4,1
112,112,3216.0,4,1
113,113,3216.0,4,1
114,114,3217.0,4,0
115,115,3217.0,4,0
116,116,3216.0,4,1
117,117,3216.0,4,1
118,118,3216.0,4,1
119,119,3216.0,4,1
120,120,3216.0,4,1
121,121,3216.0,4,1
122,122,3216.0,4,1
123,123,3216.0,4,1
124,124,3216.0,4,1
125,125,3216.0,4,1
126,126,3216.0,4,1
127,127,3216.0,4,1
128,128,3216.0,4,1
