,Days,S,I,D
0,0,46248.0,0,0
1,1,46248.0,0,0
2,2,46248.0,0,0
3,3,46248.0,0,0
4,4,46248.0,0,0
5,5,46248.0,0,0
6,6,46248.0,0,0
7,7,46248.0,0,0
8,8,46248.0,0,0
9,9,46248.0,0,0
10,10,46248.0,0,0
11,11,46248.0,0,0
12,12,46248.0,0,0
13,13,46248.0,0,0
14,14,46248.0,0,0
15,15,46248.0,0,0
16,16,46248.0,0,0
17,17,46248.0,0,0
18,18,46248.0,0,0
19,19,46248.0,0,0
20,20,46248.0,0,0
21,21,46248.0,0,0
22,22,46248.0,0,0
23,23,46248.0,0,0
24,24,46248.0,0,0
25,25,46248.0,0,0
26,26,46248.0,0,0
27,27,46248.0,0,0
28,28,46248.0,0,0
29,29,46248.0,0,0
30,30,46248.0,0,0
31,31,46248.0,0,0
32,32,46248.0,0,0
33,33,46248.0,0,0
34,34,46248.0,0,0
35,35,46248.0,0,0
36,36,46248.0,0,0
37,37,46248.0,0,0
38,38,46248.0,0,0
39,39,46248.0,0,0
40,40,46248.0,0,0
41,41,46248.0,0,0
42,42,46248.0,0,0
43,43,46248.0,0,0
44,44,46248.0,0,0
45,45,46248.0,0,0
46,46,46248.0,0,0
47,47,46248.0,0,0
48,48,46248.0,0,0
49,49,46248.0,0,0
50,50,46248.0,0,0
51,51,46248.0,0,0
52,52,46248.0,0,0
53,53,46248.0,0,0
54,54,46248.0,0,0
55,55,46248.0,0,0
56,56,46248.0,0,0
57,57,46248.0,0,0
58,58,46248.0,0,0
59,59,46248.0,0,0
60,60,46248.0,0,0
61,61,46248.0,0,0
62,62,46248.0,0,0
63,63,46248.0,0,0
64,64,46248.0,0,0
65,65,46248.0,0,0
66,66,46245.0,3,0
67,67,46245.0,3,0
68,68,46245.0,3,0
69,69,46245.0,3,0
70,70,46245.0,3,0
71,71,46244.0,4,0
72,72,46244.0,4,0
73,73,46244.0,4,0
74,74,46242.0,6,0
75,75,46240.0,8,0
76,76,46238.0,10,0
77,77,46237.0,11,0
78,78,46237.0,11,0
79,79,46236.0,12,0
80,80,46234.0,14,0
81,81,46229.0,19,0
82,82,46231.0,17,0
83,83,46231.0,17,0
84,84,46229.0,19,0
85,85,46228.0,20,0
86,86,46226.0,22,0
87,87,46226.0,22,0
88,88,46225.0,23,0
89,89,46224.0,24,0
90,90,46224.0,24,0
91,91,46222.0,25,1
92,92,46222.0,25,1
93,93,46222.0,25,1
94,94,46221.0,26,1
95,95,46220.0,27,1
96,96,46219.0,28,1
97,97,46219.0,28,1
98,98,46219.0,28,1
99,99,46218.0,29,1
100,100,46217.0,30,1
101,101,46217.0,30,1
102,102,46216.0,31,1
103,103,46216.0,31,1
104,104,46216.0,31,1
105,105,46216.0,31,1
106,106,46216.0,31,1
107,107,46216.0,31,1
108,108,46215.0,32,1
109,109,46214.0,33,1
110,110,46213.0,34,1
111,111,46211.0,36,1
112,112,46210.0,37,1
113,113,46208.0,39,1
114,114,46208.0,39,1
115,115,46207.0,40,1
116,116,46205.0,42,1
117,117,46205.0,42,1
118,118,46203.0,44,1
119,119,46197.0,50,1
120,120,46196.0,51,1
121,121,46193.0,54,1
122,122,46186.0,61,1
123,123,46183.0,64,1
124,124,46183.0,64,1
125,125,46171.0,76,1
126,126,46167.0,80,1
127,127,46167.0,80,1
128,128,46157.0,90,1
