,Days,S,I,D
0,0,713856.0,0,0
1,1,713856.0,0,0
2,2,713856.0,0,0
3,3,713856.0,0,0
4,4,713856.0,0,0
5,5,713856.0,0,0
6,6,713856.0,0,0
7,7,713856.0,0,0
8,8,713856.0,0,0
9,9,713856.0,0,0
10,10,713856.0,0,0
11,11,713856.0,0,0
12,12,713856.0,0,0
13,13,713856.0,0,0
14,14,713856.0,0,0
15,15,713856.0,0,0
16,16,713856.0,0,0
17,17,713856.0,0,0
18,18,713856.0,0,0
19,19,713856.0,0,0
20,20,713856.0,0,0
21,21,713856.0,0,0
22,22,713856.0,0,0
23,23,713856.0,0,0
24,24,713856.0,0,0
25,25,713856.0,0,0
26,26,713856.0,0,0
27,27,713856.0,0,0
28,28,713856.0,0,0
29,29,713856.0,0,0
30,30,713856.0,0,0
31,31,713856.0,0,0
32,32,713856.0,0,0
33,33,713856.0,0,0
34,34,713856.0,0,0
35,35,713856.0,0,0
36,36,713856.0,0,0
37,37,713856.0,0,0
38,38,713856.0,0,0
39,39,713856.0,0,0
40,40,713856.0,0,0
41,41,713856.0,0,0
42,42,713856.0,0,0
43,43,713856.0,0,0
44,44,713856.0,0,0
45,45,713855.0,1,0
46,46,713855.0,1,0
47,47,713855.0,1,0
48,48,713855.0,1,0
49,49,713855.0,1,0
50,50,713855.0,1,0
51,51,713853.0,2,1
52,52,713852.0,3,1
53,53,713851.0,4,1
54,54,713851.0,4,1
55,55,713849.0,6,1
56,56,713849.0,6,1
57,57,713840.0,15,1
58,58,713827.0,27,2
59,59,713816.0,37,3
60,60,713802.0,51,3
61,61,713784.0,69,3
62,62,713747.0,106,3
63,63,713729.0,122,5
64,64,713712.0,137,7
65,65,713689.0,160,7
66,66,713662.0,184,10
67,67,713631.0,214,11
68,68,713600.0,245,11
69,69,713557.0,286,13
70,70,713528.0,314,14
71,71,713500.0,340,16
72,72,713464.0,374,18
73,73,713428.0,406,22
74,74,713396.0,435,25
75,75,713387.0,441,28
76,76,713371.0,457,28
77,77,713354.0,472,30
78,78,713290.0,534,32
79,79,713273.0,550,33
80,80,713243.0,578,35
81,81,713206.0,613,37
82,82,713178.0,641,37
83,83,713163.0,652,41
84,84,713145.0,668,43
85,85,713119.0,689,48
86,86,713099.0,708,49
87,87,713086.0,721,49
88,88,713076.0,731,49
89,89,713072.0,734,50
90,90,713059.0,744,53
91,91,713028.0,774,54
92,92,713003.0,798,55
93,93,712931.0,853,72
94,94,712928.0,862,66
95,95,712921.0,867,68
96,96,712909.0,879,68
97,97,712903.0,884,69
98,98,712880.0,907,69
99,99,712852.0,934,70
100,100,712821.0,964,71
101,101,712794.0,988,74
102,102,712787.0,994,75
103,103,712775.0,1005,76
104,104,712751.0,1028,77
105,105,712724.0,1055,77
106,106,712700.0,1079,77
107,107,712681.0,1097,78
108,108,712669.0,1109,78
109,109,712654.0,1124,78
110,110,712640.0,1137,79
111,111,712618.0,1157,81
112,112,712600.0,1175,81
113,113,712571.0,1204,81
114,114,712522.0,1251,83
115,115,712482.0,1291,83
116,116,712459.0,1314,83
117,117,712425.0,1348,83
118,118,712415.0,1357,84
119,119,712382.0,1386,88
120,120,712340.0,1428,88
121,121,712308.0,1460,88
122,122,712275.0,1493,88
123,123,712263.0,1505,88
124,124,712233.0,1535,88
125,125,712187.0,1581,88
126,126,712168.0,1600,88
127,127,712132.0,1636,88
128,128,712094.0,1674,88
