,Days,S,I,D
0,0,98105.0,0,0
1,1,98105.0,0,0
2,2,98105.0,0,0
3,3,98105.0,0,0
4,4,98105.0,0,0
5,5,98105.0,0,0
6,6,98105.0,0,0
7,7,98105.0,0,0
8,8,98105.0,0,0
9,9,98105.0,0,0
10,10,98105.0,0,0
11,11,98105.0,0,0
12,12,98105.0,0,0
13,13,98105.0,0,0
14,14,98105.0,0,0
15,15,98105.0,0,0
16,16,98105.0,0,0
17,17,98105.0,0,0
18,18,98105.0,0,0
19,19,98105.0,0,0
20,20,98105.0,0,0
21,21,98105.0,0,0
22,22,98105.0,0,0
23,23,98105.0,0,0
24,24,98105.0,0,0
25,25,98105.0,0,0
26,26,98105.0,0,0
27,27,98105.0,0,0
28,28,98105.0,0,0
29,29,98105.0,0,0
30,30,98105.0,0,0
31,31,98105.0,0,0
32,32,98105.0,0,0
33,33,98105.0,0,0
34,34,98105.0,0,0
35,35,98105.0,0,0
36,36,98105.0,0,0
37,37,98105.0,0,0
38,38,98105.0,0,0
39,39,98105.0,0,0
40,40,98105.0,0,0
41,41,98105.0,0,0
42,42,98105.0,0,0
43,43,98105.0,0,0
44,44,98105.0,0,0
45,45,98105.0,0,0
46,46,98105.0,0,0
47,47,98105.0,0,0
48,48,98105.0,0,0
49,49,98105.0,0,0
50,50,98105.0,0,0
51,51,98105.0,0,0
52,52,98105.0,0,0
53,53,98105.0,0,0
54,54,98105.0,0,0
55,55,98105.0,0,0
56,56,98105.0,0,0
57,57,98105.0,0,0
58,58,98105.0,0,0
59,59,98104.0,1,0
60,60,98104.0,1,0
61,61,98104.0,1,0
62,62,98103.0,2,0
63,63,98103.0,2,0
64,64,98103.0,2,0
65,65,98103.0,2,0
66,66,98103.0,2,0
67,67,98103.0,2,0
68,68,98103.0,2,0
69,69,98103.0,2,0
70,70,98101.0,4,0
71,71,98101.0,4,0
72,72,98100.0,5,0
73,73,98100.0,5,0
74,74,98100.0,5,0
75,75,98100.0,5,0
76,76,98099.0,6,0
77,77,98099.0,6,0
78,78,98098.0,7,0
79,79,98098.0,7,0
80,80,98098.0,7,0
81,81,98098.0,7,0
82,82,98097.0,8,0
83,83,98094.0,11,0
84,84,98094.0,11,0
85,85,98089.0,16,0
86,86,98088.0,17,0
87,87,98088.0,17,0
88,88,98087.0,18,0
89,89,98086.0,19,0
90,90,98086.0,19,0
91,91,98085.0,20,0
92,92,98083.0,22,0
93,93,98083.0,22,0
94,94,98083.0,22,0
95,95,98082.0,23,0
96,96,98080.0,25,0
97,97,98078.0,26,1
98,98,98077.0,27,1
99,99,98077.0,27,1
100,100,98073.0,31,1
101,101,98072.0,32,1
102,102,98071.0,33,1
103,103,98066.0,38,1
104,104,98065.0,39,1
105,105,98064.0,40,1
106,106,98052.0,52,1
107,107,98050.0,54,1
108,108,98049.0,55,1
109,109,98046.0,58,1
110,110,98043.0,61,1
111,111,98040.0,64,1
112,112,98039.0,65,1
113,113,98038.0,66,1
114,114,98031.0,73,1
115,115,98029.0,75,1
116,116,98029.0,75,1
117,117,98025.0,79,1
118,118,98023.0,81,1
119,119,98022.0,82,1
120,120,98018.0,86,1
121,121,98016.0,88,1
122,122,98015.0,89,1
123,123,98010.0,94,1
124,124,98009.0,95,1
125,125,98009.0,95,1
126,126,98009.0,95,1
127,127,98006.0,98,1
128,128,98001.0,103,1
