,Days,S,I,D
0,0,15128.0,0,0
1,1,15128.0,0,0
2,2,15128.0,0,0
3,3,15128.0,0,0
4,4,15128.0,0,0
5,5,15128.0,0,0
6,6,15128.0,0,0
7,7,15128.0,0,0
8,8,15128.0,0,0
9,9,15128.0,0,0
10,10,15128.0,0,0
11,11,15128.0,0,0
12,12,15128.0,0,0
13,13,15128.0,0,0
14,14,15128.0,0,0
15,15,15128.0,0,0
16,16,15128.0,0,0
17,17,15128.0,0,0
18,18,15128.0,0,0
19,19,15128.0,0,0
20,20,15128.0,0,0
21,21,15128.0,0,0
22,22,15128.0,0,0
23,23,15128.0,0,0
24,24,15128.0,0,0
25,25,15128.0,0,0
26,26,15128.0,0,0
27,27,15128.0,0,0
28,28,15128.0,0,0
29,29,15128.0,0,0
30,30,15128.0,0,0
31,31,15128.0,0,0
32,32,15128.0,0,0
33,33,15128.0,0,0
34,34,15128.0,0,0
35,35,15128.0,0,0
36,36,15128.0,0,0
37,37,15128.0,0,0
38,38,15128.0,0,0
39,39,15128.0,0,0
40,40,15128.0,0,0
41,41,15128.0,0,0
42,42,15128.0,0,0
43,43,15128.0,0,0
44,44,15128.0,0,0
45,45,15128.0,0,0
46,46,15128.0,0,0
47,47,15128.0,0,0
48,48,15128.0,0,0
49,49,15128.0,0,0
50,50,15128.0,0,0
51,51,15128.0,0,0
52,52,15128.0,0,0
53,53,15128.0,0,0
54,54,15128.0,0,0
55,55,15128.0,0,0
56,56,15128.0,0,0
57,57,15128.0,0,0
58,58,15128.0,0,0
59,59,15128.0,0,0
60,60,15127.0,1,0
61,61,15126.0,2,0
62,62,15126.0,2,0
63,63,15126.0,2,0
64,64,15126.0,2,0
65,65,15126.0,2,0
66,66,15126.0,2,0
67,67,15124.0,4,0
68,68,15124.0,4,0
69,69,15124.0,4,0
70,70,15123.0,5,0
71,71,15123.0,5,0
72,72,15123.0,5,0
73,73,15122.0,6,0
74,74,15122.0,6,0
75,75,15122.0,6,0
76,76,15120.0,8,0
77,77,15119.0,9,0
78,78,15119.0,9,0
79,79,15119.0,9,0
80,80,15119.0,9,0
81,81,15119.0,9,0
82,82,15118.0,10,0
83,83,15118.0,10,0
84,84,15118.0,10,0
85,85,15117.0,10,1
86,86,15117.0,10,1
87,87,15117.0,10,1
88,88,15114.0,13,1
89,89,15114.0,13,1
90,90,15113.0,14,1
91,91,15113.0,14,1
92,92,15113.0,14,1
93,93,15110.0,17,1
94,94,15110.0,17,1
95,95,15110.0,17,1
96,96,15109.0,18,1
97,97,15109.0,18,1
98,98,15109.0,18,1
99,99,15109.0,18,1
100,100,15107.0,20,1
101,101,15107.0,20,1
102,102,15107.0,20,1
103,103,15107.0,20,1
104,104,15107.0,20,1
105,105,15107.0,20,1
106,106,15107.0,20,1
107,107,15107.0,20,1
108,108,15106.0,21,1
109,109,15106.0,21,1
110,110,15106.0,21,1
111,111,15106.0,21,1
112,112,15106.0,21,1
113,113,15106.0,21,1
114,114,15106.0,21,1
115,115,15106.0,21,1
116,116,15106.0,21,1
117,117,15106.0,21,1
118,118,15106.0,21,1
119,119,15106.0,21,1
120,120,15106.0,21,1
121,121,15106.0,21,1
122,122,15105.0,22,1
123,123,15105.0,22,1
124,124,15105.0,22,1
125,125,15103.0,24,1
126,126,15103.0,24,1
127,127,15103.0,24,1
128,128,15102.0,25,1
