,Days,S,I,D
0,0,54764.0,0,0
1,1,54764.0,0,0
2,2,54764.0,0,0
3,3,54764.0,0,0
4,4,54764.0,0,0
5,5,54764.0,0,0
6,6,54764.0,0,0
7,7,54764.0,0,0
8,8,54764.0,0,0
9,9,54764.0,0,0
10,10,54764.0,0,0
11,11,54764.0,0,0
12,12,54764.0,0,0
13,13,54764.0,0,0
14,14,54764.0,0,0
15,15,54764.0,0,0
16,16,54764.0,0,0
17,17,54764.0,0,0
18,18,54764.0,0,0
19,19,54764.0,0,0
20,20,54764.0,0,0
21,21,54764.0,0,0
22,22,54764.0,0,0
23,23,54764.0,0,0
24,24,54764.0,0,0
25,25,54764.0,0,0
26,26,54764.0,0,0
27,27,54764.0,0,0
28,28,54764.0,0,0
29,29,54764.0,0,0
30,30,54764.0,0,0
31,31,54764.0,0,0
32,32,54764.0,0,0
33,33,54764.0,0,0
34,34,54764.0,0,0
35,35,54764.0,0,0
36,36,54764.0,0,0
37,37,54764.0,0,0
38,38,54764.0,0,0
39,39,54764.0,0,0
40,40,54764.0,0,0
41,41,54764.0,0,0
42,42,54764.0,0,0
43,43,54764.0,0,0
44,44,54764.0,0,0
45,45,54764.0,0,0
46,46,54764.0,0,0
47,47,54764.0,0,0
48,48,54764.0,0,0
49,49,54764.0,0,0
50,50,54764.0,0,0
51,51,54764.0,0,0
52,52,54764.0,0,0
53,53,54764.0,0,0
54,54,54764.0,0,0
55,55,54764.0,0,0
56,56,54764.0,0,0
57,57,54763.0,1,0
58,58,54763.0,1,0
59,59,54763.0,1,0
60,60,54763.0,1,0
61,61,54763.0,1,0
62,62,54762.0,2,0
63,63,54762.0,2,0
64,64,54762.0,2,0
65,65,54762.0,2,0
66,66,54761.0,3,0
67,67,54761.0,3,0
68,68,54761.0,3,0
69,69,54760.0,4,0
70,70,54760.0,4,0
71,71,54757.0,7,0
72,72,54755.0,9,0
73,73,54754.0,10,0
74,74,54754.0,10,0
75,75,54753.0,11,0
76,76,54752.0,12,0
77,77,54751.0,13,0
78,78,54749.0,15,0
79,79,54748.0,16,0
80,80,54746.0,18,0
81,81,54746.0,18,0
82,82,54746.0,18,0
83,83,54744.0,20,0
84,84,54744.0,20,0
85,85,54742.0,22,0
86,86,54742.0,22,0
87,87,54741.0,23,0
88,88,54741.0,23,0
89,89,54741.0,23,0
90,90,54739.0,25,0
91,91,54734.0,30,0
92,92,54730.0,34,0
93,93,54724.0,40,0
94,94,54718.0,46,0
95,95,54715.0,49,0
96,96,54703.0,61,0
97,97,54697.0,67,0
98,98,54692.0,72,0
99,99,54684.0,80,0
100,100,54682.0,82,0
101,101,54667.0,97,0
102,102,54667.0,97,0
103,103,54667.0,97,0
104,104,54663.0,101,0
105,105,54661.0,103,0
106,106,54651.0,113,0
107,107,54647.0,117,0
108,108,54644.0,120,0
109,109,54644.0,120,0
110,110,54641.0,123,0
111,111,54641.0,123,0
112,112,54636.0,128,0
113,113,54630.0,134,0
114,114,54624.0,140,0
115,115,54616.0,148,0
116,116,54615.0,149,0
117,117,54612.0,152,0
118,118,54604.0,160,0
119,119,54598.0,166,0
120,120,54591.0,173,0
121,121,54588.0,175,1
122,122,54576.0,187,1
123,123,54571.0,192,1
124,124,54566.0,197,1
125,125,54562.0,201,1
126,126,54549.0,214,1
127,127,54541.0,222,1
128,128,54531.0,232,1
