,Days,S,I,D
0,0,45507.0,0,0
1,1,45507.0,0,0
2,2,45507.0,0,0
3,3,45507.0,0,0
4,4,45507.0,0,0
5,5,45507.0,0,0
6,6,45507.0,0,0
7,7,45507.0,0,0
8,8,45507.0,0,0
9,9,45507.0,0,0
10,10,45507.0,0,0
11,11,45507.0,0,0
12,12,45507.0,0,0
13,13,45507.0,0,0
14,14,45507.0,0,0
15,15,45507.0,0,0
16,16,45507.0,0,0
17,17,45507.0,0,0
18,18,45507.0,0,0
19,19,45507.0,0,0
20,20,45507.0,0,0
21,21,45507.0,0,0
22,22,45507.0,0,0
23,23,45507.0,0,0
24,24,45507.0,0,0
25,25,45507.0,0,0
26,26,45507.0,0,0
27,27,45507.0,0,0
28,28,45507.0,0,0
29,29,45507.0,0,0
30,30,45507.0,0,0
31,31,45507.0,0,0
32,32,45507.0,0,0
33,33,45507.0,0,0
34,34,45507.0,0,0
35,35,45507.0,0,0
36,36,45507.0,0,0
37,37,45507.0,0,0
38,38,45507.0,0,0
39,39,45507.0,0,0
40,40,45507.0,0,0
41,41,45507.0,0,0
42,42,45507.0,0,0
43,43,45507.0,0,0
44,44,45507.0,0,0
45,45,45507.0,0,0
46,46,45507.0,0,0
47,47,45507.0,0,0
48,48,45507.0,0,0
49,49,45507.0,0,0
50,50,45507.0,0,0
51,51,45507.0,0,0
52,52,45507.0,0,0
53,53,45507.0,0,0
54,54,45507.0,0,0
55,55,45507.0,0,0
56,56,45507.0,0,0
57,57,45507.0,0,0
58,58,45507.0,0,0
59,59,45507.0,0,0
60,60,45507.0,0,0
61,61,45507.0,0,0
62,62,45507.0,0,0
63,63,45507.0,0,0
64,64,45505.0,2,0
65,65,45504.0,3,0
66,66,45504.0,3,0
67,67,45503.0,4,0
68,68,45503.0,4,0
69,69,45500.0,7,0
70,70,45500.0,7,0
71,71,45499.0,8,0
72,72,45499.0,8,0
73,73,45499.0,8,0
74,74,45498.0,9,0
75,75,45497.0,10,0
76,76,45497.0,10,0
77,77,45497.0,10,0
78,78,45494.0,13,0
79,79,45491.0,16,0
80,80,45491.0,16,0
81,81,45491.0,16,0
82,82,45491.0,16,0
83,83,45489.0,18,0
84,84,45489.0,18,0
85,85,45489.0,18,0
86,86,45488.0,19,0
87,87,45488.0,19,0
88,88,45488.0,19,0
89,89,45487.0,20,0
90,90,45487.0,20,0
91,91,45487.0,20,0
92,92,45487.0,20,0
93,93,45487.0,20,0
94,94,45485.0,21,1
95,95,45485.0,21,1
96,96,45485.0,21,1
97,97,45484.0,22,1
98,98,45484.0,22,1
99,99,45484.0,22,1
100,100,45481.0,25,1
101,101,45481.0,25,1
102,102,45479.0,27,1
103,103,45479.0,27,1
104,104,45478.0,28,1
105,105,45478.0,28,1
106,106,45478.0,28,1
107,107,45477.0,29,1
108,108,45477.0,29,1
109,109,45477.0,29,1
110,110,45477.0,29,1
111,111,45477.0,29,1
112,112,45503.0,3,1
113,113,45477.0,29,1
114,114,45477.0,29,1
115,115,45476.0,30,1
116,116,45476.0,30,1
117,117,45474.0,32,1
118,118,45474.0,32,1
119,119,45473.0,33,1
120,120,45471.0,35,1
121,121,45471.0,35,1
122,122,45469.0,37,1
123,123,45467.0,39,1
124,124,45455.0,51,1
125,125,45455.0,51,1
126,126,45454.0,52,1
127,127,45454.0,52,1
128,128,45453.0,53,1
