,Days,S,I,D
0,0,42446.0,0,0
1,1,42446.0,0,0
2,2,42446.0,0,0
3,3,42446.0,0,0
4,4,42446.0,0,0
5,5,42446.0,0,0
6,6,42446.0,0,0
7,7,42446.0,0,0
8,8,42446.0,0,0
9,9,42446.0,0,0
10,10,42446.0,0,0
11,11,42446.0,0,0
12,12,42446.0,0,0
13,13,42446.0,0,0
14,14,42446.0,0,0
15,15,42446.0,0,0
16,16,42446.0,0,0
17,17,42446.0,0,0
18,18,42446.0,0,0
19,19,42446.0,0,0
20,20,42446.0,0,0
21,21,42446.0,0,0
22,22,42446.0,0,0
23,23,42446.0,0,0
24,24,42446.0,0,0
25,25,42446.0,0,0
26,26,42446.0,0,0
27,27,42446.0,0,0
28,28,42446.0,0,0
29,29,42446.0,0,0
30,30,42446.0,0,0
31,31,42446.0,0,0
32,32,42446.0,0,0
33,33,42446.0,0,0
34,34,42446.0,0,0
35,35,42446.0,0,0
36,36,42446.0,0,0
37,37,42446.0,0,0
38,38,42446.0,0,0
39,39,42446.0,0,0
40,40,42446.0,0,0
41,41,42446.0,0,0
42,42,42446.0,0,0
43,43,42446.0,0,0
44,44,42446.0,0,0
45,45,42446.0,0,0
46,46,42446.0,0,0
47,47,42446.0,0,0
48,48,42446.0,0,0
49,49,42446.0,0,0
50,50,42446.0,0,0
51,51,42446.0,0,0
52,52,42446.0,0,0
53,53,42446.0,0,0
54,54,42446.0,0,0
55,55,42446.0,0,0
56,56,42446.0,0,0
57,57,42446.0,0,0
58,58,42446.0,0,0
59,59,42446.0,0,0
60,60,42446.0,0,0
61,61,42446.0,0,0
62,62,42445.0,1,0
63,63,42445.0,1,0
64,64,42445.0,1,0
65,65,42445.0,1,0
66,66,42445.0,1,0
67,67,42445.0,1,0
68,68,42445.0,1,0
69,69,42445.0,1,0
70,70,42444.0,2,0
71,71,42444.0,2,0
72,72,42442.0,3,1
73,73,42438.0,7,1
74,74,42438.0,7,1
75,75,42438.0,7,1
76,76,42437.0,8,1
77,77,42436.0,9,1
78,78,42435.0,10,1
79,79,42435.0,10,1
80,80,42433.0,12,1
81,81,42433.0,12,1
82,82,42433.0,12,1
83,83,42433.0,12,1
84,84,42433.0,12,1
85,85,42433.0,12,1
86,86,42433.0,12,1
87,87,42433.0,12,1
88,88,42433.0,12,1
89,89,42433.0,12,1
90,90,42433.0,12,1
91,91,42433.0,12,1
92,92,42433.0,12,1
93,93,42433.0,12,1
94,94,42433.0,12,1
95,95,42433.0,12,1
96,96,42433.0,12,1
97,97,42433.0,12,1
98,98,42433.0,12,1
99,99,42433.0,12,1
100,100,42433.0,12,1
101,101,42433.0,12,1
102,102,42433.0,12,1
103,103,42433.0,12,1
104,104,42433.0,12,1
105,105,42432.0,13,1
106,106,42431.0,14,1
107,107,42431.0,14,1
108,108,42431.0,14,1
109,109,42431.0,14,1
110,110,42431.0,14,1
111,111,42431.0,14,1
112,112,42431.0,14,1
113,113,42430.0,15,1
114,114,42430.0,15,1
115,115,42430.0,15,1
116,116,42430.0,15,1
117,117,42430.0,15,1
118,118,42430.0,15,1
119,119,42430.0,15,1
120,120,42430.0,15,1
121,121,42430.0,15,1
122,122,42430.0,15,1
123,123,42430.0,15,1
124,124,42430.0,15,1
125,125,42429.0,16,1
126,126,42429.0,16,1
127,127,42429.0,16,1
128,128,42429.0,16,1
