,Days,S,I,D
0,0,42647.0,0,0
1,1,42647.0,0,0
2,2,42647.0,0,0
3,3,42647.0,0,0
4,4,42647.0,0,0
5,5,42647.0,0,0
6,6,42647.0,0,0
7,7,42647.0,0,0
8,8,42647.0,0,0
9,9,42647.0,0,0
10,10,42647.0,0,0
11,11,42647.0,0,0
12,12,42647.0,0,0
13,13,42647.0,0,0
14,14,42647.0,0,0
15,15,42647.0,0,0
16,16,42647.0,0,0
17,17,42647.0,0,0
18,18,42647.0,0,0
19,19,42647.0,0,0
20,20,42647.0,0,0
21,21,42647.0,0,0
22,22,42647.0,0,0
23,23,42647.0,0,0
24,24,42647.0,0,0
25,25,42647.0,0,0
26,26,42647.0,0,0
27,27,42647.0,0,0
28,28,42647.0,0,0
29,29,42647.0,0,0
30,30,42647.0,0,0
31,31,42647.0,0,0
32,32,42647.0,0,0
33,33,42647.0,0,0
34,34,42647.0,0,0
35,35,42647.0,0,0
36,36,42647.0,0,0
37,37,42647.0,0,0
38,38,42647.0,0,0
39,39,42647.0,0,0
40,40,42647.0,0,0
41,41,42647.0,0,0
42,42,42647.0,0,0
43,43,42647.0,0,0
44,44,42647.0,0,0
45,45,42647.0,0,0
46,46,42647.0,0,0
47,47,42647.0,0,0
48,48,42647.0,0,0
49,49,42647.0,0,0
50,50,42647.0,0,0
51,51,42647.0,0,0
52,52,42647.0,0,0
53,53,42647.0,0,0
54,54,42647.0,0,0
55,55,42647.0,0,0
56,56,42647.0,0,0
57,57,42647.0,0,0
58,58,42647.0,0,0
59,59,42647.0,0,0
60,60,42645.0,2,0
61,61,42645.0,2,0
62,62,42645.0,2,0
63,63,42645.0,2,0
64,64,42645.0,2,0
65,65,42644.0,3,0
66,66,42643.0,4,0
67,67,42641.0,6,0
68,68,42640.0,7,0
69,69,42640.0,7,0
70,70,42639.0,8,0
71,71,42637.0,10,0
72,72,42637.0,10,0
73,73,42637.0,10,0
74,74,42637.0,10,0
75,75,42635.0,12,0
76,76,42635.0,12,0
77,77,42635.0,12,0
78,78,42634.0,13,0
79,79,42634.0,13,0
80,80,42634.0,13,0
81,81,42634.0,13,0
82,82,42634.0,13,0
83,83,42633.0,14,0
84,84,42633.0,14,0
85,85,42633.0,14,0
86,86,42633.0,14,0
87,87,42633.0,14,0
88,88,42633.0,14,0
89,89,42633.0,14,0
90,90,42633.0,14,0
91,91,42633.0,14,0
92,92,42633.0,14,0
93,93,42633.0,14,0
94,94,42633.0,14,0
95,95,42633.0,14,0
96,96,42633.0,14,0
97,97,42633.0,14,0
98,98,42633.0,14,0
99,99,42633.0,14,0
100,100,42633.0,14,0
101,101,42633.0,14,0
102,102,42633.0,14,0
103,103,42633.0,14,0
104,104,42633.0,14,0
105,105,42633.0,14,0
106,106,42633.0,14,0
107,107,42633.0,14,0
108,108,42633.0,14,0
109,109,42633.0,14,0
110,110,42633.0,14,0
111,111,42633.0,14,0
112,112,42633.0,14,0
113,113,42632.0,15,0
114,114,42632.0,15,0
115,115,42630.0,17,0
116,116,42630.0,17,0
117,117,42630.0,17,0
118,118,42630.0,17,0
119,119,42628.0,19,0
120,120,42628.0,19,0
121,121,42626.0,20,1
122,122,42626.0,20,1
123,123,42624.0,22,1
124,124,42624.0,22,1
125,125,42624.0,22,1
126,126,42624.0,22,1
127,127,42622.0,24,1
128,128,42619.0,27,1
