,Days,S,I,D
0,0,50574.0,0,0
1,1,50574.0,0,0
2,2,50574.0,0,0
3,3,50574.0,0,0
4,4,50574.0,0,0
5,5,50574.0,0,0
6,6,50574.0,0,0
7,7,50574.0,0,0
8,8,50574.0,0,0
9,9,50574.0,0,0
10,10,50574.0,0,0
11,11,50574.0,0,0
12,12,50574.0,0,0
13,13,50574.0,0,0
14,14,50574.0,0,0
15,15,50574.0,0,0
16,16,50574.0,0,0
17,17,50574.0,0,0
18,18,50574.0,0,0
19,19,50574.0,0,0
20,20,50574.0,0,0
21,21,50574.0,0,0
22,22,50574.0,0,0
23,23,50574.0,0,0
24,24,50574.0,0,0
25,25,50574.0,0,0
26,26,50574.0,0,0
27,27,50574.0,0,0
28,28,50574.0,0,0
29,29,50574.0,0,0
30,30,50574.0,0,0
31,31,50574.0,0,0
32,32,50574.0,0,0
33,33,50574.0,0,0
34,34,50574.0,0,0
35,35,50574.0,0,0
36,36,50574.0,0,0
37,37,50574.0,0,0
38,38,50574.0,0,0
39,39,50574.0,0,0
40,40,50574.0,0,0
41,41,50574.0,0,0
42,42,50574.0,0,0
43,43,50574.0,0,0
44,44,50574.0,0,0
45,45,50574.0,0,0
46,46,50574.0,0,0
47,47,50574.0,0,0
48,48,50574.0,0,0
49,49,50574.0,0,0
50,50,50574.0,0,0
51,51,50574.0,0,0
52,52,50574.0,0,0
53,53,50574.0,0,0
54,54,50574.0,0,0
55,55,50574.0,0,0
56,56,50574.0,0,0
57,57,50574.0,0,0
58,58,50574.0,0,0
59,59,50574.0,0,0
60,60,50574.0,0,0
61,61,50574.0,0,0
62,62,50574.0,0,0
63,63,50574.0,0,0
64,64,50574.0,0,0
65,65,50574.0,0,0
66,66,50574.0,0,0
67,67,50572.0,2,0
68,68,50572.0,2,0
69,69,50570.0,4,0
70,70,50570.0,4,0
71,71,50568.0,6,0
72,72,50567.0,7,0
73,73,50564.0,10,0
74,74,50564.0,10,0
75,75,50564.0,10,0
76,76,50562.0,12,0
77,77,50562.0,12,0
78,78,50559.0,15,0
79,79,50557.0,17,0
80,80,50553.0,21,0
81,81,50554.0,20,0
82,82,50554.0,20,0
83,83,50549.0,25,0
84,84,50549.0,25,0
85,85,50548.0,26,0
86,86,50545.0,28,1
87,87,50543.0,30,1
88,88,50543.0,30,1
89,89,50540.0,33,1
90,90,50540.0,33,1
91,91,50539.0,34,1
92,92,50538.0,35,1
93,93,50534.0,39,1
94,94,50527.0,46,1
95,95,50524.0,49,1
96,96,50524.0,49,1
97,97,50521.0,52,1
98,98,50518.0,55,1
99,99,50517.0,56,1
100,100,50516.0,57,1
101,101,50511.0,62,1
102,102,50511.0,62,1
103,103,50509.0,64,1
104,104,50504.0,69,1
105,105,50500.0,73,1
106,106,50496.0,77,1
107,107,50491.0,82,1
108,108,50488.0,85,1
109,109,50482.0,91,1
110,110,50479.0,94,1
111,111,50479.0,94,1
112,112,50477.0,96,1
113,113,50473.0,100,1
114,114,50472.0,101,1
115,115,50467.0,106,1
116,116,50467.0,106,1
117,117,50460.0,113,1
118,118,50454.0,119,1
119,119,50448.0,125,1
120,120,50442.0,131,1
121,121,50434.0,139,1
122,122,50428.0,145,1
123,123,50425.0,148,1
124,124,50423.0,150,1
125,125,50422.0,151,1
126,126,50422.0,151,1
127,127,50414.0,159,1
128,128,50409.0,164,1
