,Days,S,I,D
0,0,6843.0,0,0
1,1,6843.0,0,0
2,2,6843.0,0,0
3,3,6843.0,0,0
4,4,6843.0,0,0
5,5,6843.0,0,0
6,6,6843.0,0,0
7,7,6843.0,0,0
8,8,6843.0,0,0
9,9,6843.0,0,0
10,10,6843.0,0,0
11,11,6843.0,0,0
12,12,6843.0,0,0
13,13,6843.0,0,0
14,14,6843.0,0,0
15,15,6843.0,0,0
16,16,6843.0,0,0
17,17,6843.0,0,0
18,18,6843.0,0,0
19,19,6843.0,0,0
20,20,6843.0,0,0
21,21,6843.0,0,0
22,22,6843.0,0,0
23,23,6843.0,0,0
24,24,6843.0,0,0
25,25,6843.0,0,0
26,26,6843.0,0,0
27,27,6843.0,0,0
28,28,6843.0,0,0
29,29,6843.0,0,0
30,30,6843.0,0,0
31,31,6843.0,0,0
32,32,6843.0,0,0
33,33,6843.0,0,0
34,34,6843.0,0,0
35,35,6843.0,0,0
36,36,6843.0,0,0
37,37,6843.0,0,0
38,38,6843.0,0,0
39,39,6843.0,0,0
40,40,6843.0,0,0
41,41,6843.0,0,0
42,42,6843.0,0,0
43,43,6843.0,0,0
44,44,6843.0,0,0
45,45,6843.0,0,0
46,46,6843.0,0,0
47,47,6843.0,0,0
48,48,6843.0,0,0
49,49,6843.0,0,0
50,50,6843.0,0,0
51,51,6843.0,0,0
52,52,6843.0,0,0
53,53,6843.0,0,0
54,54,6843.0,0,0
55,55,6843.0,0,0
56,56,6843.0,0,0
57,57,6843.0,0,0
58,58,6843.0,0,0
59,59,6843.0,0,0
60,60,6843.0,0,0
61,61,6843.0,0,0
62,62,6843.0,0,0
63,63,6843.0,0,0
64,64,6843.0,0,0
65,65,6843.0,0,0
66,66,6843.0,0,0
67,67,6843.0,0,0
68,68,6843.0,0,0
69,69,6842.0,1,0
70,70,6842.0,1,0
71,71,6840.0,3,0
72,72,6840.0,3,0
73,73,6840.0,3,0
74,74,6840.0,3,0
75,75,6840.0,3,0
76,76,6840.0,3,0
77,77,6840.0,3,0
78,78,6840.0,3,0
79,79,6840.0,3,0
80,80,6840.0,3,0
81,81,6840.0,3,0
82,82,6840.0,3,0
83,83,6840.0,3,0
84,84,6840.0,3,0
85,85,6840.0,3,0
86,86,6840.0,3,0
87,87,6840.0,3,0
88,88,6840.0,3,0
89,89,6840.0,3,0
90,90,6840.0,3,0
91,91,6840.0,3,0
92,92,6840.0,3,0
93,93,6840.0,3,0
94,94,6840.0,3,0
95,95,6840.0,3,0
96,96,6840.0,3,0
97,97,6840.0,3,0
98,98,6840.0,3,0
99,99,6840.0,3,0
100,100,6840.0,3,0
101,101,6840.0,3,0
102,102,6840.0,3,0
103,103,6840.0,3,0
104,104,6840.0,3,0
105,105,6840.0,3,0
106,106,6840.0,3,0
107,107,6839.0,4,0
108,108,6838.0,5,0
109,109,6838.0,5,0
110,110,6838.0,5,0
111,111,6835.0,8,0
112,112,6835.0,8,0
113,113,6828.0,15,0
114,114,6827.0,16,0
115,115,6827.0,16,0
116,116,6827.0,16,0
117,117,6826.0,17,0
118,118,6825.0,18,0
119,119,6825.0,18,0
120,120,6823.0,20,0
121,121,6820.0,23,0
122,122,6819.0,24,0
123,123,6818.0,25,0
124,124,6818.0,25,0
125,125,6818.0,25,0
126,126,6817.0,25,1
127,127,6809.0,33,1
128,128,6794.0,48,1
