,Days,S,I,D
0,0,46518.0,0,0
1,1,46518.0,0,0
2,2,46518.0,0,0
3,3,46518.0,0,0
4,4,46518.0,0,0
5,5,46518.0,0,0
6,6,46518.0,0,0
7,7,46518.0,0,0
8,8,46518.0,0,0
9,9,46518.0,0,0
10,10,46518.0,0,0
11,11,46518.0,0,0
12,12,46518.0,0,0
13,13,46518.0,0,0
14,14,46518.0,0,0
15,15,46518.0,0,0
16,16,46518.0,0,0
17,17,46518.0,0,0
18,18,46518.0,0,0
19,19,46518.0,0,0
20,20,46518.0,0,0
21,21,46518.0,0,0
22,22,46518.0,0,0
23,23,46518.0,0,0
24,24,46518.0,0,0
25,25,46518.0,0,0
26,26,46518.0,0,0
27,27,46518.0,0,0
28,28,46518.0,0,0
29,29,46518.0,0,0
30,30,46518.0,0,0
31,31,46518.0,0,0
32,32,46518.0,0,0
33,33,46518.0,0,0
34,34,46518.0,0,0
35,35,46518.0,0,0
36,36,46518.0,0,0
37,37,46518.0,0,0
38,38,46518.0,0,0
39,39,46518.0,0,0
40,40,46518.0,0,0
41,41,46518.0,0,0
42,42,46518.0,0,0
43,43,46518.0,0,0
44,44,46518.0,0,0
45,45,46518.0,0,0
46,46,46518.0,0,0
47,47,46518.0,0,0
48,48,46518.0,0,0
49,49,46518.0,0,0
50,50,46518.0,0,0
51,51,46518.0,0,0
52,52,46518.0,0,0
53,53,46518.0,0,0
54,54,46518.0,0,0
55,55,46518.0,0,0
56,56,46518.0,0,0
57,57,46518.0,0,0
58,58,46518.0,0,0
59,59,46518.0,0,0
60,60,46518.0,0,0
61,61,46518.0,0,0
62,62,46518.0,0,0
63,63,46518.0,0,0
64,64,46518.0,0,0
65,65,46517.0,1,0
66,66,46517.0,1,0
67,67,46517.0,1,0
68,68,46516.0,2,0
69,69,46513.0,5,0
70,70,46512.0,6,0
71,71,46509.0,9,0
72,72,46503.0,15,0
73,73,46503.0,15,0
74,74,46502.0,16,0
75,75,46501.0,17,0
76,76,46501.0,17,0
77,77,46499.0,19,0
78,78,46497.0,21,0
79,79,46494.0,24,0
80,80,46490.0,28,0
81,81,46489.0,29,0
82,82,46485.0,33,0
83,83,46482.0,36,0
84,84,46480.0,38,0
85,85,46479.0,39,0
86,86,46479.0,39,0
87,87,46478.0,40,0
88,88,46477.0,41,0
89,89,46476.0,42,0
90,90,46474.0,44,0
91,91,46474.0,44,0
92,92,46474.0,44,0
93,93,46471.0,47,0
94,94,46471.0,47,0
95,95,46470.0,47,1
96,96,46469.0,48,1
97,97,46469.0,48,1
98,98,46469.0,48,1
99,99,46469.0,48,1
100,100,46468.0,49,1
101,101,46467.0,50,1
102,102,46467.0,50,1
103,103,46467.0,50,1
104,104,46466.0,51,1
105,105,46466.0,51,1
106,106,46464.0,53,1
107,107,46464.0,53,1
108,108,46462.0,55,1
109,109,46461.0,56,1
110,110,46459.0,58,1
111,111,46459.0,58,1
112,112,46459.0,58,1
113,113,46457.0,60,1
114,114,46457.0,60,1
115,115,46457.0,60,1
116,116,46457.0,60,1
117,117,46457.0,60,1
118,118,46457.0,60,1
119,119,46457.0,60,1
120,120,46457.0,60,1
121,121,46457.0,60,1
122,122,46457.0,60,1
123,123,46457.0,60,1
124,124,46457.0,60,1
125,125,46457.0,60,1
126,126,46457.0,60,1
127,127,46457.0,60,1
128,128,46457.0,60,1
