,Days,S,I,D
0,0,161355.0,0,0
1,1,161355.0,0,0
2,2,161355.0,0,0
3,3,161355.0,0,0
4,4,161355.0,0,0
5,5,161355.0,0,0
6,6,161355.0,0,0
7,7,161355.0,0,0
8,8,161355.0,0,0
9,9,161355.0,0,0
10,10,161355.0,0,0
11,11,161355.0,0,0
12,12,161355.0,0,0
13,13,161355.0,0,0
14,14,161355.0,0,0
15,15,161355.0,0,0
16,16,161355.0,0,0
17,17,161355.0,0,0
18,18,161355.0,0,0
19,19,161355.0,0,0
20,20,161355.0,0,0
21,21,161355.0,0,0
22,22,161355.0,0,0
23,23,161355.0,0,0
24,24,161355.0,0,0
25,25,161355.0,0,0
26,26,161355.0,0,0
27,27,161355.0,0,0
28,28,161355.0,0,0
29,29,161355.0,0,0
30,30,161355.0,0,0
31,31,161355.0,0,0
32,32,161355.0,0,0
33,33,161355.0,0,0
34,34,161355.0,0,0
35,35,161355.0,0,0
36,36,161355.0,0,0
37,37,161355.0,0,0
38,38,161355.0,0,0
39,39,161355.0,0,0
40,40,161355.0,0,0
41,41,161355.0,0,0
42,42,161355.0,0,0
43,43,161355.0,0,0
44,44,161355.0,0,0
45,45,161355.0,0,0
46,46,161355.0,0,0
47,47,161355.0,0,0
48,48,161355.0,0,0
49,49,161355.0,0,0
50,50,161355.0,0,0
51,51,161355.0,0,0
52,52,161355.0,0,0
53,53,161355.0,0,0
54,54,161355.0,0,0
55,55,161355.0,0,0
56,56,161355.0,0,0
57,57,161354.0,1,0
58,58,161353.0,2,0
59,59,161353.0,2,0
60,60,161350.0,4,1
61,61,161348.0,6,1
62,62,161346.0,8,1
63,63,161343.0,11,1
64,64,161337.0,17,1
65,65,161334.0,20,1
66,66,161324.0,30,1
67,67,161317.0,37,1
68,68,161308.0,46,1
69,69,161284.0,69,2
70,70,161272.0,81,2
71,71,161250.0,102,3
72,72,161237.0,114,4
73,73,161226.0,125,4
74,74,161223.0,128,4
75,75,161204.0,147,4
76,76,161193.0,158,4
77,77,161187.0,164,4
78,78,161174.0,177,4
79,79,161156.0,194,5
80,80,161145.0,204,6
81,81,161129.0,219,7
82,82,161124.0,224,7
83,83,161115.0,233,7
84,84,161109.0,239,7
85,85,161100.0,248,7
86,86,161089.0,258,8
87,87,161041.0,306,8
88,88,161030.0,317,8
89,89,161014.0,332,9
90,90,161008.0,337,10
91,91,160996.0,345,14
92,92,160973.0,367,15
93,93,160942.0,396,17
94,94,160923.0,412,20
95,95,160904.0,427,24
96,96,160886.0,443,26
97,97,160820.0,509,26
98,98,160811.0,518,26
99,99,160807.0,518,30
100,100,160805.0,518,32
101,101,160773.0,549,33
102,102,160760.0,559,36
103,103,160756.0,563,36
104,104,160733.0,575,47
105,105,160728.0,580,47
106,106,160712.0,595,48
107,107,160653.0,654,48
108,108,160646.0,659,50
109,109,160624.0,676,55
110,110,160610.0,688,57
111,111,160596.0,702,57
112,112,160583.0,708,64
113,113,160565.0,724,66
114,114,160550.0,738,67
115,115,160535.0,751,69
116,116,160516.0,767,72
117,117,160509.0,774,72
118,118,160502.0,780,73
119,119,160487.0,792,76
120,120,160473.0,806,76
121,121,160467.0,812,76
122,122,160459.0,819,77
123,123,160447.0,830,78
124,124,160441.0,834,80
125,125,160433.0,840,82
126,126,160430.0,843,82
127,127,160427.0,845,83
128,128,160416.0,853,86
