,Days,S,I,D
0,0,18432.0,0,0
1,1,18432.0,0,0
2,2,18432.0,0,0
3,3,18432.0,0,0
4,4,18432.0,0,0
5,5,18432.0,0,0
6,6,18432.0,0,0
7,7,18432.0,0,0
8,8,18432.0,0,0
9,9,18432.0,0,0
10,10,18432.0,0,0
11,11,18432.0,0,0
12,12,18432.0,0,0
13,13,18432.0,0,0
14,14,18432.0,0,0
15,15,18432.0,0,0
16,16,18432.0,0,0
17,17,18432.0,0,0
18,18,18432.0,0,0
19,19,18432.0,0,0
20,20,18432.0,0,0
21,21,18432.0,0,0
22,22,18432.0,0,0
23,23,18432.0,0,0
24,24,18432.0,0,0
25,25,18432.0,0,0
26,26,18432.0,0,0
27,27,18432.0,0,0
28,28,18432.0,0,0
29,29,18432.0,0,0
30,30,18432.0,0,0
31,31,18432.0,0,0
32,32,18432.0,0,0
33,33,18432.0,0,0
34,34,18432.0,0,0
35,35,18432.0,0,0
36,36,18432.0,0,0
37,37,18432.0,0,0
38,38,18432.0,0,0
39,39,18432.0,0,0
40,40,18432.0,0,0
41,41,18432.0,0,0
42,42,18432.0,0,0
43,43,18432.0,0,0
44,44,18432.0,0,0
45,45,18432.0,0,0
46,46,18432.0,0,0
47,47,18432.0,0,0
48,48,18432.0,0,0
49,49,18432.0,0,0
50,50,18432.0,0,0
51,51,18432.0,0,0
52,52,18432.0,0,0
53,53,18432.0,0,0
54,54,18432.0,0,0
55,55,18432.0,0,0
56,56,18432.0,0,0
57,57,18432.0,0,0
58,58,18432.0,0,0
59,59,18432.0,0,0
60,60,18432.0,0,0
61,61,18432.0,0,0
62,62,18432.0,0,0
63,63,18431.0,1,0
64,64,18431.0,1,0
65,65,18430.0,2,0
66,66,18429.0,3,0
67,67,18429.0,3,0
68,68,18429.0,3,0
69,69,18429.0,3,0
70,70,18429.0,3,0
71,71,18429.0,3,0
72,72,18429.0,3,0
73,73,18429.0,3,0
74,74,18429.0,3,0
75,75,18428.0,4,0
76,76,18428.0,4,0
77,77,18428.0,4,0
78,78,18427.0,5,0
79,79,18427.0,5,0
80,80,18427.0,5,0
81,81,18427.0,5,0
82,82,18427.0,5,0
83,83,18427.0,5,0
84,84,18427.0,5,0
85,85,18427.0,5,0
86,86,18426.0,6,0
87,87,18426.0,6,0
88,88,18426.0,6,0
89,89,18425.0,7,0
90,90,18425.0,7,0
91,91,18425.0,7,0
92,92,18425.0,7,0
93,93,18423.0,8,1
94,94,18423.0,8,1
95,95,18423.0,8,1
96,96,18423.0,8,1
97,97,18423.0,8,1
98,98,18423.0,8,1
99,99,18421.0,10,1
100,100,18421.0,10,1
101,101,18421.0,10,1
102,102,18421.0,10,1
103,103,18421.0,10,1
104,104,18421.0,10,1
105,105,18421.0,10,1
106,106,18421.0,10,1
107,107,18421.0,10,1
108,108,18421.0,10,1
109,109,18421.0,10,1
110,110,18421.0,10,1
111,111,18421.0,10,1
112,112,18420.0,11,1
113,113,18420.0,11,1
114,114,18420.0,11,1
115,115,18420.0,11,1
116,116,18420.0,11,1
117,117,18420.0,11,1
118,118,18420.0,11,1
119,119,18418.0,13,1
120,120,18417.0,14,1
121,121,18417.0,14,1
122,122,18417.0,14,1
123,123,18417.0,14,1
124,124,18416.0,15,1
125,125,18416.0,15,1
126,126,18416.0,15,1
127,127,18413.0,18,1
128,128,18413.0,18,1
