,Days,S,I,D
0,0,15761.0,0,0
1,1,15761.0,0,0
2,2,15761.0,0,0
3,3,15761.0,0,0
4,4,15761.0,0,0
5,5,15761.0,0,0
6,6,15761.0,0,0
7,7,15761.0,0,0
8,8,15761.0,0,0
9,9,15761.0,0,0
10,10,15761.0,0,0
11,11,15761.0,0,0
12,12,15761.0,0,0
13,13,15761.0,0,0
14,14,15761.0,0,0
15,15,15761.0,0,0
16,16,15761.0,0,0
17,17,15761.0,0,0
18,18,15761.0,0,0
19,19,15761.0,0,0
20,20,15761.0,0,0
21,21,15761.0,0,0
22,22,15761.0,0,0
23,23,15761.0,0,0
24,24,15761.0,0,0
25,25,15761.0,0,0
26,26,15761.0,0,0
27,27,15761.0,0,0
28,28,15761.0,0,0
29,29,15761.0,0,0
30,30,15761.0,0,0
31,31,15761.0,0,0
32,32,15761.0,0,0
33,33,15761.0,0,0
34,34,15761.0,0,0
35,35,15761.0,0,0
36,36,15761.0,0,0
37,37,15761.0,0,0
38,38,15761.0,0,0
39,39,15761.0,0,0
40,40,15761.0,0,0
41,41,15761.0,0,0
42,42,15761.0,0,0
43,43,15761.0,0,0
44,44,15761.0,0,0
45,45,15761.0,0,0
46,46,15761.0,0,0
47,47,15761.0,0,0
48,48,15761.0,0,0
49,49,15761.0,0,0
50,50,15761.0,0,0
51,51,15761.0,0,0
52,52,15761.0,0,0
53,53,15761.0,0,0
54,54,15761.0,0,0
55,55,15761.0,0,0
56,56,15761.0,0,0
57,57,15761.0,0,0
58,58,15761.0,0,0
59,59,15761.0,0,0
60,60,15761.0,0,0
61,61,15761.0,0,0
62,62,15761.0,0,0
63,63,15761.0,0,0
64,64,15761.0,0,0
65,65,15761.0,0,0
66,66,15761.0,0,0
67,67,15761.0,0,0
68,68,15761.0,0,0
69,69,15761.0,0,0
70,70,15761.0,0,0
71,71,15761.0,0,0
72,72,15761.0,0,0
73,73,15761.0,0,0
74,74,15761.0,0,0
75,75,15761.0,0,0
76,76,15761.0,0,0
77,77,15761.0,0,0
78,78,15761.0,0,0
79,79,15761.0,0,0
80,80,15761.0,0,0
81,81,15761.0,0,0
82,82,15761.0,0,0
83,83,15761.0,0,0
84,84,15761.0,0,0
85,85,15761.0,0,0
86,86,15761.0,0,0
87,87,15761.0,0,0
88,88,15761.0,0,0
89,89,15761.0,0,0
90,90,15761.0,0,0
91,91,15761.0,0,0
92,92,15761.0,0,0
93,93,15761.0,0,0
94,94,15761.0,0,0
95,95,15761.0,0,0
96,96,15761.0,0,0
97,97,15761.0,0,0
98,98,15761.0,0,0
99,99,15761.0,0,0
100,100,15760.0,1,0
101,101,15760.0,1,0
102,102,15760.0,1,0
103,103,15760.0,1,0
104,104,15760.0,1,0
105,105,15759.0,2,0
106,106,15759.0,2,0
107,107,15759.0,2,0
108,108,15758.0,3,0
109,109,15756.0,4,1
110,110,15755.0,5,1
111,111,15754.0,6,1
112,112,15751.0,9,1
113,113,15751.0,9,1
114,114,15750.0,10,1
115,115,15749.0,11,1
116,116,15749.0,11,1
117,117,15749.0,11,1
118,118,15749.0,11,1
119,119,15749.0,11,1
120,120,15749.0,11,1
121,121,15745.0,15,1
122,122,15745.0,15,1
123,123,15743.0,17,1
124,124,15742.0,18,1
125,125,15742.0,18,1
126,126,15742.0,18,1
127,127,15742.0,18,1
128,128,15741.0,19,1
