,Days,S,I,D
0,0,28360.0,0,0
1,1,28360.0,0,0
2,2,28360.0,0,0
3,3,28360.0,0,0
4,4,28360.0,0,0
5,5,28360.0,0,0
6,6,28360.0,0,0
7,7,28360.0,0,0
8,8,28360.0,0,0
9,9,28360.0,0,0
10,10,28360.0,0,0
11,11,28360.0,0,0
12,12,28360.0,0,0
13,13,28360.0,0,0
14,14,28360.0,0,0
15,15,28360.0,0,0
16,16,28360.0,0,0
17,17,28360.0,0,0
18,18,28360.0,0,0
19,19,28360.0,0,0
20,20,28360.0,0,0
21,21,28360.0,0,0
22,22,28360.0,0,0
23,23,28360.0,0,0
24,24,28360.0,0,0
25,25,28360.0,0,0
26,26,28360.0,0,0
27,27,28360.0,0,0
28,28,28360.0,0,0
29,29,28360.0,0,0
30,30,28360.0,0,0
31,31,28360.0,0,0
32,32,28360.0,0,0
33,33,28360.0,0,0
34,34,28360.0,0,0
35,35,28360.0,0,0
36,36,28360.0,0,0
37,37,28360.0,0,0
38,38,28360.0,0,0
39,39,28360.0,0,0
40,40,28360.0,0,0
41,41,28360.0,0,0
42,42,28360.0,0,0
43,43,28360.0,0,0
44,44,28360.0,0,0
45,45,28360.0,0,0
46,46,28360.0,0,0
47,47,28360.0,0,0
48,48,28360.0,0,0
49,49,28360.0,0,0
50,50,28360.0,0,0
51,51,28360.0,0,0
52,52,28360.0,0,0
53,53,28360.0,0,0
54,54,28360.0,0,0
55,55,28360.0,0,0
56,56,28360.0,0,0
57,57,28360.0,0,0
58,58,28360.0,0,0
59,59,28360.0,0,0
60,60,28360.0,0,0
61,61,28360.0,0,0
62,62,28358.0,2,0
63,63,28358.0,2,0
64,64,28358.0,2,0
65,65,28358.0,2,0
66,66,28358.0,2,0
67,67,28358.0,2,0
68,68,28358.0,2,0
69,69,28357.0,3,0
70,70,28357.0,3,0
71,71,28357.0,3,0
72,72,28357.0,3,0
73,73,28357.0,3,0
74,74,28357.0,3,0
75,75,28357.0,3,0
76,76,28356.0,4,0
77,77,28354.0,6,0
78,78,28355.0,5,0
79,79,28354.0,6,0
80,80,28354.0,6,0
81,81,28353.0,7,0
82,82,28353.0,7,0
83,83,28353.0,7,0
84,84,28353.0,7,0
85,85,28350.0,9,1
86,86,28349.0,10,1
87,87,28349.0,10,1
88,88,28349.0,10,1
89,89,28349.0,10,1
90,90,28349.0,10,1
91,91,28349.0,10,1
92,92,28349.0,10,1
93,93,28346.0,13,1
94,94,28346.0,13,1
95,95,28346.0,13,1
96,96,28344.0,15,1
97,97,28343.0,16,1
98,98,28343.0,16,1
99,99,28340.0,19,1
100,100,28340.0,19,1
101,101,28338.0,21,1
102,102,28337.0,22,1
103,103,28337.0,22,1
104,104,28337.0,22,1
105,105,28334.0,25,1
106,106,28334.0,25,1
107,107,28322.0,37,1
108,108,28317.0,42,1
109,109,28317.0,42,1
110,110,28317.0,42,1
111,111,28317.0,42,1
112,112,28305.0,54,1
113,113,28303.0,56,1
114,114,28296.0,63,1
115,115,28294.0,65,1
116,116,28294.0,65,1
117,117,28294.0,65,1
118,118,28294.0,65,1
119,119,28270.0,89,1
120,120,28268.0,91,1
121,121,28265.0,94,1
122,122,28260.0,99,1
123,123,28260.0,99,1
124,124,28259.0,100,1
125,125,28255.0,104,1
126,126,28248.0,111,1
127,127,28246.0,113,1
128,128,28245.0,114,1
