,Days,S,I,D
0,0,8263.0,0,0
1,1,8263.0,0,0
2,2,8263.0,0,0
3,3,8263.0,0,0
4,4,8263.0,0,0
5,5,8263.0,0,0
6,6,8263.0,0,0
7,7,8263.0,0,0
8,8,8263.0,0,0
9,9,8263.0,0,0
10,10,8263.0,0,0
11,11,8263.0,0,0
12,12,8263.0,0,0
13,13,8263.0,0,0
14,14,8263.0,0,0
15,15,8263.0,0,0
16,16,8263.0,0,0
17,17,8263.0,0,0
18,18,8263.0,0,0
19,19,8263.0,0,0
20,20,8263.0,0,0
21,21,8263.0,0,0
22,22,8263.0,0,0
23,23,8263.0,0,0
24,24,8263.0,0,0
25,25,8263.0,0,0
26,26,8263.0,0,0
27,27,8263.0,0,0
28,28,8263.0,0,0
29,29,8263.0,0,0
30,30,8263.0,0,0
31,31,8263.0,0,0
32,32,8263.0,0,0
33,33,8263.0,0,0
34,34,8263.0,0,0
35,35,8263.0,0,0
36,36,8263.0,0,0
37,37,8263.0,0,0
38,38,8263.0,0,0
39,39,8263.0,0,0
40,40,8263.0,0,0
41,41,8263.0,0,0
42,42,8263.0,0,0
43,43,8263.0,0,0
44,44,8263.0,0,0
45,45,8263.0,0,0
46,46,8263.0,0,0
47,47,8263.0,0,0
48,48,8263.0,0,0
49,49,8263.0,0,0
50,50,8263.0,0,0
51,51,8263.0,0,0
52,52,8263.0,0,0
53,53,8263.0,0,0
54,54,8263.0,0,0
55,55,8263.0,0,0
56,56,8263.0,0,0
57,57,8263.0,0,0
58,58,8263.0,0,0
59,59,8263.0,0,0
60,60,8263.0,0,0
61,61,8263.0,0,0
62,62,8263.0,0,0
63,63,8263.0,0,0
64,64,8263.0,0,0
65,65,8263.0,0,0
66,66,8262.0,1,0
67,67,8261.0,2,0
68,68,8261.0,2,0
69,69,8260.0,2,1
70,70,8260.0,2,1
71,71,8260.0,2,1
72,72,8260.0,2,1
73,73,8260.0,2,1
74,74,8260.0,2,1
75,75,8260.0,2,1
76,76,8260.0,2,1
77,77,8260.0,2,1
78,78,8260.0,2,1
79,79,8260.0,2,1
80,80,8260.0,2,1
81,81,8259.0,3,1
82,82,8259.0,3,1
83,83,8259.0,3,1
84,84,8259.0,3,1
85,85,8257.0,5,1
86,86,8257.0,5,1
87,87,8256.0,6,1
88,88,8255.0,7,1
89,89,8255.0,7,1
90,90,8255.0,7,1
91,91,8255.0,7,1
92,92,8255.0,7,1
93,93,8251.0,11,1
94,94,8251.0,11,1
95,95,8251.0,11,1
96,96,8251.0,11,1
97,97,8251.0,11,1
98,98,8251.0,11,1
99,99,8251.0,11,1
100,100,8251.0,11,1
101,101,8251.0,11,1
102,102,8251.0,11,1
103,103,8251.0,11,1
104,104,8250.0,12,1
105,105,8250.0,12,1
106,106,8250.0,12,1
107,107,8250.0,12,1
108,108,8250.0,12,1
109,109,8250.0,12,1
110,110,8250.0,12,1
111,111,8250.0,12,1
112,112,8250.0,12,1
113,113,8250.0,12,1
114,114,8250.0,12,1
115,115,8250.0,12,1
116,116,8250.0,12,1
117,117,8250.0,12,1
118,118,8250.0,12,1
119,119,8250.0,12,1
120,120,8250.0,12,1
121,121,8250.0,12,1
122,122,8250.0,12,1
123,123,8250.0,12,1
124,124,8250.0,12,1
125,125,8250.0,12,1
126,126,8250.0,12,1
127,127,8250.0,12,1
128,128,8250.0,12,1
