,Days,S,I,D
0,0,22698.0,0,0
1,1,22698.0,0,0
2,2,22698.0,0,0
3,3,22698.0,0,0
4,4,22698.0,0,0
5,5,22698.0,0,0
6,6,22698.0,0,0
7,7,22698.0,0,0
8,8,22698.0,0,0
9,9,22698.0,0,0
10,10,22698.0,0,0
11,11,22698.0,0,0
12,12,22698.0,0,0
13,13,22698.0,0,0
14,14,22698.0,0,0
15,15,22698.0,0,0
16,16,22698.0,0,0
17,17,22698.0,0,0
18,18,22698.0,0,0
19,19,22698.0,0,0
20,20,22698.0,0,0
21,21,22698.0,0,0
22,22,22698.0,0,0
23,23,22698.0,0,0
24,24,22698.0,0,0
25,25,22698.0,0,0
26,26,22698.0,0,0
27,27,22698.0,0,0
28,28,22698.0,0,0
29,29,22698.0,0,0
30,30,22698.0,0,0
31,31,22698.0,0,0
32,32,22698.0,0,0
33,33,22698.0,0,0
34,34,22698.0,0,0
35,35,22698.0,0,0
36,36,22698.0,0,0
37,37,22698.0,0,0
38,38,22698.0,0,0
39,39,22698.0,0,0
40,40,22698.0,0,0
41,41,22698.0,0,0
42,42,22698.0,0,0
43,43,22698.0,0,0
44,44,22698.0,0,0
45,45,22698.0,0,0
46,46,22698.0,0,0
47,47,22698.0,0,0
48,48,22698.0,0,0
49,49,22698.0,0,0
50,50,22698.0,0,0
51,51,22698.0,0,0
52,52,22698.0,0,0
53,53,22698.0,0,0
54,54,22698.0,0,0
55,55,22698.0,0,0
56,56,22698.0,0,0
57,57,22698.0,0,0
58,58,22698.0,0,0
59,59,22698.0,0,0
60,60,22698.0,0,0
61,61,22698.0,0,0
62,62,22698.0,0,0
63,63,22698.0,0,0
64,64,22698.0,0,0
65,65,22698.0,0,0
66,66,22698.0,0,0
67,67,22697.0,1,0
68,68,22697.0,1,0
69,69,22697.0,1,0
70,70,22697.0,1,0
71,71,22697.0,1,0
72,72,22697.0,1,0
73,73,22697.0,1,0
74,74,22696.0,2,0
75,75,22696.0,2,0
76,76,22696.0,2,0
77,77,22696.0,2,0
78,78,22696.0,2,0
79,79,22695.0,3,0
80,80,22695.0,3,0
81,81,22695.0,3,0
82,82,22695.0,3,0
83,83,22695.0,3,0
84,84,22695.0,3,0
85,85,22694.0,4,0
86,86,22691.0,7,0
87,87,22691.0,7,0
88,88,22691.0,7,0
89,89,22690.0,8,0
90,90,22690.0,8,0
91,91,22689.0,9,0
92,92,22685.0,13,0
93,93,22684.0,14,0
94,94,22683.0,15,0
95,95,22682.0,16,0
96,96,22680.0,18,0
97,97,22680.0,18,0
98,98,22679.0,19,0
99,99,22676.0,22,0
100,100,22674.0,24,0
101,101,22668.0,30,0
102,102,22666.0,32,0
103,103,22666.0,32,0
104,104,22664.0,34,0
105,105,22662.0,36,0
106,106,22660.0,38,0
107,107,22659.0,38,1
108,108,22659.0,38,1
109,109,22658.0,39,1
110,110,22656.0,41,1
111,111,22656.0,41,1
112,112,22657.0,40,1
113,113,22656.0,41,1
114,114,22654.0,43,1
115,115,22654.0,43,1
116,116,22654.0,43,1
117,117,22653.0,44,1
118,118,22652.0,45,1
119,119,22652.0,45,1
120,120,22652.0,45,1
121,121,22648.0,49,1
122,122,22645.0,52,1
123,123,22643.0,54,1
124,124,22643.0,54,1
125,125,22643.0,54,1
126,126,22643.0,54,1
127,127,22640.0,57,1
128,128,22639.0,58,1
