,Days,S,I,D
0,0,62162.0,0,0
1,1,62162.0,0,0
2,2,62162.0,0,0
3,3,62162.0,0,0
4,4,62162.0,0,0
5,5,62162.0,0,0
6,6,62162.0,0,0
7,7,62162.0,0,0
8,8,62162.0,0,0
9,9,62162.0,0,0
10,10,62162.0,0,0
11,11,62162.0,0,0
12,12,62162.0,0,0
13,13,62162.0,0,0
14,14,62162.0,0,0
15,15,62162.0,0,0
16,16,62162.0,0,0
17,17,62162.0,0,0
18,18,62162.0,0,0
19,19,62162.0,0,0
20,20,62162.0,0,0
21,21,62162.0,0,0
22,22,62162.0,0,0
23,23,62162.0,0,0
24,24,62162.0,0,0
25,25,62162.0,0,0
26,26,62162.0,0,0
27,27,62162.0,0,0
28,28,62162.0,0,0
29,29,62162.0,0,0
30,30,62162.0,0,0
31,31,62162.0,0,0
32,32,62162.0,0,0
33,33,62162.0,0,0
34,34,62162.0,0,0
35,35,62162.0,0,0
36,36,62162.0,0,0
37,37,62162.0,0,0
38,38,62162.0,0,0
39,39,62162.0,0,0
40,40,62162.0,0,0
41,41,62162.0,0,0
42,42,62162.0,0,0
43,43,62162.0,0,0
44,44,62162.0,0,0
45,45,62162.0,0,0
46,46,62162.0,0,0
47,47,62162.0,0,0
48,48,62162.0,0,0
49,49,62162.0,0,0
50,50,62162.0,0,0
51,51,62162.0,0,0
52,52,62162.0,0,0
53,53,62162.0,0,0
54,54,62162.0,0,0
55,55,62162.0,0,0
56,56,62162.0,0,0
57,57,62162.0,0,0
58,58,62162.0,0,0
59,59,62162.0,0,0
60,60,62162.0,0,0
61,61,62162.0,0,0
62,62,62162.0,0,0
63,63,62162.0,0,0
64,64,62162.0,0,0
65,65,62162.0,0,0
66,66,62162.0,0,0
67,67,62162.0,0,0
68,68,62162.0,0,0
69,69,62162.0,0,0
70,70,62162.0,0,0
71,71,62162.0,0,0
72,72,62162.0,0,0
73,73,62162.0,0,0
74,74,62161.0,1,0
75,75,62160.0,2,0
76,76,62160.0,2,0
77,77,62160.0,2,0
78,78,62159.0,3,0
79,79,62158.0,4,0
80,80,62157.0,5,0
81,81,62157.0,5,0
82,82,62157.0,5,0
83,83,62157.0,5,0
84,84,62157.0,5,0
85,85,62157.0,5,0
86,86,62157.0,5,0
87,87,62156.0,6,0
88,88,62155.0,7,0
89,89,62154.0,8,0
90,90,62153.0,9,0
91,91,62153.0,9,0
92,92,62152.0,10,0
93,93,62152.0,10,0
94,94,62152.0,10,0
95,95,62152.0,10,0
96,96,62152.0,10,0
97,97,62152.0,10,0
98,98,62151.0,11,0
99,99,62149.0,13,0
100,100,62149.0,13,0
101,101,62146.0,16,0
102,102,62146.0,16,0
103,103,62146.0,16,0
104,104,62145.0,16,1
105,105,62142.0,19,1
106,106,62141.0,20,1
107,107,62138.0,23,1
108,108,62125.0,36,1
109,109,62123.0,38,1
110,110,62123.0,38,1
111,111,62123.0,38,1
112,112,62121.0,40,1
113,113,62119.0,42,1
114,114,62119.0,42,1
115,115,62117.0,44,1
116,116,62116.0,45,1
117,117,62112.0,49,1
118,118,62111.0,50,1
119,119,62111.0,50,1
120,120,62102.0,59,1
121,121,62100.0,61,1
122,122,62096.0,65,1
123,123,62091.0,70,1
124,124,62089.0,72,1
125,125,62089.0,72,1
126,126,62087.0,74,1
127,127,62087.0,74,1
128,128,62086.0,75,1
