,Days,S,I,D
0,0,138371.0,0,0
1,1,138371.0,0,0
2,2,138371.0,0,0
3,3,138371.0,0,0
4,4,138371.0,0,0
5,5,138371.0,0,0
6,6,138371.0,0,0
7,7,138371.0,0,0
8,8,138371.0,0,0
9,9,138371.0,0,0
10,10,138371.0,0,0
11,11,138371.0,0,0
12,12,138371.0,0,0
13,13,138371.0,0,0
14,14,138371.0,0,0
15,15,138371.0,0,0
16,16,138371.0,0,0
17,17,138371.0,0,0
18,18,138371.0,0,0
19,19,138371.0,0,0
20,20,138371.0,0,0
21,21,138371.0,0,0
22,22,138371.0,0,0
23,23,138371.0,0,0
24,24,138371.0,0,0
25,25,138371.0,0,0
26,26,138371.0,0,0
27,27,138371.0,0,0
28,28,138371.0,0,0
29,29,138371.0,0,0
30,30,138371.0,0,0
31,31,138371.0,0,0
32,32,138371.0,0,0
33,33,138371.0,0,0
34,34,138371.0,0,0
35,35,138371.0,0,0
36,36,138371.0,0,0
37,37,138371.0,0,0
38,38,138371.0,0,0
39,39,138371.0,0,0
40,40,138371.0,0,0
41,41,138371.0,0,0
42,42,138371.0,0,0
43,43,138371.0,0,0
44,44,138371.0,0,0
45,45,138371.0,0,0
46,46,138371.0,0,0
47,47,138371.0,0,0
48,48,138371.0,0,0
49,49,138371.0,0,0
50,50,138371.0,0,0
51,51,138371.0,0,0
52,52,138371.0,0,0
53,53,138371.0,0,0
54,54,138371.0,0,0
55,55,138371.0,0,0
56,56,138371.0,0,0
57,57,138371.0,0,0
58,58,138371.0,0,0
59,59,138371.0,0,0
60,60,138371.0,0,0
61,61,138370.0,1,0
62,62,138370.0,1,0
63,63,138370.0,1,0
64,64,138369.0,2,0
65,65,138369.0,2,0
66,66,138368.0,3,0
67,67,138368.0,3,0
68,68,138368.0,3,0
69,69,138368.0,3,0
70,70,138368.0,3,0
71,71,138367.0,4,0
72,72,138366.0,5,0
73,73,138365.0,6,0
74,74,138365.0,6,0
75,75,138365.0,6,0
76,76,138365.0,6,0
77,77,138365.0,6,0
78,78,138362.0,9,0
79,79,138360.0,11,0
80,80,138358.0,13,0
81,81,138358.0,13,0
82,82,138357.0,14,0
83,83,138356.0,15,0
84,84,138355.0,16,0
85,85,138354.0,17,0
86,86,138351.0,20,0
87,87,138350.0,21,0
88,88,138350.0,21,0
89,89,138350.0,21,0
90,90,138350.0,21,0
91,91,138350.0,21,0
92,92,138349.0,22,0
93,93,138348.0,23,0
94,94,138347.0,24,0
95,95,138347.0,24,0
96,96,138347.0,24,0
97,97,138346.0,25,0
98,98,138341.0,30,0
99,99,138341.0,30,0
100,100,138341.0,30,0
101,101,138336.0,35,0
102,102,138336.0,35,0
103,103,138332.0,39,0
104,104,138331.0,40,0
105,105,138330.0,41,0
106,106,138328.0,43,0
107,107,138327.0,44,0
108,108,138326.0,45,0
109,109,138326.0,45,0
110,110,138326.0,45,0
111,111,138326.0,45,0
112,112,138324.0,47,0
113,113,138315.0,56,0
114,114,138314.0,57,0
115,115,138314.0,57,0
116,116,138314.0,57,0
117,117,138314.0,57,0
118,118,138308.0,63,0
119,119,138307.0,64,0
120,120,138303.0,67,1
121,121,138303.0,67,1
122,122,138303.0,67,1
123,123,138303.0,67,1
124,124,138303.0,67,1
125,125,138302.0,68,1
126,126,138302.0,68,1
127,127,138300.0,70,1
128,128,138296.0,74,1
