,Days,S,I,D
0,0,3578.0,0,0
1,1,3578.0,0,0
2,2,3578.0,0,0
3,3,3578.0,0,0
4,4,3578.0,0,0
5,5,3578.0,0,0
6,6,3578.0,0,0
7,7,3578.0,0,0
8,8,3578.0,0,0
9,9,3578.0,0,0
10,10,3578.0,0,0
11,11,3578.0,0,0
12,12,3578.0,0,0
13,13,3578.0,0,0
14,14,3578.0,0,0
15,15,3578.0,0,0
16,16,3578.0,0,0
17,17,3578.0,0,0
18,18,3578.0,0,0
19,19,3578.0,0,0
20,20,3578.0,0,0
21,21,3578.0,0,0
22,22,3578.0,0,0
23,23,3578.0,0,0
24,24,3578.0,0,0
25,25,3578.0,0,0
26,26,3578.0,0,0
27,27,3578.0,0,0
28,28,3578.0,0,0
29,29,3578.0,0,0
30,30,3578.0,0,0
31,31,3578.0,0,0
32,32,3578.0,0,0
33,33,3578.0,0,0
34,34,3578.0,0,0
35,35,3578.0,0,0
36,36,3578.0,0,0
37,37,3578.0,0,0
38,38,3578.0,0,0
39,39,3578.0,0,0
40,40,3578.0,0,0
41,41,3578.0,0,0
42,42,3578.0,0,0
43,43,3578.0,0,0
44,44,3578.0,0,0
45,45,3578.0,0,0
46,46,3578.0,0,0
47,47,3578.0,0,0
48,48,3578.0,0,0
49,49,3578.0,0,0
50,50,3578.0,0,0
51,51,3578.0,0,0
52,52,3578.0,0,0
53,53,3578.0,0,0
54,54,3578.0,0,0
55,55,3578.0,0,0
56,56,3578.0,0,0
57,57,3578.0,0,0
58,58,3578.0,0,0
59,59,3578.0,0,0
60,60,3578.0,0,0
61,61,3578.0,0,0
62,62,3578.0,0,0
63,63,3578.0,0,0
64,64,3578.0,0,0
65,65,3578.0,0,0
66,66,3578.0,0,0
67,67,3578.0,0,0
68,68,3578.0,0,0
69,69,3578.0,0,0
70,70,3578.0,0,0
71,71,3577.0,1,0
72,72,3577.0,1,0
73,73,3577.0,1,0
74,74,3577.0,1,0
75,75,3577.0,1,0
76,76,3577.0,1,0
77,77,3577.0,1,0
78,78,3577.0,1,0
79,79,3577.0,1,0
80,80,3577.0,1,0
81,81,3577.0,1,0
82,82,3577.0,1,0
83,83,3577.0,1,0
84,84,3577.0,1,0
85,85,3577.0,1,0
86,86,3577.0,1,0
87,87,3577.0,1,0
88,88,3577.0,1,0
89,89,3577.0,1,0
90,90,3577.0,1,0
91,91,3577.0,1,0
92,92,3577.0,1,0
93,93,3577.0,1,0
94,94,3576.0,1,1
95,95,3576.0,1,1
96,96,3576.0,1,1
97,97,3576.0,1,1
98,98,3576.0,1,1
99,99,3576.0,1,1
100,100,3576.0,1,1
101,101,3576.0,1,1
102,102,3576.0,1,1
103,103,3576.0,1,1
104,104,3576.0,1,1
105,105,3575.0,2,1
106,106,3575.0,2,1
107,107,3575.0,2,1
108,108,3575.0,2,1
109,109,3575.0,2,1
110,110,3575.0,2,1
111,111,3575.0,2,1
112,112,3575.0,2,1
113,113,3575.0,2,1
114,114,3575.0,2,1
115,115,3575.0,2,1
116,116,3575.0,2,1
117,117,3575.0,2,1
118,118,3575.0,2,1
119,119,3575.0,2,1
120,120,3575.0,2,1
121,121,3575.0,2,1
122,122,3575.0,2,1
123,123,3575.0,2,1
124,124,3575.0,2,1
125,125,3575.0,2,1
126,126,3575.0,2,1
127,127,3575.0,2,1
128,128,3575.0,2,1
