,Days,S,I,D
0,0,47325.0,0,0
1,1,47325.0,0,0
2,2,47325.0,0,0
3,3,47325.0,0,0
4,4,47325.0,0,0
5,5,47325.0,0,0
6,6,47325.0,0,0
7,7,47325.0,0,0
8,8,47325.0,0,0
9,9,47325.0,0,0
10,10,47325.0,0,0
11,11,47325.0,0,0
12,12,47325.0,0,0
13,13,47325.0,0,0
14,14,47325.0,0,0
15,15,47325.0,0,0
16,16,47325.0,0,0
17,17,47325.0,0,0
18,18,47325.0,0,0
19,19,47325.0,0,0
20,20,47325.0,0,0
21,21,47325.0,0,0
22,22,47325.0,0,0
23,23,47325.0,0,0
24,24,47325.0,0,0
25,25,47325.0,0,0
26,26,47325.0,0,0
27,27,47325.0,0,0
28,28,47325.0,0,0
29,29,47325.0,0,0
30,30,47325.0,0,0
31,31,47325.0,0,0
32,32,47325.0,0,0
33,33,47325.0,0,0
34,34,47325.0,0,0
35,35,47325.0,0,0
36,36,47325.0,0,0
37,37,47325.0,0,0
38,38,47325.0,0,0
39,39,47325.0,0,0
40,40,47325.0,0,0
41,41,47325.0,0,0
42,42,47325.0,0,0
43,43,47325.0,0,0
44,44,47325.0,0,0
45,45,47325.0,0,0
46,46,47325.0,0,0
47,47,47325.0,0,0
48,48,47325.0,0,0
49,49,47325.0,0,0
50,50,47325.0,0,0
51,51,47325.0,0,0
52,52,47325.0,0,0
53,53,47325.0,0,0
54,54,47325.0,0,0
55,55,47325.0,0,0
56,56,47325.0,0,0
57,57,47323.0,2,0
58,58,47323.0,2,0
59,59,47323.0,2,0
60,60,47323.0,2,0
61,61,47323.0,2,0
62,62,47319.0,6,0
63,63,47318.0,7,0
64,64,47318.0,7,0
65,65,47318.0,7,0
66,66,47316.0,9,0
67,67,47313.0,12,0
68,68,47312.0,13,0
69,69,47312.0,13,0
70,70,47311.0,14,0
71,71,47311.0,14,0
72,72,47310.0,15,0
73,73,47310.0,15,0
74,74,47310.0,15,0
75,75,47308.0,17,0
76,76,47301.0,24,0
77,77,47298.0,27,0
78,78,47298.0,27,0
79,79,47295.0,29,1
80,80,47293.0,31,1
81,81,47290.0,34,1
82,82,47289.0,35,1
83,83,47289.0,35,1
84,84,47289.0,35,1
85,85,47286.0,38,1
86,86,47285.0,39,1
87,87,47283.0,41,1
88,88,47281.0,43,1
89,89,47281.0,43,1
90,90,47281.0,43,1
91,91,47280.0,44,1
92,92,47278.0,46,1
93,93,47274.0,50,1
94,94,47272.0,52,1
95,95,47272.0,52,1
96,96,47270.0,54,1
97,97,47270.0,54,1
98,98,47270.0,54,1
99,99,47264.0,60,1
100,100,47262.0,62,1
101,101,47260.0,64,1
102,102,47260.0,64,1
103,103,47257.0,67,1
104,104,47256.0,68,1
105,105,47254.0,70,1
106,106,47252.0,72,1
107,107,47247.0,77,1
108,108,47244.0,80,1
109,109,47244.0,80,1
110,110,47242.0,82,1
111,111,47242.0,82,1
112,112,47239.0,85,1
113,113,47238.0,86,1
114,114,47237.0,87,1
115,115,47230.0,94,1
116,116,47230.0,94,1
117,117,47230.0,94,1
118,118,47230.0,94,1
119,119,47230.0,94,1
120,120,47229.0,95,1
121,121,47228.0,96,1
122,122,47224.0,100,1
123,123,47223.0,101,1
124,124,47221.0,103,1
125,125,47221.0,103,1
126,126,47221.0,103,1
127,127,47221.0,103,1
128,128,47221.0,103,1
