,Days,S,I,D
0,0,29650.0,0,0
1,1,29650.0,0,0
2,2,29650.0,0,0
3,3,29650.0,0,0
4,4,29650.0,0,0
5,5,29650.0,0,0
6,6,29650.0,0,0
7,7,29650.0,0,0
8,8,29650.0,0,0
9,9,29650.0,0,0
10,10,29650.0,0,0
11,11,29650.0,0,0
12,12,29650.0,0,0
13,13,29650.0,0,0
14,14,29650.0,0,0
15,15,29650.0,0,0
16,16,29650.0,0,0
17,17,29650.0,0,0
18,18,29650.0,0,0
19,19,29650.0,0,0
20,20,29650.0,0,0
21,21,29650.0,0,0
22,22,29650.0,0,0
23,23,29650.0,0,0
24,24,29650.0,0,0
25,25,29650.0,0,0
26,26,29650.0,0,0
27,27,29650.0,0,0
28,28,29650.0,0,0
29,29,29650.0,0,0
30,30,29650.0,0,0
31,31,29650.0,0,0
32,32,29650.0,0,0
33,33,29650.0,0,0
34,34,29650.0,0,0
35,35,29650.0,0,0
36,36,29650.0,0,0
37,37,29650.0,0,0
38,38,29650.0,0,0
39,39,29650.0,0,0
40,40,29650.0,0,0
41,41,29650.0,0,0
42,42,29650.0,0,0
43,43,29650.0,0,0
44,44,29650.0,0,0
45,45,29650.0,0,0
46,46,29650.0,0,0
47,47,29650.0,0,0
48,48,29650.0,0,0
49,49,29650.0,0,0
50,50,29650.0,0,0
51,51,29650.0,0,0
52,52,29650.0,0,0
53,53,29650.0,0,0
54,54,29650.0,0,0
55,55,29650.0,0,0
56,56,29650.0,0,0
57,57,29650.0,0,0
58,58,29650.0,0,0
59,59,29650.0,0,0
60,60,29650.0,0,0
61,61,29649.0,1,0
62,62,29649.0,1,0
63,63,29648.0,2,0
64,64,29647.0,3,0
65,65,29647.0,3,0
66,66,29647.0,3,0
67,67,29647.0,3,0
68,68,29646.0,3,1
69,69,29646.0,3,1
70,70,29646.0,3,1
71,71,29644.0,5,1
72,72,29642.0,7,1
73,73,29642.0,7,1
74,74,29642.0,7,1
75,75,29640.0,9,1
76,76,29640.0,9,1
77,77,29639.0,10,1
78,78,29639.0,10,1
79,79,29639.0,10,1
80,80,29639.0,10,1
81,81,29639.0,10,1
82,82,29638.0,11,1
83,83,29637.0,12,1
84,84,29636.0,13,1
85,85,29635.0,14,1
86,86,29635.0,14,1
87,87,29635.0,14,1
88,88,29635.0,14,1
89,89,29634.0,15,1
90,90,29632.0,17,1
91,91,29631.0,18,1
92,92,29630.0,19,1
93,93,29628.0,21,1
94,94,29627.0,22,1
95,95,29627.0,22,1
96,96,29627.0,22,1
97,97,29626.0,23,1
98,98,29625.0,24,1
99,99,29625.0,24,1
100,100,29625.0,24,1
101,101,29625.0,24,1
102,102,29624.0,25,1
103,103,29623.0,26,1
104,104,29622.0,27,1
105,105,29622.0,27,1
106,106,29621.0,28,1
107,107,29621.0,28,1
108,108,29620.0,29,1
109,109,29620.0,29,1
110,110,29620.0,29,1
111,111,29620.0,29,1
112,112,29620.0,29,1
113,113,29620.0,29,1
114,114,29620.0,29,1
115,115,29620.0,29,1
116,116,29620.0,29,1
117,117,29620.0,29,1
118,118,29619.0,30,1
119,119,29617.0,32,1
120,120,29617.0,32,1
121,121,29617.0,32,1
122,122,29612.0,37,1
123,123,29610.0,39,1
124,124,29610.0,39,1
125,125,29608.0,41,1
126,126,29605.0,44,1
127,127,29600.0,49,1
128,128,29595.0,54,1
