,Days,S,I,D
0,0,48305.0,0,0
1,1,48305.0,0,0
2,2,48305.0,0,0
3,3,48305.0,0,0
4,4,48305.0,0,0
5,5,48305.0,0,0
6,6,48305.0,0,0
7,7,48305.0,0,0
8,8,48305.0,0,0
9,9,48305.0,0,0
10,10,48305.0,0,0
11,11,48305.0,0,0
12,12,48305.0,0,0
13,13,48305.0,0,0
14,14,48305.0,0,0
15,15,48305.0,0,0
16,16,48305.0,0,0
17,17,48305.0,0,0
18,18,48305.0,0,0
19,19,48305.0,0,0
20,20,48305.0,0,0
21,21,48305.0,0,0
22,22,48305.0,0,0
23,23,48305.0,0,0
24,24,48305.0,0,0
25,25,48305.0,0,0
26,26,48305.0,0,0
27,27,48305.0,0,0
28,28,48305.0,0,0
29,29,48305.0,0,0
30,30,48305.0,0,0
31,31,48305.0,0,0
32,32,48305.0,0,0
33,33,48305.0,0,0
34,34,48305.0,0,0
35,35,48305.0,0,0
36,36,48305.0,0,0
37,37,48305.0,0,0
38,38,48305.0,0,0
39,39,48305.0,0,0
40,40,48305.0,0,0
41,41,48305.0,0,0
42,42,48305.0,0,0
43,43,48305.0,0,0
44,44,48305.0,0,0
45,45,48305.0,0,0
46,46,48305.0,0,0
47,47,48305.0,0,0
48,48,48305.0,0,0
49,49,48305.0,0,0
50,50,48305.0,0,0
51,51,48305.0,0,0
52,52,48305.0,0,0
53,53,48305.0,0,0
54,54,48305.0,0,0
55,55,48305.0,0,0
56,56,48305.0,0,0
57,57,48304.0,1,0
58,58,48304.0,1,0
59,59,48304.0,1,0
60,60,48304.0,1,0
61,61,48304.0,1,0
62,62,48304.0,1,0
63,63,48304.0,1,0
64,64,48304.0,1,0
65,65,48304.0,1,0
66,66,48304.0,1,0
67,67,48303.0,2,0
68,68,48303.0,2,0
69,69,48303.0,2,0
70,70,48301.0,4,0
71,71,48301.0,4,0
72,72,48301.0,4,0
73,73,48301.0,4,0
74,74,48301.0,4,0
75,75,48301.0,4,0
76,76,48301.0,4,0
77,77,48301.0,4,0
78,78,48300.0,5,0
79,79,48300.0,5,0
80,80,48299.0,6,0
81,81,48299.0,6,0
82,82,48299.0,6,0
83,83,48299.0,6,0
84,84,48299.0,6,0
85,85,48297.0,8,0
86,86,48297.0,8,0
87,87,48297.0,8,0
88,88,48297.0,8,0
89,89,48296.0,9,0
90,90,48294.0,11,0
91,91,48294.0,11,0
92,92,48292.0,13,0
93,93,48292.0,13,0
94,94,48292.0,13,0
95,95,48292.0,13,0
96,96,48292.0,13,0
97,97,48292.0,13,0
98,98,48291.0,14,0
99,99,48291.0,14,0
100,100,48291.0,14,0
101,101,48291.0,14,0
102,102,48290.0,15,0
103,103,48290.0,15,0
104,104,48290.0,15,0
105,105,48282.0,23,0
106,106,48274.0,31,0
107,107,48233.0,72,0
108,108,48233.0,72,0
109,109,48214.0,91,0
110,110,48208.0,97,0
111,111,48200.0,105,0
112,112,48200.0,105,0
113,113,48200.0,105,0
114,114,48180.0,125,0
115,115,48179.0,126,0
116,116,48176.0,129,0
117,117,48174.0,131,0
118,118,48157.0,148,0
119,119,48134.0,171,0
120,120,48132.0,173,0
121,121,48086.0,219,0
122,122,48080.0,225,0
123,123,48075.0,230,0
124,124,48067.0,238,0
125,125,48066.0,239,0
126,126,48065.0,240,0
127,127,48064.0,241,0
128,128,48056.0,248,1
