,Days,S,I,D
0,0,769545.0,0,0
1,1,769545.0,0,0
2,2,769545.0,0,0
3,3,769545.0,0,0
4,4,769545.0,0,0
5,5,769545.0,0,0
6,6,769545.0,0,0
7,7,769545.0,0,0
8,8,769545.0,0,0
9,9,769545.0,0,0
10,10,769545.0,0,0
11,11,769545.0,0,0
12,12,769545.0,0,0
13,13,769545.0,0,0
14,14,769545.0,0,0
15,15,769545.0,0,0
16,16,769545.0,0,0
17,17,769545.0,0,0
18,18,769545.0,0,0
19,19,769545.0,0,0
20,20,769545.0,0,0
21,21,769545.0,0,0
22,22,769545.0,0,0
23,23,769545.0,0,0
24,24,769545.0,0,0
25,25,769545.0,0,0
26,26,769545.0,0,0
27,27,769545.0,0,0
28,28,769545.0,0,0
29,29,769545.0,0,0
30,30,769545.0,0,0
31,31,769545.0,0,0
32,32,769545.0,0,0
33,33,769545.0,0,0
34,34,769545.0,0,0
35,35,769545.0,0,0
36,36,769545.0,0,0
37,37,769545.0,0,0
38,38,769545.0,0,0
39,39,769545.0,0,0
40,40,769544.0,1,0
41,41,769543.0,2,0
42,42,769543.0,2,0
43,43,769543.0,2,0
44,44,769543.0,2,0
45,45,769543.0,2,0
46,46,769543.0,2,0
47,47,769536.0,9,0
48,48,769530.0,15,0
49,49,769530.0,15,0
50,50,769530.0,15,0
51,51,769525.0,20,0
52,52,769513.0,32,0
53,53,769512.0,32,1
54,54,769503.0,41,1
55,55,769480.0,64,1
56,56,769464.0,80,1
57,57,769447.0,97,1
58,58,769434.0,110,1
59,59,769434.0,110,1
60,60,769427.0,117,1
61,61,769402.0,142,1
62,62,769383.0,161,1
63,63,769375.0,165,5
64,64,769345.0,195,5
65,65,769300.0,239,6
66,66,769265.0,274,6
67,67,769262.0,277,6
68,68,769230.0,309,6
69,69,769226.0,309,10
70,70,769147.0,388,10
71,71,769082.0,453,10
72,72,769046.0,486,13
73,73,768994.0,538,13
74,74,768977.0,555,13
75,75,768953.0,579,13
76,76,768935.0,589,21
77,77,768907.0,617,21
78,78,768891.0,633,21
79,79,768886.0,638,21
80,80,768872.0,652,21
81,81,768872.0,652,21
82,82,768823.0,701,21
83,83,768803.0,721,21
84,84,768777.0,747,21
85,85,768750.0,767,28
86,86,768720.0,797,28
87,87,768679.0,838,28
88,88,768679.0,838,28
89,89,768597.0,920,28
90,90,768582.0,935,28
91,91,768549.0,958,38
92,92,768540.0,966,39
93,93,768515.0,989,41
94,94,768485.0,1019,41
95,95,768485.0,1019,41
96,96,768424.0,1080,41
97,97,768398.0,1099,48
98,98,768361.0,1136,48
99,99,768320.0,1177,48
100,100,768297.0,1197,51
101,101,768261.0,1233,51
102,102,768261.0,1233,51
103,103,768213.0,1281,51
104,104,768174.0,1315,56
105,105,768148.0,1341,56
106,106,768148.0,1341,56
107,107,768092.0,1397,56
108,108,768064.0,1425,56
109,109,768064.0,1425,56
110,110,768025.0,1464,56
111,111,767983.0,1497,65
112,112,767965.0,1515,65
113,113,767944.0,1536,65
114,114,767904.0,1575,66
115,115,767877.0,1602,66
116,116,767877.0,1602,66
117,117,767808.0,1671,66
118,118,767783.0,1687,75
119,119,767773.0,1697,75
120,120,767732.0,1738,75
121,121,767686.0,1783,76
122,122,767636.0,1833,76
123,123,767636.0,1833,76
124,124,767636.0,1833,76
125,125,767559.0,1904,82
126,126,767500.0,1963,82
127,127,767400.0,2061,84
128,128,767400.0,2061,84
