,Days,S,I,D
0,0,284010.0,0,0
1,1,284010.0,0,0
2,2,284010.0,0,0
3,3,284010.0,0,0
4,4,284010.0,0,0
5,5,284010.0,0,0
6,6,284010.0,0,0
7,7,284010.0,0,0
8,8,284010.0,0,0
9,9,284010.0,0,0
10,10,284010.0,0,0
11,11,284010.0,0,0
12,12,284010.0,0,0
13,13,284010.0,0,0
14,14,284010.0,0,0
15,15,284010.0,0,0
16,16,284010.0,0,0
17,17,284010.0,0,0
18,18,284010.0,0,0
19,19,284010.0,0,0
20,20,284010.0,0,0
21,21,284010.0,0,0
22,22,284010.0,0,0
23,23,284010.0,0,0
24,24,284010.0,0,0
25,25,284010.0,0,0
26,26,284010.0,0,0
27,27,284010.0,0,0
28,28,284010.0,0,0
29,29,284010.0,0,0
30,30,284010.0,0,0
31,31,284010.0,0,0
32,32,284010.0,0,0
33,33,284010.0,0,0
34,34,284010.0,0,0
35,35,284010.0,0,0
36,36,284010.0,0,0
37,37,284010.0,0,0
38,38,284010.0,0,0
39,39,284010.0,0,0
40,40,284010.0,0,0
41,41,284010.0,0,0
42,42,284010.0,0,0
43,43,284010.0,0,0
44,44,284010.0,0,0
45,45,284010.0,0,0
46,46,284010.0,0,0
47,47,284010.0,0,0
48,48,284010.0,0,0
49,49,283994.0,16,0
50,50,283994.0,16,0
51,51,284010.0,0,0
52,52,284010.0,0,0
53,53,284010.0,0,0
54,54,284007.0,3,0
55,55,284004.0,6,0
56,56,284003.0,7,0
57,57,283997.0,13,0
58,58,283994.0,16,0
59,59,283989.0,21,0
60,60,283983.0,27,0
61,61,283977.0,33,0
62,62,283968.0,42,0
63,63,283964.0,46,0
64,64,283956.0,54,0
65,65,283951.0,59,0
66,66,283943.0,67,0
67,67,283939.0,71,0
68,68,283933.0,77,0
69,69,283930.0,80,0
70,70,283927.0,83,0
71,71,283921.0,89,0
72,72,283917.0,93,0
73,73,283916.0,93,1
74,74,283914.0,95,1
75,75,283914.0,95,1
76,76,283910.0,99,1
77,77,283907.0,102,1
78,78,283905.0,104,1
79,79,283902.0,107,1
80,80,283899.0,110,1
81,81,283895.0,114,1
82,82,283892.0,117,1
83,83,283889.0,120,1
84,84,283885.0,124,1
85,85,283884.0,125,1
86,86,283882.0,127,1
87,87,283878.0,131,1
88,88,283877.0,132,1
89,89,283877.0,132,1
90,90,283875.0,134,1
91,91,283867.0,142,1
92,92,283860.0,149,1
93,93,283846.0,163,1
94,94,283844.0,165,1
95,95,283843.0,166,1
96,96,283840.0,169,1
97,97,283836.0,173,1
98,98,283828.0,181,1
99,99,283825.0,184,1
100,100,283821.0,188,1
101,101,283813.0,196,1
102,102,283808.0,201,1
103,103,283807.0,202,1
104,104,283805.0,204,1
105,105,283801.0,208,1
106,106,283798.0,211,1
107,107,283797.0,212,1
108,108,283795.0,214,1
109,109,283789.0,220,1
110,110,283783.0,226,1
111,111,283782.0,227,1
112,112,283777.0,232,1
113,113,283772.0,237,1
114,114,283769.0,240,1
115,115,283766.0,243,1
116,116,283766.0,243,1
117,117,283763.0,246,1
118,118,283762.0,247,1
119,119,283760.0,249,1
120,120,283758.0,251,1
121,121,283756.0,253,1
122,122,283751.0,258,1
123,123,283751.0,258,1
124,124,283750.0,259,1
125,125,283746.0,263,1
126,126,283743.0,266,1
127,127,283741.0,268,1
128,128,283740.0,269,1
