,Days,S,I,D
0,0,89786.0,0,0
1,1,89786.0,0,0
2,2,89786.0,0,0
3,3,89786.0,0,0
4,4,89786.0,0,0
5,5,89786.0,0,0
6,6,89786.0,0,0
7,7,89786.0,0,0
8,8,89786.0,0,0
9,9,89786.0,0,0
10,10,89786.0,0,0
11,11,89786.0,0,0
12,12,89786.0,0,0
13,13,89786.0,0,0
14,14,89786.0,0,0
15,15,89786.0,0,0
16,16,89786.0,0,0
17,17,89786.0,0,0
18,18,89786.0,0,0
19,19,89786.0,0,0
20,20,89786.0,0,0
21,21,89786.0,0,0
22,22,89786.0,0,0
23,23,89786.0,0,0
24,24,89786.0,0,0
25,25,89786.0,0,0
26,26,89786.0,0,0
27,27,89786.0,0,0
28,28,89786.0,0,0
29,29,89786.0,0,0
30,30,89786.0,0,0
31,31,89786.0,0,0
32,32,89786.0,0,0
33,33,89786.0,0,0
34,34,89786.0,0,0
35,35,89786.0,0,0
36,36,89786.0,0,0
37,37,89786.0,0,0
38,38,89786.0,0,0
39,39,89786.0,0,0
40,40,89785.0,1,0
41,41,89784.0,2,0
42,42,89784.0,2,0
43,43,89784.0,2,0
44,44,89784.0,2,0
45,45,89784.0,2,0
46,46,89783.0,3,0
47,47,89783.0,3,0
48,48,89783.0,3,0
49,49,89783.0,3,0
50,50,89783.0,3,0
51,51,89783.0,3,0
52,52,89783.0,3,0
53,53,89783.0,3,0
54,54,89781.0,5,0
55,55,89779.0,7,0
56,56,89779.0,7,0
57,57,89777.0,9,0
58,58,89774.0,12,0
59,59,89773.0,13,0
60,60,89771.0,15,0
61,61,89766.0,20,0
62,62,89765.0,21,0
63,63,89764.0,22,0
64,64,89763.0,23,0
65,65,89760.0,26,0
66,66,89758.0,28,0
67,67,89757.0,29,0
68,68,89757.0,29,0
69,69,89757.0,29,0
70,70,89757.0,29,0
71,71,89748.0,38,0
72,72,89748.0,38,0
73,73,89745.0,41,0
74,74,89745.0,41,0
75,75,89745.0,41,0
76,76,89745.0,41,0
77,77,89743.0,43,0
78,78,89743.0,43,0
79,79,89743.0,43,0
80,80,89743.0,43,0
81,81,89742.0,44,0
82,82,89742.0,44,0
83,83,89742.0,44,0
84,84,89742.0,44,0
85,85,89742.0,44,0
86,86,89742.0,44,0
87,87,89741.0,45,0
88,88,89741.0,45,0
89,89,89741.0,45,0
90,90,89741.0,45,0
91,91,89741.0,45,0
92,92,89740.0,46,0
93,93,89739.0,47,0
94,94,89739.0,47,0
95,95,89738.0,48,0
96,96,89738.0,48,0
97,97,89738.0,48,0
98,98,89738.0,48,0
99,99,89736.0,50,0
100,100,89734.0,51,1
101,101,89732.0,53,1
102,102,89732.0,53,1
103,103,89732.0,53,1
104,104,89731.0,54,1
105,105,89731.0,54,1
106,106,89730.0,55,1
107,107,89730.0,55,1
108,108,89730.0,55,1
109,109,89729.0,56,1
110,110,89728.0,57,1
111,111,89728.0,57,1
112,112,89727.0,58,1
113,113,89726.0,59,1
114,114,89724.0,61,1
115,115,89724.0,61,1
116,116,89724.0,61,1
117,117,89723.0,62,1
118,118,89722.0,63,1
119,119,89722.0,63,1
120,120,89719.0,66,1
121,121,89717.0,68,1
122,122,89716.0,69,1
123,123,89716.0,69,1
124,124,89716.0,69,1
125,125,89716.0,69,1
126,126,89713.0,72,1
127,127,89711.0,74,1
128,128,89711.0,74,1
