,Days,S,I,D
0,0,65818.0,0,0
1,1,65818.0,0,0
2,2,65818.0,0,0
3,3,65818.0,0,0
4,4,65818.0,0,0
5,5,65818.0,0,0
6,6,65818.0,0,0
7,7,65818.0,0,0
8,8,65818.0,0,0
9,9,65818.0,0,0
10,10,65818.0,0,0
11,11,65818.0,0,0
12,12,65818.0,0,0
13,13,65818.0,0,0
14,14,65818.0,0,0
15,15,65818.0,0,0
16,16,65818.0,0,0
17,17,65818.0,0,0
18,18,65818.0,0,0
19,19,65818.0,0,0
20,20,65818.0,0,0
21,21,65818.0,0,0
22,22,65818.0,0,0
23,23,65818.0,0,0
24,24,65818.0,0,0
25,25,65818.0,0,0
26,26,65818.0,0,0
27,27,65818.0,0,0
28,28,65818.0,0,0
29,29,65818.0,0,0
30,30,65818.0,0,0
31,31,65818.0,0,0
32,32,65818.0,0,0
33,33,65818.0,0,0
34,34,65818.0,0,0
35,35,65818.0,0,0
36,36,65818.0,0,0
37,37,65818.0,0,0
38,38,65818.0,0,0
39,39,65818.0,0,0
40,40,65818.0,0,0
41,41,65818.0,0,0
42,42,65818.0,0,0
43,43,65818.0,0,0
44,44,65818.0,0,0
45,45,65818.0,0,0
46,46,65818.0,0,0
47,47,65818.0,0,0
48,48,65818.0,0,0
49,49,65818.0,0,0
50,50,65818.0,0,0
51,51,65818.0,0,0
52,52,65818.0,0,0
53,53,65818.0,0,0
54,54,65818.0,0,0
55,55,65818.0,0,0
56,56,65818.0,0,0
57,57,65818.0,0,0
58,58,65818.0,0,0
59,59,65818.0,0,0
60,60,65818.0,0,0
61,61,65818.0,0,0
62,62,65818.0,0,0
63,63,65818.0,0,0
64,64,65817.0,1,0
65,65,65817.0,1,0
66,66,65816.0,2,0
67,67,65815.0,3,0
68,68,65814.0,3,1
69,69,65814.0,3,1
70,70,65814.0,3,1
71,71,65814.0,3,1
72,72,65814.0,3,1
73,73,65814.0,3,1
74,74,65814.0,3,1
75,75,65814.0,3,1
76,76,65814.0,3,1
77,77,65814.0,3,1
78,78,65814.0,3,1
79,79,65814.0,3,1
80,80,65814.0,3,1
81,81,65814.0,3,1
82,82,65814.0,3,1
83,83,65814.0,3,1
84,84,65814.0,3,1
85,85,65814.0,3,1
86,86,65814.0,3,1
87,87,65814.0,3,1
88,88,65814.0,3,1
89,89,65814.0,3,1
90,90,65814.0,3,1
91,91,65814.0,3,1
92,92,65814.0,3,1
93,93,65814.0,3,1
94,94,65814.0,3,1
95,95,65814.0,3,1
96,96,65814.0,3,1
97,97,65814.0,3,1
98,98,65814.0,3,1
99,99,65814.0,3,1
100,100,65813.0,4,1
101,101,65813.0,4,1
102,102,65813.0,4,1
103,103,65813.0,4,1
104,104,65813.0,4,1
105,105,65813.0,4,1
106,106,65813.0,4,1
107,107,65813.0,4,1
108,108,65812.0,5,1
109,109,65811.0,6,1
110,110,65811.0,6,1
111,111,65811.0,6,1
112,112,65811.0,6,1
113,113,65811.0,6,1
114,114,65809.0,8,1
115,115,65809.0,8,1
116,116,65809.0,8,1
117,117,65808.0,9,1
118,118,65804.0,13,1
119,119,65804.0,13,1
120,120,65804.0,13,1
121,121,65804.0,13,1
122,122,65804.0,13,1
123,123,65803.0,14,1
124,124,65803.0,14,1
125,125,65799.0,18,1
126,126,65799.0,18,1
127,127,65799.0,18,1
128,128,65799.0,18,1
