,Days,S,I,D
0,0,43226.0,0,0
1,1,43226.0,0,0
2,2,43226.0,0,0
3,3,43226.0,0,0
4,4,43226.0,0,0
5,5,43226.0,0,0
6,6,43226.0,0,0
7,7,43226.0,0,0
8,8,43226.0,0,0
9,9,43226.0,0,0
10,10,43226.0,0,0
11,11,43226.0,0,0
12,12,43226.0,0,0
13,13,43226.0,0,0
14,14,43226.0,0,0
15,15,43226.0,0,0
16,16,43226.0,0,0
17,17,43226.0,0,0
18,18,43226.0,0,0
19,19,43226.0,0,0
20,20,43226.0,0,0
21,21,43226.0,0,0
22,22,43226.0,0,0
23,23,43226.0,0,0
24,24,43226.0,0,0
25,25,43226.0,0,0
26,26,43226.0,0,0
27,27,43226.0,0,0
28,28,43226.0,0,0
29,29,43226.0,0,0
30,30,43226.0,0,0
31,31,43226.0,0,0
32,32,43226.0,0,0
33,33,43226.0,0,0
34,34,43226.0,0,0
35,35,43226.0,0,0
36,36,43226.0,0,0
37,37,43226.0,0,0
38,38,43226.0,0,0
39,39,43226.0,0,0
40,40,43226.0,0,0
41,41,43226.0,0,0
42,42,43226.0,0,0
43,43,43226.0,0,0
44,44,43226.0,0,0
45,45,43226.0,0,0
46,46,43226.0,0,0
47,47,43226.0,0,0
48,48,43226.0,0,0
49,49,43226.0,0,0
50,50,43226.0,0,0
51,51,43226.0,0,0
52,52,43226.0,0,0
53,53,43226.0,0,0
54,54,43226.0,0,0
55,55,43226.0,0,0
56,56,43226.0,0,0
57,57,43226.0,0,0
58,58,43226.0,0,0
59,59,43226.0,0,0
60,60,43226.0,0,0
61,61,43226.0,0,0
62,62,43226.0,0,0
63,63,43225.0,1,0
64,64,43225.0,1,0
65,65,43225.0,1,0
66,66,43225.0,1,0
67,67,43225.0,1,0
68,68,43225.0,1,0
69,69,43225.0,1,0
70,70,43224.0,2,0
71,71,43224.0,2,0
72,72,43223.0,3,0
73,73,43223.0,3,0
74,74,43222.0,4,0
75,75,43222.0,4,0
76,76,43222.0,4,0
77,77,43222.0,4,0
78,78,43221.0,5,0
79,79,43221.0,5,0
80,80,43221.0,5,0
81,81,43221.0,5,0
82,82,43220.0,6,0
83,83,43220.0,6,0
84,84,43219.0,6,1
85,85,43215.0,10,1
86,86,43214.0,11,1
87,87,43212.0,13,1
88,88,43212.0,13,1
89,89,43212.0,13,1
90,90,43212.0,13,1
91,91,43212.0,13,1
92,92,43212.0,13,1
93,93,43211.0,14,1
94,94,43210.0,15,1
95,95,43210.0,15,1
96,96,43210.0,15,1
97,97,43209.0,16,1
98,98,43207.0,18,1
99,99,43205.0,20,1
100,100,43205.0,20,1
101,101,43204.0,21,1
102,102,43203.0,22,1
103,103,43203.0,22,1
104,104,43203.0,22,1
105,105,43202.0,23,1
106,106,43202.0,23,1
107,107,43202.0,23,1
108,108,43202.0,23,1
109,109,43202.0,23,1
110,110,43202.0,23,1
111,111,43201.0,24,1
112,112,43201.0,24,1
113,113,43200.0,25,1
114,114,43200.0,25,1
115,115,43200.0,25,1
116,116,43200.0,25,1
117,117,43200.0,25,1
118,118,43199.0,26,1
119,119,43199.0,26,1
120,120,43199.0,26,1
121,121,43199.0,26,1
122,122,43197.0,28,1
123,123,43197.0,28,1
124,124,43196.0,29,1
125,125,43194.0,31,1
126,126,43192.0,33,1
127,127,43192.0,33,1
128,128,43192.0,33,1
