,Days,S,I,D
0,0,99696.0,0,0
1,1,99696.0,0,0
2,2,99696.0,0,0
3,3,99696.0,0,0
4,4,99696.0,0,0
5,5,99696.0,0,0
6,6,99696.0,0,0
7,7,99696.0,0,0
8,8,99696.0,0,0
9,9,99696.0,0,0
10,10,99696.0,0,0
11,11,99696.0,0,0
12,12,99696.0,0,0
13,13,99696.0,0,0
14,14,99696.0,0,0
15,15,99696.0,0,0
16,16,99696.0,0,0
17,17,99696.0,0,0
18,18,99696.0,0,0
19,19,99696.0,0,0
20,20,99696.0,0,0
21,21,99696.0,0,0
22,22,99696.0,0,0
23,23,99696.0,0,0
24,24,99696.0,0,0
25,25,99696.0,0,0
26,26,99696.0,0,0
27,27,99696.0,0,0
28,28,99696.0,0,0
29,29,99696.0,0,0
30,30,99696.0,0,0
31,31,99696.0,0,0
32,32,99696.0,0,0
33,33,99696.0,0,0
34,34,99696.0,0,0
35,35,99696.0,0,0
36,36,99696.0,0,0
37,37,99696.0,0,0
38,38,99696.0,0,0
39,39,99696.0,0,0
40,40,99696.0,0,0
41,41,99696.0,0,0
42,42,99696.0,0,0
43,43,99696.0,0,0
44,44,99696.0,0,0
45,45,99696.0,0,0
46,46,99696.0,0,0
47,47,99696.0,0,0
48,48,99696.0,0,0
49,49,99696.0,0,0
50,50,99696.0,0,0
51,51,99696.0,0,0
52,52,99696.0,0,0
53,53,99696.0,0,0
54,54,99695.0,1,0
55,55,99695.0,1,0
56,56,99695.0,1,0
57,57,99695.0,1,0
58,58,99695.0,1,0
59,59,99695.0,1,0
60,60,99695.0,1,0
61,61,99693.0,3,0
62,62,99692.0,4,0
63,63,99692.0,4,0
64,64,99692.0,4,0
65,65,99692.0,4,0
66,66,99692.0,4,0
67,67,99679.0,17,0
68,68,99678.0,18,0
69,69,99675.0,21,0
70,70,99670.0,26,0
71,71,99670.0,26,0
72,72,99665.0,30,1
73,73,99664.0,31,1
74,74,99664.0,31,1
75,75,99663.0,32,1
76,76,99661.0,34,1
77,77,99661.0,34,1
78,78,99661.0,34,1
79,79,99661.0,34,1
80,80,99661.0,34,1
81,81,99661.0,34,1
82,82,99661.0,34,1
83,83,99661.0,34,1
84,84,99661.0,34,1
85,85,99661.0,34,1
86,86,99659.0,36,1
87,87,99659.0,36,1
88,88,99659.0,36,1
89,89,99659.0,36,1
90,90,99659.0,36,1
91,91,99659.0,36,1
92,92,99659.0,36,1
93,93,99658.0,37,1
94,94,99658.0,37,1
95,95,99658.0,37,1
96,96,99656.0,39,1
97,97,99654.0,41,1
98,98,99654.0,41,1
99,99,99654.0,41,1
100,100,99654.0,41,1
101,101,99654.0,41,1
102,102,99654.0,41,1
103,103,99654.0,41,1
104,104,99654.0,41,1
105,105,99654.0,41,1
106,106,99654.0,41,1
107,107,99654.0,41,1
108,108,99654.0,41,1
109,109,99654.0,41,1
110,110,99654.0,41,1
111,111,99654.0,41,1
112,112,99654.0,41,1
113,113,99654.0,41,1
114,114,99654.0,41,1
115,115,99654.0,41,1
116,116,99654.0,41,1
117,117,99654.0,41,1
118,118,99654.0,41,1
119,119,99654.0,41,1
120,120,99654.0,41,1
121,121,99654.0,41,1
122,122,99654.0,41,1
123,123,99654.0,41,1
124,124,99654.0,41,1
125,125,99654.0,41,1
126,126,99654.0,41,1
127,127,99654.0,41,1
128,128,99654.0,41,1
