,Days,S,I,D
0,0,22400.0,0,0
1,1,22400.0,0,0
2,2,22400.0,0,0
3,3,22400.0,0,0
4,4,22400.0,0,0
5,5,22400.0,0,0
6,6,22400.0,0,0
7,7,22400.0,0,0
8,8,22400.0,0,0
9,9,22400.0,0,0
10,10,22400.0,0,0
11,11,22400.0,0,0
12,12,22400.0,0,0
13,13,22400.0,0,0
14,14,22400.0,0,0
15,15,22400.0,0,0
16,16,22400.0,0,0
17,17,22400.0,0,0
18,18,22400.0,0,0
19,19,22400.0,0,0
20,20,22400.0,0,0
21,21,22400.0,0,0
22,22,22400.0,0,0
23,23,22400.0,0,0
24,24,22400.0,0,0
25,25,22400.0,0,0
26,26,22400.0,0,0
27,27,22400.0,0,0
28,28,22400.0,0,0
29,29,22400.0,0,0
30,30,22400.0,0,0
31,31,22400.0,0,0
32,32,22400.0,0,0
33,33,22400.0,0,0
34,34,22400.0,0,0
35,35,22400.0,0,0
36,36,22400.0,0,0
37,37,22400.0,0,0
38,38,22400.0,0,0
39,39,22400.0,0,0
40,40,22400.0,0,0
41,41,22400.0,0,0
42,42,22400.0,0,0
43,43,22400.0,0,0
44,44,22400.0,0,0
45,45,22400.0,0,0
46,46,22400.0,0,0
47,47,22400.0,0,0
48,48,22400.0,0,0
49,49,22400.0,0,0
50,50,22400.0,0,0
51,51,22400.0,0,0
52,52,22400.0,0,0
53,53,22400.0,0,0
54,54,22400.0,0,0
55,55,22400.0,0,0
56,56,22400.0,0,0
57,57,22400.0,0,0
58,58,22400.0,0,0
59,59,22400.0,0,0
60,60,22400.0,0,0
61,61,22400.0,0,0
62,62,22400.0,0,0
63,63,22400.0,0,0
64,64,22400.0,0,0
65,65,22400.0,0,0
66,66,22400.0,0,0
67,67,22400.0,0,0
68,68,22398.0,2,0
69,69,22397.0,3,0
70,70,22397.0,3,0
71,71,22396.0,4,0
72,72,22396.0,4,0
73,73,22396.0,4,0
74,74,22393.0,7,0
75,75,22393.0,7,0
76,76,22392.0,8,0
77,77,22391.0,9,0
78,78,22389.0,11,0
79,79,22389.0,11,0
80,80,22387.0,13,0
81,81,22384.0,16,0
82,82,22383.0,17,0
83,83,22383.0,17,0
84,84,22381.0,19,0
85,85,22377.0,23,0
86,86,22377.0,23,0
87,87,22374.0,26,0
88,88,22372.0,28,0
89,89,22368.0,32,0
90,90,22368.0,32,0
91,91,22367.0,33,0
92,92,22367.0,33,0
93,93,22366.0,34,0
94,94,22365.0,35,0
95,95,22362.0,38,0
96,96,22358.0,42,0
97,97,22358.0,42,0
98,98,22358.0,42,0
99,99,22358.0,42,0
100,100,22358.0,42,0
101,101,22358.0,42,0
102,102,22358.0,42,0
103,103,22358.0,42,0
104,104,22357.0,43,0
105,105,22357.0,43,0
106,106,22356.0,44,0
107,107,22355.0,44,1
108,108,22354.0,45,1
109,109,22353.0,46,1
110,110,22353.0,46,1
111,111,22353.0,46,1
112,112,22353.0,46,1
113,113,22353.0,46,1
114,114,22350.0,49,1
115,115,22349.0,50,1
116,116,22349.0,50,1
117,117,22349.0,50,1
118,118,22348.0,51,1
119,119,22347.0,52,1
120,120,22347.0,52,1
121,121,22344.0,55,1
122,122,22341.0,58,1
123,123,22340.0,59,1
124,124,22337.0,62,1
125,125,22333.0,66,1
126,126,22328.0,71,1
127,127,22328.0,71,1
128,128,22328.0,71,1
