,Days,S,I,D
0,0,13724.0,0,0
1,1,13724.0,0,0
2,2,13724.0,0,0
3,3,13724.0,0,0
4,4,13724.0,0,0
5,5,13724.0,0,0
6,6,13724.0,0,0
7,7,13724.0,0,0
8,8,13724.0,0,0
9,9,13724.0,0,0
10,10,13724.0,0,0
11,11,13724.0,0,0
12,12,13724.0,0,0
13,13,13724.0,0,0
14,14,13724.0,0,0
15,15,13724.0,0,0
16,16,13724.0,0,0
17,17,13724.0,0,0
18,18,13724.0,0,0
19,19,13724.0,0,0
20,20,13724.0,0,0
21,21,13724.0,0,0
22,22,13724.0,0,0
23,23,13724.0,0,0
24,24,13724.0,0,0
25,25,13724.0,0,0
26,26,13724.0,0,0
27,27,13724.0,0,0
28,28,13724.0,0,0
29,29,13724.0,0,0
30,30,13724.0,0,0
31,31,13724.0,0,0
32,32,13724.0,0,0
33,33,13724.0,0,0
34,34,13724.0,0,0
35,35,13724.0,0,0
36,36,13724.0,0,0
37,37,13724.0,0,0
38,38,13724.0,0,0
39,39,13724.0,0,0
40,40,13724.0,0,0
41,41,13724.0,0,0
42,42,13724.0,0,0
43,43,13724.0,0,0
44,44,13724.0,0,0
45,45,13724.0,0,0
46,46,13724.0,0,0
47,47,13724.0,0,0
48,48,13724.0,0,0
49,49,13724.0,0,0
50,50,13724.0,0,0
51,51,13724.0,0,0
52,52,13724.0,0,0
53,53,13724.0,0,0
54,54,13724.0,0,0
55,55,13724.0,0,0
56,56,13724.0,0,0
57,57,13724.0,0,0
58,58,13724.0,0,0
59,59,13724.0,0,0
60,60,13724.0,0,0
61,61,13724.0,0,0
62,62,13724.0,0,0
63,63,13724.0,0,0
64,64,13724.0,0,0
65,65,13724.0,0,0
66,66,13724.0,0,0
67,67,13723.0,1,0
68,68,13721.0,3,0
69,69,13720.0,3,1
70,70,13720.0,3,1
71,71,13720.0,3,1
72,72,13720.0,3,1
73,73,13719.0,4,1
74,74,13719.0,4,1
75,75,13719.0,4,1
76,76,13719.0,4,1
77,77,13719.0,4,1
78,78,13719.0,4,1
79,79,13719.0,4,1
80,80,13719.0,4,1
81,81,13719.0,4,1
82,82,13718.0,5,1
83,83,13718.0,5,1
84,84,13718.0,5,1
85,85,13718.0,5,1
86,86,13718.0,5,1
87,87,13718.0,5,1
88,88,13718.0,5,1
89,89,13718.0,5,1
90,90,13718.0,5,1
91,91,13718.0,5,1
92,92,13718.0,5,1
93,93,13718.0,5,1
94,94,13718.0,5,1
95,95,13718.0,5,1
96,96,13718.0,5,1
97,97,13718.0,5,1
98,98,13717.0,6,1
99,99,13717.0,6,1
100,100,13717.0,6,1
101,101,13717.0,6,1
102,102,13717.0,6,1
103,103,13717.0,6,1
104,104,13717.0,6,1
105,105,13717.0,6,1
106,106,13717.0,6,1
107,107,13717.0,6,1
108,108,13716.0,7,1
109,109,13716.0,7,1
110,110,13716.0,7,1
111,111,13715.0,8,1
112,112,13715.0,8,1
113,113,13714.0,9,1
114,114,13714.0,9,1
115,115,13714.0,9,1
116,116,13714.0,9,1
117,117,13713.0,10,1
118,118,13710.0,13,1
119,119,13707.0,16,1
120,120,13704.0,19,1
121,121,13704.0,19,1
122,122,13703.0,20,1
123,123,13703.0,20,1
124,124,13703.0,20,1
125,125,13699.0,24,1
126,126,13699.0,24,1
127,127,13699.0,24,1
128,128,13696.0,27,1
