,Days,S,I,D
0,0,5877.0,0,0
1,1,5877.0,0,0
2,2,5877.0,0,0
3,3,5877.0,0,0
4,4,5877.0,0,0
5,5,5877.0,0,0
6,6,5877.0,0,0
7,7,5877.0,0,0
8,8,5877.0,0,0
9,9,5877.0,0,0
10,10,5877.0,0,0
11,11,5877.0,0,0
12,12,5877.0,0,0
13,13,5877.0,0,0
14,14,5877.0,0,0
15,15,5877.0,0,0
16,16,5877.0,0,0
17,17,5877.0,0,0
18,18,5877.0,0,0
19,19,5877.0,0,0
20,20,5877.0,0,0
21,21,5877.0,0,0
22,22,5877.0,0,0
23,23,5877.0,0,0
24,24,5877.0,0,0
25,25,5877.0,0,0
26,26,5877.0,0,0
27,27,5877.0,0,0
28,28,5877.0,0,0
29,29,5877.0,0,0
30,30,5877.0,0,0
31,31,5877.0,0,0
32,32,5877.0,0,0
33,33,5877.0,0,0
34,34,5877.0,0,0
35,35,5877.0,0,0
36,36,5877.0,0,0
37,37,5877.0,0,0
38,38,5877.0,0,0
39,39,5877.0,0,0
40,40,5877.0,0,0
41,41,5877.0,0,0
42,42,5877.0,0,0
43,43,5877.0,0,0
44,44,5877.0,0,0
45,45,5877.0,0,0
46,46,5877.0,0,0
47,47,5877.0,0,0
48,48,5877.0,0,0
49,49,5877.0,0,0
50,50,5877.0,0,0
51,51,5877.0,0,0
52,52,5877.0,0,0
53,53,5877.0,0,0
54,54,5877.0,0,0
55,55,5877.0,0,0
56,56,5877.0,0,0
57,57,5877.0,0,0
58,58,5877.0,0,0
59,59,5877.0,0,0
60,60,5877.0,0,0
61,61,5877.0,0,0
62,62,5877.0,0,0
63,63,5877.0,0,0
64,64,5877.0,0,0
65,65,5877.0,0,0
66,66,5876.0,1,0
67,67,5876.0,1,0
68,68,5875.0,2,0
69,69,5875.0,2,0
70,70,5875.0,2,0
71,71,5874.0,3,0
72,72,5874.0,3,0
73,73,5874.0,3,0
74,74,5874.0,3,0
75,75,5874.0,3,0
76,76,5874.0,3,0
77,77,5874.0,3,0
78,78,5874.0,3,0
79,79,5872.0,5,0
80,80,5872.0,5,0
81,81,5872.0,5,0
82,82,5872.0,5,0
83,83,5872.0,5,0
84,84,5872.0,5,0
85,85,5872.0,5,0
86,86,5872.0,5,0
87,87,5872.0,5,0
88,88,5872.0,5,0
89,89,5872.0,5,0
90,90,5872.0,5,0
91,91,5872.0,5,0
92,92,5871.0,5,1
93,93,5871.0,5,1
94,94,5871.0,5,1
95,95,5871.0,5,1
96,96,5871.0,5,1
97,97,5871.0,5,1
98,98,5871.0,5,1
99,99,5871.0,5,1
100,100,5871.0,5,1
101,101,5871.0,5,1
102,102,5871.0,5,1
103,103,5871.0,5,1
104,104,5871.0,5,1
105,105,5871.0,5,1
106,106,5871.0,5,1
107,107,5871.0,5,1
108,108,5871.0,5,1
109,109,5871.0,5,1
110,110,5871.0,5,1
111,111,5871.0,5,1
112,112,5871.0,5,1
113,113,5871.0,5,1
114,114,5871.0,5,1
115,115,5871.0,5,1
116,116,5871.0,5,1
117,117,5871.0,5,1
118,118,5871.0,5,1
119,119,5871.0,5,1
120,120,5871.0,5,1
121,121,5871.0,5,1
122,122,5871.0,5,1
123,123,5871.0,5,1
124,124,5871.0,5,1
125,125,5871.0,5,1
126,126,5870.0,6,1
127,127,5870.0,6,1
128,128,5869.0,7,1
