,Days,S,I,D
0,0,142854.0,0,0
1,1,142854.0,0,0
2,2,142854.0,0,0
3,3,142854.0,0,0
4,4,142854.0,0,0
5,5,142854.0,0,0
6,6,142854.0,0,0
7,7,142854.0,0,0
8,8,142854.0,0,0
9,9,142854.0,0,0
10,10,142854.0,0,0
11,11,142854.0,0,0
12,12,142854.0,0,0
13,13,142854.0,0,0
14,14,142854.0,0,0
15,15,142854.0,0,0
16,16,142854.0,0,0
17,17,142854.0,0,0
18,18,142854.0,0,0
19,19,142854.0,0,0
20,20,142854.0,0,0
21,21,142854.0,0,0
22,22,142854.0,0,0
23,23,142854.0,0,0
24,24,142854.0,0,0
25,25,142854.0,0,0
26,26,142854.0,0,0
27,27,142854.0,0,0
28,28,142854.0,0,0
29,29,142854.0,0,0
30,30,142854.0,0,0
31,31,142854.0,0,0
32,32,142854.0,0,0
33,33,142854.0,0,0
34,34,142854.0,0,0
35,35,142854.0,0,0
36,36,142854.0,0,0
37,37,142854.0,0,0
38,38,142854.0,0,0
39,39,142854.0,0,0
40,40,142854.0,0,0
41,41,142854.0,0,0
42,42,142854.0,0,0
43,43,142854.0,0,0
44,44,142854.0,0,0
45,45,142854.0,0,0
46,46,142854.0,0,0
47,47,142854.0,0,0
48,48,142854.0,0,0
49,49,142854.0,0,0
50,50,142854.0,0,0
51,51,142854.0,0,0
52,52,142854.0,0,0
53,53,142854.0,0,0
54,54,142854.0,0,0
55,55,142854.0,0,0
56,56,142854.0,0,0
57,57,142853.0,1,0
58,58,142849.0,5,0
59,59,142843.0,11,0
60,60,142840.0,14,0
61,61,142837.0,17,0
62,62,142835.0,18,1
63,63,142830.0,23,1
64,64,142824.0,28,2
65,65,142811.0,41,2
66,66,142796.0,56,2
67,67,142790.0,62,2
68,68,142781.0,71,2
69,69,142769.0,81,4
70,70,142765.0,85,4
71,71,142732.0,114,8
72,72,142718.0,126,10
73,73,142697.0,147,10
74,74,142689.0,155,10
75,75,142681.0,163,10
76,76,142665.0,179,10
77,77,142653.0,186,15
78,78,142629.0,210,15
79,79,142625.0,214,15
80,80,142601.0,238,15
81,81,142590.0,243,21
82,82,142580.0,253,21
83,83,142562.0,270,22
84,84,142564.0,266,24
85,85,142531.0,299,24
86,86,142526.0,304,24
87,87,142515.0,314,25
88,88,142495.0,333,26
89,89,142490.0,337,27
90,90,142481.0,342,31
91,91,142469.0,353,32
92,92,142450.0,372,32
93,93,142429.0,391,34
94,94,142414.0,402,38
95,95,142396.0,420,38
96,96,142391.0,425,38
97,97,142377.0,439,38
98,98,142363.0,453,38
99,99,142326.0,486,42
100,100,142312.0,498,44
101,101,142298.0,512,44
102,102,142283.0,527,44
103,103,142270.0,540,44
104,104,142247.0,561,46
105,105,142218.0,588,48
106,106,142187.0,618,49
107,107,142140.0,659,55
108,108,142120.0,679,55
109,109,142100.0,699,55
110,110,142085.0,713,56
111,111,142076.0,720,58
112,112,142024.0,772,58
113,113,142000.0,795,59
114,114,141969.0,823,62
115,115,141951.0,839,64
116,116,141924.0,866,64
117,117,141888.0,901,65
118,118,141845.0,943,66
119,119,141825.0,961,68
120,120,141813.0,972,69
121,121,141806.0,979,69
122,122,141782.0,1000,72
123,123,141763.0,1019,72
124,124,141754.0,1028,72
125,125,141740.0,1041,73
126,126,141713.0,1066,75
127,127,141697.0,1078,79
128,128,141669.0,1104,81
