,Days,S,I,D
0,0,7997.0,0,0
1,1,7997.0,0,0
2,2,7997.0,0,0
3,3,7997.0,0,0
4,4,7997.0,0,0
5,5,7997.0,0,0
6,6,7997.0,0,0
7,7,7997.0,0,0
8,8,7997.0,0,0
9,9,7997.0,0,0
10,10,7997.0,0,0
11,11,7997.0,0,0
12,12,7997.0,0,0
13,13,7997.0,0,0
14,14,7997.0,0,0
15,15,7997.0,0,0
16,16,7997.0,0,0
17,17,7997.0,0,0
18,18,7997.0,0,0
19,19,7997.0,0,0
20,20,7997.0,0,0
21,21,7997.0,0,0
22,22,7997.0,0,0
23,23,7997.0,0,0
24,24,7997.0,0,0
25,25,7997.0,0,0
26,26,7997.0,0,0
27,27,7997.0,0,0
28,28,7997.0,0,0
29,29,7997.0,0,0
30,30,7997.0,0,0
31,31,7997.0,0,0
32,32,7997.0,0,0
33,33,7997.0,0,0
34,34,7997.0,0,0
35,35,7997.0,0,0
36,36,7997.0,0,0
37,37,7997.0,0,0
38,38,7997.0,0,0
39,39,7997.0,0,0
40,40,7997.0,0,0
41,41,7997.0,0,0
42,42,7997.0,0,0
43,43,7997.0,0,0
44,44,7997.0,0,0
45,45,7997.0,0,0
46,46,7997.0,0,0
47,47,7997.0,0,0
48,48,7997.0,0,0
49,49,7997.0,0,0
50,50,7997.0,0,0
51,51,7997.0,0,0
52,52,7997.0,0,0
53,53,7997.0,0,0
54,54,7997.0,0,0
55,55,7997.0,0,0
56,56,7997.0,0,0
57,57,7997.0,0,0
58,58,7997.0,0,0
59,59,7997.0,0,0
60,60,7997.0,0,0
61,61,7997.0,0,0
62,62,7997.0,0,0
63,63,7997.0,0,0
64,64,7997.0,0,0
65,65,7997.0,0,0
66,66,7997.0,0,0
67,67,7997.0,0,0
68,68,7997.0,0,0
69,69,7997.0,0,0
70,70,7996.0,1,0
71,71,7996.0,1,0
72,72,7996.0,1,0
73,73,7996.0,1,0
74,74,7996.0,1,0
75,75,7996.0,1,0
76,76,7996.0,1,0
77,77,7996.0,1,0
78,78,7996.0,1,0
79,79,7996.0,1,0
80,80,7996.0,1,0
81,81,7996.0,1,0
82,82,7996.0,1,0
83,83,7996.0,1,0
84,84,7996.0,1,0
85,85,7996.0,1,0
86,86,7995.0,2,0
87,87,7995.0,2,0
88,88,7994.0,3,0
89,89,7994.0,3,0
90,90,7994.0,3,0
91,91,7994.0,3,0
92,92,7994.0,3,0
93,93,7993.0,4,0
94,94,7993.0,4,0
95,95,7992.0,4,1
96,96,7992.0,4,1
97,97,7992.0,4,1
98,98,7992.0,4,1
99,99,7992.0,4,1
100,100,7992.0,4,1
101,101,7992.0,4,1
102,102,7992.0,4,1
103,103,7992.0,4,1
104,104,7992.0,4,1
105,105,7992.0,4,1
106,106,7992.0,4,1
107,107,7992.0,4,1
108,108,7992.0,4,1
109,109,7992.0,4,1
110,110,7992.0,4,1
111,111,7992.0,4,1
112,112,7992.0,4,1
113,113,7992.0,4,1
114,114,7992.0,4,1
115,115,7992.0,4,1
116,116,7992.0,4,1
117,117,7991.0,5,1
118,118,7991.0,5,1
119,119,7991.0,5,1
120,120,7991.0,5,1
121,121,7991.0,5,1
122,122,7991.0,5,1
123,123,7991.0,5,1
124,124,7991.0,5,1
125,125,7991.0,5,1
126,126,7991.0,5,1
127,127,7991.0,5,1
128,128,7991.0,5,1
