,Days,S,I,D
0,0,35218.0,0,0
1,1,35218.0,0,0
2,2,35218.0,0,0
3,3,35218.0,0,0
4,4,35218.0,0,0
5,5,35218.0,0,0
6,6,35218.0,0,0
7,7,35218.0,0,0
8,8,35218.0,0,0
9,9,35218.0,0,0
10,10,35218.0,0,0
11,11,35218.0,0,0
12,12,35218.0,0,0
13,13,35218.0,0,0
14,14,35218.0,0,0
15,15,35218.0,0,0
16,16,35218.0,0,0
17,17,35218.0,0,0
18,18,35218.0,0,0
19,19,35218.0,0,0
20,20,35218.0,0,0
21,21,35218.0,0,0
22,22,35218.0,0,0
23,23,35218.0,0,0
24,24,35218.0,0,0
25,25,35218.0,0,0
26,26,35218.0,0,0
27,27,35218.0,0,0
28,28,35218.0,0,0
29,29,35218.0,0,0
30,30,35218.0,0,0
31,31,35218.0,0,0
32,32,35218.0,0,0
33,33,35218.0,0,0
34,34,35218.0,0,0
35,35,35218.0,0,0
36,36,35218.0,0,0
37,37,35218.0,0,0
38,38,35218.0,0,0
39,39,35218.0,0,0
40,40,35218.0,0,0
41,41,35218.0,0,0
42,42,35218.0,0,0
43,43,35218.0,0,0
44,44,35218.0,0,0
45,45,35218.0,0,0
46,46,35218.0,0,0
47,47,35218.0,0,0
48,48,35218.0,0,0
49,49,35218.0,0,0
50,50,35218.0,0,0
51,51,35218.0,0,0
52,52,35218.0,0,0
53,53,35218.0,0,0
54,54,35218.0,0,0
55,55,35218.0,0,0
56,56,35218.0,0,0
57,57,35218.0,0,0
58,58,35218.0,0,0
59,59,35218.0,0,0
60,60,35218.0,0,0
61,61,35218.0,0,0
62,62,35218.0,0,0
63,63,35218.0,0,0
64,64,35218.0,0,0
65,65,35217.0,1,0
66,66,35218.0,0,0
67,67,35218.0,0,0
68,68,35218.0,0,0
69,69,35218.0,0,0
70,70,35218.0,0,0
71,71,35217.0,1,0
72,72,35217.0,1,0
73,73,35217.0,1,0
74,74,35217.0,1,0
75,75,35217.0,1,0
76,76,35217.0,1,0
77,77,35217.0,1,0
78,78,35216.0,1,1
79,79,35216.0,1,1
80,80,35216.0,1,1
81,81,35216.0,1,1
82,82,35216.0,1,1
83,83,35216.0,1,1
84,84,35216.0,1,1
85,85,35216.0,1,1
86,86,35216.0,1,1
87,87,35216.0,1,1
88,88,35216.0,1,1
89,89,35216.0,1,1
90,90,35216.0,1,1
91,91,35216.0,1,1
92,92,35216.0,1,1
93,93,35216.0,1,1
94,94,35216.0,1,1
95,95,35215.0,2,1
96,96,35215.0,2,1
97,97,35215.0,2,1
98,98,35215.0,2,1
99,99,35215.0,2,1
100,100,35215.0,2,1
101,101,35215.0,2,1
102,102,35215.0,2,1
103,103,35215.0,2,1
104,104,35215.0,2,1
105,105,35215.0,2,1
106,106,35215.0,2,1
107,107,35215.0,2,1
108,108,35215.0,2,1
109,109,35215.0,2,1
110,110,35214.0,3,1
111,111,35214.0,3,1
112,112,35214.0,3,1
113,113,35214.0,3,1
114,114,35214.0,3,1
115,115,35214.0,3,1
116,116,35214.0,3,1
117,117,35213.0,4,1
118,118,35213.0,4,1
119,119,35213.0,4,1
120,120,35213.0,4,1
121,121,35213.0,4,1
122,122,35213.0,4,1
123,123,35213.0,4,1
124,124,35213.0,4,1
125,125,35213.0,4,1
126,126,35213.0,4,1
127,127,35213.0,4,1
128,128,35212.0,5,1
