,Days,S,I,D
0,0,58485.0,0,0
1,1,58485.0,0,0
2,2,58485.0,0,0
3,3,58485.0,0,0
4,4,58485.0,0,0
5,5,58485.0,0,0
6,6,58485.0,0,0
7,7,58485.0,0,0
8,8,58485.0,0,0
9,9,58485.0,0,0
10,10,58485.0,0,0
11,11,58485.0,0,0
12,12,58485.0,0,0
13,13,58485.0,0,0
14,14,58485.0,0,0
15,15,58485.0,0,0
16,16,58485.0,0,0
17,17,58485.0,0,0
18,18,58485.0,0,0
19,19,58485.0,0,0
20,20,58485.0,0,0
21,21,58485.0,0,0
22,22,58485.0,0,0
23,23,58485.0,0,0
24,24,58485.0,0,0
25,25,58485.0,0,0
26,26,58485.0,0,0
27,27,58485.0,0,0
28,28,58485.0,0,0
29,29,58485.0,0,0
30,30,58485.0,0,0
31,31,58485.0,0,0
32,32,58485.0,0,0
33,33,58485.0,0,0
34,34,58485.0,0,0
35,35,58485.0,0,0
36,36,58485.0,0,0
37,37,58485.0,0,0
38,38,58485.0,0,0
39,39,58485.0,0,0
40,40,58485.0,0,0
41,41,58485.0,0,0
42,42,58485.0,0,0
43,43,58485.0,0,0
44,44,58485.0,0,0
45,45,58485.0,0,0
46,46,58485.0,0,0
47,47,58485.0,0,0
48,48,58485.0,0,0
49,49,58485.0,0,0
50,50,58485.0,0,0
51,51,58485.0,0,0
52,52,58485.0,0,0
53,53,58485.0,0,0
54,54,58485.0,0,0
55,55,58485.0,0,0
56,56,58485.0,0,0
57,57,58485.0,0,0
58,58,58485.0,0,0
59,59,58485.0,0,0
60,60,58485.0,0,0
61,61,58484.0,1,0
62,62,58484.0,1,0
63,63,58484.0,1,0
64,64,58484.0,1,0
65,65,58484.0,1,0
66,66,58484.0,1,0
67,67,58484.0,1,0
68,68,58484.0,1,0
69,69,58484.0,1,0
70,70,58484.0,1,0
71,71,58482.0,3,0
72,72,58481.0,4,0
73,73,58481.0,4,0
74,74,58481.0,4,0
75,75,58480.0,5,0
76,76,58480.0,5,0
77,77,58478.0,7,0
78,78,58478.0,7,0
79,79,58477.0,8,0
80,80,58476.0,9,0
81,81,58476.0,9,0
82,82,58476.0,9,0
83,83,58475.0,10,0
84,84,58475.0,10,0
85,85,58475.0,10,0
86,86,58473.0,12,0
87,87,58473.0,12,0
88,88,58473.0,12,0
89,89,58473.0,12,0
90,90,58471.0,14,0
91,91,58471.0,14,0
92,92,58471.0,14,0
93,93,58471.0,14,0
94,94,58469.0,16,0
95,95,58469.0,16,0
96,96,58469.0,16,0
97,97,58469.0,16,0
98,98,58469.0,16,0
99,99,58469.0,16,0
100,100,58461.0,24,0
101,101,58461.0,24,0
102,102,58461.0,24,0
103,103,58461.0,24,0
104,104,58459.0,26,0
105,105,58459.0,26,0
106,106,58459.0,26,0
107,107,58459.0,26,0
108,108,58459.0,26,0
109,109,58459.0,26,0
110,110,58459.0,26,0
111,111,58444.0,41,0
112,112,58444.0,41,0
113,113,58433.0,52,0
114,114,58428.0,57,0
115,115,58428.0,57,0
116,116,58411.0,74,0
117,117,58411.0,74,0
118,118,58396.0,89,0
119,119,58391.0,93,1
120,120,58390.0,94,1
121,121,58390.0,94,1
122,122,58387.0,97,1
123,123,58387.0,97,1
124,124,58387.0,97,1
125,125,58387.0,97,1
126,126,58387.0,97,1
127,127,58387.0,97,1
128,128,58375.0,109,1
