,Days,S,I,D
0,0,15591.0,0,0
1,1,15591.0,0,0
2,2,15591.0,0,0
3,3,15591.0,0,0
4,4,15591.0,0,0
5,5,15591.0,0,0
6,6,15591.0,0,0
7,7,15591.0,0,0
8,8,15591.0,0,0
9,9,15591.0,0,0
10,10,15591.0,0,0
11,11,15591.0,0,0
12,12,15591.0,0,0
13,13,15591.0,0,0
14,14,15591.0,0,0
15,15,15591.0,0,0
16,16,15591.0,0,0
17,17,15591.0,0,0
18,18,15591.0,0,0
19,19,15591.0,0,0
20,20,15591.0,0,0
21,21,15591.0,0,0
22,22,15591.0,0,0
23,23,15591.0,0,0
24,24,15591.0,0,0
25,25,15591.0,0,0
26,26,15591.0,0,0
27,27,15591.0,0,0
28,28,15591.0,0,0
29,29,15591.0,0,0
30,30,15591.0,0,0
31,31,15591.0,0,0
32,32,15591.0,0,0
33,33,15591.0,0,0
34,34,15591.0,0,0
35,35,15591.0,0,0
36,36,15591.0,0,0
37,37,15591.0,0,0
38,38,15591.0,0,0
39,39,15591.0,0,0
40,40,15591.0,0,0
41,41,15591.0,0,0
42,42,15591.0,0,0
43,43,15591.0,0,0
44,44,15591.0,0,0
45,45,15591.0,0,0
46,46,15591.0,0,0
47,47,15591.0,0,0
48,48,15591.0,0,0
49,49,15591.0,0,0
50,50,15591.0,0,0
51,51,15591.0,0,0
52,52,15591.0,0,0
53,53,15591.0,0,0
54,54,15591.0,0,0
55,55,15591.0,0,0
56,56,15591.0,0,0
57,57,15591.0,0,0
58,58,15591.0,0,0
59,59,15591.0,0,0
60,60,15591.0,0,0
61,61,15591.0,0,0
62,62,15591.0,0,0
63,63,15591.0,0,0
64,64,15591.0,0,0
65,65,15583.0,8,0
66,66,15591.0,0,0
67,67,15591.0,0,0
68,68,15588.0,3,0
69,69,15588.0,3,0
70,70,15588.0,3,0
71,71,15588.0,3,0
72,72,15588.0,3,0
73,73,15585.0,6,0
74,74,15585.0,6,0
75,75,15585.0,6,0
76,76,15584.0,7,0
77,77,15584.0,7,0
78,78,15583.0,8,0
79,79,15582.0,9,0
80,80,15582.0,9,0
81,81,15581.0,10,0
82,82,15581.0,10,0
83,83,15581.0,10,0
84,84,15581.0,10,0
85,85,15579.0,12,0
86,86,15579.0,12,0
87,87,15579.0,12,0
88,88,15579.0,12,0
89,89,15578.0,13,0
90,90,15578.0,13,0
91,91,15578.0,13,0
92,92,15578.0,13,0
93,93,15578.0,13,0
94,94,15578.0,13,0
95,95,15577.0,14,0
96,96,15577.0,14,0
97,97,15576.0,15,0
98,98,15576.0,15,0
99,99,15576.0,15,0
100,100,15576.0,15,0
101,101,15575.0,16,0
102,102,15575.0,16,0
103,103,15575.0,16,0
104,104,15574.0,17,0
105,105,15574.0,17,0
106,106,15573.0,17,1
107,107,15573.0,17,1
108,108,15572.0,18,1
109,109,15572.0,18,1
110,110,15572.0,18,1
111,111,15572.0,18,1
112,112,15572.0,18,1
113,113,15572.0,18,1
114,114,15572.0,18,1
115,115,15572.0,18,1
116,116,15572.0,18,1
117,117,15572.0,18,1
118,118,15571.0,19,1
119,119,15571.0,19,1
120,120,15571.0,19,1
121,121,15571.0,19,1
122,122,15571.0,19,1
123,123,15571.0,19,1
124,124,15570.0,20,1
125,125,15558.0,32,1
126,126,15558.0,32,1
127,127,15558.0,32,1
128,128,15558.0,32,1
