,Days,S,I,D
0,0,9605.0,0,0
1,1,9605.0,0,0
2,2,9605.0,0,0
3,3,9605.0,0,0
4,4,9605.0,0,0
5,5,9605.0,0,0
6,6,9605.0,0,0
7,7,9605.0,0,0
8,8,9605.0,0,0
9,9,9605.0,0,0
10,10,9605.0,0,0
11,11,9605.0,0,0
12,12,9605.0,0,0
13,13,9605.0,0,0
14,14,9605.0,0,0
15,15,9605.0,0,0
16,16,9605.0,0,0
17,17,9605.0,0,0
18,18,9605.0,0,0
19,19,9605.0,0,0
20,20,9605.0,0,0
21,21,9605.0,0,0
22,22,9605.0,0,0
23,23,9605.0,0,0
24,24,9605.0,0,0
25,25,9605.0,0,0
26,26,9605.0,0,0
27,27,9605.0,0,0
28,28,9605.0,0,0
29,29,9605.0,0,0
30,30,9605.0,0,0
31,31,9605.0,0,0
32,32,9605.0,0,0
33,33,9605.0,0,0
34,34,9605.0,0,0
35,35,9605.0,0,0
36,36,9605.0,0,0
37,37,9605.0,0,0
38,38,9605.0,0,0
39,39,9605.0,0,0
40,40,9605.0,0,0
41,41,9605.0,0,0
42,42,9605.0,0,0
43,43,9605.0,0,0
44,44,9605.0,0,0
45,45,9605.0,0,0
46,46,9605.0,0,0
47,47,9605.0,0,0
48,48,9605.0,0,0
49,49,9605.0,0,0
50,50,9605.0,0,0
51,51,9605.0,0,0
52,52,9605.0,0,0
53,53,9604.0,1,0
54,54,9604.0,1,0
55,55,9603.0,2,0
56,56,9603.0,2,0
57,57,9603.0,2,0
58,58,9603.0,2,0
59,59,9602.0,3,0
60,60,9602.0,3,0
61,61,9602.0,3,0
62,62,9602.0,3,0
63,63,9602.0,3,0
64,64,9602.0,3,0
65,65,9602.0,3,0
66,66,9602.0,3,0
67,67,9602.0,3,0
68,68,9602.0,3,0
69,69,9601.0,4,0
70,70,9599.0,6,0
71,71,9599.0,6,0
72,72,9599.0,6,0
73,73,9599.0,6,0
74,74,9599.0,6,0
75,75,9599.0,6,0
76,76,9598.0,7,0
77,77,9598.0,7,0
78,78,9595.0,10,0
79,79,9594.0,11,0
80,80,9594.0,11,0
81,81,9594.0,11,0
82,82,9594.0,11,0
83,83,9594.0,11,0
84,84,9594.0,11,0
85,85,9594.0,11,0
86,86,9594.0,11,0
87,87,9594.0,11,0
88,88,9594.0,11,0
89,89,9594.0,11,0
90,90,9593.0,11,1
91,91,9593.0,11,1
92,92,9592.0,12,1
93,93,9591.0,13,1
94,94,9591.0,13,1
95,95,9591.0,13,1
96,96,9591.0,13,1
97,97,9591.0,13,1
98,98,9591.0,13,1
99,99,9591.0,13,1
100,100,9591.0,13,1
101,101,9591.0,13,1
102,102,9591.0,13,1
103,103,9591.0,13,1
104,104,9591.0,13,1
105,105,9591.0,13,1
106,106,9591.0,13,1
107,107,9590.0,14,1
108,108,9590.0,14,1
109,109,9590.0,14,1
110,110,9590.0,14,1
111,111,9589.0,15,1
112,112,9589.0,15,1
113,113,9589.0,15,1
114,114,9589.0,15,1
115,115,9588.0,16,1
116,116,9588.0,16,1
117,117,9588.0,16,1
118,118,9588.0,16,1
119,119,9588.0,16,1
120,120,9588.0,16,1
121,121,9588.0,16,1
122,122,9588.0,16,1
123,123,9588.0,16,1
124,124,9588.0,16,1
125,125,9588.0,16,1
126,126,9588.0,16,1
127,127,9588.0,16,1
128,128,9588.0,16,1
