,Days,S,I,D
0,0,5816.0,0,0
1,1,5816.0,0,0
2,2,5816.0,0,0
3,3,5816.0,0,0
4,4,5816.0,0,0
5,5,5816.0,0,0
6,6,5816.0,0,0
7,7,5816.0,0,0
8,8,5816.0,0,0
9,9,5816.0,0,0
10,10,5816.0,0,0
11,11,5816.0,0,0
12,12,5816.0,0,0
13,13,5816.0,0,0
14,14,5816.0,0,0
15,15,5816.0,0,0
16,16,5816.0,0,0
17,17,5816.0,0,0
18,18,5816.0,0,0
19,19,5816.0,0,0
20,20,5816.0,0,0
21,21,5816.0,0,0
22,22,5816.0,0,0
23,23,5816.0,0,0
24,24,5816.0,0,0
25,25,5816.0,0,0
26,26,5816.0,0,0
27,27,5816.0,0,0
28,28,5816.0,0,0
29,29,5816.0,0,0
30,30,5816.0,0,0
31,31,5816.0,0,0
32,32,5816.0,0,0
33,33,5816.0,0,0
34,34,5816.0,0,0
35,35,5816.0,0,0
36,36,5816.0,0,0
37,37,5816.0,0,0
38,38,5816.0,0,0
39,39,5816.0,0,0
40,40,5816.0,0,0
41,41,5816.0,0,0
42,42,5816.0,0,0
43,43,5816.0,0,0
44,44,5816.0,0,0
45,45,5816.0,0,0
46,46,5816.0,0,0
47,47,5816.0,0,0
48,48,5816.0,0,0
49,49,5816.0,0,0
50,50,5816.0,0,0
51,51,5816.0,0,0
52,52,5816.0,0,0
53,53,5816.0,0,0
54,54,5816.0,0,0
55,55,5816.0,0,0
56,56,5816.0,0,0
57,57,5816.0,0,0
58,58,5816.0,0,0
59,59,5816.0,0,0
60,60,5816.0,0,0
61,61,5816.0,0,0
62,62,5816.0,0,0
63,63,5816.0,0,0
64,64,5815.0,1,0
65,65,5815.0,1,0
66,66,5815.0,1,0
67,67,5815.0,1,0
68,68,5814.0,1,1
69,69,5814.0,1,1
70,70,5814.0,1,1
71,71,5814.0,1,1
72,72,5814.0,1,1
73,73,5814.0,1,1
74,74,5814.0,1,1
75,75,5814.0,1,1
76,76,5814.0,1,1
77,77,5814.0,1,1
78,78,5814.0,1,1
79,79,5814.0,1,1
80,80,5814.0,1,1
81,81,5814.0,1,1
82,82,5814.0,1,1
83,83,5814.0,1,1
84,84,5814.0,1,1
85,85,5814.0,1,1
86,86,5814.0,1,1
87,87,5814.0,1,1
88,88,5814.0,1,1
89,89,5814.0,1,1
90,90,5814.0,1,1
91,91,5814.0,1,1
92,92,5814.0,1,1
93,93,5814.0,1,1
94,94,5814.0,1,1
95,95,5814.0,1,1
96,96,5814.0,1,1
97,97,5814.0,1,1
98,98,5814.0,1,1
99,99,5814.0,1,1
100,100,5814.0,1,1
101,101,5814.0,1,1
102,102,5814.0,1,1
103,103,5814.0,1,1
104,104,5814.0,1,1
105,105,5814.0,1,1
106,106,5814.0,1,1
107,107,5814.0,1,1
108,108,5813.0,2,1
109,109,5813.0,2,1
110,110,5813.0,2,1
111,111,5813.0,2,1
112,112,5813.0,2,1
113,113,5813.0,2,1
114,114,5813.0,2,1
115,115,5813.0,2,1
116,116,5813.0,2,1
117,117,5813.0,2,1
118,118,5813.0,2,1
119,119,5813.0,2,1
120,120,5813.0,2,1
121,121,5813.0,2,1
122,122,5813.0,2,1
123,123,5813.0,2,1
124,124,5813.0,2,1
125,125,5813.0,2,1
126,126,5813.0,2,1
127,127,5813.0,2,1
128,128,5813.0,2,1
