,Days,S,I,D
0,0,62190.0,0,0
1,1,62190.0,0,0
2,2,62190.0,0,0
3,3,62190.0,0,0
4,4,62190.0,0,0
5,5,62190.0,0,0
6,6,62190.0,0,0
7,7,62190.0,0,0
8,8,62190.0,0,0
9,9,62190.0,0,0
10,10,62190.0,0,0
11,11,62190.0,0,0
12,12,62190.0,0,0
13,13,62190.0,0,0
14,14,62190.0,0,0
15,15,62190.0,0,0
16,16,62190.0,0,0
17,17,62190.0,0,0
18,18,62190.0,0,0
19,19,62190.0,0,0
20,20,62190.0,0,0
21,21,62190.0,0,0
22,22,62190.0,0,0
23,23,62190.0,0,0
24,24,62190.0,0,0
25,25,62190.0,0,0
26,26,62190.0,0,0
27,27,62190.0,0,0
28,28,62190.0,0,0
29,29,62190.0,0,0
30,30,62190.0,0,0
31,31,62190.0,0,0
32,32,62190.0,0,0
33,33,62190.0,0,0
34,34,62190.0,0,0
35,35,62190.0,0,0
36,36,62190.0,0,0
37,37,62190.0,0,0
38,38,62190.0,0,0
39,39,62190.0,0,0
40,40,62190.0,0,0
41,41,62190.0,0,0
42,42,62190.0,0,0
43,43,62190.0,0,0
44,44,62190.0,0,0
45,45,62190.0,0,0
46,46,62190.0,0,0
47,47,62190.0,0,0
48,48,62190.0,0,0
49,49,62190.0,0,0
50,50,62190.0,0,0
51,51,62190.0,0,0
52,52,62190.0,0,0
53,53,62190.0,0,0
54,54,62190.0,0,0
55,55,62190.0,0,0
56,56,62190.0,0,0
57,57,62190.0,0,0
58,58,62189.0,1,0
59,59,62189.0,1,0
60,60,62188.0,2,0
61,61,62188.0,2,0
62,62,62187.0,3,0
63,63,62187.0,3,0
64,64,62187.0,3,0
65,65,62186.0,4,0
66,66,62186.0,4,0
67,67,62186.0,4,0
68,68,62186.0,4,0
69,69,62185.0,5,0
70,70,62185.0,5,0
71,71,62184.0,6,0
72,72,62184.0,6,0
73,73,62181.0,9,0
74,74,62177.0,12,1
75,75,62175.0,14,1
76,76,62171.0,18,1
77,77,62170.0,19,1
78,78,62170.0,19,1
79,79,62169.0,20,1
80,80,62169.0,20,1
81,81,62167.0,22,1
82,82,62166.0,23,1
83,83,62164.0,25,1
84,84,62165.0,24,1
85,85,62165.0,24,1
86,86,62164.0,25,1
87,87,62164.0,25,1
88,88,62163.0,26,1
89,89,62162.0,27,1
90,90,62160.0,29,1
91,91,62159.0,30,1
92,92,62156.0,33,1
93,93,62155.0,34,1
94,94,62155.0,34,1
95,95,62155.0,34,1
96,96,62155.0,34,1
97,97,62155.0,34,1
98,98,62155.0,34,1
99,99,62154.0,35,1
100,100,62153.0,36,1
101,101,62153.0,36,1
102,102,62153.0,36,1
103,103,62153.0,36,1
104,104,62152.0,37,1
105,105,62152.0,37,1
106,106,62152.0,37,1
107,107,62152.0,37,1
108,108,62152.0,37,1
109,109,62151.0,38,1
110,110,62151.0,38,1
111,111,62151.0,38,1
112,112,62151.0,38,1
113,113,62151.0,38,1
114,114,62151.0,38,1
115,115,62147.0,42,1
116,116,62147.0,42,1
117,117,62144.0,45,1
118,118,62142.0,47,1
119,119,62141.0,48,1
120,120,62139.0,50,1
121,121,62127.0,62,1
122,122,62126.0,63,1
123,123,62126.0,63,1
124,124,62126.0,63,1
125,125,62116.0,73,1
126,126,62116.0,73,1
127,127,62116.0,73,1
128,128,62116.0,73,1
