,Days,S,I,D
0,0,107610.0,0,0
1,1,107610.0,0,0
2,2,107610.0,0,0
3,3,107610.0,0,0
4,4,107610.0,0,0
5,5,107610.0,0,0
6,6,107610.0,0,0
7,7,107610.0,0,0
8,8,107610.0,0,0
9,9,107610.0,0,0
10,10,107610.0,0,0
11,11,107610.0,0,0
12,12,107610.0,0,0
13,13,107610.0,0,0
14,14,107610.0,0,0
15,15,107610.0,0,0
16,16,107610.0,0,0
17,17,107610.0,0,0
18,18,107610.0,0,0
19,19,107610.0,0,0
20,20,107610.0,0,0
21,21,107610.0,0,0
22,22,107610.0,0,0
23,23,107610.0,0,0
24,24,107610.0,0,0
25,25,107610.0,0,0
26,26,107610.0,0,0
27,27,107610.0,0,0
28,28,107610.0,0,0
29,29,107610.0,0,0
30,30,107610.0,0,0
31,31,107610.0,0,0
32,32,107610.0,0,0
33,33,107610.0,0,0
34,34,107610.0,0,0
35,35,107610.0,0,0
36,36,107610.0,0,0
37,37,107610.0,0,0
38,38,107610.0,0,0
39,39,107610.0,0,0
40,40,107610.0,0,0
41,41,107610.0,0,0
42,42,107610.0,0,0
43,43,107610.0,0,0
44,44,107610.0,0,0
45,45,107610.0,0,0
46,46,107610.0,0,0
47,47,107610.0,0,0
48,48,107610.0,0,0
49,49,107610.0,0,0
50,50,107610.0,0,0
51,51,107610.0,0,0
52,52,107610.0,0,0
53,53,107610.0,0,0
54,54,107610.0,0,0
55,55,107610.0,0,0
56,56,107610.0,0,0
57,57,107610.0,0,0
58,58,107610.0,0,0
59,59,107610.0,0,0
60,60,107610.0,0,0
61,61,107608.0,2,0
62,62,107608.0,2,0
63,63,107608.0,2,0
64,64,107608.0,2,0
65,65,107608.0,2,0
66,66,107608.0,2,0
67,67,107608.0,2,0
68,68,107607.0,3,0
69,69,107607.0,3,0
70,70,107606.0,4,0
71,71,107606.0,4,0
72,72,107606.0,4,0
73,73,107606.0,4,0
74,74,107606.0,4,0
75,75,107606.0,4,0
76,76,107606.0,4,0
77,77,107605.0,5,0
78,78,107604.0,6,0
79,79,107601.0,9,0
80,80,107600.0,10,0
81,81,107596.0,14,0
82,82,107596.0,14,0
83,83,107594.0,15,1
84,84,107594.0,15,1
85,85,107594.0,15,1
86,86,107594.0,15,1
87,87,107592.0,17,1
88,88,107591.0,18,1
89,89,107590.0,19,1
90,90,107590.0,19,1
91,91,107589.0,20,1
92,92,107589.0,20,1
93,93,107589.0,20,1
94,94,107589.0,20,1
95,95,107589.0,20,1
96,96,107588.0,21,1
97,97,107588.0,21,1
98,98,107588.0,21,1
99,99,107588.0,21,1
100,100,107588.0,21,1
101,101,107588.0,21,1
102,102,107588.0,21,1
103,103,107588.0,21,1
104,104,107588.0,21,1
105,105,107588.0,21,1
106,106,107588.0,21,1
107,107,107588.0,21,1
108,108,107588.0,21,1
109,109,107588.0,21,1
110,110,107588.0,21,1
111,111,107588.0,21,1
112,112,107588.0,21,1
113,113,107588.0,21,1
114,114,107589.0,21,0
115,115,107589.0,21,0
116,116,107588.0,21,1
117,117,107587.0,22,1
118,118,107587.0,22,1
119,119,107587.0,22,1
120,120,107587.0,22,1
121,121,107587.0,22,1
122,122,107585.0,24,1
123,123,107585.0,24,1
124,124,107585.0,24,1
125,125,107585.0,24,1
126,126,107585.0,24,1
127,127,107585.0,24,1
128,128,107585.0,24,1
