,Days,S,I,D
0,0,7348.0,0,0
1,1,7348.0,0,0
2,2,7348.0,0,0
3,3,7348.0,0,0
4,4,7348.0,0,0
5,5,7348.0,0,0
6,6,7348.0,0,0
7,7,7348.0,0,0
8,8,7348.0,0,0
9,9,7348.0,0,0
10,10,7348.0,0,0
11,11,7348.0,0,0
12,12,7348.0,0,0
13,13,7348.0,0,0
14,14,7348.0,0,0
15,15,7348.0,0,0
16,16,7348.0,0,0
17,17,7348.0,0,0
18,18,7348.0,0,0
19,19,7348.0,0,0
20,20,7348.0,0,0
21,21,7348.0,0,0
22,22,7348.0,0,0
23,23,7348.0,0,0
24,24,7348.0,0,0
25,25,7348.0,0,0
26,26,7348.0,0,0
27,27,7348.0,0,0
28,28,7348.0,0,0
29,29,7348.0,0,0
30,30,7348.0,0,0
31,31,7348.0,0,0
32,32,7348.0,0,0
33,33,7348.0,0,0
34,34,7348.0,0,0
35,35,7348.0,0,0
36,36,7348.0,0,0
37,37,7348.0,0,0
38,38,7348.0,0,0
39,39,7348.0,0,0
40,40,7348.0,0,0
41,41,7348.0,0,0
42,42,7348.0,0,0
43,43,7348.0,0,0
44,44,7348.0,0,0
45,45,7348.0,0,0
46,46,7348.0,0,0
47,47,7348.0,0,0
48,48,7348.0,0,0
49,49,7348.0,0,0
50,50,7348.0,0,0
51,51,7348.0,0,0
52,52,7348.0,0,0
53,53,7348.0,0,0
54,54,7348.0,0,0
55,55,7348.0,0,0
56,56,7348.0,0,0
57,57,7348.0,0,0
58,58,7348.0,0,0
59,59,7348.0,0,0
60,60,7348.0,0,0
61,61,7348.0,0,0
62,62,7348.0,0,0
63,63,7348.0,0,0
64,64,7348.0,0,0
65,65,7348.0,0,0
66,66,7348.0,0,0
67,67,7348.0,0,0
68,68,7348.0,0,0
69,69,7348.0,0,0
70,70,7348.0,0,0
71,71,7348.0,0,0
72,72,7348.0,0,0
73,73,7347.0,1,0
74,74,7347.0,1,0
75,75,7347.0,1,0
76,76,7347.0,1,0
77,77,7347.0,1,0
78,78,7347.0,1,0
79,79,7347.0,1,0
80,80,7347.0,1,0
81,81,7347.0,1,0
82,82,7347.0,1,0
83,83,7347.0,1,0
84,84,7347.0,1,0
85,85,7347.0,1,0
86,86,7347.0,1,0
87,87,7347.0,1,0
88,88,7347.0,1,0
89,89,7347.0,1,0
90,90,7347.0,1,0
91,91,7347.0,1,0
92,92,7347.0,1,0
93,93,7347.0,1,0
94,94,7347.0,1,0
95,95,7347.0,1,0
96,96,7347.0,1,0
97,97,7347.0,1,0
98,98,7347.0,1,0
99,99,7347.0,1,0
100,100,7346.0,2,0
101,101,7346.0,2,0
102,102,7334.0,14,0
103,103,7334.0,14,0
104,104,7333.0,15,0
105,105,7333.0,15,0
106,106,7332.0,16,0
107,107,7329.0,19,0
108,108,7329.0,19,0
109,109,7329.0,19,0
110,110,7329.0,19,0
111,111,7328.0,19,1
112,112,7327.0,20,1
113,113,7326.0,21,1
114,114,7326.0,21,1
115,115,7325.0,22,1
116,116,7325.0,22,1
117,117,7325.0,22,1
118,118,7325.0,22,1
119,119,7325.0,22,1
120,120,7325.0,22,1
121,121,7325.0,22,1
122,122,7325.0,22,1
123,123,7325.0,22,1
124,124,7324.0,23,1
125,125,7324.0,23,1
126,126,7324.0,23,1
127,127,7324.0,23,1
128,128,7324.0,23,1
