,Days,S,I,D
0,0,891299.0,0,0
1,1,891299.0,0,0
2,2,891299.0,0,0
3,3,891299.0,0,0
4,4,891299.0,0,0
5,5,891299.0,0,0
6,6,891299.0,0,0
7,7,891299.0,0,0
8,8,891299.0,0,0
9,9,891299.0,0,0
10,10,891299.0,0,0
11,11,891299.0,0,0
12,12,891299.0,0,0
13,13,891299.0,0,0
14,14,891299.0,0,0
15,15,891299.0,0,0
16,16,891299.0,0,0
17,17,891299.0,0,0
18,18,891299.0,0,0
19,19,891299.0,0,0
20,20,891299.0,0,0
21,21,891299.0,0,0
22,22,891299.0,0,0
23,23,891299.0,0,0
24,24,891299.0,0,0
25,25,891299.0,0,0
26,26,891299.0,0,0
27,27,891299.0,0,0
28,28,891299.0,0,0
29,29,891299.0,0,0
30,30,891299.0,0,0
31,31,891299.0,0,0
32,32,891299.0,0,0
33,33,891299.0,0,0
34,34,891299.0,0,0
35,35,891299.0,0,0
36,36,891299.0,0,0
37,37,891299.0,0,0
38,38,891299.0,0,0
39,39,891299.0,0,0
40,40,891299.0,0,0
41,41,891299.0,0,0
42,42,891299.0,0,0
43,43,891299.0,0,0
44,44,891299.0,0,0
45,45,891298.0,1,0
46,46,891295.0,4,0
47,47,891295.0,4,0
48,48,891285.0,14,0
49,49,891282.0,17,0
50,50,891282.0,17,0
51,51,891280.0,19,0
52,52,891273.0,26,0
53,53,891270.0,29,0
54,54,891261.0,38,0
55,55,891254.0,45,0
56,56,891243.0,56,0
57,57,891223.0,75,1
58,58,891215.0,83,1
59,59,891203.0,95,1
60,60,891191.0,107,1
61,61,891172.0,126,1
62,62,891160.0,138,1
63,63,891143.0,155,1
64,64,891109.0,186,4
65,65,891063.0,231,5
66,66,891012.0,282,5
67,67,891005.0,288,6
68,68,890941.0,352,6
69,69,890916.0,377,6
70,70,890875.0,417,7
71,71,890859.0,433,7
72,72,890799.0,493,7
73,73,890793.0,498,8
74,74,890753.0,536,10
75,75,890697.0,590,12
76,76,890640.0,644,15
77,77,890525.0,759,15
78,78,890475.0,808,16
79,79,890452.0,831,16
80,80,890398.0,884,17
81,81,890381.0,898,20
82,82,890348.0,931,20
83,83,890313.0,963,23
84,84,890283.0,988,28
85,85,890253.0,1016,30
86,86,890238.0,1031,30
87,87,890193.0,1074,32
88,88,890158.0,1109,32
89,89,890140.0,1127,32
90,90,890116.0,1148,35
91,91,890086.0,1176,37
92,92,890063.0,1192,44
93,93,890044.0,1212,43
94,94,890018.0,1235,46
95,95,890009.0,1244,46
96,96,889989.0,1263,47
97,97,889958.0,1293,48
98,98,889944.0,1306,49
99,99,889928.0,1322,49
100,100,889910.0,1339,50
101,101,889873.0,1376,50
102,102,889856.0,1393,50
103,103,889835.0,1414,50
104,104,889814.0,1433,52
105,105,889793.0,1454,52
106,106,889749.0,1496,54
107,107,889734.0,1510,55
108,108,889703.0,1539,57
109,109,889680.0,1562,57
110,110,889659.0,1582,58
111,111,889647.0,1593,59
112,112,889635.0,1604,60
113,113,889613.0,1626,60
114,114,889602.0,1636,61
115,115,889583.0,1654,62
116,116,889557.0,1680,62
117,117,889550.0,1687,62
118,118,889531.0,1704,64
119,119,889515.0,1716,68
120,120,889511.0,1719,69
121,121,889502.0,1728,69
122,122,889488.0,1742,69
123,123,889473.0,1756,70
124,124,889466.0,1762,71
125,125,889462.0,1766,71
126,126,889368.0,1856,75
127,127,889337.0,1884,78
128,128,889312.0,1909,78
