,Days,S,I,D
0,0,13125.0,0,0
1,1,13125.0,0,0
2,2,13125.0,0,0
3,3,13125.0,0,0
4,4,13125.0,0,0
5,5,13125.0,0,0
6,6,13125.0,0,0
7,7,13125.0,0,0
8,8,13125.0,0,0
9,9,13125.0,0,0
10,10,13125.0,0,0
11,11,13125.0,0,0
12,12,13125.0,0,0
13,13,13125.0,0,0
14,14,13125.0,0,0
15,15,13125.0,0,0
16,16,13125.0,0,0
17,17,13125.0,0,0
18,18,13125.0,0,0
19,19,13125.0,0,0
20,20,13125.0,0,0
21,21,13125.0,0,0
22,22,13125.0,0,0
23,23,13125.0,0,0
24,24,13125.0,0,0
25,25,13125.0,0,0
26,26,13125.0,0,0
27,27,13125.0,0,0
28,28,13125.0,0,0
29,29,13125.0,0,0
30,30,13125.0,0,0
31,31,13125.0,0,0
32,32,13125.0,0,0
33,33,13125.0,0,0
34,34,13125.0,0,0
35,35,13125.0,0,0
36,36,13125.0,0,0
37,37,13125.0,0,0
38,38,13125.0,0,0
39,39,13125.0,0,0
40,40,13125.0,0,0
41,41,13125.0,0,0
42,42,13125.0,0,0
43,43,13125.0,0,0
44,44,13125.0,0,0
45,45,13125.0,0,0
46,46,13125.0,0,0
47,47,13125.0,0,0
48,48,13125.0,0,0
49,49,13125.0,0,0
50,50,13125.0,0,0
51,51,13125.0,0,0
52,52,13125.0,0,0
53,53,13125.0,0,0
54,54,13125.0,0,0
55,55,13125.0,0,0
56,56,13125.0,0,0
57,57,13125.0,0,0
58,58,13125.0,0,0
59,59,13125.0,0,0
60,60,13125.0,0,0
61,61,13125.0,0,0
62,62,13125.0,0,0
63,63,13125.0,0,0
64,64,13125.0,0,0
65,65,13125.0,0,0
66,66,13125.0,0,0
67,67,13125.0,0,0
68,68,13125.0,0,0
69,69,13124.0,1,0
70,70,13124.0,1,0
71,71,13123.0,2,0
72,72,13123.0,2,0
73,73,13123.0,2,0
74,74,13122.0,2,1
75,75,13122.0,2,1
76,76,13122.0,2,1
77,77,13122.0,2,1
78,78,13122.0,2,1
79,79,13122.0,2,1
80,80,13121.0,3,1
81,81,13121.0,3,1
82,82,13121.0,3,1
83,83,13120.0,4,1
84,84,13120.0,4,1
85,85,13120.0,4,1
86,86,13120.0,4,1
87,87,13120.0,4,1
88,88,13120.0,4,1
89,89,13120.0,4,1
90,90,13120.0,4,1
91,91,13120.0,4,1
92,92,13120.0,4,1
93,93,13120.0,4,1
94,94,13120.0,4,1
95,95,13120.0,4,1
96,96,13120.0,4,1
97,97,13120.0,4,1
98,98,13120.0,4,1
99,99,13120.0,4,1
100,100,13120.0,4,1
101,101,13120.0,4,1
102,102,13120.0,4,1
103,103,13119.0,5,1
104,104,13119.0,5,1
105,105,13119.0,5,1
106,106,13119.0,5,1
107,107,13119.0,5,1
108,108,13119.0,5,1
109,109,13119.0,5,1
110,110,13119.0,5,1
111,111,13119.0,5,1
112,112,13119.0,5,1
113,113,13119.0,5,1
114,114,13119.0,5,1
115,115,13119.0,5,1
116,116,13119.0,5,1
117,117,13119.0,5,1
118,118,13119.0,5,1
119,119,13119.0,5,1
120,120,13119.0,5,1
121,121,13119.0,5,1
122,122,13119.0,5,1
123,123,13119.0,5,1
124,124,13119.0,5,1
125,125,13119.0,5,1
126,126,13119.0,5,1
127,127,13119.0,5,1
128,128,13119.0,5,1
