,Days,S,I,D
0,0,20184.0,0,0
1,1,20184.0,0,0
2,2,20184.0,0,0
3,3,20184.0,0,0
4,4,20184.0,0,0
5,5,20184.0,0,0
6,6,20184.0,0,0
7,7,20184.0,0,0
8,8,20184.0,0,0
9,9,20184.0,0,0
10,10,20184.0,0,0
11,11,20184.0,0,0
12,12,20184.0,0,0
13,13,20184.0,0,0
14,14,20184.0,0,0
15,15,20184.0,0,0
16,16,20184.0,0,0
17,17,20184.0,0,0
18,18,20184.0,0,0
19,19,20184.0,0,0
20,20,20184.0,0,0
21,21,20184.0,0,0
22,22,20184.0,0,0
23,23,20184.0,0,0
24,24,20184.0,0,0
25,25,20184.0,0,0
26,26,20184.0,0,0
27,27,20184.0,0,0
28,28,20184.0,0,0
29,29,20184.0,0,0
30,30,20184.0,0,0
31,31,20184.0,0,0
32,32,20184.0,0,0
33,33,20184.0,0,0
34,34,20184.0,0,0
35,35,20184.0,0,0
36,36,20184.0,0,0
37,37,20184.0,0,0
38,38,20184.0,0,0
39,39,20184.0,0,0
40,40,20184.0,0,0
41,41,20184.0,0,0
42,42,20184.0,0,0
43,43,20184.0,0,0
44,44,20184.0,0,0
45,45,20184.0,0,0
46,46,20184.0,0,0
47,47,20184.0,0,0
48,48,20184.0,0,0
49,49,20184.0,0,0
50,50,20184.0,0,0
51,51,20184.0,0,0
52,52,20184.0,0,0
53,53,20182.0,1,1
54,54,20182.0,1,1
55,55,20182.0,1,1
56,56,20181.0,2,1
57,57,20181.0,2,1
58,58,20181.0,2,1
59,59,20182.0,1,1
60,60,20182.0,1,1
61,61,20182.0,1,1
62,62,20182.0,1,1
63,63,20182.0,1,1
64,64,20182.0,1,1
65,65,20182.0,1,1
66,66,20182.0,1,1
67,67,20182.0,1,1
68,68,20182.0,1,1
69,69,20182.0,1,1
70,70,20182.0,1,1
71,71,20182.0,1,1
72,72,20182.0,1,1
73,73,20182.0,1,1
74,74,20182.0,1,1
75,75,20182.0,1,1
76,76,20182.0,1,1
77,77,20182.0,1,1
78,78,20182.0,1,1
79,79,20182.0,1,1
80,80,20179.0,4,1
81,81,20179.0,4,1
82,82,20179.0,4,1
83,83,20179.0,4,1
84,84,20179.0,4,1
85,85,20178.0,5,1
86,86,20178.0,5,1
87,87,20177.0,6,1
88,88,20177.0,6,1
89,89,20177.0,6,1
90,90,20177.0,6,1
91,91,20177.0,6,1
92,92,20177.0,6,1
93,93,20176.0,7,1
94,94,20176.0,7,1
95,95,20176.0,7,1
96,96,20176.0,7,1
97,97,20176.0,7,1
98,98,20176.0,7,1
99,99,20175.0,8,1
100,100,20175.0,8,1
101,101,20175.0,8,1
102,102,20175.0,8,1
103,103,20175.0,8,1
104,104,20175.0,8,1
105,105,20175.0,8,1
106,106,20175.0,8,1
107,107,20175.0,8,1
108,108,20175.0,8,1
109,109,20175.0,8,1
110,110,20175.0,8,1
111,111,20175.0,8,1
112,112,20175.0,8,1
113,113,20175.0,8,1
114,114,20175.0,8,1
115,115,20175.0,8,1
116,116,20175.0,8,1
117,117,20175.0,8,1
118,118,20175.0,8,1
119,119,20175.0,8,1
120,120,20174.0,9,1
121,121,20174.0,9,1
122,122,20174.0,9,1
123,123,20174.0,9,1
124,124,20174.0,9,1
125,125,20174.0,9,1
126,126,20173.0,10,1
127,127,20173.0,10,1
128,128,20173.0,10,1
