,Days,S,I,D
0,0,14523.0,0,0
1,1,14523.0,0,0
2,2,14523.0,0,0
3,3,14523.0,0,0
4,4,14523.0,0,0
5,5,14523.0,0,0
6,6,14523.0,0,0
7,7,14523.0,0,0
8,8,14523.0,0,0
9,9,14523.0,0,0
10,10,14523.0,0,0
11,11,14523.0,0,0
12,12,14523.0,0,0
13,13,14523.0,0,0
14,14,14523.0,0,0
15,15,14523.0,0,0
16,16,14523.0,0,0
17,17,14523.0,0,0
18,18,14523.0,0,0
19,19,14523.0,0,0
20,20,14523.0,0,0
21,21,14523.0,0,0
22,22,14523.0,0,0
23,23,14523.0,0,0
24,24,14523.0,0,0
25,25,14523.0,0,0
26,26,14523.0,0,0
27,27,14523.0,0,0
28,28,14523.0,0,0
29,29,14523.0,0,0
30,30,14523.0,0,0
31,31,14523.0,0,0
32,32,14523.0,0,0
33,33,14523.0,0,0
34,34,14523.0,0,0
35,35,14523.0,0,0
36,36,14523.0,0,0
37,37,14523.0,0,0
38,38,14523.0,0,0
39,39,14523.0,0,0
40,40,14523.0,0,0
41,41,14523.0,0,0
42,42,14523.0,0,0
43,43,14523.0,0,0
44,44,14523.0,0,0
45,45,14523.0,0,0
46,46,14523.0,0,0
47,47,14523.0,0,0
48,48,14523.0,0,0
49,49,14523.0,0,0
50,50,14523.0,0,0
51,51,14523.0,0,0
52,52,14523.0,0,0
53,53,14523.0,0,0
54,54,14523.0,0,0
55,55,14523.0,0,0
56,56,14523.0,0,0
57,57,14523.0,0,0
58,58,14523.0,0,0
59,59,14523.0,0,0
60,60,14523.0,0,0
61,61,14523.0,0,0
62,62,14523.0,0,0
63,63,14523.0,0,0
64,64,14523.0,0,0
65,65,14523.0,0,0
66,66,14523.0,0,0
67,67,14523.0,0,0
68,68,14523.0,0,0
69,69,14523.0,0,0
70,70,14523.0,0,0
71,71,14523.0,0,0
72,72,14523.0,0,0
73,73,14523.0,0,0
74,74,14522.0,1,0
75,75,14522.0,1,0
76,76,14522.0,1,0
77,77,14522.0,1,0
78,78,14522.0,1,0
79,79,14522.0,1,0
80,80,14522.0,1,0
81,81,14522.0,1,0
82,82,14522.0,1,0
83,83,14521.0,2,0
84,84,14521.0,2,0
85,85,14521.0,2,0
86,86,14521.0,2,0
87,87,14521.0,2,0
88,88,14521.0,2,0
89,89,14521.0,2,0
90,90,14521.0,2,0
91,91,14521.0,2,0
92,92,14521.0,2,0
93,93,14521.0,2,0
94,94,14520.0,3,0
95,95,14520.0,3,0
96,96,14520.0,3,0
97,97,14520.0,3,0
98,98,14518.0,5,0
99,99,14518.0,5,0
100,100,14518.0,5,0
101,101,14517.0,6,0
102,102,14517.0,6,0
103,103,14517.0,6,0
104,104,14516.0,7,0
105,105,14516.0,7,0
106,106,14516.0,7,0
107,107,14516.0,7,0
108,108,14515.0,8,0
109,109,14515.0,8,0
110,110,14515.0,8,0
111,111,14515.0,8,0
112,112,14515.0,8,0
113,113,14512.0,11,0
114,114,14512.0,11,0
115,115,14512.0,11,0
116,116,14512.0,11,0
117,117,14511.0,11,1
118,118,14510.0,12,1
119,119,14509.0,13,1
120,120,14508.0,14,1
121,121,14508.0,14,1
122,122,14508.0,14,1
123,123,14508.0,14,1
124,124,14508.0,14,1
125,125,14507.0,15,1
126,126,14507.0,15,1
127,127,14507.0,15,1
128,128,14507.0,15,1
