,Days,S,I,D
0,0,45815.0,0,0
1,1,45815.0,0,0
2,2,45815.0,0,0
3,3,45815.0,0,0
4,4,45815.0,0,0
5,5,45815.0,0,0
6,6,45815.0,0,0
7,7,45815.0,0,0
8,8,45815.0,0,0
9,9,45815.0,0,0
10,10,45815.0,0,0
11,11,45815.0,0,0
12,12,45815.0,0,0
13,13,45815.0,0,0
14,14,45815.0,0,0
15,15,45815.0,0,0
16,16,45815.0,0,0
17,17,45815.0,0,0
18,18,45815.0,0,0
19,19,45815.0,0,0
20,20,45815.0,0,0
21,21,45815.0,0,0
22,22,45815.0,0,0
23,23,45815.0,0,0
24,24,45815.0,0,0
25,25,45815.0,0,0
26,26,45815.0,0,0
27,27,45815.0,0,0
28,28,45815.0,0,0
29,29,45815.0,0,0
30,30,45815.0,0,0
31,31,45815.0,0,0
32,32,45815.0,0,0
33,33,45815.0,0,0
34,34,45815.0,0,0
35,35,45815.0,0,0
36,36,45815.0,0,0
37,37,45815.0,0,0
38,38,45815.0,0,0
39,39,45815.0,0,0
40,40,45815.0,0,0
41,41,45815.0,0,0
42,42,45815.0,0,0
43,43,45815.0,0,0
44,44,45815.0,0,0
45,45,45815.0,0,0
46,46,45815.0,0,0
47,47,45815.0,0,0
48,48,45815.0,0,0
49,49,45815.0,0,0
50,50,45815.0,0,0
51,51,45815.0,0,0
52,52,45815.0,0,0
53,53,45815.0,0,0
54,54,45815.0,0,0
55,55,45815.0,0,0
56,56,45815.0,0,0
57,57,45815.0,0,0
58,58,45815.0,0,0
59,59,45815.0,0,0
60,60,45814.0,1,0
61,61,45814.0,1,0
62,62,45814.0,1,0
63,63,45814.0,1,0
64,64,45814.0,1,0
65,65,45814.0,1,0
66,66,45810.0,4,1
67,67,45807.0,7,1
68,68,45803.0,11,1
69,69,45802.0,12,1
70,70,45797.0,17,1
71,71,45795.0,19,1
72,72,45794.0,20,1
73,73,45794.0,20,1
74,74,45790.0,24,1
75,75,45790.0,24,1
76,76,45790.0,24,1
77,77,45789.0,25,1
78,78,45788.0,26,1
79,79,45794.0,20,1
80,80,45788.0,26,1
81,81,45788.0,26,1
82,82,45788.0,26,1
83,83,45788.0,26,1
84,84,45786.0,28,1
85,85,45783.0,31,1
86,86,45782.0,32,1
87,87,45782.0,32,1
88,88,45782.0,32,1
89,89,45781.0,33,1
90,90,45779.0,35,1
91,91,45779.0,35,1
92,92,45779.0,35,1
93,93,45779.0,35,1
94,94,45779.0,35,1
95,95,45779.0,35,1
96,96,45779.0,35,1
97,97,45779.0,35,1
98,98,45779.0,35,1
99,99,45779.0,35,1
100,100,45779.0,35,1
101,101,45779.0,35,1
102,102,45779.0,35,1
103,103,45779.0,35,1
104,104,45779.0,35,1
105,105,45779.0,35,1
106,106,45779.0,35,1
107,107,45779.0,35,1
108,108,45779.0,35,1
109,109,45778.0,36,1
110,110,45778.0,36,1
111,111,45778.0,36,1
112,112,45778.0,36,1
113,113,45778.0,36,1
114,114,45778.0,36,1
115,115,45778.0,36,1
116,116,45778.0,36,1
117,117,45778.0,36,1
118,118,45778.0,36,1
119,119,45778.0,36,1
120,120,45778.0,36,1
121,121,45778.0,36,1
122,122,45778.0,36,1
123,123,45777.0,37,1
124,124,45777.0,37,1
125,125,45777.0,37,1
126,126,45777.0,37,1
127,127,45777.0,37,1
128,128,45777.0,37,1
