,Days,S,I,D
0,0,119089.0,0,0
1,1,119089.0,0,0
2,2,119089.0,0,0
3,3,119089.0,0,0
4,4,119089.0,0,0
5,5,119089.0,0,0
6,6,119089.0,0,0
7,7,119089.0,0,0
8,8,119089.0,0,0
9,9,119089.0,0,0
10,10,119089.0,0,0
11,11,119089.0,0,0
12,12,119089.0,0,0
13,13,119089.0,0,0
14,14,119089.0,0,0
15,15,119089.0,0,0
16,16,119089.0,0,0
17,17,119089.0,0,0
18,18,119089.0,0,0
19,19,119089.0,0,0
20,20,119089.0,0,0
21,21,119089.0,0,0
22,22,119089.0,0,0
23,23,119089.0,0,0
24,24,119089.0,0,0
25,25,119089.0,0,0
26,26,119089.0,0,0
27,27,119089.0,0,0
28,28,119089.0,0,0
29,29,119089.0,0,0
30,30,119089.0,0,0
31,31,119089.0,0,0
32,32,119089.0,0,0
33,33,119089.0,0,0
34,34,119089.0,0,0
35,35,119089.0,0,0
36,36,119089.0,0,0
37,37,119089.0,0,0
38,38,119089.0,0,0
39,39,119089.0,0,0
40,40,119089.0,0,0
41,41,119089.0,0,0
42,42,119089.0,0,0
43,43,119089.0,0,0
44,44,119089.0,0,0
45,45,119089.0,0,0
46,46,119089.0,0,0
47,47,119089.0,0,0
48,48,119089.0,0,0
49,49,119089.0,0,0
50,50,119089.0,0,0
51,51,119089.0,0,0
52,52,119089.0,0,0
53,53,119089.0,0,0
54,54,119089.0,0,0
55,55,119089.0,0,0
56,56,119089.0,0,0
57,57,119089.0,0,0
58,58,119089.0,0,0
59,59,119089.0,0,0
60,60,119089.0,0,0
61,61,119089.0,0,0
62,62,119087.0,2,0
63,63,119084.0,5,0
64,64,119080.0,9,0
65,65,119076.0,13,0
66,66,119074.0,15,0
67,67,119072.0,17,0
68,68,119070.0,19,0
69,69,119070.0,19,0
70,70,119070.0,19,0
71,71,119067.0,22,0
72,72,119065.0,24,0
73,73,119065.0,24,0
74,74,119062.0,27,0
75,75,119059.0,30,0
76,76,119058.0,31,0
77,77,119055.0,34,0
78,78,119053.0,36,0
79,79,119053.0,36,0
80,80,119052.0,37,0
81,81,119050.0,39,0
82,82,119048.0,41,0
83,83,119048.0,41,0
84,84,119045.0,44,0
85,85,119045.0,44,0
86,86,119044.0,45,0
87,87,119044.0,45,0
88,88,119042.0,47,0
89,89,119041.0,48,0
90,90,119039.0,50,0
91,91,119039.0,50,0
92,92,119039.0,50,0
93,93,119034.0,55,0
94,94,119032.0,57,0
95,95,119025.0,64,0
96,96,119024.0,65,0
97,97,119022.0,67,0
98,98,119022.0,67,0
99,99,119021.0,68,0
100,100,119018.0,71,0
101,101,119016.0,73,0
102,102,119015.0,74,0
103,103,119013.0,76,0
104,104,119011.0,78,0
105,105,119008.0,81,0
106,106,119005.0,84,0
107,107,119002.0,87,0
108,108,118997.0,92,0
109,109,118996.0,93,0
110,110,118994.0,95,0
111,111,118990.0,98,1
112,112,118989.0,99,1
113,113,118984.0,104,1
114,114,118979.0,109,1
115,115,118978.0,110,1
116,116,118977.0,111,1
117,117,118972.0,116,1
118,118,118969.0,119,1
119,119,118956.0,132,1
120,120,118946.0,142,1
121,121,118944.0,144,1
122,122,118931.0,157,1
123,123,118926.0,162,1
124,124,118906.0,182,1
125,125,118884.0,204,1
126,126,118877.0,211,1
127,127,118857.0,231,1
128,128,118844.0,244,1
