,Days,S,I,D
0,0,5676.0,0,0
1,1,5676.0,0,0
2,2,5676.0,0,0
3,3,5676.0,0,0
4,4,5676.0,0,0
5,5,5676.0,0,0
6,6,5676.0,0,0
7,7,5676.0,0,0
8,8,5676.0,0,0
9,9,5676.0,0,0
10,10,5676.0,0,0
11,11,5676.0,0,0
12,12,5676.0,0,0
13,13,5676.0,0,0
14,14,5676.0,0,0
15,15,5676.0,0,0
16,16,5676.0,0,0
17,17,5676.0,0,0
18,18,5676.0,0,0
19,19,5676.0,0,0
20,20,5676.0,0,0
21,21,5676.0,0,0
22,22,5676.0,0,0
23,23,5676.0,0,0
24,24,5676.0,0,0
25,25,5676.0,0,0
26,26,5676.0,0,0
27,27,5676.0,0,0
28,28,5676.0,0,0
29,29,5676.0,0,0
30,30,5676.0,0,0
31,31,5676.0,0,0
32,32,5676.0,0,0
33,33,5676.0,0,0
34,34,5676.0,0,0
35,35,5676.0,0,0
36,36,5676.0,0,0
37,37,5676.0,0,0
38,38,5676.0,0,0
39,39,5676.0,0,0
40,40,5676.0,0,0
41,41,5676.0,0,0
42,42,5676.0,0,0
43,43,5676.0,0,0
44,44,5676.0,0,0
45,45,5676.0,0,0
46,46,5676.0,0,0
47,47,5676.0,0,0
48,48,5676.0,0,0
49,49,5676.0,0,0
50,50,5676.0,0,0
51,51,5676.0,0,0
52,52,5676.0,0,0
53,53,5676.0,0,0
54,54,5676.0,0,0
55,55,5676.0,0,0
56,56,5676.0,0,0
57,57,5676.0,0,0
58,58,5676.0,0,0
59,59,5676.0,0,0
60,60,5676.0,0,0
61,61,5676.0,0,0
62,62,5676.0,0,0
63,63,5676.0,0,0
64,64,5676.0,0,0
65,65,5674.0,1,1
66,66,5674.0,1,1
67,67,5674.0,1,1
68,68,5674.0,1,1
69,69,5674.0,1,1
70,70,5674.0,1,1
71,71,5674.0,1,1
72,72,5674.0,1,1
73,73,5674.0,1,1
74,74,5674.0,1,1
75,75,5674.0,1,1
76,76,5674.0,1,1
77,77,5674.0,1,1
78,78,5674.0,1,1
79,79,5674.0,1,1
80,80,5673.0,2,1
81,81,5673.0,2,1
82,82,5673.0,2,1
83,83,5673.0,2,1
84,84,5673.0,2,1
85,85,5673.0,2,1
86,86,5673.0,2,1
87,87,5673.0,2,1
88,88,5673.0,2,1
89,89,5673.0,2,1
90,90,5673.0,2,1
91,91,5673.0,2,1
92,92,5673.0,2,1
93,93,5673.0,2,1
94,94,5673.0,2,1
95,95,5673.0,2,1
96,96,5673.0,2,1
97,97,5673.0,2,1
98,98,5673.0,2,1
99,99,5673.0,2,1
100,100,5673.0,2,1
101,101,5673.0,2,1
102,102,5673.0,2,1
103,103,5673.0,2,1
104,104,5673.0,2,1
105,105,5673.0,2,1
106,106,5673.0,2,1
107,107,5673.0,2,1
108,108,5673.0,2,1
109,109,5673.0,2,1
110,110,5673.0,2,1
111,111,5673.0,2,1
112,112,5673.0,2,1
113,113,5673.0,2,1
114,114,5673.0,2,1
115,115,5673.0,2,1
116,116,5673.0,2,1
117,117,5673.0,2,1
118,118,5673.0,2,1
119,119,5673.0,2,1
120,120,5673.0,2,1
121,121,5673.0,2,1
122,122,5673.0,2,1
123,123,5673.0,2,1
124,124,5673.0,2,1
125,125,5673.0,2,1
126,126,5673.0,2,1
127,127,5673.0,2,1
128,128,5673.0,2,1
