,Days,S,I,D
0,0,40968.0,0,0
1,1,40968.0,0,0
2,2,40968.0,0,0
3,3,40968.0,0,0
4,4,40968.0,0,0
5,5,40968.0,0,0
6,6,40968.0,0,0
7,7,40968.0,0,0
8,8,40968.0,0,0
9,9,40968.0,0,0
10,10,40968.0,0,0
11,11,40968.0,0,0
12,12,40968.0,0,0
13,13,40968.0,0,0
14,14,40968.0,0,0
15,15,40968.0,0,0
16,16,40968.0,0,0
17,17,40968.0,0,0
18,18,40968.0,0,0
19,19,40968.0,0,0
20,20,40968.0,0,0
21,21,40968.0,0,0
22,22,40968.0,0,0
23,23,40968.0,0,0
24,24,40968.0,0,0
25,25,40968.0,0,0
26,26,40968.0,0,0
27,27,40968.0,0,0
28,28,40968.0,0,0
29,29,40968.0,0,0
30,30,40968.0,0,0
31,31,40968.0,0,0
32,32,40968.0,0,0
33,33,40968.0,0,0
34,34,40968.0,0,0
35,35,40968.0,0,0
36,36,40968.0,0,0
37,37,40968.0,0,0
38,38,40968.0,0,0
39,39,40968.0,0,0
40,40,40968.0,0,0
41,41,40968.0,0,0
42,42,40968.0,0,0
43,43,40968.0,0,0
44,44,40968.0,0,0
45,45,40968.0,0,0
46,46,40968.0,0,0
47,47,40968.0,0,0
48,48,40968.0,0,0
49,49,40968.0,0,0
50,50,40968.0,0,0
51,51,40968.0,0,0
52,52,40968.0,0,0
53,53,40968.0,0,0
54,54,40968.0,0,0
55,55,40968.0,0,0
56,56,40968.0,0,0
57,57,40968.0,0,0
58,58,40968.0,0,0
59,59,40968.0,0,0
60,60,40968.0,0,0
61,61,40968.0,0,0
62,62,40968.0,0,0
63,63,40968.0,0,0
64,64,40968.0,0,0
65,65,40968.0,0,0
66,66,40968.0,0,0
67,67,40967.0,1,0
68,68,40967.0,1,0
69,69,40967.0,1,0
70,70,40967.0,1,0
71,71,40967.0,1,0
72,72,40967.0,1,0
73,73,40967.0,1,0
74,74,40967.0,1,0
75,75,40967.0,1,0
76,76,40967.0,1,0
77,77,40967.0,1,0
78,78,40967.0,1,0
79,79,40967.0,1,0
80,80,40966.0,2,0
81,81,40966.0,2,0
82,82,40965.0,3,0
83,83,40964.0,4,0
84,84,40964.0,4,0
85,85,40964.0,4,0
86,86,40964.0,4,0
87,87,40964.0,4,0
88,88,40964.0,4,0
89,89,40964.0,4,0
90,90,40963.0,5,0
91,91,40963.0,5,0
92,92,40963.0,5,0
93,93,40963.0,5,0
94,94,40963.0,5,0
95,95,40963.0,5,0
96,96,40963.0,5,0
97,97,40963.0,5,0
98,98,40962.0,6,0
99,99,40962.0,6,0
100,100,40962.0,6,0
101,101,40962.0,6,0
102,102,40962.0,6,0
103,103,40962.0,6,0
104,104,40962.0,6,0
105,105,40962.0,6,0
106,106,40961.0,6,1
107,107,40961.0,6,1
108,108,40961.0,6,1
109,109,40961.0,6,1
110,110,40961.0,6,1
111,111,40959.0,8,1
112,112,40959.0,8,1
113,113,40959.0,8,1
114,114,40957.0,10,1
115,115,40957.0,10,1
116,116,40956.0,11,1
117,117,40956.0,11,1
118,118,40956.0,11,1
119,119,40956.0,11,1
120,120,40956.0,11,1
121,121,40956.0,11,1
122,122,40956.0,11,1
123,123,40956.0,11,1
124,124,40955.0,12,1
125,125,40955.0,12,1
126,126,40955.0,12,1
127,127,40955.0,12,1
128,128,40955.0,12,1
