,Days,S,I,D
0,0,76796.0,0,0
1,1,76796.0,0,0
2,2,76796.0,0,0
3,3,76796.0,0,0
4,4,76796.0,0,0
5,5,76796.0,0,0
6,6,76796.0,0,0
7,7,76796.0,0,0
8,8,76796.0,0,0
9,9,76796.0,0,0
10,10,76796.0,0,0
11,11,76796.0,0,0
12,12,76796.0,0,0
13,13,76796.0,0,0
14,14,76796.0,0,0
15,15,76796.0,0,0
16,16,76796.0,0,0
17,17,76796.0,0,0
18,18,76796.0,0,0
19,19,76796.0,0,0
20,20,76796.0,0,0
21,21,76796.0,0,0
22,22,76796.0,0,0
23,23,76796.0,0,0
24,24,76796.0,0,0
25,25,76796.0,0,0
26,26,76796.0,0,0
27,27,76796.0,0,0
28,28,76796.0,0,0
29,29,76796.0,0,0
30,30,76796.0,0,0
31,31,76796.0,0,0
32,32,76796.0,0,0
33,33,76796.0,0,0
34,34,76796.0,0,0
35,35,76796.0,0,0
36,36,76796.0,0,0
37,37,76796.0,0,0
38,38,76796.0,0,0
39,39,76796.0,0,0
40,40,76796.0,0,0
41,41,76796.0,0,0
42,42,76796.0,0,0
43,43,76796.0,0,0
44,44,76796.0,0,0
45,45,76796.0,0,0
46,46,76796.0,0,0
47,47,76796.0,0,0
48,48,76796.0,0,0
49,49,76796.0,0,0
50,50,76796.0,0,0
51,51,76796.0,0,0
52,52,76796.0,0,0
53,53,76796.0,0,0
54,54,76796.0,0,0
55,55,76796.0,0,0
56,56,76795.0,1,0
57,57,76794.0,2,0
58,58,76793.0,3,0
59,59,76793.0,3,0
60,60,76792.0,4,0
61,61,76791.0,5,0
62,62,76791.0,5,0
63,63,76790.0,6,0
64,64,76788.0,8,0
65,65,76786.0,10,0
66,66,76779.0,17,0
67,67,76779.0,17,0
68,68,76773.0,23,0
69,69,76773.0,23,0
70,70,76772.0,24,0
71,71,76771.0,25,0
72,72,76770.0,26,0
73,73,76768.0,28,0
74,74,76766.0,30,0
75,75,76766.0,30,0
76,76,76763.0,32,1
77,77,76760.0,35,1
78,78,76760.0,35,1
79,79,76760.0,35,1
80,80,76759.0,36,1
81,81,76759.0,36,1
82,82,76758.0,37,1
83,83,76757.0,38,1
84,84,76754.0,41,1
85,85,76754.0,41,1
86,86,76753.0,42,1
87,87,76751.0,44,1
88,88,76750.0,45,1
89,89,76750.0,45,1
90,90,76750.0,45,1
91,91,76750.0,45,1
92,92,76748.0,47,1
93,93,76746.0,49,1
94,94,76745.0,50,1
95,95,76745.0,50,1
96,96,76745.0,50,1
97,97,76745.0,50,1
98,98,76745.0,50,1
99,99,76744.0,51,1
100,100,76744.0,51,1
101,101,76743.0,52,1
102,102,76743.0,52,1
103,103,76743.0,52,1
104,104,76743.0,52,1
105,105,76742.0,53,1
106,106,76741.0,54,1
107,107,76741.0,54,1
108,108,76741.0,54,1
109,109,76740.0,55,1
110,110,76740.0,55,1
111,111,76740.0,55,1
112,112,76740.0,55,1
113,113,76740.0,55,1
114,114,76740.0,55,1
115,115,76740.0,55,1
116,116,76740.0,55,1
117,117,76740.0,55,1
118,118,76740.0,55,1
119,119,76740.0,55,1
120,120,76740.0,55,1
121,121,76737.0,58,1
122,122,76736.0,59,1
123,123,76736.0,59,1
124,124,76735.0,60,1
125,125,76735.0,60,1
126,126,76735.0,60,1
127,127,76735.0,60,1
128,128,76735.0,60,1
