,Days,S,I,D
0,0,26139.0,0,0
1,1,26139.0,0,0
2,2,26139.0,0,0
3,3,26139.0,0,0
4,4,26139.0,0,0
5,5,26139.0,0,0
6,6,26139.0,0,0
7,7,26139.0,0,0
8,8,26139.0,0,0
9,9,26139.0,0,0
10,10,26139.0,0,0
11,11,26139.0,0,0
12,12,26139.0,0,0
13,13,26139.0,0,0
14,14,26139.0,0,0
15,15,26139.0,0,0
16,16,26139.0,0,0
17,17,26139.0,0,0
18,18,26139.0,0,0
19,19,26139.0,0,0
20,20,26139.0,0,0
21,21,26139.0,0,0
22,22,26139.0,0,0
23,23,26139.0,0,0
24,24,26139.0,0,0
25,25,26139.0,0,0
26,26,26139.0,0,0
27,27,26139.0,0,0
28,28,26139.0,0,0
29,29,26139.0,0,0
30,30,26139.0,0,0
31,31,26139.0,0,0
32,32,26139.0,0,0
33,33,26139.0,0,0
34,34,26139.0,0,0
35,35,26139.0,0,0
36,36,26139.0,0,0
37,37,26139.0,0,0
38,38,26139.0,0,0
39,39,26139.0,0,0
40,40,26139.0,0,0
41,41,26139.0,0,0
42,42,26139.0,0,0
43,43,26139.0,0,0
44,44,26139.0,0,0
45,45,26139.0,0,0
46,46,26139.0,0,0
47,47,26139.0,0,0
48,48,26139.0,0,0
49,49,26139.0,0,0
50,50,26139.0,0,0
51,51,26139.0,0,0
52,52,26139.0,0,0
53,53,26139.0,0,0
54,54,26139.0,0,0
55,55,26139.0,0,0
56,56,26139.0,0,0
57,57,26139.0,0,0
58,58,26139.0,0,0
59,59,26139.0,0,0
60,60,26139.0,0,0
61,61,26139.0,0,0
62,62,26139.0,0,0
63,63,26139.0,0,0
64,64,26139.0,0,0
65,65,26139.0,0,0
66,66,26139.0,0,0
67,67,26139.0,0,0
68,68,26139.0,0,0
69,69,26139.0,0,0
70,70,26139.0,0,0
71,71,26139.0,0,0
72,72,26139.0,0,0
73,73,26139.0,0,0
74,74,26139.0,0,0
75,75,26139.0,0,0
76,76,26139.0,0,0
77,77,26139.0,0,0
78,78,26139.0,0,0
79,79,26139.0,0,0
80,80,26139.0,0,0
81,81,26139.0,0,0
82,82,26139.0,0,0
83,83,26139.0,0,0
84,84,26139.0,0,0
85,85,26138.0,1,0
86,86,26138.0,1,0
87,87,26138.0,1,0
88,88,26137.0,1,1
89,89,26137.0,1,1
90,90,26137.0,1,1
91,91,26137.0,1,1
92,92,26137.0,1,1
93,93,26137.0,1,1
94,94,26137.0,1,1
95,95,26137.0,1,1
96,96,26137.0,1,1
97,97,26136.0,2,1
98,98,26136.0,2,1
99,99,26136.0,2,1
100,100,26136.0,2,1
101,101,26136.0,2,1
102,102,26136.0,2,1
103,103,26135.0,3,1
104,104,26134.0,4,1
105,105,26133.0,5,1
106,106,26132.0,6,1
107,107,26132.0,6,1
108,108,26131.0,7,1
109,109,26131.0,7,1
110,110,26131.0,7,1
111,111,26131.0,7,1
112,112,26131.0,7,1
113,113,26131.0,7,1
114,114,26130.0,8,1
115,115,26129.0,9,1
116,116,26128.0,10,1
117,117,26126.0,12,1
118,118,26125.0,13,1
119,119,26124.0,14,1
120,120,26124.0,14,1
121,121,26123.0,15,1
122,122,26123.0,15,1
123,123,26122.0,16,1
124,124,26121.0,17,1
125,125,26121.0,17,1
126,126,26121.0,17,1
127,127,26119.0,19,1
128,128,26119.0,19,1
