,Days,S,I,D
0,0,2611.0,0,0
1,1,2611.0,0,0
2,2,2611.0,0,0
3,3,2611.0,0,0
4,4,2611.0,0,0
5,5,2611.0,0,0
6,6,2611.0,0,0
7,7,2611.0,0,0
8,8,2611.0,0,0
9,9,2611.0,0,0
10,10,2611.0,0,0
11,11,2611.0,0,0
12,12,2611.0,0,0
13,13,2611.0,0,0
14,14,2611.0,0,0
15,15,2611.0,0,0
16,16,2611.0,0,0
17,17,2611.0,0,0
18,18,2611.0,0,0
19,19,2611.0,0,0
20,20,2611.0,0,0
21,21,2611.0,0,0
22,22,2611.0,0,0
23,23,2611.0,0,0
24,24,2611.0,0,0
25,25,2611.0,0,0
26,26,2611.0,0,0
27,27,2611.0,0,0
28,28,2611.0,0,0
29,29,2611.0,0,0
30,30,2611.0,0,0
31,31,2611.0,0,0
32,32,2611.0,0,0
33,33,2611.0,0,0
34,34,2611.0,0,0
35,35,2611.0,0,0
36,36,2611.0,0,0
37,37,2611.0,0,0
38,38,2611.0,0,0
39,39,2611.0,0,0
40,40,2611.0,0,0
41,41,2611.0,0,0
42,42,2611.0,0,0
43,43,2611.0,0,0
44,44,2611.0,0,0
45,45,2611.0,0,0
46,46,2611.0,0,0
47,47,2611.0,0,0
48,48,2611.0,0,0
49,49,2611.0,0,0
50,50,2611.0,0,0
51,51,2611.0,0,0
52,52,2611.0,0,0
53,53,2611.0,0,0
54,54,2611.0,0,0
55,55,2611.0,0,0
56,56,2611.0,0,0
57,57,2611.0,0,0
58,58,2611.0,0,0
59,59,2611.0,0,0
60,60,2611.0,0,0
61,61,2611.0,0,0
62,62,2611.0,0,0
63,63,2611.0,0,0
64,64,2611.0,0,0
65,65,2611.0,0,0
66,66,2611.0,0,0
67,67,2611.0,0,0
68,68,2611.0,0,0
69,69,2610.0,1,0
70,70,2610.0,1,0
71,71,2610.0,1,0
72,72,2610.0,1,0
73,73,2610.0,1,0
74,74,2609.0,2,0
75,75,2607.0,4,0
76,76,2607.0,4,0
77,77,2608.0,3,0
78,78,2608.0,3,0
79,79,2608.0,3,0
80,80,2608.0,3,0
81,81,2608.0,3,0
82,82,2608.0,3,0
83,83,2608.0,3,0
84,84,2608.0,3,0
85,85,2607.0,4,0
86,86,2606.0,5,0
87,87,2606.0,5,0
88,88,2606.0,5,0
89,89,2605.0,6,0
90,90,2604.0,7,0
91,91,2604.0,7,0
92,92,2604.0,7,0
93,93,2604.0,7,0
94,94,2604.0,7,0
95,95,2602.0,8,1
96,96,2600.0,10,1
97,97,2600.0,10,1
98,98,2600.0,10,1
99,99,2600.0,10,1
100,100,2600.0,10,1
101,101,2600.0,10,1
102,102,2600.0,10,1
103,103,2600.0,10,1
104,104,2600.0,10,1
105,105,2600.0,10,1
106,106,2600.0,10,1
107,107,2600.0,10,1
108,108,2600.0,10,1
109,109,2600.0,10,1
110,110,2599.0,11,1
111,111,2599.0,11,1
112,112,2599.0,11,1
113,113,2599.0,11,1
114,114,2599.0,11,1
115,115,2599.0,11,1
116,116,2599.0,11,1
117,117,2599.0,11,1
118,118,2599.0,11,1
119,119,2599.0,11,1
120,120,2599.0,11,1
121,121,2599.0,11,1
122,122,2599.0,11,1
123,123,2599.0,11,1
124,124,2599.0,11,1
125,125,2599.0,11,1
126,126,2599.0,11,1
127,127,2599.0,11,1
128,128,2598.0,12,1
