,Days,S,I,D
0,0,20544.0,0,0
1,1,20544.0,0,0
2,2,20544.0,0,0
3,3,20544.0,0,0
4,4,20544.0,0,0
5,5,20544.0,0,0
6,6,20544.0,0,0
7,7,20544.0,0,0
8,8,20544.0,0,0
9,9,20544.0,0,0
10,10,20544.0,0,0
11,11,20544.0,0,0
12,12,20544.0,0,0
13,13,20544.0,0,0
14,14,20544.0,0,0
15,15,20544.0,0,0
16,16,20544.0,0,0
17,17,20544.0,0,0
18,18,20544.0,0,0
19,19,20544.0,0,0
20,20,20544.0,0,0
21,21,20544.0,0,0
22,22,20544.0,0,0
23,23,20544.0,0,0
24,24,20544.0,0,0
25,25,20544.0,0,0
26,26,20544.0,0,0
27,27,20544.0,0,0
28,28,20544.0,0,0
29,29,20544.0,0,0
30,30,20544.0,0,0
31,31,20544.0,0,0
32,32,20544.0,0,0
33,33,20544.0,0,0
34,34,20544.0,0,0
35,35,20544.0,0,0
36,36,20544.0,0,0
37,37,20544.0,0,0
38,38,20544.0,0,0
39,39,20544.0,0,0
40,40,20544.0,0,0
41,41,20544.0,0,0
42,42,20544.0,0,0
43,43,20544.0,0,0
44,44,20544.0,0,0
45,45,20544.0,0,0
46,46,20544.0,0,0
47,47,20544.0,0,0
48,48,20544.0,0,0
49,49,20544.0,0,0
50,50,20544.0,0,0
51,51,20544.0,0,0
52,52,20544.0,0,0
53,53,20544.0,0,0
54,54,20544.0,0,0
55,55,20544.0,0,0
56,56,20544.0,0,0
57,57,20543.0,1,0
58,58,20543.0,1,0
59,59,20543.0,1,0
60,60,20543.0,1,0
61,61,20543.0,1,0
62,62,20543.0,1,0
63,63,20543.0,1,0
64,64,20543.0,1,0
65,65,20543.0,1,0
66,66,20543.0,1,0
67,67,20543.0,1,0
68,68,20543.0,1,0
69,69,20543.0,1,0
70,70,20543.0,1,0
71,71,20542.0,2,0
72,72,20542.0,2,0
73,73,20540.0,4,0
74,74,20540.0,4,0
75,75,20540.0,4,0
76,76,20539.0,5,0
77,77,20539.0,5,0
78,78,20537.0,7,0
79,79,20538.0,6,0
80,80,20538.0,6,0
81,81,20538.0,6,0
82,82,20537.0,7,0
83,83,20537.0,7,0
84,84,20536.0,8,0
85,85,20535.0,9,0
86,86,20535.0,9,0
87,87,20534.0,10,0
88,88,20532.0,12,0
89,89,20532.0,12,0
90,90,20532.0,12,0
91,91,20526.0,18,0
92,92,20525.0,19,0
93,93,20521.0,23,0
94,94,20516.0,28,0
95,95,20516.0,28,0
96,96,20504.0,40,0
97,97,20503.0,41,0
98,98,20503.0,41,0
99,99,20497.0,47,0
100,100,20492.0,52,0
101,101,20480.0,64,0
102,102,20477.0,67,0
103,103,20476.0,68,0
104,104,20474.0,70,0
105,105,20471.0,73,0
106,106,20462.0,82,0
107,107,20460.0,84,0
108,108,20458.0,86,0
109,109,20457.0,87,0
110,110,20454.0,90,0
111,111,20453.0,91,0
112,112,20452.0,92,0
113,113,20450.0,94,0
114,114,20446.0,98,0
115,115,20429.0,115,0
116,116,20422.0,122,0
117,117,20421.0,123,0
118,118,20421.0,123,0
119,119,20417.0,127,0
120,120,20412.0,132,0
121,121,20412.0,132,0
122,122,20410.0,134,0
123,123,20408.0,136,0
124,124,20408.0,136,0
125,125,20407.0,137,0
126,126,20407.0,137,0
127,127,20405.0,139,0
128,128,20401.0,142,1
