,Days,S,I,D
0,0,1392.0,0,0
1,1,1392.0,0,0
2,2,1392.0,0,0
3,3,1392.0,0,0
4,4,1392.0,0,0
5,5,1392.0,0,0
6,6,1392.0,0,0
7,7,1392.0,0,0
8,8,1392.0,0,0
9,9,1392.0,0,0
10,10,1392.0,0,0
11,11,1392.0,0,0
12,12,1392.0,0,0
13,13,1392.0,0,0
14,14,1392.0,0,0
15,15,1392.0,0,0
16,16,1392.0,0,0
17,17,1392.0,0,0
18,18,1392.0,0,0
19,19,1392.0,0,0
20,20,1392.0,0,0
21,21,1392.0,0,0
22,22,1392.0,0,0
23,23,1392.0,0,0
24,24,1392.0,0,0
25,25,1392.0,0,0
26,26,1392.0,0,0
27,27,1392.0,0,0
28,28,1392.0,0,0
29,29,1392.0,0,0
30,30,1392.0,0,0
31,31,1392.0,0,0
32,32,1392.0,0,0
33,33,1392.0,0,0
34,34,1392.0,0,0
35,35,1392.0,0,0
36,36,1392.0,0,0
37,37,1392.0,0,0
38,38,1392.0,0,0
39,39,1392.0,0,0
40,40,1392.0,0,0
41,41,1392.0,0,0
42,42,1392.0,0,0
43,43,1392.0,0,0
44,44,1392.0,0,0
45,45,1392.0,0,0
46,46,1392.0,0,0
47,47,1392.0,0,0
48,48,1392.0,0,0
49,49,1392.0,0,0
50,50,1392.0,0,0
51,51,1392.0,0,0
52,52,1392.0,0,0
53,53,1392.0,0,0
54,54,1392.0,0,0
55,55,1392.0,0,0
56,56,1392.0,0,0
57,57,1392.0,0,0
58,58,1392.0,0,0
59,59,1392.0,0,0
60,60,1392.0,0,0
61,61,1392.0,0,0
62,62,1392.0,0,0
63,63,1392.0,0,0
64,64,1392.0,0,0
65,65,1392.0,0,0
66,66,1392.0,0,0
67,67,1392.0,0,0
68,68,1392.0,0,0
69,69,1392.0,0,0
70,70,1392.0,0,0
71,71,1392.0,0,0
72,72,1392.0,0,0
73,73,1392.0,0,0
74,74,1392.0,0,0
75,75,1392.0,0,0
76,76,1392.0,0,0
77,77,1392.0,0,0
78,78,1392.0,0,0
79,79,1392.0,0,0
80,80,1392.0,0,0
81,81,1391.0,0,1
82,82,1391.0,0,1
83,83,1391.0,0,1
84,84,1391.0,0,1
85,85,1391.0,0,1
86,86,1391.0,0,1
87,87,1391.0,0,1
88,88,1391.0,0,1
89,89,1391.0,0,1
90,90,1391.0,0,1
91,91,1391.0,0,1
92,92,1391.0,0,1
93,93,1391.0,0,1
94,94,1391.0,0,1
95,95,1391.0,0,1
96,96,1391.0,0,1
97,97,1391.0,0,1
98,98,1391.0,0,1
99,99,1391.0,0,1
100,100,1391.0,0,1
101,101,1391.0,0,1
102,102,1391.0,0,1
103,103,1391.0,0,1
104,104,1391.0,0,1
105,105,1391.0,0,1
106,106,1391.0,0,1
107,107,1391.0,0,1
108,108,1391.0,0,1
109,109,1391.0,0,1
110,110,1391.0,0,1
111,111,1391.0,0,1
112,112,1391.0,0,1
113,113,1391.0,0,1
114,114,1391.0,0,1
115,115,1391.0,0,1
116,116,1391.0,0,1
117,117,1391.0,0,1
118,118,1391.0,0,1
119,119,1391.0,0,1
120,120,1391.0,0,1
121,121,1391.0,0,1
122,122,1391.0,0,1
123,123,1391.0,0,1
124,124,1391.0,0,1
125,125,1391.0,0,1
126,126,1391.0,0,1
127,127,1391.0,0,1
128,128,1391.0,0,1
