,Days,S,I,D
0,0,6272.0,0,0
1,1,6272.0,0,0
2,2,6272.0,0,0
3,3,6272.0,0,0
4,4,6272.0,0,0
5,5,6272.0,0,0
6,6,6272.0,0,0
7,7,6272.0,0,0
8,8,6272.0,0,0
9,9,6272.0,0,0
10,10,6272.0,0,0
11,11,6272.0,0,0
12,12,6272.0,0,0
13,13,6272.0,0,0
14,14,6272.0,0,0
15,15,6272.0,0,0
16,16,6272.0,0,0
17,17,6272.0,0,0
18,18,6272.0,0,0
19,19,6272.0,0,0
20,20,6272.0,0,0
21,21,6272.0,0,0
22,22,6272.0,0,0
23,23,6272.0,0,0
24,24,6272.0,0,0
25,25,6272.0,0,0
26,26,6272.0,0,0
27,27,6272.0,0,0
28,28,6272.0,0,0
29,29,6272.0,0,0
30,30,6272.0,0,0
31,31,6272.0,0,0
32,32,6272.0,0,0
33,33,6272.0,0,0
34,34,6272.0,0,0
35,35,6272.0,0,0
36,36,6272.0,0,0
37,37,6272.0,0,0
38,38,6272.0,0,0
39,39,6272.0,0,0
40,40,6272.0,0,0
41,41,6272.0,0,0
42,42,6272.0,0,0
43,43,6272.0,0,0
44,44,6272.0,0,0
45,45,6272.0,0,0
46,46,6272.0,0,0
47,47,6272.0,0,0
48,48,6272.0,0,0
49,49,6272.0,0,0
50,50,6272.0,0,0
51,51,6272.0,0,0
52,52,6272.0,0,0
53,53,6272.0,0,0
54,54,6272.0,0,0
55,55,6272.0,0,0
56,56,6272.0,0,0
57,57,6272.0,0,0
58,58,6272.0,0,0
59,59,6272.0,0,0
60,60,6272.0,0,0
61,61,6272.0,0,0
62,62,6272.0,0,0
63,63,6272.0,0,0
64,64,6272.0,0,0
65,65,6272.0,0,0
66,66,6272.0,0,0
67,67,6272.0,0,0
68,68,6271.0,1,0
69,69,6271.0,1,0
70,70,6271.0,1,0
71,71,6271.0,1,0
72,72,6269.0,3,0
73,73,6269.0,3,0
74,74,6268.0,4,0
75,75,6267.0,5,0
76,76,6263.0,8,1
77,77,6264.0,7,1
78,78,6263.0,8,1
79,79,6262.0,9,1
80,80,6262.0,9,1
81,81,6262.0,9,1
82,82,6262.0,9,1
83,83,6261.0,10,1
84,84,6258.0,13,1
85,85,6256.0,15,1
86,86,6255.0,16,1
87,87,6255.0,16,1
88,88,6255.0,16,1
89,89,6252.0,19,1
90,90,6251.0,20,1
91,91,6250.0,21,1
92,92,6250.0,21,1
93,93,6250.0,21,1
94,94,6250.0,21,1
95,95,6250.0,21,1
96,96,6250.0,21,1
97,97,6249.0,22,1
98,98,6247.0,24,1
99,99,6247.0,24,1
100,100,6247.0,24,1
101,101,6247.0,24,1
102,102,6247.0,24,1
103,103,6247.0,24,1
104,104,6247.0,24,1
105,105,6247.0,24,1
106,106,6245.0,26,1
107,107,6245.0,26,1
108,108,6244.0,27,1
109,109,6244.0,27,1
110,110,6244.0,27,1
111,111,6244.0,27,1
112,112,6244.0,27,1
113,113,6244.0,27,1
114,114,6243.0,28,1
115,115,6243.0,28,1
116,116,6243.0,28,1
117,117,6241.0,30,1
118,118,6241.0,30,1
119,119,6240.0,31,1
120,120,6239.0,32,1
121,121,6237.0,34,1
122,122,6237.0,34,1
123,123,6236.0,35,1
124,124,6236.0,35,1
125,125,6234.0,37,1
126,126,6233.0,38,1
127,127,6233.0,38,1
128,128,6233.0,38,1
