,Days,S,I,D
0,0,24644.0,0,0
1,1,24644.0,0,0
2,2,24644.0,0,0
3,3,24644.0,0,0
4,4,24644.0,0,0
5,5,24644.0,0,0
6,6,24644.0,0,0
7,7,24644.0,0,0
8,8,24644.0,0,0
9,9,24644.0,0,0
10,10,24644.0,0,0
11,11,24644.0,0,0
12,12,24644.0,0,0
13,13,24644.0,0,0
14,14,24644.0,0,0
15,15,24644.0,0,0
16,16,24644.0,0,0
17,17,24644.0,0,0
18,18,24644.0,0,0
19,19,24644.0,0,0
20,20,24644.0,0,0
21,21,24644.0,0,0
22,22,24644.0,0,0
23,23,24644.0,0,0
24,24,24644.0,0,0
25,25,24644.0,0,0
26,26,24644.0,0,0
27,27,24644.0,0,0
28,28,24644.0,0,0
29,29,24644.0,0,0
30,30,24644.0,0,0
31,31,24644.0,0,0
32,32,24644.0,0,0
33,33,24644.0,0,0
34,34,24644.0,0,0
35,35,24644.0,0,0
36,36,24644.0,0,0
37,37,24644.0,0,0
38,38,24644.0,0,0
39,39,24644.0,0,0
40,40,24644.0,0,0
41,41,24644.0,0,0
42,42,24644.0,0,0
43,43,24644.0,0,0
44,44,24644.0,0,0
45,45,24644.0,0,0
46,46,24644.0,0,0
47,47,24644.0,0,0
48,48,24644.0,0,0
49,49,24644.0,0,0
50,50,24644.0,0,0
51,51,24644.0,0,0
52,52,24644.0,0,0
53,53,24644.0,0,0
54,54,24644.0,0,0
55,55,24644.0,0,0
56,56,24644.0,0,0
57,57,24644.0,0,0
58,58,24644.0,0,0
59,59,24644.0,0,0
60,60,24644.0,0,0
61,61,24644.0,0,0
62,62,24644.0,0,0
63,63,24644.0,0,0
64,64,24644.0,0,0
65,65,24644.0,0,0
66,66,24644.0,0,0
67,67,24644.0,0,0
68,68,24644.0,0,0
69,69,24644.0,0,0
70,70,24644.0,0,0
71,71,24644.0,0,0
72,72,24644.0,0,0
73,73,24644.0,0,0
74,74,24644.0,0,0
75,75,24644.0,0,0
76,76,24644.0,0,0
77,77,24644.0,0,0
78,78,24644.0,0,0
79,79,24644.0,0,0
80,80,24644.0,0,0
81,81,24644.0,0,0
82,82,24644.0,0,0
83,83,24642.0,1,1
84,84,24641.0,2,1
85,85,24640.0,3,1
86,86,24639.0,4,1
87,87,24639.0,4,1
88,88,24639.0,4,1
89,89,24639.0,4,1
90,90,24639.0,4,1
91,91,24639.0,4,1
92,92,24639.0,4,1
93,93,24639.0,4,1
94,94,24639.0,4,1
95,95,24639.0,4,1
96,96,24639.0,4,1
97,97,24638.0,5,1
98,98,24638.0,5,1
99,99,24638.0,5,1
100,100,24638.0,5,1
101,101,24638.0,5,1
102,102,24638.0,5,1
103,103,24638.0,5,1
104,104,24638.0,5,1
105,105,24638.0,5,1
106,106,24638.0,5,1
107,107,24638.0,5,1
108,108,24638.0,5,1
109,109,24638.0,5,1
110,110,24638.0,5,1
111,111,24638.0,5,1
112,112,24638.0,5,1
113,113,24638.0,5,1
114,114,24636.0,7,1
115,115,24636.0,7,1
116,116,24636.0,7,1
117,117,24636.0,7,1
118,118,24636.0,7,1
119,119,24636.0,7,1
120,120,24635.0,8,1
121,121,24635.0,8,1
122,122,24635.0,8,1
123,123,24635.0,8,1
124,124,24635.0,8,1
125,125,24635.0,8,1
126,126,24635.0,8,1
127,127,24635.0,8,1
128,128,24635.0,8,1
