,Days,S,I,D
0,0,6054.0,0,0
1,1,6054.0,0,0
2,2,6054.0,0,0
3,3,6054.0,0,0
4,4,6054.0,0,0
5,5,6054.0,0,0
6,6,6054.0,0,0
7,7,6054.0,0,0
8,8,6054.0,0,0
9,9,6054.0,0,0
10,10,6054.0,0,0
11,11,6054.0,0,0
12,12,6054.0,0,0
13,13,6054.0,0,0
14,14,6054.0,0,0
15,15,6054.0,0,0
16,16,6054.0,0,0
17,17,6054.0,0,0
18,18,6054.0,0,0
19,19,6054.0,0,0
20,20,6054.0,0,0
21,21,6054.0,0,0
22,22,6054.0,0,0
23,23,6054.0,0,0
24,24,6054.0,0,0
25,25,6054.0,0,0
26,26,6054.0,0,0
27,27,6054.0,0,0
28,28,6054.0,0,0
29,29,6054.0,0,0
30,30,6054.0,0,0
31,31,6054.0,0,0
32,32,6054.0,0,0
33,33,6054.0,0,0
34,34,6054.0,0,0
35,35,6054.0,0,0
36,36,6054.0,0,0
37,37,6054.0,0,0
38,38,6054.0,0,0
39,39,6054.0,0,0
40,40,6054.0,0,0
41,41,6054.0,0,0
42,42,6054.0,0,0
43,43,6054.0,0,0
44,44,6054.0,0,0
45,45,6054.0,0,0
46,46,6054.0,0,0
47,47,6054.0,0,0
48,48,6054.0,0,0
49,49,6054.0,0,0
50,50,6054.0,0,0
51,51,6054.0,0,0
52,52,6054.0,0,0
53,53,6054.0,0,0
54,54,6054.0,0,0
55,55,6054.0,0,0
56,56,6054.0,0,0
57,57,6054.0,0,0
58,58,6054.0,0,0
59,59,6054.0,0,0
60,60,6054.0,0,0
61,61,6054.0,0,0
62,62,6054.0,0,0
63,63,6054.0,0,0
64,64,6053.0,1,0
65,65,6053.0,1,0
66,66,6052.0,2,0
67,67,6052.0,2,0
68,68,6052.0,2,0
69,69,6051.0,3,0
70,70,6051.0,3,0
71,71,6051.0,3,0
72,72,6051.0,3,0
73,73,6051.0,3,0
74,74,6050.0,3,1
75,75,6050.0,3,1
76,76,6050.0,3,1
77,77,6050.0,3,1
78,78,6050.0,3,1
79,79,6050.0,3,1
80,80,6050.0,3,1
81,81,6050.0,3,1
82,82,6050.0,3,1
83,83,6050.0,3,1
84,84,6050.0,3,1
85,85,6050.0,3,1
86,86,6050.0,3,1
87,87,6050.0,3,1
88,88,6050.0,3,1
89,89,6050.0,3,1
90,90,6050.0,3,1
91,91,6050.0,3,1
92,92,6050.0,3,1
93,93,6050.0,3,1
94,94,6050.0,3,1
95,95,6050.0,3,1
96,96,6050.0,3,1
97,97,6050.0,3,1
98,98,6050.0,3,1
99,99,6050.0,3,1
100,100,6050.0,3,1
101,101,6050.0,3,1
102,102,6050.0,3,1
103,103,6050.0,3,1
104,104,6050.0,3,1
105,105,6050.0,3,1
106,106,6050.0,3,1
107,107,6050.0,3,1
108,108,6050.0,3,1
109,109,6050.0,3,1
110,110,6050.0,3,1
111,111,6050.0,3,1
112,112,6050.0,3,1
113,113,6050.0,3,1
114,114,6050.0,3,1
115,115,6050.0,3,1
116,116,6050.0,3,1
117,117,6050.0,3,1
118,118,6049.0,4,1
119,119,6049.0,4,1
120,120,6049.0,4,1
121,121,6049.0,4,1
122,122,6049.0,4,1
123,123,6048.0,5,1
124,124,6048.0,5,1
125,125,6048.0,5,1
126,126,6048.0,5,1
127,127,6048.0,5,1
128,128,6048.0,5,1
