,Days,S,I,D
0,0,45260.0,0,0
1,1,45260.0,0,0
2,2,45260.0,0,0
3,3,45260.0,0,0
4,4,45260.0,0,0
5,5,45260.0,0,0
6,6,45260.0,0,0
7,7,45260.0,0,0
8,8,45260.0,0,0
9,9,45260.0,0,0
10,10,45260.0,0,0
11,11,45260.0,0,0
12,12,45260.0,0,0
13,13,45260.0,0,0
14,14,45260.0,0,0
15,15,45260.0,0,0
16,16,45260.0,0,0
17,17,45260.0,0,0
18,18,45260.0,0,0
19,19,45260.0,0,0
20,20,45260.0,0,0
21,21,45260.0,0,0
22,22,45260.0,0,0
23,23,45260.0,0,0
24,24,45260.0,0,0
25,25,45260.0,0,0
26,26,45260.0,0,0
27,27,45260.0,0,0
28,28,45260.0,0,0
29,29,45260.0,0,0
30,30,45260.0,0,0
31,31,45260.0,0,0
32,32,45260.0,0,0
33,33,45260.0,0,0
34,34,45260.0,0,0
35,35,45260.0,0,0
36,36,45260.0,0,0
37,37,45260.0,0,0
38,38,45260.0,0,0
39,39,45260.0,0,0
40,40,45260.0,0,0
41,41,45260.0,0,0
42,42,45260.0,0,0
43,43,45260.0,0,0
44,44,45260.0,0,0
45,45,45260.0,0,0
46,46,45260.0,0,0
47,47,45260.0,0,0
48,48,45260.0,0,0
49,49,45260.0,0,0
50,50,45260.0,0,0
51,51,45260.0,0,0
52,52,45260.0,0,0
53,53,45260.0,0,0
54,54,45260.0,0,0
55,55,45260.0,0,0
56,56,45260.0,0,0
57,57,45260.0,0,0
58,58,45260.0,0,0
59,59,45260.0,0,0
60,60,45259.0,1,0
61,61,45259.0,1,0
62,62,45259.0,1,0
63,63,45258.0,2,0
64,64,45258.0,2,0
65,65,45257.0,3,0
66,66,45257.0,3,0
67,67,45257.0,3,0
68,68,45257.0,3,0
69,69,45256.0,4,0
70,70,45256.0,4,0
71,71,45255.0,5,0
72,72,45255.0,5,0
73,73,45255.0,5,0
74,74,45255.0,5,0
75,75,45255.0,5,0
76,76,45255.0,5,0
77,77,45254.0,6,0
78,78,45254.0,6,0
79,79,45254.0,6,0
80,80,45254.0,6,0
81,81,45253.0,7,0
82,82,45253.0,7,0
83,83,45252.0,7,1
84,84,45252.0,7,1
85,85,45252.0,7,1
86,86,45252.0,7,1
87,87,45251.0,8,1
88,88,45251.0,8,1
89,89,45251.0,8,1
90,90,45251.0,8,1
91,91,45251.0,8,1
92,92,45250.0,9,1
93,93,45250.0,9,1
94,94,45250.0,9,1
95,95,45250.0,9,1
96,96,45250.0,9,1
97,97,45250.0,9,1
98,98,45250.0,9,1
99,99,45250.0,9,1
100,100,45250.0,9,1
101,101,45250.0,9,1
102,102,45250.0,9,1
103,103,45250.0,9,1
104,104,45250.0,9,1
105,105,45250.0,9,1
106,106,45250.0,9,1
107,107,45250.0,9,1
108,108,45250.0,9,1
109,109,45250.0,9,1
110,110,45250.0,9,1
111,111,45250.0,9,1
112,112,45250.0,9,1
113,113,45250.0,9,1
114,114,45250.0,9,1
115,115,45250.0,9,1
116,116,45250.0,9,1
117,117,45250.0,9,1
118,118,45249.0,10,1
119,119,45249.0,10,1
120,120,45249.0,10,1
121,121,45249.0,10,1
122,122,45249.0,10,1
123,123,45249.0,10,1
124,124,45249.0,10,1
125,125,45249.0,10,1
126,126,45249.0,10,1
127,127,45248.0,11,1
128,128,45248.0,11,1
