,Days,S,I,D
0,0,178599.0,0,0
1,1,178599.0,0,0
2,2,178599.0,0,0
3,3,178599.0,0,0
4,4,178599.0,0,0
5,5,178599.0,0,0
6,6,178599.0,0,0
7,7,178599.0,0,0
8,8,178599.0,0,0
9,9,178599.0,0,0
10,10,178599.0,0,0
11,11,178599.0,0,0
12,12,178599.0,0,0
13,13,178599.0,0,0
14,14,178599.0,0,0
15,15,178599.0,0,0
16,16,178599.0,0,0
17,17,178599.0,0,0
18,18,178599.0,0,0
19,19,178599.0,0,0
20,20,178599.0,0,0
21,21,178599.0,0,0
22,22,178599.0,0,0
23,23,178599.0,0,0
24,24,178599.0,0,0
25,25,178599.0,0,0
26,26,178599.0,0,0
27,27,178599.0,0,0
28,28,178599.0,0,0
29,29,178599.0,0,0
30,30,178599.0,0,0
31,31,178599.0,0,0
32,32,178599.0,0,0
33,33,178599.0,0,0
34,34,178599.0,0,0
35,35,178599.0,0,0
36,36,178599.0,0,0
37,37,178599.0,0,0
38,38,178599.0,0,0
39,39,178599.0,0,0
40,40,178599.0,0,0
41,41,178599.0,0,0
42,42,178599.0,0,0
43,43,178599.0,0,0
44,44,178599.0,0,0
45,45,178599.0,0,0
46,46,178598.0,1,0
47,47,178598.0,1,0
48,48,178598.0,1,0
49,49,178598.0,1,0
50,50,178595.0,4,0
51,51,178594.0,5,0
52,52,178594.0,5,0
53,53,178594.0,5,0
54,54,178592.0,7,0
55,55,178590.0,9,0
56,56,178590.0,9,0
57,57,178589.0,10,0
58,58,178587.0,12,0
59,59,178573.0,26,0
60,60,178573.0,26,0
61,61,178564.0,35,0
62,62,178552.0,47,0
63,63,178534.0,65,0
64,64,178521.0,78,0
65,65,178501.0,98,0
66,66,178471.0,128,0
67,67,178452.0,146,1
68,68,178408.0,190,1
69,69,178385.0,211,3
70,70,178375.0,221,3
71,71,178356.0,240,3
72,72,178332.0,263,4
73,73,178305.0,290,4
74,74,178263.0,332,4
75,75,178223.0,372,4
76,76,178196.0,398,5
77,77,178171.0,422,6
78,78,178133.0,460,6
79,79,178060.0,530,9
80,80,178000.0,589,10
81,81,177977.0,612,10
82,82,177957.0,630,12
83,83,177896.0,690,13
84,84,177852.0,733,14
85,85,177824.0,761,14
86,86,177797.0,788,14
87,87,177765.0,820,14
88,88,177729.0,854,16
89,89,177706.0,877,16
90,90,177689.0,893,17
91,91,177667.0,913,19
92,92,177638.0,942,19
93,93,177604.0,976,19
94,94,177414.0,1166,19
95,95,177390.0,1190,19
96,96,177360.0,1219,20
97,97,177348.0,1230,21
98,98,177324.0,1252,23
99,99,177296.0,1279,24
100,100,177275.0,1298,26
101,101,177245.0,1327,27
102,102,177230.0,1341,28
103,103,177215.0,1354,30
104,104,177211.0,1357,31
105,105,177170.0,1383,46
106,106,177136.0,1416,47
107,107,177120.0,1429,50
108,108,177108.0,1440,51
109,109,177096.0,1450,53
110,110,177089.0,1454,56
111,111,177075.0,1465,59
112,112,177057.0,1481,61
113,113,177042.0,1495,62
114,114,177024.0,1511,64
115,115,176995.0,1537,67
116,116,176979.0,1552,68
117,117,176973.0,1557,69
118,118,176965.0,1565,69
119,119,176959.0,1571,69
120,120,176945.0,1584,70
121,121,176934.0,1595,70
122,122,176922.0,1606,71
123,123,176909.0,1617,73
124,124,176894.0,1632,73
125,125,176888.0,1638,73
126,126,176880.0,1645,74
127,127,176867.0,1658,74
128,128,176861.0,1663,75
