,Days,S,I,D
0,0,16024.0,0,0
1,1,16024.0,0,0
2,2,16024.0,0,0
3,3,16024.0,0,0
4,4,16024.0,0,0
5,5,16024.0,0,0
6,6,16024.0,0,0
7,7,16024.0,0,0
8,8,16024.0,0,0
9,9,16024.0,0,0
10,10,16024.0,0,0
11,11,16024.0,0,0
12,12,16024.0,0,0
13,13,16024.0,0,0
14,14,16024.0,0,0
15,15,16024.0,0,0
16,16,16024.0,0,0
17,17,16024.0,0,0
18,18,16024.0,0,0
19,19,16024.0,0,0
20,20,16024.0,0,0
21,21,16024.0,0,0
22,22,16024.0,0,0
23,23,16024.0,0,0
24,24,16024.0,0,0
25,25,16024.0,0,0
26,26,16024.0,0,0
27,27,16024.0,0,0
28,28,16024.0,0,0
29,29,16024.0,0,0
30,30,16024.0,0,0
31,31,16024.0,0,0
32,32,16024.0,0,0
33,33,16024.0,0,0
34,34,16024.0,0,0
35,35,16024.0,0,0
36,36,16024.0,0,0
37,37,16024.0,0,0
38,38,16024.0,0,0
39,39,16024.0,0,0
40,40,16024.0,0,0
41,41,16024.0,0,0
42,42,16024.0,0,0
43,43,16024.0,0,0
44,44,16024.0,0,0
45,45,16024.0,0,0
46,46,16024.0,0,0
47,47,16024.0,0,0
48,48,16024.0,0,0
49,49,16024.0,0,0
50,50,16024.0,0,0
51,51,16024.0,0,0
52,52,16024.0,0,0
53,53,16024.0,0,0
54,54,16024.0,0,0
55,55,16024.0,0,0
56,56,16024.0,0,0
57,57,16024.0,0,0
58,58,16024.0,0,0
59,59,16024.0,0,0
60,60,16024.0,0,0
61,61,16024.0,0,0
62,62,16024.0,0,0
63,63,16024.0,0,0
64,64,16024.0,0,0
65,65,16024.0,0,0
66,66,16024.0,0,0
67,67,16024.0,0,0
68,68,16024.0,0,0
69,69,16024.0,0,0
70,70,16024.0,0,0
71,71,16024.0,0,0
72,72,16024.0,0,0
73,73,16024.0,0,0
74,74,16024.0,0,0
75,75,16023.0,1,0
76,76,16023.0,1,0
77,77,16023.0,1,0
78,78,16023.0,1,0
79,79,16022.0,2,0
80,80,16022.0,2,0
81,81,16022.0,2,0
82,82,16022.0,2,0
83,83,16022.0,2,0
84,84,16022.0,2,0
85,85,16022.0,2,0
86,86,16022.0,2,0
87,87,16022.0,2,0
88,88,16022.0,2,0
89,89,16022.0,2,0
90,90,16022.0,2,0
91,91,16022.0,2,0
92,92,16021.0,3,0
93,93,16021.0,3,0
94,94,16021.0,3,0
95,95,16021.0,3,0
96,96,16020.0,4,0
97,97,16020.0,4,0
98,98,16020.0,4,0
99,99,16020.0,4,0
100,100,16020.0,4,0
101,101,16020.0,4,0
102,102,16020.0,4,0
103,103,16020.0,4,0
104,104,16020.0,4,0
105,105,16020.0,4,0
106,106,16020.0,4,0
107,107,16020.0,4,0
108,108,16020.0,4,0
109,109,16020.0,4,0
110,110,16020.0,4,0
111,111,16020.0,4,0
112,112,16020.0,4,0
113,113,16020.0,4,0
114,114,16020.0,4,0
115,115,16020.0,4,0
116,116,16019.0,5,0
117,117,16019.0,5,0
118,118,16019.0,5,0
119,119,16019.0,5,0
120,120,16019.0,5,0
121,121,16018.0,5,1
122,122,16018.0,5,1
123,123,16018.0,5,1
124,124,16018.0,5,1
125,125,16018.0,5,1
126,126,16018.0,5,1
127,127,16017.0,6,1
128,128,16016.0,7,1
