,Days,S,I,D
0,0,51909.0,0,0
1,1,51909.0,0,0
2,2,51909.0,0,0
3,3,51909.0,0,0
4,4,51909.0,0,0
5,5,51909.0,0,0
6,6,51909.0,0,0
7,7,51909.0,0,0
8,8,51909.0,0,0
9,9,51909.0,0,0
10,10,51909.0,0,0
11,11,51909.0,0,0
12,12,51909.0,0,0
13,13,51909.0,0,0
14,14,51909.0,0,0
15,15,51909.0,0,0
16,16,51909.0,0,0
17,17,51909.0,0,0
18,18,51909.0,0,0
19,19,51909.0,0,0
20,20,51909.0,0,0
21,21,51909.0,0,0
22,22,51909.0,0,0
23,23,51909.0,0,0
24,24,51909.0,0,0
25,25,51909.0,0,0
26,26,51909.0,0,0
27,27,51909.0,0,0
28,28,51909.0,0,0
29,29,51909.0,0,0
30,30,51909.0,0,0
31,31,51909.0,0,0
32,32,51909.0,0,0
33,33,51909.0,0,0
34,34,51909.0,0,0
35,35,51909.0,0,0
36,36,51909.0,0,0
37,37,51909.0,0,0
38,38,51909.0,0,0
39,39,51909.0,0,0
40,40,51909.0,0,0
41,41,51909.0,0,0
42,42,51909.0,0,0
43,43,51909.0,0,0
44,44,51909.0,0,0
45,45,51909.0,0,0
46,46,51909.0,0,0
47,47,51909.0,0,0
48,48,51909.0,0,0
49,49,51909.0,0,0
50,50,51909.0,0,0
51,51,51909.0,0,0
52,52,51909.0,0,0
53,53,51909.0,0,0
54,54,51909.0,0,0
55,55,51909.0,0,0
56,56,51909.0,0,0
57,57,51909.0,0,0
58,58,51909.0,0,0
59,59,51909.0,0,0
60,60,51909.0,0,0
61,61,51909.0,0,0
62,62,51909.0,0,0
63,63,51909.0,0,0
64,64,51909.0,0,0
65,65,51909.0,0,0
66,66,51909.0,0,0
67,67,51909.0,0,0
68,68,51909.0,0,0
69,69,51909.0,0,0
70,70,51909.0,0,0
71,71,51906.0,3,0
72,72,51903.0,6,0
73,73,51902.0,7,0
74,74,51902.0,7,0
75,75,51901.0,8,0
76,76,51901.0,8,0
77,77,51897.0,12,0
78,78,51895.0,14,0
79,79,51895.0,14,0
80,80,51889.0,20,0
81,81,51877.0,32,0
82,82,51873.0,36,0
83,83,51873.0,36,0
84,84,51866.0,43,0
85,85,51859.0,50,0
86,86,51859.0,50,0
87,87,51853.0,56,0
88,88,51850.0,59,0
89,89,51845.0,64,0
90,90,51841.0,68,0
91,91,51836.0,73,0
92,92,51828.0,80,1
93,93,51822.0,87,0
94,94,51821.0,88,0
95,95,51814.0,95,0
96,96,51811.0,98,0
97,97,51804.0,105,0
98,98,51802.0,107,0
99,99,51798.0,111,0
100,100,51792.0,117,0
101,101,51791.0,118,0
102,102,51779.0,130,0
103,103,51775.0,134,0
104,104,51775.0,134,0
105,105,51771.0,138,0
106,106,51768.0,141,0
107,107,51766.0,143,0
108,108,51763.0,146,0
109,109,51763.0,146,0
110,110,51759.0,150,0
111,111,51753.0,155,1
112,112,51750.0,158,1
113,113,51749.0,159,1
114,114,51746.0,162,1
115,115,51744.0,164,1
116,116,51742.0,166,1
117,117,51737.0,171,1
118,118,51733.0,175,1
119,119,51724.0,184,1
120,120,51724.0,184,1
121,121,51719.0,189,1
122,122,51712.0,196,1
123,123,51708.0,200,1
124,124,51699.0,209,1
125,125,51692.0,216,1
126,126,51689.0,219,1
127,127,51684.0,224,1
128,128,51682.0,226,1
