,Days,S,I,D
0,0,32607.0,0,0
1,1,32607.0,0,0
2,2,32607.0,0,0
3,3,32607.0,0,0
4,4,32607.0,0,0
5,5,32607.0,0,0
6,6,32607.0,0,0
7,7,32607.0,0,0
8,8,32607.0,0,0
9,9,32607.0,0,0
10,10,32607.0,0,0
11,11,32607.0,0,0
12,12,32607.0,0,0
13,13,32607.0,0,0
14,14,32607.0,0,0
15,15,32607.0,0,0
16,16,32607.0,0,0
17,17,32607.0,0,0
18,18,32607.0,0,0
19,19,32607.0,0,0
20,20,32607.0,0,0
21,21,32607.0,0,0
22,22,32607.0,0,0
23,23,32607.0,0,0
24,24,32607.0,0,0
25,25,32607.0,0,0
26,26,32607.0,0,0
27,27,32607.0,0,0
28,28,32607.0,0,0
29,29,32607.0,0,0
30,30,32607.0,0,0
31,31,32607.0,0,0
32,32,32607.0,0,0
33,33,32607.0,0,0
34,34,32607.0,0,0
35,35,32607.0,0,0
36,36,32607.0,0,0
37,37,32607.0,0,0
38,38,32607.0,0,0
39,39,32607.0,0,0
40,40,32607.0,0,0
41,41,32607.0,0,0
42,42,32607.0,0,0
43,43,32607.0,0,0
44,44,32607.0,0,0
45,45,32607.0,0,0
46,46,32607.0,0,0
47,47,32607.0,0,0
48,48,32607.0,0,0
49,49,32607.0,0,0
50,50,32607.0,0,0
51,51,32607.0,0,0
52,52,32607.0,0,0
53,53,32607.0,0,0
54,54,32607.0,0,0
55,55,32607.0,0,0
56,56,32607.0,0,0
57,57,32607.0,0,0
58,58,32607.0,0,0
59,59,32607.0,0,0
60,60,32607.0,0,0
61,61,32607.0,0,0
62,62,32607.0,0,0
63,63,32606.0,1,0
64,64,32606.0,1,0
65,65,32606.0,1,0
66,66,32606.0,1,0
67,67,32606.0,1,0
68,68,32605.0,2,0
69,69,32605.0,2,0
70,70,32604.0,3,0
71,71,32603.0,4,0
72,72,32603.0,4,0
73,73,32602.0,5,0
74,74,32602.0,5,0
75,75,32601.0,6,0
76,76,32600.0,7,0
77,77,32599.0,8,0
78,78,32599.0,8,0
79,79,32599.0,8,0
80,80,32598.0,8,1
81,81,32598.0,8,1
82,82,32598.0,8,1
83,83,32598.0,8,1
84,84,32598.0,8,1
85,85,32598.0,8,1
86,86,32598.0,8,1
87,87,32598.0,8,1
88,88,32598.0,8,1
89,89,32598.0,8,1
90,90,32598.0,8,1
91,91,32596.0,10,1
92,92,32595.0,11,1
93,93,32595.0,11,1
94,94,32595.0,11,1
95,95,32594.0,12,1
96,96,32594.0,12,1
97,97,32594.0,12,1
98,98,32594.0,12,1
99,99,32593.0,13,1
100,100,32593.0,13,1
101,101,32593.0,13,1
102,102,32593.0,13,1
103,103,32593.0,13,1
104,104,32593.0,13,1
105,105,32593.0,13,1
106,106,32593.0,13,1
107,107,32593.0,13,1
108,108,32593.0,13,1
109,109,32593.0,13,1
110,110,32593.0,13,1
111,111,32592.0,14,1
112,112,32592.0,14,1
113,113,32592.0,14,1
114,114,32592.0,14,1
115,115,32592.0,14,1
116,116,32591.0,15,1
117,117,32591.0,15,1
118,118,32591.0,15,1
119,119,32591.0,15,1
120,120,32591.0,15,1
121,121,32591.0,15,1
122,122,32590.0,16,1
123,123,32590.0,16,1
124,124,32590.0,16,1
125,125,32590.0,16,1
126,126,32590.0,16,1
127,127,32589.0,17,1
128,128,32589.0,17,1
