,Days,S,I,D
0,0,7106.0,0,0
1,1,7106.0,0,0
2,2,7106.0,0,0
3,3,7106.0,0,0
4,4,7106.0,0,0
5,5,7106.0,0,0
6,6,7106.0,0,0
7,7,7106.0,0,0
8,8,7106.0,0,0
9,9,7106.0,0,0
10,10,7106.0,0,0
11,11,7106.0,0,0
12,12,7106.0,0,0
13,13,7106.0,0,0
14,14,7106.0,0,0
15,15,7106.0,0,0
16,16,7106.0,0,0
17,17,7106.0,0,0
18,18,7106.0,0,0
19,19,7106.0,0,0
20,20,7106.0,0,0
21,21,7106.0,0,0
22,22,7106.0,0,0
23,23,7106.0,0,0
24,24,7106.0,0,0
25,25,7106.0,0,0
26,26,7106.0,0,0
27,27,7106.0,0,0
28,28,7106.0,0,0
29,29,7106.0,0,0
30,30,7106.0,0,0
31,31,7106.0,0,0
32,32,7106.0,0,0
33,33,7106.0,0,0
34,34,7106.0,0,0
35,35,7106.0,0,0
36,36,7106.0,0,0
37,37,7106.0,0,0
38,38,7106.0,0,0
39,39,7106.0,0,0
40,40,7106.0,0,0
41,41,7106.0,0,0
42,42,7106.0,0,0
43,43,7106.0,0,0
44,44,7106.0,0,0
45,45,7106.0,0,0
46,46,7106.0,0,0
47,47,7106.0,0,0
48,48,7106.0,0,0
49,49,7106.0,0,0
50,50,7106.0,0,0
51,51,7106.0,0,0
52,52,7106.0,0,0
53,53,7106.0,0,0
54,54,7106.0,0,0
55,55,7106.0,0,0
56,56,7106.0,0,0
57,57,7106.0,0,0
58,58,7106.0,0,0
59,59,7106.0,0,0
60,60,7106.0,0,0
61,61,7106.0,0,0
62,62,7106.0,0,0
63,63,7106.0,0,0
64,64,7106.0,0,0
65,65,7106.0,0,0
66,66,7106.0,0,0
67,67,7105.0,1,0
68,68,7105.0,1,0
69,69,7105.0,1,0
70,70,7105.0,1,0
71,71,7105.0,1,0
72,72,7105.0,1,0
73,73,7104.0,2,0
74,74,7103.0,3,0
75,75,7103.0,3,0
76,76,7103.0,3,0
77,77,7102.0,4,0
78,78,7102.0,4,0
79,79,7102.0,4,0
80,80,7102.0,4,0
81,81,7102.0,4,0
82,82,7102.0,4,0
83,83,7102.0,4,0
84,84,7102.0,4,0
85,85,7102.0,4,0
86,86,7102.0,4,0
87,87,7102.0,4,0
88,88,7102.0,4,0
89,89,7101.0,5,0
90,90,7101.0,5,0
91,91,7101.0,5,0
92,92,7101.0,5,0
93,93,7101.0,5,0
94,94,7098.0,8,0
95,95,7097.0,9,0
96,96,7094.0,12,0
97,97,7090.0,16,0
98,98,7088.0,18,0
99,99,7088.0,18,0
100,100,7086.0,20,0
101,101,7085.0,21,0
102,102,7084.0,22,0
103,103,7083.0,23,0
104,104,7082.0,24,0
105,105,7080.0,26,0
106,106,7076.0,30,0
107,107,7076.0,30,0
108,108,7076.0,30,0
109,109,7076.0,30,0
110,110,7075.0,31,0
111,111,7074.0,32,0
112,112,7074.0,32,0
113,113,7073.0,33,0
114,114,7072.0,34,0
115,115,7071.0,35,0
116,116,7069.0,37,0
117,117,7069.0,37,0
118,118,7068.0,38,0
119,119,7068.0,38,0
120,120,7066.0,40,0
121,121,7066.0,40,0
122,122,7066.0,40,0
123,123,7066.0,40,0
124,124,7066.0,40,0
125,125,7066.0,40,0
126,126,7066.0,40,0
127,127,7066.0,40,0
128,128,7064.0,41,1
