,Days,S,I,D
0,0,5236.0,0,0
1,1,5236.0,0,0
2,2,5236.0,0,0
3,3,5236.0,0,0
4,4,5236.0,0,0
5,5,5236.0,0,0
6,6,5236.0,0,0
7,7,5236.0,0,0
8,8,5236.0,0,0
9,9,5236.0,0,0
10,10,5236.0,0,0
11,11,5236.0,0,0
12,12,5236.0,0,0
13,13,5236.0,0,0
14,14,5236.0,0,0
15,15,5236.0,0,0
16,16,5236.0,0,0
17,17,5236.0,0,0
18,18,5236.0,0,0
19,19,5236.0,0,0
20,20,5236.0,0,0
21,21,5236.0,0,0
22,22,5236.0,0,0
23,23,5236.0,0,0
24,24,5236.0,0,0
25,25,5236.0,0,0
26,26,5236.0,0,0
27,27,5236.0,0,0
28,28,5236.0,0,0
29,29,5236.0,0,0
30,30,5236.0,0,0
31,31,5236.0,0,0
32,32,5236.0,0,0
33,33,5236.0,0,0
34,34,5236.0,0,0
35,35,5236.0,0,0
36,36,5236.0,0,0
37,37,5236.0,0,0
38,38,5236.0,0,0
39,39,5236.0,0,0
40,40,5236.0,0,0
41,41,5236.0,0,0
42,42,5236.0,0,0
43,43,5236.0,0,0
44,44,5236.0,0,0
45,45,5236.0,0,0
46,46,5236.0,0,0
47,47,5236.0,0,0
48,48,5236.0,0,0
49,49,5236.0,0,0
50,50,5236.0,0,0
51,51,5236.0,0,0
52,52,5236.0,0,0
53,53,5236.0,0,0
54,54,5236.0,0,0
55,55,5236.0,0,0
56,56,5236.0,0,0
57,57,5236.0,0,0
58,58,5236.0,0,0
59,59,5236.0,0,0
60,60,5236.0,0,0
61,61,5236.0,0,0
62,62,5236.0,0,0
63,63,5236.0,0,0
64,64,5236.0,0,0
65,65,5236.0,0,0
66,66,5236.0,0,0
67,67,5236.0,0,0
68,68,5235.0,1,0
69,69,5232.0,4,0
70,70,5232.0,4,0
71,71,5232.0,4,0
72,72,5231.0,5,0
73,73,5230.0,6,0
74,74,5230.0,6,0
75,75,5228.0,7,1
76,76,5225.0,10,1
77,77,5225.0,10,1
78,78,5224.0,11,1
79,79,5223.0,12,1
80,80,5223.0,12,1
81,81,5223.0,12,1
82,82,5223.0,12,1
83,83,5223.0,12,1
84,84,5222.0,13,1
85,85,5221.0,14,1
86,86,5220.0,15,1
87,87,5220.0,15,1
88,88,5220.0,15,1
89,89,5220.0,15,1
90,90,5220.0,15,1
91,91,5220.0,15,1
92,92,5220.0,15,1
93,93,5220.0,15,1
94,94,5220.0,15,1
95,95,5220.0,15,1
96,96,5220.0,15,1
97,97,5220.0,15,1
98,98,5220.0,15,1
99,99,5220.0,15,1
100,100,5220.0,15,1
101,101,5220.0,15,1
102,102,5220.0,15,1
103,103,5220.0,15,1
104,104,5220.0,15,1
105,105,5220.0,15,1
106,106,5220.0,15,1
107,107,5220.0,15,1
108,108,5220.0,15,1
109,109,5220.0,15,1
110,110,5220.0,15,1
111,111,5220.0,15,1
112,112,5220.0,15,1
113,113,5220.0,15,1
114,114,5220.0,15,1
115,115,5219.0,16,1
116,116,5219.0,16,1
117,117,5219.0,16,1
118,118,5219.0,16,1
119,119,5219.0,16,1
120,120,5219.0,16,1
121,121,5219.0,16,1
122,122,5219.0,16,1
123,123,5219.0,16,1
124,124,5219.0,16,1
125,125,5219.0,16,1
126,126,5219.0,16,1
127,127,5219.0,16,1
128,128,5219.0,16,1
