,Days,S,I,D
0,0,26940.0,0,0
1,1,26940.0,0,0
2,2,26940.0,0,0
3,3,26940.0,0,0
4,4,26940.0,0,0
5,5,26940.0,0,0
6,6,26940.0,0,0
7,7,26940.0,0,0
8,8,26940.0,0,0
9,9,26940.0,0,0
10,10,26940.0,0,0
11,11,26940.0,0,0
12,12,26940.0,0,0
13,13,26940.0,0,0
14,14,26940.0,0,0
15,15,26940.0,0,0
16,16,26940.0,0,0
17,17,26940.0,0,0
18,18,26940.0,0,0
19,19,26940.0,0,0
20,20,26940.0,0,0
21,21,26940.0,0,0
22,22,26940.0,0,0
23,23,26940.0,0,0
24,24,26940.0,0,0
25,25,26940.0,0,0
26,26,26940.0,0,0
27,27,26940.0,0,0
28,28,26940.0,0,0
29,29,26940.0,0,0
30,30,26940.0,0,0
31,31,26940.0,0,0
32,32,26940.0,0,0
33,33,26940.0,0,0
34,34,26940.0,0,0
35,35,26940.0,0,0
36,36,26940.0,0,0
37,37,26940.0,0,0
38,38,26940.0,0,0
39,39,26940.0,0,0
40,40,26940.0,0,0
41,41,26940.0,0,0
42,42,26940.0,0,0
43,43,26940.0,0,0
44,44,26940.0,0,0
45,45,26940.0,0,0
46,46,26940.0,0,0
47,47,26940.0,0,0
48,48,26940.0,0,0
49,49,26940.0,0,0
50,50,26940.0,0,0
51,51,26940.0,0,0
52,52,26940.0,0,0
53,53,26940.0,0,0
54,54,26940.0,0,0
55,55,26940.0,0,0
56,56,26940.0,0,0
57,57,26940.0,0,0
58,58,26940.0,0,0
59,59,26940.0,0,0
60,60,26940.0,0,0
61,61,26940.0,0,0
62,62,26940.0,0,0
63,63,26940.0,0,0
64,64,26940.0,0,0
65,65,26940.0,0,0
66,66,26940.0,0,0
67,67,26940.0,0,0
68,68,26940.0,0,0
69,69,26940.0,0,0
70,70,26940.0,0,0
71,71,26940.0,0,0
72,72,26938.0,2,0
73,73,26938.0,2,0
74,74,26938.0,2,0
75,75,26938.0,2,0
76,76,26937.0,3,0
77,77,26937.0,3,0
78,78,26937.0,3,0
79,79,26937.0,3,0
80,80,26936.0,4,0
81,81,26936.0,4,0
82,82,26935.0,5,0
83,83,26935.0,5,0
84,84,26934.0,6,0
85,85,26934.0,6,0
86,86,26932.0,8,0
87,87,26932.0,8,0
88,88,26932.0,8,0
89,89,26931.0,9,0
90,90,26930.0,10,0
91,91,26929.0,11,0
92,92,26929.0,11,0
93,93,26928.0,12,0
94,94,26928.0,12,0
95,95,26926.0,14,0
96,96,26926.0,14,0
97,97,26925.0,15,0
98,98,26925.0,15,0
99,99,26923.0,17,0
100,100,26922.0,18,0
101,101,26922.0,18,0
102,102,26922.0,18,0
103,103,26922.0,18,0
104,104,26922.0,18,0
105,105,26920.0,20,0
106,106,26920.0,20,0
107,107,26920.0,20,0
108,108,26920.0,20,0
109,109,26918.0,22,0
110,110,26918.0,22,0
111,111,26917.0,23,0
112,112,26914.0,26,0
113,113,26914.0,26,0
114,114,26914.0,26,0
115,115,26914.0,26,0
116,116,26912.0,28,0
117,117,26911.0,29,0
118,118,26911.0,29,0
119,119,26910.0,30,0
120,120,26906.0,34,0
121,121,26904.0,36,0
122,122,26902.0,38,0
123,123,26902.0,38,0
124,124,26902.0,38,0
125,125,26899.0,40,1
126,126,26899.0,40,1
127,127,26898.0,41,1
128,128,26895.0,44,1
