,Days,S,I,D
0,0,309176.0,0,0
1,1,309176.0,0,0
2,2,309176.0,0,0
3,3,309176.0,0,0
4,4,309176.0,0,0
5,5,309176.0,0,0
6,6,309176.0,0,0
7,7,309176.0,0,0
8,8,309176.0,0,0
9,9,309176.0,0,0
10,10,309176.0,0,0
11,11,309176.0,0,0
12,12,309176.0,0,0
13,13,309176.0,0,0
14,14,309176.0,0,0
15,15,309176.0,0,0
16,16,309176.0,0,0
17,17,309176.0,0,0
18,18,309176.0,0,0
19,19,309176.0,0,0
20,20,309176.0,0,0
21,21,309176.0,0,0
22,22,309176.0,0,0
23,23,309176.0,0,0
24,24,309176.0,0,0
25,25,309176.0,0,0
26,26,309176.0,0,0
27,27,309176.0,0,0
28,28,309176.0,0,0
29,29,309176.0,0,0
30,30,309176.0,0,0
31,31,309176.0,0,0
32,32,309176.0,0,0
33,33,309176.0,0,0
34,34,309176.0,0,0
35,35,309176.0,0,0
36,36,309176.0,0,0
37,37,309176.0,0,0
38,38,309176.0,0,0
39,39,309176.0,0,0
40,40,309176.0,0,0
41,41,309176.0,0,0
42,42,309176.0,0,0
43,43,309176.0,0,0
44,44,309176.0,0,0
45,45,309176.0,0,0
46,46,309175.0,1,0
47,47,309175.0,1,0
48,48,309174.0,2,0
49,49,309174.0,2,0
50,50,309173.0,3,0
51,51,309173.0,3,0
52,52,309172.0,4,0
53,53,309167.0,9,0
54,54,309166.0,10,0
55,55,309162.0,14,0
56,56,309159.0,17,0
57,57,309158.0,18,0
58,58,309156.0,20,0
59,59,309151.0,25,0
60,60,309148.0,28,0
61,61,309138.0,38,0
62,62,309134.0,42,0
63,63,309120.0,56,0
64,64,309109.0,67,0
65,65,309101.0,75,0
66,66,309090.0,86,0
67,67,309075.0,100,1
68,68,309075.0,100,1
69,69,309059.0,116,1
70,70,309059.0,116,1
71,71,309005.0,170,1
72,72,308985.0,190,1
73,73,308962.0,213,1
74,74,308945.0,230,1
75,75,308929.0,246,1
76,76,308919.0,255,2
77,77,308906.0,268,2
78,78,308906.0,268,2
79,79,308869.0,305,2
80,80,308859.0,314,3
81,81,308828.0,345,3
82,82,308813.0,360,3
83,83,308795.0,378,3
84,84,308772.0,399,5
85,85,308737.0,433,6
86,86,308719.0,449,8
87,87,308702.0,466,8
88,88,308687.0,479,10
89,89,308676.0,489,11
90,90,308672.0,493,11
91,91,308644.0,519,13
92,92,308611.0,551,14
93,93,308593.0,568,15
94,94,308568.0,593,15
95,95,308542.0,619,15
96,96,308518.0,643,15
97,97,308497.0,664,15
98,98,308487.0,670,19
99,99,308462.0,692,22
100,100,308372.0,779,25
101,101,308321.0,828,27
102,102,308286.0,862,28
103,103,308270.0,878,28
104,104,308257.0,888,31
105,105,308230.0,903,43
106,106,308199.0,933,44
107,107,308180.0,949,47
108,108,308159.0,964,53
109,109,308145.0,978,53
110,110,308129.0,994,53
111,111,308111.0,1010,55
112,112,308098.0,1021,57
113,113,308079.0,1040,57
114,114,308048.0,1069,59
115,115,308021.0,1095,60
116,116,308012.0,1104,60
117,117,308003.0,1113,60
118,118,307975.0,1138,63
119,119,307973.0,1138,65
120,120,307931.0,1179,66
121,121,307910.0,1199,67
122,122,307891.0,1218,67
123,123,307886.0,1223,67
124,124,307879.0,1230,67
125,125,307869.0,1240,67
126,126,307853.0,1254,69
127,127,307829.0,1277,70
128,128,307829.0,1277,70
