,Days,S,I,D
0,0,24842.0,0,0
1,1,24842.0,0,0
2,2,24842.0,0,0
3,3,24842.0,0,0
4,4,24842.0,0,0
5,5,24842.0,0,0
6,6,24842.0,0,0
7,7,24842.0,0,0
8,8,24842.0,0,0
9,9,24842.0,0,0
10,10,24842.0,0,0
11,11,24842.0,0,0
12,12,24842.0,0,0
13,13,24842.0,0,0
14,14,24842.0,0,0
15,15,24842.0,0,0
16,16,24842.0,0,0
17,17,24842.0,0,0
18,18,24842.0,0,0
19,19,24842.0,0,0
20,20,24842.0,0,0
21,21,24842.0,0,0
22,22,24842.0,0,0
23,23,24842.0,0,0
24,24,24842.0,0,0
25,25,24842.0,0,0
26,26,24842.0,0,0
27,27,24842.0,0,0
28,28,24842.0,0,0
29,29,24842.0,0,0
30,30,24842.0,0,0
31,31,24842.0,0,0
32,32,24842.0,0,0
33,33,24842.0,0,0
34,34,24842.0,0,0
35,35,24842.0,0,0
36,36,24842.0,0,0
37,37,24842.0,0,0
38,38,24842.0,0,0
39,39,24842.0,0,0
40,40,24842.0,0,0
41,41,24842.0,0,0
42,42,24842.0,0,0
43,43,24842.0,0,0
44,44,24842.0,0,0
45,45,24842.0,0,0
46,46,24842.0,0,0
47,47,24842.0,0,0
48,48,24842.0,0,0
49,49,24842.0,0,0
50,50,24842.0,0,0
51,51,24842.0,0,0
52,52,24842.0,0,0
53,53,24842.0,0,0
54,54,24842.0,0,0
55,55,24842.0,0,0
56,56,24842.0,0,0
57,57,24842.0,0,0
58,58,24842.0,0,0
59,59,24842.0,0,0
60,60,24842.0,0,0
61,61,24842.0,0,0
62,62,24842.0,0,0
63,63,24842.0,0,0
64,64,24842.0,0,0
65,65,24842.0,0,0
66,66,24842.0,0,0
67,67,24842.0,0,0
68,68,24842.0,0,0
69,69,24842.0,0,0
70,70,24842.0,0,0
71,71,24842.0,0,0
72,72,24842.0,0,0
73,73,24842.0,0,0
74,74,24842.0,0,0
75,75,24842.0,0,0
76,76,24840.0,2,0
77,77,24840.0,2,0
78,78,24840.0,2,0
79,79,24840.0,2,0
80,80,24840.0,2,0
81,81,24840.0,2,0
82,82,24840.0,2,0
83,83,24840.0,2,0
84,84,24839.0,3,0
85,85,24839.0,3,0
86,86,24839.0,3,0
87,87,24839.0,3,0
88,88,24838.0,4,0
89,89,24838.0,4,0
90,90,24838.0,4,0
91,91,24838.0,4,0
92,92,24837.0,5,0
93,93,24836.0,6,0
94,94,24836.0,6,0
95,95,24836.0,6,0
96,96,24836.0,6,0
97,97,24836.0,6,0
98,98,24836.0,6,0
99,99,24836.0,6,0
100,100,24836.0,6,0
101,101,24836.0,6,0
102,102,24836.0,6,0
103,103,24836.0,6,0
104,104,24834.0,8,0
105,105,24834.0,8,0
106,106,24834.0,8,0
107,107,24834.0,8,0
108,108,24834.0,8,0
109,109,24834.0,8,0
110,110,24833.0,8,1
111,111,24833.0,8,1
112,112,24833.0,8,1
113,113,24833.0,8,1
114,114,24833.0,8,1
115,115,24833.0,8,1
116,116,24833.0,8,1
117,117,24833.0,8,1
118,118,24833.0,8,1
119,119,24833.0,8,1
120,120,24833.0,8,1
121,121,24833.0,8,1
122,122,24833.0,8,1
123,123,24833.0,8,1
124,124,24833.0,8,1
125,125,24833.0,8,1
126,126,24833.0,8,1
127,127,24833.0,8,1
128,128,24833.0,8,1
