,Days,S,I,D
0,0,16867.0,0,0
1,1,16867.0,0,0
2,2,16867.0,0,0
3,3,16867.0,0,0
4,4,16867.0,0,0
5,5,16867.0,0,0
6,6,16867.0,0,0
7,7,16867.0,0,0
8,8,16867.0,0,0
9,9,16867.0,0,0
10,10,16867.0,0,0
11,11,16867.0,0,0
12,12,16867.0,0,0
13,13,16867.0,0,0
14,14,16867.0,0,0
15,15,16867.0,0,0
16,16,16867.0,0,0
17,17,16867.0,0,0
18,18,16867.0,0,0
19,19,16867.0,0,0
20,20,16867.0,0,0
21,21,16867.0,0,0
22,22,16867.0,0,0
23,23,16867.0,0,0
24,24,16867.0,0,0
25,25,16867.0,0,0
26,26,16867.0,0,0
27,27,16867.0,0,0
28,28,16867.0,0,0
29,29,16867.0,0,0
30,30,16867.0,0,0
31,31,16867.0,0,0
32,32,16867.0,0,0
33,33,16867.0,0,0
34,34,16867.0,0,0
35,35,16867.0,0,0
36,36,16867.0,0,0
37,37,16867.0,0,0
38,38,16867.0,0,0
39,39,16867.0,0,0
40,40,16867.0,0,0
41,41,16867.0,0,0
42,42,16867.0,0,0
43,43,16867.0,0,0
44,44,16867.0,0,0
45,45,16867.0,0,0
46,46,16867.0,0,0
47,47,16867.0,0,0
48,48,16867.0,0,0
49,49,16867.0,0,0
50,50,16867.0,0,0
51,51,16867.0,0,0
52,52,16867.0,0,0
53,53,16867.0,0,0
54,54,16867.0,0,0
55,55,16867.0,0,0
56,56,16867.0,0,0
57,57,16867.0,0,0
58,58,16867.0,0,0
59,59,16867.0,0,0
60,60,16867.0,0,0
61,61,16867.0,0,0
62,62,16867.0,0,0
63,63,16867.0,0,0
64,64,16867.0,0,0
65,65,16867.0,0,0
66,66,16867.0,0,0
67,67,16867.0,0,0
68,68,16867.0,0,0
69,69,16865.0,2,0
70,70,16865.0,2,0
71,71,16865.0,2,0
72,72,16865.0,2,0
73,73,16864.0,3,0
74,74,16864.0,3,0
75,75,16864.0,3,0
76,76,16862.0,5,0
77,77,16861.0,6,0
78,78,16861.0,6,0
79,79,16861.0,6,0
80,80,16861.0,6,0
81,81,16861.0,6,0
82,82,16860.0,7,0
83,83,16860.0,7,0
84,84,16860.0,7,0
85,85,16860.0,7,0
86,86,16860.0,7,0
87,87,16860.0,7,0
88,88,16860.0,7,0
89,89,16859.0,8,0
90,90,16859.0,8,0
91,91,16858.0,9,0
92,92,16858.0,9,0
93,93,16858.0,9,0
94,94,16858.0,9,0
95,95,16858.0,9,0
96,96,16857.0,10,0
97,97,16855.0,12,0
98,98,16855.0,12,0
99,99,16854.0,13,0
100,100,16854.0,13,0
101,101,16854.0,13,0
102,102,16854.0,13,0
103,103,16853.0,13,1
104,104,16853.0,13,1
105,105,16853.0,13,1
106,106,16853.0,13,1
107,107,16853.0,13,1
108,108,16852.0,14,1
109,109,16852.0,14,1
110,110,16852.0,14,1
111,111,16852.0,14,1
112,112,16852.0,14,1
113,113,16852.0,14,1
114,114,16852.0,14,1
115,115,16852.0,14,1
116,116,16851.0,15,1
117,117,16851.0,15,1
118,118,16851.0,15,1
119,119,16851.0,15,1
120,120,16851.0,15,1
121,121,16851.0,15,1
122,122,16851.0,15,1
123,123,16851.0,15,1
124,124,16851.0,15,1
125,125,16850.0,16,1
126,126,16849.0,17,1
127,127,16847.0,19,1
128,128,16846.0,20,1
