,Days,S,I,D
0,0,24250.0,0,0
1,1,24250.0,0,0
2,2,24250.0,0,0
3,3,24250.0,0,0
4,4,24250.0,0,0
5,5,24250.0,0,0
6,6,24250.0,0,0
7,7,24250.0,0,0
8,8,24250.0,0,0
9,9,24250.0,0,0
10,10,24250.0,0,0
11,11,24250.0,0,0
12,12,24250.0,0,0
13,13,24250.0,0,0
14,14,24250.0,0,0
15,15,24250.0,0,0
16,16,24250.0,0,0
17,17,24250.0,0,0
18,18,24250.0,0,0
19,19,24250.0,0,0
20,20,24250.0,0,0
21,21,24250.0,0,0
22,22,24250.0,0,0
23,23,24250.0,0,0
24,24,24250.0,0,0
25,25,24250.0,0,0
26,26,24250.0,0,0
27,27,24250.0,0,0
28,28,24250.0,0,0
29,29,24250.0,0,0
30,30,24250.0,0,0
31,31,24250.0,0,0
32,32,24250.0,0,0
33,33,24250.0,0,0
34,34,24250.0,0,0
35,35,24250.0,0,0
36,36,24250.0,0,0
37,37,24250.0,0,0
38,38,24250.0,0,0
39,39,24250.0,0,0
40,40,24250.0,0,0
41,41,24250.0,0,0
42,42,24250.0,0,0
43,43,24250.0,0,0
44,44,24250.0,0,0
45,45,24250.0,0,0
46,46,24250.0,0,0
47,47,24250.0,0,0
48,48,24250.0,0,0
49,49,24250.0,0,0
50,50,24250.0,0,0
51,51,24250.0,0,0
52,52,24250.0,0,0
53,53,24250.0,0,0
54,54,24250.0,0,0
55,55,24250.0,0,0
56,56,24250.0,0,0
57,57,24250.0,0,0
58,58,24250.0,0,0
59,59,24249.0,1,0
60,60,24249.0,1,0
61,61,24249.0,1,0
62,62,24249.0,1,0
63,63,24249.0,1,0
64,64,24249.0,1,0
65,65,24249.0,1,0
66,66,24249.0,1,0
67,67,24247.0,3,0
68,68,24247.0,3,0
69,69,24247.0,3,0
70,70,24246.0,4,0
71,71,24246.0,4,0
72,72,24246.0,4,0
73,73,24246.0,4,0
74,74,24245.0,5,0
75,75,24245.0,5,0
76,76,24245.0,5,0
77,77,24245.0,5,0
78,78,24245.0,5,0
79,79,24243.0,7,0
80,80,24243.0,7,0
81,81,24243.0,7,0
82,82,24242.0,8,0
83,83,24240.0,10,0
84,84,24242.0,8,0
85,85,24242.0,8,0
86,86,24241.0,9,0
87,87,24239.0,10,1
88,88,24239.0,10,1
89,89,24239.0,10,1
90,90,24239.0,10,1
91,91,24239.0,10,1
92,92,24239.0,10,1
93,93,24238.0,11,1
94,94,24238.0,11,1
95,95,24238.0,11,1
96,96,24238.0,11,1
97,97,24237.0,12,1
98,98,24236.0,13,1
99,99,24236.0,13,1
100,100,24235.0,14,1
101,101,24235.0,14,1
102,102,24235.0,14,1
103,103,24235.0,14,1
104,104,24235.0,14,1
105,105,24234.0,15,1
106,106,24234.0,15,1
107,107,24234.0,15,1
108,108,24234.0,15,1
109,109,24234.0,15,1
110,110,24234.0,15,1
111,111,24234.0,15,1
112,112,24233.0,16,1
113,113,24233.0,16,1
114,114,24232.0,17,1
115,115,24232.0,17,1
116,116,24232.0,17,1
117,117,24232.0,17,1
118,118,24230.0,19,1
119,119,24230.0,19,1
120,120,24230.0,19,1
121,121,24230.0,19,1
122,122,24230.0,19,1
123,123,24230.0,19,1
124,124,24229.0,20,1
125,125,24229.0,20,1
126,126,24229.0,20,1
127,127,24228.0,21,1
128,128,24228.0,21,1
