,Days,S,I,D
0,0,28759.0,0,0
1,1,28759.0,0,0
2,2,28759.0,0,0
3,3,28759.0,0,0
4,4,28759.0,0,0
5,5,28759.0,0,0
6,6,28759.0,0,0
7,7,28759.0,0,0
8,8,28759.0,0,0
9,9,28759.0,0,0
10,10,28759.0,0,0
11,11,28759.0,0,0
12,12,28759.0,0,0
13,13,28759.0,0,0
14,14,28759.0,0,0
15,15,28759.0,0,0
16,16,28759.0,0,0
17,17,28759.0,0,0
18,18,28759.0,0,0
19,19,28759.0,0,0
20,20,28759.0,0,0
21,21,28759.0,0,0
22,22,28759.0,0,0
23,23,28759.0,0,0
24,24,28759.0,0,0
25,25,28759.0,0,0
26,26,28759.0,0,0
27,27,28759.0,0,0
28,28,28759.0,0,0
29,29,28759.0,0,0
30,30,28759.0,0,0
31,31,28759.0,0,0
32,32,28759.0,0,0
33,33,28759.0,0,0
34,34,28759.0,0,0
35,35,28759.0,0,0
36,36,28759.0,0,0
37,37,28759.0,0,0
38,38,28759.0,0,0
39,39,28759.0,0,0
40,40,28759.0,0,0
41,41,28759.0,0,0
42,42,28759.0,0,0
43,43,28759.0,0,0
44,44,28759.0,0,0
45,45,28759.0,0,0
46,46,28759.0,0,0
47,47,28759.0,0,0
48,48,28759.0,0,0
49,49,28759.0,0,0
50,50,28759.0,0,0
51,51,28759.0,0,0
52,52,28759.0,0,0
53,53,28759.0,0,0
54,54,28759.0,0,0
55,55,28759.0,0,0
56,56,28759.0,0,0
57,57,28759.0,0,0
58,58,28759.0,0,0
59,59,28759.0,0,0
60,60,28758.0,1,0
61,61,28758.0,1,0
62,62,28758.0,1,0
63,63,28757.0,2,0
64,64,28753.0,6,0
65,65,28753.0,6,0
66,66,28753.0,6,0
67,67,28750.0,9,0
68,68,28748.0,11,0
69,69,28748.0,11,0
70,70,28748.0,11,0
71,71,28747.0,12,0
72,72,28746.0,13,0
73,73,28745.0,14,0
74,74,28744.0,15,0
75,75,28743.0,16,0
76,76,28741.0,18,0
77,77,28741.0,18,0
78,78,28740.0,19,0
79,79,28737.0,22,0
80,80,28736.0,23,0
81,81,28735.0,24,0
82,82,28735.0,24,0
83,83,28734.0,25,0
84,84,28733.0,26,0
85,85,28732.0,27,0
86,86,28732.0,27,0
87,87,28730.0,29,0
88,88,28728.0,31,0
89,89,28725.0,34,0
90,90,28725.0,34,0
91,91,28724.0,35,0
92,92,28724.0,35,0
93,93,28721.0,38,0
94,94,28721.0,38,0
95,95,28721.0,38,0
96,96,28721.0,38,0
97,97,28720.0,39,0
98,98,28718.0,41,0
99,99,28718.0,41,0
100,100,28718.0,41,0
101,101,28718.0,41,0
102,102,28716.0,43,0
103,103,28714.0,45,0
104,104,28714.0,45,0
105,105,28714.0,45,0
106,106,28711.0,48,0
107,107,28710.0,49,0
108,108,28709.0,50,0
109,109,28709.0,50,0
110,110,28707.0,52,0
111,111,28705.0,54,0
112,112,28705.0,54,0
113,113,28704.0,55,0
114,114,28704.0,55,0
115,115,28704.0,55,0
116,116,28704.0,55,0
117,117,28704.0,55,0
118,118,28703.0,55,1
119,119,28702.0,56,1
120,120,28700.0,58,1
121,121,28700.0,58,1
122,122,28700.0,58,1
123,123,28699.0,59,1
124,124,28699.0,59,1
125,125,28692.0,66,1
126,126,28689.0,69,1
127,127,28684.0,74,1
128,128,28677.0,81,1
