,Days,S,I,D
0,0,13987.0,0,0
1,1,13987.0,0,0
2,2,13987.0,0,0
3,3,13987.0,0,0
4,4,13987.0,0,0
5,5,13987.0,0,0
6,6,13987.0,0,0
7,7,13987.0,0,0
8,8,13987.0,0,0
9,9,13987.0,0,0
10,10,13987.0,0,0
11,11,13987.0,0,0
12,12,13987.0,0,0
13,13,13987.0,0,0
14,14,13987.0,0,0
15,15,13987.0,0,0
16,16,13987.0,0,0
17,17,13987.0,0,0
18,18,13987.0,0,0
19,19,13987.0,0,0
20,20,13987.0,0,0
21,21,13987.0,0,0
22,22,13987.0,0,0
23,23,13987.0,0,0
24,24,13987.0,0,0
25,25,13987.0,0,0
26,26,13987.0,0,0
27,27,13987.0,0,0
28,28,13987.0,0,0
29,29,13987.0,0,0
30,30,13987.0,0,0
31,31,13987.0,0,0
32,32,13987.0,0,0
33,33,13987.0,0,0
34,34,13987.0,0,0
35,35,13987.0,0,0
36,36,13987.0,0,0
37,37,13987.0,0,0
38,38,13987.0,0,0
39,39,13987.0,0,0
40,40,13987.0,0,0
41,41,13987.0,0,0
42,42,13987.0,0,0
43,43,13987.0,0,0
44,44,13987.0,0,0
45,45,13987.0,0,0
46,46,13987.0,0,0
47,47,13987.0,0,0
48,48,13987.0,0,0
49,49,13987.0,0,0
50,50,13987.0,0,0
51,51,13987.0,0,0
52,52,13987.0,0,0
53,53,13987.0,0,0
54,54,13987.0,0,0
55,55,13987.0,0,0
56,56,13987.0,0,0
57,57,13987.0,0,0
58,58,13987.0,0,0
59,59,13987.0,0,0
60,60,13987.0,0,0
61,61,13986.0,1,0
62,62,13985.0,2,0
63,63,13985.0,2,0
64,64,13985.0,2,0
65,65,13985.0,2,0
66,66,13985.0,2,0
67,67,13985.0,2,0
68,68,13985.0,2,0
69,69,13985.0,2,0
70,70,13985.0,2,0
71,71,13985.0,2,0
72,72,13985.0,2,0
73,73,13985.0,2,0
74,74,13984.0,3,0
75,75,13984.0,3,0
76,76,13984.0,3,0
77,77,13984.0,3,0
78,78,13984.0,3,0
79,79,13984.0,3,0
80,80,13984.0,3,0
81,81,13984.0,3,0
82,82,13983.0,4,0
83,83,13983.0,4,0
84,84,13981.0,6,0
85,85,13980.0,7,0
86,86,13978.0,8,1
87,87,13978.0,8,1
88,88,13978.0,8,1
89,89,13978.0,8,1
90,90,13978.0,8,1
91,91,13977.0,9,1
92,92,13977.0,9,1
93,93,13975.0,11,1
94,94,13975.0,11,1
95,95,13975.0,11,1
96,96,13975.0,11,1
97,97,13975.0,11,1
98,98,13975.0,11,1
99,99,13975.0,11,1
100,100,13975.0,11,1
101,101,13974.0,12,1
102,102,13974.0,12,1
103,103,13974.0,12,1
104,104,13974.0,12,1
105,105,13974.0,12,1
106,106,13974.0,12,1
107,107,13974.0,12,1
108,108,13974.0,12,1
109,109,13974.0,12,1
110,110,13974.0,12,1
111,111,13973.0,13,1
112,112,13972.0,14,1
113,113,13971.0,15,1
114,114,13968.0,18,1
115,115,13968.0,18,1
116,116,13967.0,19,1
117,117,13965.0,21,1
118,118,13965.0,21,1
119,119,13965.0,21,1
120,120,13963.0,23,1
121,121,13963.0,23,1
122,122,13963.0,23,1
123,123,13962.0,24,1
124,124,13962.0,24,1
125,125,13962.0,24,1
126,126,13961.0,25,1
127,127,13960.0,26,1
128,128,13960.0,26,1
