,Days,S,I,D
0,0,39135.0,0,0
1,1,39135.0,0,0
2,2,39135.0,0,0
3,3,39135.0,0,0
4,4,39135.0,0,0
5,5,39135.0,0,0
6,6,39135.0,0,0
7,7,39135.0,0,0
8,8,39135.0,0,0
9,9,39135.0,0,0
10,10,39135.0,0,0
11,11,39135.0,0,0
12,12,39135.0,0,0
13,13,39135.0,0,0
14,14,39135.0,0,0
15,15,39135.0,0,0
16,16,39135.0,0,0
17,17,39135.0,0,0
18,18,39135.0,0,0
19,19,39135.0,0,0
20,20,39135.0,0,0
21,21,39135.0,0,0
22,22,39135.0,0,0
23,23,39135.0,0,0
24,24,39135.0,0,0
25,25,39135.0,0,0
26,26,39135.0,0,0
27,27,39135.0,0,0
28,28,39135.0,0,0
29,29,39135.0,0,0
30,30,39135.0,0,0
31,31,39135.0,0,0
32,32,39135.0,0,0
33,33,39135.0,0,0
34,34,39135.0,0,0
35,35,39135.0,0,0
36,36,39135.0,0,0
37,37,39135.0,0,0
38,38,39135.0,0,0
39,39,39135.0,0,0
40,40,39135.0,0,0
41,41,39135.0,0,0
42,42,39135.0,0,0
43,43,39135.0,0,0
44,44,39135.0,0,0
45,45,39135.0,0,0
46,46,39135.0,0,0
47,47,39135.0,0,0
48,48,39135.0,0,0
49,49,39135.0,0,0
50,50,39135.0,0,0
51,51,39135.0,0,0
52,52,39135.0,0,0
53,53,39135.0,0,0
54,54,39135.0,0,0
55,55,39135.0,0,0
56,56,39135.0,0,0
57,57,39135.0,0,0
58,58,39134.0,1,0
59,59,39134.0,1,0
60,60,39134.0,1,0
61,61,39134.0,1,0
62,62,39133.0,2,0
63,63,39133.0,2,0
64,64,39133.0,2,0
65,65,39133.0,2,0
66,66,39132.0,3,0
67,67,39132.0,3,0
68,68,39132.0,3,0
69,69,39132.0,3,0
70,70,39132.0,3,0
71,71,39132.0,3,0
72,72,39132.0,3,0
73,73,39132.0,3,0
74,74,39132.0,3,0
75,75,39132.0,3,0
76,76,39132.0,3,0
77,77,39132.0,3,0
78,78,39131.0,3,1
79,79,39122.0,12,1
80,80,39122.0,12,1
81,81,39119.0,15,1
82,82,39119.0,15,1
83,83,39119.0,15,1
84,84,39115.0,19,1
85,85,39112.0,22,1
86,86,39113.0,21,1
87,87,39113.0,21,1
88,88,39113.0,21,1
89,89,39113.0,21,1
90,90,39112.0,22,1
91,91,39112.0,22,1
92,92,39110.0,24,1
93,93,39108.0,26,1
94,94,39105.0,29,1
95,95,39103.0,31,1
96,96,39103.0,31,1
97,97,39103.0,31,1
98,98,39103.0,31,1
99,99,39100.0,34,1
100,100,39100.0,34,1
101,101,39100.0,34,1
102,102,39099.0,35,1
103,103,39099.0,35,1
104,104,39099.0,35,1
105,105,39099.0,35,1
106,106,39099.0,35,1
107,107,39098.0,36,1
108,108,39097.0,37,1
109,109,39097.0,37,1
110,110,39094.0,40,1
111,111,39091.0,43,1
112,112,39091.0,43,1
113,113,39091.0,43,1
114,114,39091.0,43,1
115,115,39088.0,46,1
116,116,39088.0,46,1
117,117,39088.0,46,1
118,118,39087.0,47,1
119,119,39086.0,48,1
120,120,39086.0,48,1
121,121,39086.0,48,1
122,122,39086.0,48,1
123,123,39086.0,48,1
124,124,39086.0,48,1
125,125,39086.0,48,1
126,126,39086.0,48,1
127,127,39086.0,48,1
128,128,39084.0,50,1
