,Days,S,I,D
0,0,4771.0,0,0
1,1,4771.0,0,0
2,2,4771.0,0,0
3,3,4771.0,0,0
4,4,4771.0,0,0
5,5,4771.0,0,0
6,6,4771.0,0,0
7,7,4771.0,0,0
8,8,4771.0,0,0
9,9,4771.0,0,0
10,10,4771.0,0,0
11,11,4771.0,0,0
12,12,4771.0,0,0
13,13,4771.0,0,0
14,14,4771.0,0,0
15,15,4771.0,0,0
16,16,4771.0,0,0
17,17,4771.0,0,0
18,18,4771.0,0,0
19,19,4771.0,0,0
20,20,4771.0,0,0
21,21,4771.0,0,0
22,22,4771.0,0,0
23,23,4771.0,0,0
24,24,4771.0,0,0
25,25,4771.0,0,0
26,26,4771.0,0,0
27,27,4771.0,0,0
28,28,4771.0,0,0
29,29,4771.0,0,0
30,30,4771.0,0,0
31,31,4771.0,0,0
32,32,4771.0,0,0
33,33,4771.0,0,0
34,34,4771.0,0,0
35,35,4771.0,0,0
36,36,4771.0,0,0
37,37,4771.0,0,0
38,38,4771.0,0,0
39,39,4771.0,0,0
40,40,4771.0,0,0
41,41,4771.0,0,0
42,42,4771.0,0,0
43,43,4771.0,0,0
44,44,4771.0,0,0
45,45,4771.0,0,0
46,46,4771.0,0,0
47,47,4771.0,0,0
48,48,4771.0,0,0
49,49,4771.0,0,0
50,50,4771.0,0,0
51,51,4771.0,0,0
52,52,4771.0,0,0
53,53,4771.0,0,0
54,54,4771.0,0,0
55,55,4771.0,0,0
56,56,4771.0,0,0
57,57,4771.0,0,0
58,58,4771.0,0,0
59,59,4771.0,0,0
60,60,4771.0,0,0
61,61,4771.0,0,0
62,62,4771.0,0,0
63,63,4771.0,0,0
64,64,4771.0,0,0
65,65,4771.0,0,0
66,66,4771.0,0,0
67,67,4771.0,0,0
68,68,4771.0,0,0
69,69,4771.0,0,0
70,70,4771.0,0,0
71,71,4771.0,0,0
72,72,4771.0,0,0
73,73,4771.0,0,0
74,74,4771.0,0,0
75,75,4771.0,0,0
76,76,4771.0,0,0
77,77,4771.0,0,0
78,78,4771.0,0,0
79,79,4771.0,0,0
80,80,4771.0,0,0
81,81,4771.0,0,0
82,82,4771.0,0,0
83,83,4771.0,0,0
84,84,4771.0,0,0
85,85,4771.0,0,0
86,86,4771.0,0,0
87,87,4771.0,0,0
88,88,4771.0,0,0
89,89,4771.0,0,0
90,90,4771.0,0,0
91,91,4771.0,0,0
92,92,4770.0,1,0
93,93,4770.0,1,0
94,94,4770.0,1,0
95,95,4770.0,1,0
96,96,4769.0,2,0
97,97,4769.0,2,0
98,98,4769.0,2,0
99,99,4769.0,2,0
100,100,4768.0,2,1
101,101,4768.0,2,1
102,102,4768.0,2,1
103,103,4768.0,2,1
104,104,4768.0,2,1
105,105,4768.0,2,1
106,106,4768.0,2,1
107,107,4767.0,3,1
108,108,4767.0,3,1
109,109,4767.0,3,1
110,110,4767.0,3,1
111,111,4767.0,3,1
112,112,4767.0,3,1
113,113,4767.0,3,1
114,114,4767.0,3,1
115,115,4767.0,3,1
116,116,4767.0,3,1
117,117,4767.0,3,1
118,118,4767.0,3,1
119,119,4767.0,3,1
120,120,4765.0,5,1
121,121,4765.0,5,1
122,122,4765.0,5,1
123,123,4765.0,5,1
124,124,4765.0,5,1
125,125,4765.0,5,1
126,126,4765.0,5,1
127,127,4765.0,5,1
128,128,4765.0,5,1
