,Days,S,I,D
0,0,88690.0,0,0
1,1,88690.0,0,0
2,2,88690.0,0,0
3,3,88690.0,0,0
4,4,88690.0,0,0
5,5,88690.0,0,0
6,6,88690.0,0,0
7,7,88690.0,0,0
8,8,88690.0,0,0
9,9,88690.0,0,0
10,10,88690.0,0,0
11,11,88690.0,0,0
12,12,88690.0,0,0
13,13,88690.0,0,0
14,14,88690.0,0,0
15,15,88690.0,0,0
16,16,88690.0,0,0
17,17,88690.0,0,0
18,18,88690.0,0,0
19,19,88690.0,0,0
20,20,88690.0,0,0
21,21,88690.0,0,0
22,22,88690.0,0,0
23,23,88690.0,0,0
24,24,88690.0,0,0
25,25,88690.0,0,0
26,26,88690.0,0,0
27,27,88690.0,0,0
28,28,88690.0,0,0
29,29,88690.0,0,0
30,30,88690.0,0,0
31,31,88690.0,0,0
32,32,88690.0,0,0
33,33,88690.0,0,0
34,34,88690.0,0,0
35,35,88690.0,0,0
36,36,88690.0,0,0
37,37,88690.0,0,0
38,38,88690.0,0,0
39,39,88690.0,0,0
40,40,88690.0,0,0
41,41,88690.0,0,0
42,42,88690.0,0,0
43,43,88690.0,0,0
44,44,88690.0,0,0
45,45,88690.0,0,0
46,46,88690.0,0,0
47,47,88690.0,0,0
48,48,88690.0,0,0
49,49,88690.0,0,0
50,50,88690.0,0,0
51,51,88690.0,0,0
52,52,88690.0,0,0
53,53,88690.0,0,0
54,54,88690.0,0,0
55,55,88689.0,1,0
56,56,88689.0,1,0
57,57,88689.0,1,0
58,58,88689.0,1,0
59,59,88689.0,1,0
60,60,88687.0,3,0
61,61,88687.0,3,0
62,62,88686.0,4,0
63,63,88684.0,6,0
64,64,88684.0,6,0
65,65,88681.0,9,0
66,66,88680.0,10,0
67,67,88677.0,13,0
68,68,88676.0,14,0
69,69,88675.0,15,0
70,70,88673.0,17,0
71,71,88671.0,19,0
72,72,88667.0,23,0
73,73,88665.0,25,0
74,74,88662.0,28,0
75,75,88660.0,30,0
76,76,88660.0,30,0
77,77,88655.0,35,0
78,78,88653.0,37,0
79,79,88653.0,37,0
80,80,88651.0,39,0
81,81,88648.0,42,0
82,82,88647.0,43,0
83,83,88645.0,45,0
84,84,88641.0,49,0
85,85,88641.0,49,0
86,86,88638.0,52,0
87,87,88637.0,53,0
88,88,88636.0,54,0
89,89,88633.0,57,0
90,90,88631.0,59,0
91,91,88628.0,62,0
92,92,88628.0,62,0
93,93,88627.0,63,0
94,94,88627.0,63,0
95,95,88626.0,64,0
96,96,88622.0,68,0
97,97,88620.0,70,0
98,98,88620.0,70,0
99,99,88618.0,72,0
100,100,88617.0,73,0
101,101,88617.0,73,0
102,102,88614.0,76,0
103,103,88614.0,76,0
104,104,88614.0,76,0
105,105,88612.0,77,1
106,106,88611.0,78,1
107,107,88610.0,79,1
108,108,88608.0,81,1
109,109,88607.0,82,1
110,110,88605.0,84,1
111,111,88603.0,86,1
112,112,88602.0,87,1
113,113,88601.0,88,1
114,114,88601.0,88,1
115,115,88599.0,90,1
116,116,88599.0,90,1
117,117,88598.0,91,1
118,118,88598.0,91,1
119,119,88594.0,95,1
120,120,88591.0,98,1
121,121,88591.0,98,1
122,122,88589.0,100,1
123,123,88587.0,102,1
124,124,88585.0,104,1
125,125,88583.0,106,1
126,126,88581.0,108,1
127,127,88573.0,116,1
128,128,88571.0,118,1
