,Days,S,I,D
0,0,39316.0,0,0
1,1,39316.0,0,0
2,2,39316.0,0,0
3,3,39316.0,0,0
4,4,39316.0,0,0
5,5,39316.0,0,0
6,6,39316.0,0,0
7,7,39316.0,0,0
8,8,39316.0,0,0
9,9,39316.0,0,0
10,10,39316.0,0,0
11,11,39316.0,0,0
12,12,39316.0,0,0
13,13,39316.0,0,0
14,14,39316.0,0,0
15,15,39316.0,0,0
16,16,39316.0,0,0
17,17,39316.0,0,0
18,18,39316.0,0,0
19,19,39316.0,0,0
20,20,39316.0,0,0
21,21,39316.0,0,0
22,22,39316.0,0,0
23,23,39316.0,0,0
24,24,39316.0,0,0
25,25,39316.0,0,0
26,26,39316.0,0,0
27,27,39316.0,0,0
28,28,39316.0,0,0
29,29,39316.0,0,0
30,30,39316.0,0,0
31,31,39316.0,0,0
32,32,39316.0,0,0
33,33,39316.0,0,0
34,34,39316.0,0,0
35,35,39316.0,0,0
36,36,39316.0,0,0
37,37,39316.0,0,0
38,38,39316.0,0,0
39,39,39316.0,0,0
40,40,39316.0,0,0
41,41,39316.0,0,0
42,42,39316.0,0,0
43,43,39316.0,0,0
44,44,39316.0,0,0
45,45,39316.0,0,0
46,46,39316.0,0,0
47,47,39316.0,0,0
48,48,39316.0,0,0
49,49,39316.0,0,0
50,50,39316.0,0,0
51,51,39316.0,0,0
52,52,39316.0,0,0
53,53,39316.0,0,0
54,54,39316.0,0,0
55,55,39316.0,0,0
56,56,39316.0,0,0
57,57,39316.0,0,0
58,58,39316.0,0,0
59,59,39316.0,0,0
60,60,39315.0,1,0
61,61,39315.0,1,0
62,62,39315.0,1,0
63,63,39314.0,2,0
64,64,39314.0,2,0
65,65,39314.0,2,0
66,66,39314.0,2,0
67,67,39314.0,2,0
68,68,39313.0,3,0
69,69,39313.0,3,0
70,70,39312.0,4,0
71,71,39310.0,6,0
72,72,39309.0,7,0
73,73,39307.0,9,0
74,74,39307.0,9,0
75,75,39303.0,13,0
76,76,39303.0,13,0
77,77,39303.0,13,0
78,78,39302.0,14,0
79,79,39302.0,14,0
80,80,39302.0,14,0
81,81,39302.0,14,0
82,82,39302.0,14,0
83,83,39302.0,14,0
84,84,39301.0,15,0
85,85,39301.0,15,0
86,86,39299.0,17,0
87,87,39298.0,18,0
88,88,39296.0,20,0
89,89,39296.0,20,0
90,90,39296.0,20,0
91,91,39289.0,27,0
92,92,39288.0,28,0
93,93,39288.0,28,0
94,94,39286.0,30,0
95,95,39286.0,30,0
96,96,39286.0,30,0
97,97,39286.0,30,0
98,98,39284.0,32,0
99,99,39277.0,39,0
100,100,39274.0,42,0
101,101,39265.0,51,0
102,102,39257.0,59,0
103,103,39251.0,65,0
104,104,39245.0,71,0
105,105,39240.0,76,0
106,106,39223.0,93,0
107,107,39209.0,107,0
108,108,39206.0,110,0
109,109,39196.0,120,0
110,110,39189.0,127,0
111,111,39184.0,132,0
112,112,39173.0,143,0
113,113,39162.0,154,0
114,114,39143.0,173,0
115,115,39122.0,194,0
116,116,39120.0,196,0
117,117,39116.0,200,0
118,118,39111.0,205,0
119,119,39105.0,211,0
120,120,39095.0,221,0
121,121,39081.0,235,0
122,122,39072.0,244,0
123,123,39067.0,249,0
124,124,39067.0,249,0
125,125,39057.0,259,0
126,126,39054.0,261,1
127,127,39049.0,266,1
128,128,39046.0,269,1
