,Days,S,I,D
0,0,8915.0,0,0
1,1,8915.0,0,0
2,2,8915.0,0,0
3,3,8915.0,0,0
4,4,8915.0,0,0
5,5,8915.0,0,0
6,6,8915.0,0,0
7,7,8915.0,0,0
8,8,8915.0,0,0
9,9,8915.0,0,0
10,10,8915.0,0,0
11,11,8915.0,0,0
12,12,8915.0,0,0
13,13,8915.0,0,0
14,14,8915.0,0,0
15,15,8915.0,0,0
16,16,8915.0,0,0
17,17,8915.0,0,0
18,18,8915.0,0,0
19,19,8915.0,0,0
20,20,8915.0,0,0
21,21,8915.0,0,0
22,22,8915.0,0,0
23,23,8915.0,0,0
24,24,8915.0,0,0
25,25,8915.0,0,0
26,26,8915.0,0,0
27,27,8915.0,0,0
28,28,8915.0,0,0
29,29,8915.0,0,0
30,30,8915.0,0,0
31,31,8915.0,0,0
32,32,8915.0,0,0
33,33,8915.0,0,0
34,34,8915.0,0,0
35,35,8915.0,0,0
36,36,8915.0,0,0
37,37,8915.0,0,0
38,38,8915.0,0,0
39,39,8915.0,0,0
40,40,8915.0,0,0
41,41,8915.0,0,0
42,42,8915.0,0,0
43,43,8915.0,0,0
44,44,8915.0,0,0
45,45,8915.0,0,0
46,46,8915.0,0,0
47,47,8915.0,0,0
48,48,8915.0,0,0
49,49,8915.0,0,0
50,50,8915.0,0,0
51,51,8915.0,0,0
52,52,8915.0,0,0
53,53,8915.0,0,0
54,54,8915.0,0,0
55,55,8915.0,0,0
56,56,8915.0,0,0
57,57,8915.0,0,0
58,58,8915.0,0,0
59,59,8915.0,0,0
60,60,8915.0,0,0
61,61,8915.0,0,0
62,62,8915.0,0,0
63,63,8915.0,0,0
64,64,8915.0,0,0
65,65,8915.0,0,0
66,66,8915.0,0,0
67,67,8915.0,0,0
68,68,8915.0,0,0
69,69,8915.0,0,0
70,70,8915.0,0,0
71,71,8914.0,1,0
72,72,8914.0,1,0
73,73,8914.0,1,0
74,74,8914.0,1,0
75,75,8914.0,1,0
76,76,8914.0,1,0
77,77,8914.0,1,0
78,78,8914.0,1,0
79,79,8914.0,1,0
80,80,8914.0,1,0
81,81,8912.0,3,0
82,82,8912.0,3,0
83,83,8912.0,3,0
84,84,8912.0,3,0
85,85,8912.0,3,0
86,86,8912.0,3,0
87,87,8912.0,3,0
88,88,8912.0,3,0
89,89,8911.0,3,1
90,90,8911.0,3,1
91,91,8911.0,3,1
92,92,8911.0,3,1
93,93,8911.0,3,1
94,94,8911.0,3,1
95,95,8911.0,3,1
96,96,8911.0,3,1
97,97,8910.0,4,1
98,98,8910.0,4,1
99,99,8910.0,4,1
100,100,8910.0,4,1
101,101,8910.0,4,1
102,102,8910.0,4,1
103,103,8910.0,4,1
104,104,8910.0,4,1
105,105,8910.0,4,1
106,106,8910.0,4,1
107,107,8910.0,4,1
108,108,8910.0,4,1
109,109,8910.0,4,1
110,110,8910.0,4,1
111,111,8910.0,4,1
112,112,8910.0,4,1
113,113,8910.0,4,1
114,114,8910.0,4,1
115,115,8910.0,4,1
116,116,8910.0,4,1
117,117,8910.0,4,1
118,118,8910.0,4,1
119,119,8910.0,4,1
120,120,8910.0,4,1
121,121,8909.0,5,1
122,122,8909.0,5,1
123,123,8909.0,5,1
124,124,8909.0,5,1
125,125,8909.0,5,1
126,126,8909.0,5,1
127,127,8909.0,5,1
128,128,8908.0,6,1
