,Days,S,I,D
0,0,45851.0,0,0
1,1,45851.0,0,0
2,2,45851.0,0,0
3,3,45851.0,0,0
4,4,45851.0,0,0
5,5,45851.0,0,0
6,6,45851.0,0,0
7,7,45851.0,0,0
8,8,45851.0,0,0
9,9,45851.0,0,0
10,10,45851.0,0,0
11,11,45851.0,0,0
12,12,45851.0,0,0
13,13,45851.0,0,0
14,14,45851.0,0,0
15,15,45851.0,0,0
16,16,45851.0,0,0
17,17,45851.0,0,0
18,18,45851.0,0,0
19,19,45851.0,0,0
20,20,45851.0,0,0
21,21,45851.0,0,0
22,22,45851.0,0,0
23,23,45851.0,0,0
24,24,45851.0,0,0
25,25,45851.0,0,0
26,26,45851.0,0,0
27,27,45851.0,0,0
28,28,45851.0,0,0
29,29,45851.0,0,0
30,30,45851.0,0,0
31,31,45851.0,0,0
32,32,45851.0,0,0
33,33,45851.0,0,0
34,34,45851.0,0,0
35,35,45851.0,0,0
36,36,45851.0,0,0
37,37,45851.0,0,0
38,38,45851.0,0,0
39,39,45851.0,0,0
40,40,45851.0,0,0
41,41,45851.0,0,0
42,42,45851.0,0,0
43,43,45851.0,0,0
44,44,45851.0,0,0
45,45,45851.0,0,0
46,46,45851.0,0,0
47,47,45851.0,0,0
48,48,45851.0,0,0
49,49,45851.0,0,0
50,50,45851.0,0,0
51,51,45851.0,0,0
52,52,45850.0,1,0
53,53,45850.0,1,0
54,54,45850.0,1,0
55,55,45850.0,1,0
56,56,45850.0,1,0
57,57,45850.0,1,0
58,58,45850.0,1,0
59,59,45850.0,1,0
60,60,45850.0,1,0
61,61,45850.0,1,0
62,62,45849.0,2,0
63,63,45849.0,2,0
64,64,45849.0,2,0
65,65,45849.0,2,0
66,66,45849.0,2,0
67,67,45849.0,2,0
68,68,45849.0,2,0
69,69,45849.0,2,0
70,70,45849.0,2,0
71,71,45849.0,2,0
72,72,45849.0,2,0
73,73,45849.0,2,0
74,74,45849.0,2,0
75,75,45849.0,2,0
76,76,45849.0,2,0
77,77,45845.0,6,0
78,78,45842.0,9,0
79,79,45841.0,10,0
80,80,45838.0,13,0
81,81,45838.0,13,0
82,82,45838.0,13,0
83,83,45838.0,13,0
84,84,45838.0,13,0
85,85,45838.0,13,0
86,86,45838.0,13,0
87,87,45838.0,13,0
88,88,45838.0,13,0
89,89,45838.0,13,0
90,90,45838.0,13,0
91,91,45837.0,14,0
92,92,45837.0,14,0
93,93,45834.0,17,0
94,94,45834.0,17,0
95,95,45832.0,19,0
96,96,45832.0,19,0
97,97,45831.0,20,0
98,98,45830.0,21,0
99,99,45829.0,22,0
100,100,45828.0,23,0
101,101,45828.0,23,0
102,102,45827.0,24,0
103,103,45827.0,24,0
104,104,45827.0,24,0
105,105,45827.0,24,0
106,106,45823.0,28,0
107,107,45822.0,29,0
108,108,45821.0,30,0
109,109,45821.0,30,0
110,110,45820.0,31,0
111,111,45820.0,31,0
112,112,45820.0,31,0
113,113,45819.0,32,0
114,114,45819.0,32,0
115,115,45819.0,32,0
116,116,45819.0,32,0
117,117,45818.0,33,0
118,118,45817.0,34,0
119,119,45817.0,34,0
120,120,45816.0,35,0
121,121,45816.0,35,0
122,122,45816.0,35,0
123,123,45816.0,35,0
124,124,45816.0,35,0
125,125,45815.0,36,0
126,126,45813.0,38,0
127,127,45813.0,38,0
128,128,45810.0,41,0
