,Days,S,I,D
0,0,22482.0,0,0
1,1,22482.0,0,0
2,2,22482.0,0,0
3,3,22482.0,0,0
4,4,22482.0,0,0
5,5,22482.0,0,0
6,6,22482.0,0,0
7,7,22482.0,0,0
8,8,22482.0,0,0
9,9,22482.0,0,0
10,10,22482.0,0,0
11,11,22482.0,0,0
12,12,22482.0,0,0
13,13,22482.0,0,0
14,14,22482.0,0,0
15,15,22482.0,0,0
16,16,22482.0,0,0
17,17,22482.0,0,0
18,18,22482.0,0,0
19,19,22482.0,0,0
20,20,22482.0,0,0
21,21,22482.0,0,0
22,22,22482.0,0,0
23,23,22482.0,0,0
24,24,22482.0,0,0
25,25,22482.0,0,0
26,26,22482.0,0,0
27,27,22482.0,0,0
28,28,22482.0,0,0
29,29,22482.0,0,0
30,30,22482.0,0,0
31,31,22482.0,0,0
32,32,22482.0,0,0
33,33,22482.0,0,0
34,34,22482.0,0,0
35,35,22482.0,0,0
36,36,22482.0,0,0
37,37,22482.0,0,0
38,38,22482.0,0,0
39,39,22482.0,0,0
40,40,22482.0,0,0
41,41,22482.0,0,0
42,42,22482.0,0,0
43,43,22482.0,0,0
44,44,22482.0,0,0
45,45,22482.0,0,0
46,46,22482.0,0,0
47,47,22482.0,0,0
48,48,22482.0,0,0
49,49,22482.0,0,0
50,50,22482.0,0,0
51,51,22482.0,0,0
52,52,22482.0,0,0
53,53,22482.0,0,0
54,54,22482.0,0,0
55,55,22482.0,0,0
56,56,22482.0,0,0
57,57,22482.0,0,0
58,58,22482.0,0,0
59,59,22482.0,0,0
60,60,22482.0,0,0
61,61,22481.0,1,0
62,62,22481.0,1,0
63,63,22481.0,1,0
64,64,22481.0,1,0
65,65,22481.0,1,0
66,66,22481.0,1,0
67,67,22480.0,2,0
68,68,22480.0,2,0
69,69,22480.0,2,0
70,70,22479.0,3,0
71,71,22477.0,5,0
72,72,22477.0,5,0
73,73,22474.0,8,0
74,74,22474.0,8,0
75,75,22472.0,10,0
76,76,22472.0,10,0
77,77,22472.0,10,0
78,78,22472.0,10,0
79,79,22471.0,11,0
80,80,22471.0,11,0
81,81,22471.0,11,0
82,82,22471.0,11,0
83,83,22471.0,11,0
84,84,22471.0,11,0
85,85,22471.0,11,0
86,86,22471.0,11,0
87,87,22471.0,11,0
88,88,22471.0,11,0
89,89,22471.0,11,0
90,90,22471.0,11,0
91,91,22471.0,11,0
92,92,22471.0,11,0
93,93,22471.0,11,0
94,94,22471.0,11,0
95,95,22471.0,11,0
96,96,22470.0,12,0
97,97,22470.0,12,0
98,98,22470.0,12,0
99,99,22469.0,13,0
100,100,22468.0,14,0
101,101,22467.0,15,0
102,102,22467.0,15,0
103,103,22465.0,17,0
104,104,22465.0,17,0
105,105,22465.0,17,0
106,106,22465.0,17,0
107,107,22465.0,17,0
108,108,22464.0,18,0
109,109,22464.0,18,0
110,110,22464.0,18,0
111,111,22463.0,18,1
112,112,22463.0,18,1
113,113,22463.0,18,1
114,114,22461.0,20,1
115,115,22461.0,20,1
116,116,22460.0,21,1
117,117,22459.0,22,1
118,118,22459.0,22,1
119,119,22459.0,22,1
120,120,22455.0,26,1
121,121,22455.0,26,1
122,122,22455.0,26,1
123,123,22455.0,26,1
124,124,22454.0,27,1
125,125,22454.0,27,1
126,126,22453.0,28,1
127,127,22453.0,28,1
128,128,22453.0,28,1
