,Days,S,I,D
0,0,136349.0,0,0
1,1,136349.0,0,0
2,2,136349.0,0,0
3,3,136349.0,0,0
4,4,136349.0,0,0
5,5,136349.0,0,0
6,6,136349.0,0,0
7,7,136349.0,0,0
8,8,136349.0,0,0
9,9,136349.0,0,0
10,10,136349.0,0,0
11,11,136349.0,0,0
12,12,136349.0,0,0
13,13,136349.0,0,0
14,14,136349.0,0,0
15,15,136349.0,0,0
16,16,136349.0,0,0
17,17,136349.0,0,0
18,18,136349.0,0,0
19,19,136349.0,0,0
20,20,136349.0,0,0
21,21,136349.0,0,0
22,22,136349.0,0,0
23,23,136349.0,0,0
24,24,136349.0,0,0
25,25,136349.0,0,0
26,26,136349.0,0,0
27,27,136349.0,0,0
28,28,136349.0,0,0
29,29,136349.0,0,0
30,30,136349.0,0,0
31,31,136349.0,0,0
32,32,136349.0,0,0
33,33,136349.0,0,0
34,34,136349.0,0,0
35,35,136349.0,0,0
36,36,136349.0,0,0
37,37,136349.0,0,0
38,38,136349.0,0,0
39,39,136349.0,0,0
40,40,136349.0,0,0
41,41,136349.0,0,0
42,42,136349.0,0,0
43,43,136349.0,0,0
44,44,136349.0,0,0
45,45,136349.0,0,0
46,46,136349.0,0,0
47,47,136349.0,0,0
48,48,136349.0,0,0
49,49,136349.0,0,0
50,50,136349.0,0,0
51,51,136348.0,1,0
52,52,136348.0,1,0
53,53,136348.0,1,0
54,54,136348.0,1,0
55,55,136348.0,1,0
56,56,136348.0,1,0
57,57,136347.0,2,0
58,58,136347.0,2,0
59,59,136346.0,3,0
60,60,136346.0,3,0
61,61,136346.0,3,0
62,62,136346.0,3,0
63,63,136346.0,3,0
64,64,136344.0,5,0
65,65,136344.0,5,0
66,66,136344.0,5,0
67,67,136343.0,6,0
68,68,136343.0,6,0
69,69,136343.0,6,0
70,70,136343.0,6,0
71,71,136342.0,7,0
72,72,136342.0,7,0
73,73,136341.0,8,0
74,74,136340.0,9,0
75,75,136340.0,9,0
76,76,136337.0,12,0
77,77,136337.0,12,0
78,78,136337.0,12,0
79,79,136337.0,12,0
80,80,136332.0,16,1
81,81,136331.0,17,1
82,82,136331.0,17,1
83,83,136329.0,19,1
84,84,136327.0,21,1
85,85,136327.0,21,1
86,86,136325.0,23,1
87,87,136325.0,23,1
88,88,136323.0,25,1
89,89,136323.0,25,1
90,90,136321.0,27,1
91,91,136318.0,30,1
92,92,136316.0,32,1
93,93,136316.0,32,1
94,94,136315.0,33,1
95,95,136315.0,33,1
96,96,136314.0,34,1
97,97,136313.0,35,1
98,98,136308.0,40,1
99,99,136306.0,42,1
100,100,136305.0,43,1
101,101,136300.0,48,1
102,102,136298.0,50,1
103,103,136294.0,54,1
104,104,136288.0,60,1
105,105,136279.0,69,1
106,106,136275.0,73,1
107,107,136265.0,83,1
108,108,136256.0,92,1
109,109,136246.0,102,1
110,110,136238.0,110,1
111,111,136229.0,119,1
112,112,136224.0,124,1
113,113,136218.0,130,1
114,114,136208.0,140,1
115,115,136196.0,152,1
116,116,136186.0,162,1
117,117,136176.0,172,1
118,118,136166.0,182,1
119,119,136150.0,198,1
120,120,136148.0,200,1
121,121,136135.0,213,1
122,122,136117.0,231,1
123,123,136108.0,240,1
124,124,136095.0,253,1
125,125,136085.0,263,1
126,126,136079.0,269,1
127,127,136068.0,280,1
128,128,136061.0,287,1
