,Days,S,I,D
0,0,23023.0,0,0
1,1,23023.0,0,0
2,2,23023.0,0,0
3,3,23023.0,0,0
4,4,23023.0,0,0
5,5,23023.0,0,0
6,6,23023.0,0,0
7,7,23023.0,0,0
8,8,23023.0,0,0
9,9,23023.0,0,0
10,10,23023.0,0,0
11,11,23023.0,0,0
12,12,23023.0,0,0
13,13,23023.0,0,0
14,14,23023.0,0,0
15,15,23023.0,0,0
16,16,23023.0,0,0
17,17,23023.0,0,0
18,18,23023.0,0,0
19,19,23023.0,0,0
20,20,23023.0,0,0
21,21,23023.0,0,0
22,22,23023.0,0,0
23,23,23023.0,0,0
24,24,23023.0,0,0
25,25,23023.0,0,0
26,26,23023.0,0,0
27,27,23023.0,0,0
28,28,23023.0,0,0
29,29,23023.0,0,0
30,30,23023.0,0,0
31,31,23023.0,0,0
32,32,23023.0,0,0
33,33,23023.0,0,0
34,34,23023.0,0,0
35,35,23023.0,0,0
36,36,23023.0,0,0
37,37,23023.0,0,0
38,38,23023.0,0,0
39,39,23023.0,0,0
40,40,23023.0,0,0
41,41,23023.0,0,0
42,42,23023.0,0,0
43,43,23023.0,0,0
44,44,23023.0,0,0
45,45,23023.0,0,0
46,46,23023.0,0,0
47,47,23023.0,0,0
48,48,23023.0,0,0
49,49,23023.0,0,0
50,50,23023.0,0,0
51,51,23023.0,0,0
52,52,23023.0,0,0
53,53,23023.0,0,0
54,54,23023.0,0,0
55,55,23023.0,0,0
56,56,23023.0,0,0
57,57,23023.0,0,0
58,58,23023.0,0,0
59,59,23023.0,0,0
60,60,23023.0,0,0
61,61,23023.0,0,0
62,62,23023.0,0,0
63,63,23023.0,0,0
64,64,23022.0,1,0
65,65,23022.0,1,0
66,66,23021.0,2,0
67,67,23021.0,2,0
68,68,23020.0,3,0
69,69,23020.0,3,0
70,70,23020.0,3,0
71,71,23020.0,3,0
72,72,23020.0,3,0
73,73,23020.0,3,0
74,74,23020.0,3,0
75,75,23020.0,3,0
76,76,23020.0,3,0
77,77,23020.0,3,0
78,78,23020.0,3,0
79,79,23019.0,4,0
80,80,23019.0,4,0
81,81,23019.0,4,0
82,82,23019.0,4,0
83,83,23018.0,5,0
84,84,23016.0,7,0
85,85,23013.0,10,0
86,86,23013.0,10,0
87,87,23013.0,10,0
88,88,23013.0,10,0
89,89,23011.0,12,0
90,90,23011.0,12,0
91,91,23010.0,13,0
92,92,23007.0,16,0
93,93,23007.0,16,0
94,94,23006.0,17,0
95,95,23006.0,17,0
96,96,23006.0,17,0
97,97,23006.0,17,0
98,98,23006.0,17,0
99,99,23004.0,18,1
100,100,23003.0,19,1
101,101,23002.0,20,1
102,102,23001.0,21,1
103,103,23000.0,22,1
104,104,22999.0,23,1
105,105,22998.0,24,1
106,106,22998.0,24,1
107,107,22996.0,26,1
108,108,22996.0,26,1
109,109,22996.0,26,1
110,110,22994.0,28,1
111,111,22994.0,28,1
112,112,22993.0,29,1
113,113,22992.0,30,1
114,114,22991.0,31,1
115,115,22991.0,31,1
116,116,22989.0,33,1
117,117,22989.0,33,1
118,118,22989.0,33,1
119,119,22987.0,35,1
120,120,22987.0,35,1
121,121,22987.0,35,1
122,122,22986.0,36,1
123,123,22986.0,36,1
124,124,22983.0,39,1
125,125,22983.0,39,1
126,126,22981.0,41,1
127,127,22977.0,45,1
128,128,22976.0,46,1
