,Days,S,I,D
0,0,16226.0,0,0
1,1,16226.0,0,0
2,2,16226.0,0,0
3,3,16226.0,0,0
4,4,16226.0,0,0
5,5,16226.0,0,0
6,6,16226.0,0,0
7,7,16226.0,0,0
8,8,16226.0,0,0
9,9,16226.0,0,0
10,10,16226.0,0,0
11,11,16226.0,0,0
12,12,16226.0,0,0
13,13,16226.0,0,0
14,14,16226.0,0,0
15,15,16226.0,0,0
16,16,16226.0,0,0
17,17,16226.0,0,0
18,18,16226.0,0,0
19,19,16226.0,0,0
20,20,16226.0,0,0
21,21,16226.0,0,0
22,22,16226.0,0,0
23,23,16226.0,0,0
24,24,16226.0,0,0
25,25,16226.0,0,0
26,26,16226.0,0,0
27,27,16226.0,0,0
28,28,16226.0,0,0
29,29,16226.0,0,0
30,30,16226.0,0,0
31,31,16226.0,0,0
32,32,16226.0,0,0
33,33,16226.0,0,0
34,34,16226.0,0,0
35,35,16226.0,0,0
36,36,16226.0,0,0
37,37,16226.0,0,0
38,38,16226.0,0,0
39,39,16226.0,0,0
40,40,16226.0,0,0
41,41,16226.0,0,0
42,42,16226.0,0,0
43,43,16226.0,0,0
44,44,16226.0,0,0
45,45,16226.0,0,0
46,46,16226.0,0,0
47,47,16226.0,0,0
48,48,16226.0,0,0
49,49,16226.0,0,0
50,50,16226.0,0,0
51,51,16226.0,0,0
52,52,16226.0,0,0
53,53,16226.0,0,0
54,54,16226.0,0,0
55,55,16226.0,0,0
56,56,16226.0,0,0
57,57,16226.0,0,0
58,58,16226.0,0,0
59,59,16226.0,0,0
60,60,16226.0,0,0
61,61,16226.0,0,0
62,62,16226.0,0,0
63,63,16226.0,0,0
64,64,16226.0,0,0
65,65,16226.0,0,0
66,66,16226.0,0,0
67,67,16226.0,0,0
68,68,16225.0,1,0
69,69,16225.0,1,0
70,70,16225.0,1,0
71,71,16225.0,1,0
72,72,16224.0,1,1
73,73,16224.0,1,1
74,74,16224.0,1,1
75,75,16224.0,1,1
76,76,16224.0,1,1
77,77,16223.0,2,1
78,78,16223.0,2,1
79,79,16223.0,2,1
80,80,16223.0,2,1
81,81,16223.0,2,1
82,82,16222.0,3,1
83,83,16222.0,3,1
84,84,16219.0,6,1
85,85,16218.0,7,1
86,86,16217.0,8,1
87,87,16217.0,8,1
88,88,16217.0,8,1
89,89,16215.0,10,1
90,90,16212.0,13,1
91,91,16211.0,14,1
92,92,16211.0,14,1
93,93,16211.0,14,1
94,94,16211.0,14,1
95,95,16211.0,14,1
96,96,16211.0,14,1
97,97,16211.0,14,1
98,98,16211.0,14,1
99,99,16211.0,14,1
100,100,16210.0,15,1
101,101,16210.0,15,1
102,102,16210.0,15,1
103,103,16209.0,16,1
104,104,16209.0,16,1
105,105,16209.0,16,1
106,106,16209.0,16,1
107,107,16209.0,16,1
108,108,16209.0,16,1
109,109,16208.0,17,1
110,110,16208.0,17,1
111,111,16208.0,17,1
112,112,16208.0,17,1
113,113,16208.0,17,1
114,114,16205.0,20,1
115,115,16205.0,20,1
116,116,16205.0,20,1
117,117,16205.0,20,1
118,118,16205.0,20,1
119,119,16205.0,20,1
120,120,16204.0,21,1
121,121,16199.0,26,1
122,122,16198.0,27,1
123,123,16198.0,27,1
124,124,16198.0,27,1
125,125,16198.0,27,1
126,126,16198.0,27,1
127,127,16197.0,28,1
128,128,16197.0,28,1
