,Days,S,I,D
0,0,47291.0,0,0
1,1,47291.0,0,0
2,2,47291.0,0,0
3,3,47291.0,0,0
4,4,47291.0,0,0
5,5,47291.0,0,0
6,6,47291.0,0,0
7,7,47291.0,0,0
8,8,47291.0,0,0
9,9,47291.0,0,0
10,10,47291.0,0,0
11,11,47291.0,0,0
12,12,47291.0,0,0
13,13,47291.0,0,0
14,14,47291.0,0,0
15,15,47291.0,0,0
16,16,47291.0,0,0
17,17,47291.0,0,0
18,18,47291.0,0,0
19,19,47291.0,0,0
20,20,47291.0,0,0
21,21,47291.0,0,0
22,22,47291.0,0,0
23,23,47291.0,0,0
24,24,47291.0,0,0
25,25,47291.0,0,0
26,26,47291.0,0,0
27,27,47291.0,0,0
28,28,47291.0,0,0
29,29,47291.0,0,0
30,30,47291.0,0,0
31,31,47291.0,0,0
32,32,47291.0,0,0
33,33,47291.0,0,0
34,34,47291.0,0,0
35,35,47291.0,0,0
36,36,47291.0,0,0
37,37,47291.0,0,0
38,38,47291.0,0,0
39,39,47291.0,0,0
40,40,47291.0,0,0
41,41,47291.0,0,0
42,42,47291.0,0,0
43,43,47291.0,0,0
44,44,47291.0,0,0
45,45,47291.0,0,0
46,46,47291.0,0,0
47,47,47291.0,0,0
48,48,47291.0,0,0
49,49,47291.0,0,0
50,50,47291.0,0,0
51,51,47291.0,0,0
52,52,47291.0,0,0
53,53,47291.0,0,0
54,54,47291.0,0,0
55,55,47291.0,0,0
56,56,47291.0,0,0
57,57,47290.0,1,0
58,58,47290.0,1,0
59,59,47290.0,1,0
60,60,47290.0,1,0
61,61,47290.0,1,0
62,62,47290.0,1,0
63,63,47288.0,3,0
64,64,47288.0,3,0
65,65,47288.0,3,0
66,66,47288.0,3,0
67,67,47288.0,3,0
68,68,47287.0,4,0
69,69,47287.0,4,0
70,70,47287.0,4,0
71,71,47286.0,5,0
72,72,47286.0,5,0
73,73,47285.0,6,0
74,74,47285.0,6,0
75,75,47285.0,6,0
76,76,47285.0,6,0
77,77,47285.0,6,0
78,78,47284.0,7,0
79,79,47284.0,7,0
80,80,47284.0,7,0
81,81,47284.0,7,0
82,82,47284.0,7,0
83,83,47284.0,7,0
84,84,47284.0,7,0
85,85,47283.0,8,0
86,86,47283.0,8,0
87,87,47283.0,8,0
88,88,47283.0,8,0
89,89,47283.0,8,0
90,90,47281.0,10,0
91,91,47281.0,10,0
92,92,47280.0,11,0
93,93,47280.0,11,0
94,94,47279.0,12,0
95,95,47278.0,13,0
96,96,47278.0,13,0
97,97,47278.0,13,0
98,98,47276.0,14,1
99,99,47275.0,15,1
100,100,47274.0,16,1
101,101,47274.0,16,1
102,102,47274.0,16,1
103,103,47274.0,16,1
104,104,47273.0,17,1
105,105,47273.0,17,1
106,106,47272.0,18,1
107,107,47272.0,18,1
108,108,47272.0,18,1
109,109,47272.0,18,1
110,110,47272.0,18,1
111,111,47272.0,18,1
112,112,47272.0,18,1
113,113,47272.0,18,1
114,114,47272.0,18,1
115,115,47272.0,18,1
116,116,47272.0,18,1
117,117,47272.0,18,1
118,118,47272.0,18,1
119,119,47272.0,18,1
120,120,47272.0,18,1
121,121,47272.0,18,1
122,122,47272.0,18,1
123,123,47271.0,19,1
124,124,47271.0,19,1
125,125,47271.0,19,1
126,126,47271.0,19,1
127,127,47271.0,19,1
128,128,47271.0,19,1
