,Days,S,I,D
0,0,58266.0,0,0
1,1,58266.0,0,0
2,2,58266.0,0,0
3,3,58266.0,0,0
4,4,58266.0,0,0
5,5,58266.0,0,0
6,6,58266.0,0,0
7,7,58266.0,0,0
8,8,58266.0,0,0
9,9,58266.0,0,0
10,10,58266.0,0,0
11,11,58266.0,0,0
12,12,58266.0,0,0
13,13,58266.0,0,0
14,14,58266.0,0,0
15,15,58266.0,0,0
16,16,58266.0,0,0
17,17,58266.0,0,0
18,18,58266.0,0,0
19,19,58266.0,0,0
20,20,58266.0,0,0
21,21,58266.0,0,0
22,22,58266.0,0,0
23,23,58266.0,0,0
24,24,58266.0,0,0
25,25,58266.0,0,0
26,26,58266.0,0,0
27,27,58266.0,0,0
28,28,58266.0,0,0
29,29,58266.0,0,0
30,30,58266.0,0,0
31,31,58266.0,0,0
32,32,58266.0,0,0
33,33,58266.0,0,0
34,34,58266.0,0,0
35,35,58266.0,0,0
36,36,58266.0,0,0
37,37,58266.0,0,0
38,38,58266.0,0,0
39,39,58266.0,0,0
40,40,58266.0,0,0
41,41,58266.0,0,0
42,42,58266.0,0,0
43,43,58266.0,0,0
44,44,58266.0,0,0
45,45,58266.0,0,0
46,46,58266.0,0,0
47,47,58266.0,0,0
48,48,58266.0,0,0
49,49,58266.0,0,0
50,50,58266.0,0,0
51,51,58266.0,0,0
52,52,58266.0,0,0
53,53,58266.0,0,0
54,54,58266.0,0,0
55,55,58266.0,0,0
56,56,58266.0,0,0
57,57,58266.0,0,0
58,58,58266.0,0,0
59,59,58266.0,0,0
60,60,58266.0,0,0
61,61,58266.0,0,0
62,62,58266.0,0,0
63,63,58265.0,1,0
64,64,58263.0,3,0
65,65,58263.0,3,0
66,66,58262.0,4,0
67,67,58262.0,4,0
68,68,58262.0,4,0
69,69,58261.0,5,0
70,70,58261.0,5,0
71,71,58260.0,6,0
72,72,58260.0,6,0
73,73,58260.0,6,0
74,74,58260.0,6,0
75,75,58260.0,6,0
76,76,58260.0,6,0
77,77,58260.0,6,0
78,78,58259.0,7,0
79,79,58259.0,7,0
80,80,58258.0,8,0
81,81,58258.0,8,0
82,82,58258.0,8,0
83,83,58257.0,9,0
84,84,58257.0,9,0
85,85,58257.0,9,0
86,86,58257.0,9,0
87,87,58257.0,9,0
88,88,58257.0,9,0
89,89,58257.0,9,0
90,90,58257.0,9,0
91,91,58256.0,9,1
92,92,58255.0,10,1
93,93,58255.0,10,1
94,94,58255.0,10,1
95,95,58255.0,10,1
96,96,58255.0,10,1
97,97,58255.0,10,1
98,98,58255.0,10,1
99,99,58255.0,10,1
100,100,58255.0,10,1
101,101,58255.0,10,1
102,102,58255.0,10,1
103,103,58255.0,10,1
104,104,58254.0,11,1
105,105,58254.0,11,1
106,106,58254.0,11,1
107,107,58254.0,11,1
108,108,58254.0,11,1
109,109,58254.0,11,1
110,110,58254.0,11,1
111,111,58254.0,11,1
112,112,58253.0,12,1
113,113,58253.0,12,1
114,114,58252.0,13,1
115,115,58252.0,13,1
116,116,58252.0,13,1
117,117,58249.0,16,1
118,118,58249.0,16,1
119,119,58249.0,16,1
120,120,58249.0,16,1
121,121,58249.0,16,1
122,122,58249.0,16,1
123,123,58249.0,16,1
124,124,58249.0,16,1
125,125,58249.0,16,1
126,126,58249.0,16,1
127,127,58249.0,16,1
128,128,58249.0,16,1
