,Days,S,I,D
0,0,17296.0,0,0
1,1,17296.0,0,0
2,2,17296.0,0,0
3,3,17296.0,0,0
4,4,17296.0,0,0
5,5,17296.0,0,0
6,6,17296.0,0,0
7,7,17296.0,0,0
8,8,17296.0,0,0
9,9,17296.0,0,0
10,10,17296.0,0,0
11,11,17296.0,0,0
12,12,17296.0,0,0
13,13,17296.0,0,0
14,14,17296.0,0,0
15,15,17296.0,0,0
16,16,17296.0,0,0
17,17,17296.0,0,0
18,18,17296.0,0,0
19,19,17296.0,0,0
20,20,17296.0,0,0
21,21,17296.0,0,0
22,22,17296.0,0,0
23,23,17296.0,0,0
24,24,17296.0,0,0
25,25,17296.0,0,0
26,26,17296.0,0,0
27,27,17296.0,0,0
28,28,17296.0,0,0
29,29,17296.0,0,0
30,30,17296.0,0,0
31,31,17296.0,0,0
32,32,17296.0,0,0
33,33,17296.0,0,0
34,34,17296.0,0,0
35,35,17296.0,0,0
36,36,17296.0,0,0
37,37,17296.0,0,0
38,38,17296.0,0,0
39,39,17296.0,0,0
40,40,17296.0,0,0
41,41,17296.0,0,0
42,42,17296.0,0,0
43,43,17296.0,0,0
44,44,17296.0,0,0
45,45,17296.0,0,0
46,46,17296.0,0,0
47,47,17296.0,0,0
48,48,17296.0,0,0
49,49,17296.0,0,0
50,50,17296.0,0,0
51,51,17296.0,0,0
52,52,17296.0,0,0
53,53,17296.0,0,0
54,54,17296.0,0,0
55,55,17296.0,0,0
56,56,17296.0,0,0
57,57,17296.0,0,0
58,58,17296.0,0,0
59,59,17296.0,0,0
60,60,17296.0,0,0
61,61,17296.0,0,0
62,62,17296.0,0,0
63,63,17296.0,0,0
64,64,17296.0,0,0
65,65,17296.0,0,0
66,66,17296.0,0,0
67,67,17296.0,0,0
68,68,17296.0,0,0
69,69,17296.0,0,0
70,70,17296.0,0,0
71,71,17295.0,1,0
72,72,17295.0,1,0
73,73,17295.0,1,0
74,74,17295.0,1,0
75,75,17294.0,2,0
76,76,17291.0,5,0
77,77,17291.0,5,0
78,78,17290.0,6,0
79,79,17290.0,6,0
80,80,17290.0,6,0
81,81,17288.0,8,0
82,82,17288.0,8,0
83,83,17288.0,8,0
84,84,17288.0,8,0
85,85,17288.0,8,0
86,86,17288.0,8,0
87,87,17288.0,8,0
88,88,17287.0,9,0
89,89,17287.0,9,0
90,90,17287.0,9,0
91,91,17287.0,9,0
92,92,17287.0,9,0
93,93,17287.0,9,0
94,94,17287.0,9,0
95,95,17287.0,9,0
96,96,17287.0,9,0
97,97,17287.0,9,0
98,98,17287.0,9,0
99,99,17287.0,9,0
100,100,17287.0,9,0
101,101,17286.0,10,0
102,102,17286.0,10,0
103,103,17285.0,11,0
104,104,17285.0,11,0
105,105,17285.0,11,0
106,106,17285.0,11,0
107,107,17285.0,11,0
108,108,17284.0,12,0
109,109,17284.0,12,0
110,110,17284.0,12,0
111,111,17283.0,13,0
112,112,17283.0,13,0
113,113,17283.0,13,0
114,114,17283.0,13,0
115,115,17282.0,14,0
116,116,17282.0,14,0
117,117,17281.0,14,1
118,118,17281.0,14,1
119,119,17281.0,14,1
120,120,17281.0,14,1
121,121,17280.0,15,1
122,122,17278.0,17,1
123,123,17278.0,17,1
124,124,17278.0,17,1
125,125,17278.0,17,1
126,126,17278.0,17,1
127,127,17276.0,19,1
128,128,17275.0,20,1
