,Days,S,I,D
0,0,20891.0,0,0
1,1,20891.0,0,0
2,2,20891.0,0,0
3,3,20891.0,0,0
4,4,20891.0,0,0
5,5,20891.0,0,0
6,6,20891.0,0,0
7,7,20891.0,0,0
8,8,20891.0,0,0
9,9,20891.0,0,0
10,10,20891.0,0,0
11,11,20891.0,0,0
12,12,20891.0,0,0
13,13,20891.0,0,0
14,14,20891.0,0,0
15,15,20891.0,0,0
16,16,20891.0,0,0
17,17,20891.0,0,0
18,18,20891.0,0,0
19,19,20891.0,0,0
20,20,20891.0,0,0
21,21,20891.0,0,0
22,22,20891.0,0,0
23,23,20891.0,0,0
24,24,20891.0,0,0
25,25,20891.0,0,0
26,26,20891.0,0,0
27,27,20891.0,0,0
28,28,20891.0,0,0
29,29,20891.0,0,0
30,30,20891.0,0,0
31,31,20891.0,0,0
32,32,20891.0,0,0
33,33,20891.0,0,0
34,34,20891.0,0,0
35,35,20891.0,0,0
36,36,20891.0,0,0
37,37,20891.0,0,0
38,38,20891.0,0,0
39,39,20891.0,0,0
40,40,20891.0,0,0
41,41,20891.0,0,0
42,42,20891.0,0,0
43,43,20891.0,0,0
44,44,20891.0,0,0
45,45,20891.0,0,0
46,46,20891.0,0,0
47,47,20891.0,0,0
48,48,20891.0,0,0
49,49,20891.0,0,0
50,50,20891.0,0,0
51,51,20891.0,0,0
52,52,20891.0,0,0
53,53,20891.0,0,0
54,54,20891.0,0,0
55,55,20891.0,0,0
56,56,20891.0,0,0
57,57,20891.0,0,0
58,58,20891.0,0,0
59,59,20891.0,0,0
60,60,20890.0,1,0
61,61,20890.0,1,0
62,62,20890.0,1,0
63,63,20890.0,1,0
64,64,20890.0,1,0
65,65,20888.0,2,1
66,66,20888.0,2,1
67,67,20888.0,2,1
68,68,20888.0,2,1
69,69,20888.0,2,1
70,70,20887.0,3,1
71,71,20887.0,3,1
72,72,20887.0,3,1
73,73,20887.0,3,1
74,74,20886.0,4,1
75,75,20886.0,4,1
76,76,20886.0,4,1
77,77,20886.0,4,1
78,78,20886.0,4,1
79,79,20886.0,4,1
80,80,20886.0,4,1
81,81,20886.0,4,1
82,82,20886.0,4,1
83,83,20886.0,4,1
84,84,20885.0,5,1
85,85,20885.0,5,1
86,86,20885.0,5,1
87,87,20885.0,5,1
88,88,20885.0,5,1
89,89,20885.0,5,1
90,90,20885.0,5,1
91,91,20883.0,7,1
92,92,20882.0,8,1
93,93,20880.0,10,1
94,94,20880.0,10,1
95,95,20879.0,11,1
96,96,20878.0,12,1
97,97,20878.0,12,1
98,98,20877.0,13,1
99,99,20877.0,13,1
100,100,20877.0,13,1
101,101,20877.0,13,1
102,102,20877.0,13,1
103,103,20877.0,13,1
104,104,20877.0,13,1
105,105,20877.0,13,1
106,106,20877.0,13,1
107,107,20877.0,13,1
108,108,20877.0,13,1
109,109,20877.0,13,1
110,110,20877.0,13,1
111,111,20877.0,13,1
112,112,20876.0,14,1
113,113,20876.0,14,1
114,114,20876.0,14,1
115,115,20876.0,14,1
116,116,20876.0,14,1
117,117,20876.0,14,1
118,118,20876.0,14,1
119,119,20876.0,14,1
120,120,20876.0,14,1
121,121,20876.0,14,1
122,122,20876.0,14,1
123,123,20876.0,14,1
124,124,20876.0,14,1
125,125,20876.0,14,1
126,126,20876.0,14,1
127,127,20876.0,14,1
128,128,20876.0,14,1
