,Days,S,I,D
0,0,1986049.0,0,0
1,1,1986049.0,0,0
2,2,1986049.0,0,0
3,3,1986049.0,0,0
4,4,1986049.0,0,0
5,5,1986049.0,0,0
6,6,1986049.0,0,0
7,7,1986049.0,0,0
8,8,1986049.0,0,0
9,9,1986049.0,0,0
10,10,1986049.0,0,0
11,11,1986049.0,0,0
12,12,1986049.0,0,0
13,13,1986049.0,0,0
14,14,1986049.0,0,0
15,15,1986049.0,0,0
16,16,1986049.0,0,0
17,17,1986049.0,0,0
18,18,1986049.0,0,0
19,19,1986049.0,0,0
20,20,1986049.0,0,0
21,21,1986049.0,0,0
22,22,1986049.0,0,0
23,23,1986049.0,0,0
24,24,1986049.0,0,0
25,25,1986049.0,0,0
26,26,1986049.0,0,0
27,27,1986049.0,0,0
28,28,1986049.0,0,0
29,29,1986049.0,0,0
30,30,1986049.0,0,0
31,31,1986049.0,0,0
32,32,1986049.0,0,0
33,33,1986049.0,0,0
34,34,1986049.0,0,0
35,35,1986049.0,0,0
36,36,1986049.0,0,0
37,37,1986049.0,0,0
38,38,1986049.0,0,0
39,39,1986049.0,0,0
40,40,1986049.0,0,0
41,41,1986049.0,0,0
42,42,1986049.0,0,0
43,43,1986049.0,0,0
44,44,1986049.0,0,0
45,45,1986049.0,0,0
46,46,1986049.0,0,0
47,47,1986049.0,0,0
48,48,1986049.0,0,0
49,49,1986049.0,0,0
50,50,1986049.0,0,0
51,51,1986049.0,0,0
52,52,1986048.0,1,0
53,53,1986046.0,3,0
54,54,1986046.0,3,0
55,55,1986046.0,3,0
56,56,1986045.0,4,0
57,57,1986043.0,6,0
58,58,1986037.0,12,0
59,59,1986027.0,22,0
60,60,1986025.0,24,0
61,61,1985991.0,57,1
62,62,1985979.0,69,1
63,63,1985962.0,84,3
64,64,1985931.0,113,5
65,65,1985924.0,120,5
66,66,1985904.0,140,5
67,67,1985887.0,157,5
68,68,1985876.0,168,5
69,69,1985833.0,207,9
70,70,1985811.0,229,9
71,71,1985786.0,254,9
72,72,1985698.0,342,9
73,73,1985656.0,384,9
74,74,1985628.0,410,11
75,75,1985581.0,456,12
76,76,1985545.0,492,12
77,77,1985477.0,554,18
78,78,1985414.0,615,20
79,79,1985362.0,665,22
80,80,1985302.0,723,24
81,81,1985250.0,772,27
82,82,1985228.0,794,27
83,83,1985222.0,794,33
84,84,1985126.0,890,33
85,85,1985094.0,918,37
86,86,1985053.0,959,37
87,87,1985053.0,959,37
88,88,1984996.0,1015,38
89,89,1984995.0,1015,39
90,90,1984981.0,1029,39
91,91,1984930.0,1080,39
92,92,1984884.0,1126,39
93,93,1984839.0,1167,43
94,94,1984811.0,1195,43
95,95,1984775.0,1231,43
96,96,1984752.0,1254,43
97,97,1984730.0,1275,44
98,98,1984698.0,1307,44
99,99,1984677.0,1326,46
100,100,1984628.0,1374,47
101,101,1984524.0,1477,48
102,102,1984416.0,1585,48
103,103,1984388.0,1613,48
104,104,1984349.0,1652,48
105,105,1984320.0,1677,52
106,106,1984235.0,1761,53
107,107,1984190.0,1805,54
108,108,1984158.0,1835,56
109,109,1984092.0,1901,56
110,110,1984092.0,1901,56
111,111,1984072.0,1920,57
112,112,1984050.0,1942,57
113,113,1984015.0,1976,58
114,114,1983949.0,2041,59
115,115,1983867.0,2120,62
116,116,1983867.0,2120,62
117,117,1983867.0,2120,62
118,118,1983795.0,2192,62
119,119,1983709.0,2278,62
120,120,1983664.0,2322,63
121,121,1983614.0,2371,64
122,122,1983591.0,2392,66
123,123,1983565.0,2418,66
124,124,1983538.0,2442,69
125,125,1983531.0,2449,69
126,126,1983500.0,2480,69
127,127,1983454.0,2525,70
128,128,1983395.0,2583,71
