,Days,S,I,D
0,0,38520.0,0,0
1,1,38520.0,0,0
2,2,38520.0,0,0
3,3,38520.0,0,0
4,4,38520.0,0,0
5,5,38520.0,0,0
6,6,38520.0,0,0
7,7,38520.0,0,0
8,8,38520.0,0,0
9,9,38520.0,0,0
10,10,38520.0,0,0
11,11,38520.0,0,0
12,12,38520.0,0,0
13,13,38520.0,0,0
14,14,38520.0,0,0
15,15,38520.0,0,0
16,16,38520.0,0,0
17,17,38520.0,0,0
18,18,38520.0,0,0
19,19,38520.0,0,0
20,20,38520.0,0,0
21,21,38520.0,0,0
22,22,38520.0,0,0
23,23,38520.0,0,0
24,24,38520.0,0,0
25,25,38520.0,0,0
26,26,38520.0,0,0
27,27,38520.0,0,0
28,28,38520.0,0,0
29,29,38520.0,0,0
30,30,38520.0,0,0
31,31,38520.0,0,0
32,32,38520.0,0,0
33,33,38520.0,0,0
34,34,38520.0,0,0
35,35,38520.0,0,0
36,36,38520.0,0,0
37,37,38520.0,0,0
38,38,38520.0,0,0
39,39,38520.0,0,0
40,40,38520.0,0,0
41,41,38520.0,0,0
42,42,38520.0,0,0
43,43,38520.0,0,0
44,44,38520.0,0,0
45,45,38520.0,0,0
46,46,38520.0,0,0
47,47,38520.0,0,0
48,48,38520.0,0,0
49,49,38520.0,0,0
50,50,38520.0,0,0
51,51,38520.0,0,0
52,52,38520.0,0,0
53,53,38520.0,0,0
54,54,38520.0,0,0
55,55,38520.0,0,0
56,56,38520.0,0,0
57,57,38520.0,0,0
58,58,38520.0,0,0
59,59,38519.0,1,0
60,60,38519.0,1,0
61,61,38519.0,1,0
62,62,38519.0,1,0
63,63,38519.0,1,0
64,64,38519.0,1,0
65,65,38519.0,1,0
66,66,38518.0,2,0
67,67,38518.0,2,0
68,68,38518.0,2,0
69,69,38518.0,2,0
70,70,38518.0,2,0
71,71,38516.0,4,0
72,72,38515.0,5,0
73,73,38513.0,7,0
74,74,38513.0,7,0
75,75,38513.0,7,0
76,76,38513.0,7,0
77,77,38510.0,9,1
78,78,38508.0,11,1
79,79,38506.0,13,1
80,80,38506.0,13,1
81,81,38506.0,13,1
82,82,38506.0,13,1
83,83,38504.0,15,1
84,84,38503.0,16,1
85,85,38499.0,20,1
86,86,38499.0,20,1
87,87,38499.0,20,1
88,88,38499.0,20,1
89,89,38499.0,20,1
90,90,38498.0,21,1
91,91,38498.0,21,1
92,92,38498.0,21,1
93,93,38497.0,22,1
94,94,38497.0,22,1
95,95,38497.0,22,1
96,96,38496.0,23,1
97,97,38496.0,23,1
98,98,38495.0,24,1
99,99,38493.0,26,1
100,100,38492.0,27,1
101,101,38491.0,28,1
102,102,38489.0,30,1
103,103,38489.0,30,1
104,104,38489.0,30,1
105,105,38489.0,30,1
106,106,38489.0,30,1
107,107,38489.0,30,1
108,108,38489.0,30,1
109,109,38489.0,30,1
110,110,38489.0,30,1
111,111,38489.0,30,1
112,112,38489.0,30,1
113,113,38489.0,30,1
114,114,38489.0,30,1
115,115,38488.0,31,1
116,116,38488.0,31,1
117,117,38486.0,33,1
118,118,38486.0,33,1
119,119,38486.0,33,1
120,120,38483.0,36,1
121,121,38475.0,44,1
122,122,38475.0,44,1
123,123,38473.0,46,1
124,124,38473.0,46,1
125,125,38471.0,48,1
126,126,38470.0,49,1
127,127,38468.0,51,1
128,128,38464.0,55,1
