,Days,S,I,D
0,0,6474.0,0,0
1,1,6474.0,0,0
2,2,6474.0,0,0
3,3,6474.0,0,0
4,4,6474.0,0,0
5,5,6474.0,0,0
6,6,6474.0,0,0
7,7,6474.0,0,0
8,8,6474.0,0,0
9,9,6474.0,0,0
10,10,6474.0,0,0
11,11,6474.0,0,0
12,12,6474.0,0,0
13,13,6474.0,0,0
14,14,6474.0,0,0
15,15,6474.0,0,0
16,16,6474.0,0,0
17,17,6474.0,0,0
18,18,6474.0,0,0
19,19,6474.0,0,0
20,20,6474.0,0,0
21,21,6474.0,0,0
22,22,6474.0,0,0
23,23,6474.0,0,0
24,24,6474.0,0,0
25,25,6474.0,0,0
26,26,6474.0,0,0
27,27,6474.0,0,0
28,28,6474.0,0,0
29,29,6474.0,0,0
30,30,6474.0,0,0
31,31,6474.0,0,0
32,32,6474.0,0,0
33,33,6474.0,0,0
34,34,6474.0,0,0
35,35,6474.0,0,0
36,36,6474.0,0,0
37,37,6474.0,0,0
38,38,6474.0,0,0
39,39,6474.0,0,0
40,40,6474.0,0,0
41,41,6474.0,0,0
42,42,6474.0,0,0
43,43,6474.0,0,0
44,44,6474.0,0,0
45,45,6474.0,0,0
46,46,6474.0,0,0
47,47,6474.0,0,0
48,48,6474.0,0,0
49,49,6474.0,0,0
50,50,6474.0,0,0
51,51,6474.0,0,0
52,52,6474.0,0,0
53,53,6474.0,0,0
54,54,6474.0,0,0
55,55,6474.0,0,0
56,56,6474.0,0,0
57,57,6474.0,0,0
58,58,6474.0,0,0
59,59,6474.0,0,0
60,60,6474.0,0,0
61,61,6474.0,0,0
62,62,6474.0,0,0
63,63,6474.0,0,0
64,64,6474.0,0,0
65,65,6474.0,0,0
66,66,6474.0,0,0
67,67,6474.0,0,0
68,68,6474.0,0,0
69,69,6473.0,1,0
70,70,6473.0,1,0
71,71,6473.0,1,0
72,72,6471.0,3,0
73,73,6471.0,3,0
74,74,6471.0,3,0
75,75,6471.0,3,0
76,76,6471.0,3,0
77,77,6471.0,3,0
78,78,6471.0,3,0
79,79,6471.0,3,0
80,80,6471.0,3,0
81,81,6471.0,3,0
82,82,6471.0,3,0
83,83,6471.0,3,0
84,84,6471.0,3,0
85,85,6470.0,3,1
86,86,6470.0,3,1
87,87,6470.0,3,1
88,88,6470.0,3,1
89,89,6469.0,4,1
90,90,6469.0,4,1
91,91,6469.0,4,1
92,92,6469.0,4,1
93,93,6469.0,4,1
94,94,6469.0,4,1
95,95,6469.0,4,1
96,96,6469.0,4,1
97,97,6469.0,4,1
98,98,6469.0,4,1
99,99,6469.0,4,1
100,100,6469.0,4,1
101,101,6469.0,4,1
102,102,6469.0,4,1
103,103,6469.0,4,1
104,104,6469.0,4,1
105,105,6469.0,4,1
106,106,6469.0,4,1
107,107,6469.0,4,1
108,108,6468.0,5,1
109,109,6468.0,5,1
110,110,6468.0,5,1
111,111,6467.0,6,1
112,112,6467.0,6,1
113,113,6467.0,6,1
114,114,6467.0,6,1
115,115,6467.0,6,1
116,116,6467.0,6,1
117,117,6467.0,6,1
118,118,6467.0,6,1
119,119,6467.0,6,1
120,120,6467.0,6,1
121,121,6467.0,6,1
122,122,6467.0,6,1
123,123,6467.0,6,1
124,124,6467.0,6,1
125,125,6466.0,7,1
126,126,6465.0,8,1
127,127,6464.0,9,1
128,128,6463.0,10,1
