,Days,S,I,D
0,0,40540.0,0,0
1,1,40540.0,0,0
2,2,40540.0,0,0
3,3,40540.0,0,0
4,4,40540.0,0,0
5,5,40540.0,0,0
6,6,40540.0,0,0
7,7,40540.0,0,0
8,8,40540.0,0,0
9,9,40540.0,0,0
10,10,40540.0,0,0
11,11,40540.0,0,0
12,12,40540.0,0,0
13,13,40540.0,0,0
14,14,40540.0,0,0
15,15,40540.0,0,0
16,16,40540.0,0,0
17,17,40540.0,0,0
18,18,40540.0,0,0
19,19,40540.0,0,0
20,20,40540.0,0,0
21,21,40540.0,0,0
22,22,40540.0,0,0
23,23,40540.0,0,0
24,24,40540.0,0,0
25,25,40540.0,0,0
26,26,40540.0,0,0
27,27,40540.0,0,0
28,28,40540.0,0,0
29,29,40540.0,0,0
30,30,40540.0,0,0
31,31,40540.0,0,0
32,32,40540.0,0,0
33,33,40540.0,0,0
34,34,40540.0,0,0
35,35,40540.0,0,0
36,36,40540.0,0,0
37,37,40540.0,0,0
38,38,40540.0,0,0
39,39,40540.0,0,0
40,40,40540.0,0,0
41,41,40540.0,0,0
42,42,40540.0,0,0
43,43,40540.0,0,0
44,44,40540.0,0,0
45,45,40540.0,0,0
46,46,40540.0,0,0
47,47,40540.0,0,0
48,48,40540.0,0,0
49,49,40540.0,0,0
50,50,40540.0,0,0
51,51,40540.0,0,0
52,52,40540.0,0,0
53,53,40540.0,0,0
54,54,40540.0,0,0
55,55,40540.0,0,0
56,56,40540.0,0,0
57,57,40540.0,0,0
58,58,40540.0,0,0
59,59,40540.0,0,0
60,60,40540.0,0,0
61,61,40540.0,0,0
62,62,40540.0,0,0
63,63,40540.0,0,0
64,64,40540.0,0,0
65,65,40540.0,0,0
66,66,40539.0,1,0
67,67,40538.0,2,0
68,68,40538.0,2,0
69,69,40537.0,2,1
70,70,40536.0,3,1
71,71,40536.0,3,1
72,72,40535.0,4,1
73,73,40533.0,6,1
74,74,40531.0,8,1
75,75,40531.0,8,1
76,76,40530.0,9,1
77,77,40530.0,9,1
78,78,40530.0,9,1
79,79,40527.0,12,1
80,80,40523.0,16,1
81,81,40519.0,20,1
82,82,40516.0,23,1
83,83,40515.0,24,1
84,84,40515.0,24,1
85,85,40515.0,24,1
86,86,40514.0,25,1
87,87,40512.0,27,1
88,88,40512.0,27,1
89,89,40511.0,28,1
90,90,40509.0,30,1
91,91,40508.0,31,1
92,92,40508.0,31,1
93,93,40508.0,31,1
94,94,40507.0,32,1
95,95,40506.0,33,1
96,96,40506.0,33,1
97,97,40506.0,33,1
98,98,40506.0,33,1
99,99,40506.0,33,1
100,100,40506.0,33,1
101,101,40506.0,33,1
102,102,40506.0,33,1
103,103,40506.0,33,1
104,104,40506.0,33,1
105,105,40506.0,33,1
106,106,40506.0,33,1
107,107,40506.0,33,1
108,108,40506.0,33,1
109,109,40506.0,33,1
110,110,40506.0,33,1
111,111,40506.0,33,1
112,112,40506.0,33,1
113,113,40506.0,33,1
114,114,40506.0,33,1
115,115,40506.0,33,1
116,116,40506.0,33,1
117,117,40506.0,33,1
118,118,40506.0,33,1
119,119,40506.0,33,1
120,120,40506.0,33,1
121,121,40504.0,35,1
122,122,40501.0,38,1
123,123,40501.0,38,1
124,124,40501.0,38,1
125,125,40501.0,38,1
126,126,40500.0,39,1
127,127,40500.0,39,1
128,128,40500.0,39,1
