,Days,S,I,D
0,0,10231.0,0,0
1,1,10231.0,0,0
2,2,10231.0,0,0
3,3,10231.0,0,0
4,4,10231.0,0,0
5,5,10231.0,0,0
6,6,10231.0,0,0
7,7,10231.0,0,0
8,8,10231.0,0,0
9,9,10231.0,0,0
10,10,10231.0,0,0
11,11,10231.0,0,0
12,12,10231.0,0,0
13,13,10231.0,0,0
14,14,10231.0,0,0
15,15,10231.0,0,0
16,16,10231.0,0,0
17,17,10231.0,0,0
18,18,10231.0,0,0
19,19,10231.0,0,0
20,20,10231.0,0,0
21,21,10231.0,0,0
22,22,10231.0,0,0
23,23,10231.0,0,0
24,24,10231.0,0,0
25,25,10231.0,0,0
26,26,10231.0,0,0
27,27,10231.0,0,0
28,28,10231.0,0,0
29,29,10231.0,0,0
30,30,10231.0,0,0
31,31,10231.0,0,0
32,32,10231.0,0,0
33,33,10231.0,0,0
34,34,10231.0,0,0
35,35,10231.0,0,0
36,36,10231.0,0,0
37,37,10231.0,0,0
38,38,10231.0,0,0
39,39,10231.0,0,0
40,40,10231.0,0,0
41,41,10231.0,0,0
42,42,10231.0,0,0
43,43,10231.0,0,0
44,44,10231.0,0,0
45,45,10231.0,0,0
46,46,10231.0,0,0
47,47,10231.0,0,0
48,48,10231.0,0,0
49,49,10231.0,0,0
50,50,10231.0,0,0
51,51,10231.0,0,0
52,52,10231.0,0,0
53,53,10231.0,0,0
54,54,10231.0,0,0
55,55,10231.0,0,0
56,56,10231.0,0,0
57,57,10231.0,0,0
58,58,10231.0,0,0
59,59,10231.0,0,0
60,60,10231.0,0,0
61,61,10231.0,0,0
62,62,10231.0,0,0
63,63,10231.0,0,0
64,64,10231.0,0,0
65,65,10231.0,0,0
66,66,10230.0,1,0
67,67,10230.0,1,0
68,68,10230.0,1,0
69,69,10230.0,1,0
70,70,10229.0,2,0
71,71,10229.0,2,0
72,72,10229.0,2,0
73,73,10226.0,4,1
74,74,10226.0,4,1
75,75,10226.0,4,1
76,76,10226.0,4,1
77,77,10226.0,4,1
78,78,10226.0,4,1
79,79,10226.0,4,1
80,80,10226.0,4,1
81,81,10226.0,4,1
82,82,10226.0,4,1
83,83,10226.0,4,1
84,84,10226.0,4,1
85,85,10226.0,4,1
86,86,10226.0,4,1
87,87,10226.0,4,1
88,88,10226.0,4,1
89,89,10226.0,4,1
90,90,10226.0,4,1
91,91,10226.0,4,1
92,92,10226.0,4,1
93,93,10226.0,4,1
94,94,10226.0,4,1
95,95,10225.0,5,1
96,96,10225.0,5,1
97,97,10225.0,5,1
98,98,10225.0,5,1
99,99,10225.0,5,1
100,100,10225.0,5,1
101,101,10225.0,5,1
102,102,10225.0,5,1
103,103,10225.0,5,1
104,104,10225.0,5,1
105,105,10225.0,5,1
106,106,10225.0,5,1
107,107,10225.0,5,1
108,108,10225.0,5,1
109,109,10225.0,5,1
110,110,10225.0,5,1
111,111,10225.0,5,1
112,112,10225.0,5,1
113,113,10225.0,5,1
114,114,10225.0,5,1
115,115,10225.0,5,1
116,116,10225.0,5,1
117,117,10225.0,5,1
118,118,10225.0,5,1
119,119,10225.0,5,1
120,120,10225.0,5,1
121,121,10225.0,5,1
122,122,10225.0,5,1
123,123,10225.0,5,1
124,124,10225.0,5,1
125,125,10225.0,5,1
126,126,10225.0,5,1
127,127,10225.0,5,1
128,128,10225.0,5,1
