,Days,S,I,D
0,0,21058.0,0,0
1,1,21058.0,0,0
2,2,21058.0,0,0
3,3,21058.0,0,0
4,4,21058.0,0,0
5,5,21058.0,0,0
6,6,21058.0,0,0
7,7,21058.0,0,0
8,8,21058.0,0,0
9,9,21058.0,0,0
10,10,21058.0,0,0
11,11,21058.0,0,0
12,12,21058.0,0,0
13,13,21058.0,0,0
14,14,21058.0,0,0
15,15,21058.0,0,0
16,16,21058.0,0,0
17,17,21058.0,0,0
18,18,21058.0,0,0
19,19,21058.0,0,0
20,20,21058.0,0,0
21,21,21058.0,0,0
22,22,21058.0,0,0
23,23,21058.0,0,0
24,24,21058.0,0,0
25,25,21058.0,0,0
26,26,21058.0,0,0
27,27,21058.0,0,0
28,28,21058.0,0,0
29,29,21058.0,0,0
30,30,21058.0,0,0
31,31,21058.0,0,0
32,32,21058.0,0,0
33,33,21058.0,0,0
34,34,21058.0,0,0
35,35,21058.0,0,0
36,36,21058.0,0,0
37,37,21058.0,0,0
38,38,21058.0,0,0
39,39,21058.0,0,0
40,40,21058.0,0,0
41,41,21058.0,0,0
42,42,21058.0,0,0
43,43,21058.0,0,0
44,44,21058.0,0,0
45,45,21058.0,0,0
46,46,21058.0,0,0
47,47,21058.0,0,0
48,48,21058.0,0,0
49,49,21058.0,0,0
50,50,21058.0,0,0
51,51,21058.0,0,0
52,52,21058.0,0,0
53,53,21058.0,0,0
54,54,21058.0,0,0
55,55,21058.0,0,0
56,56,21058.0,0,0
57,57,21058.0,0,0
58,58,21056.0,2,0
59,59,21056.0,2,0
60,60,21056.0,2,0
61,61,21053.0,5,0
62,62,21055.0,3,0
63,63,21055.0,3,0
64,64,21055.0,3,0
65,65,21055.0,3,0
66,66,21053.0,5,0
67,67,21052.0,6,0
68,68,21051.0,7,0
69,69,21050.0,8,0
70,70,21050.0,8,0
71,71,21049.0,9,0
72,72,21049.0,9,0
73,73,21049.0,9,0
74,74,21048.0,10,0
75,75,21048.0,10,0
76,76,21048.0,10,0
77,77,21048.0,10,0
78,78,21048.0,10,0
79,79,21048.0,10,0
80,80,21048.0,10,0
81,81,21048.0,10,0
82,82,21048.0,10,0
83,83,21048.0,10,0
84,84,21048.0,10,0
85,85,21048.0,10,0
86,86,21048.0,10,0
87,87,21048.0,10,0
88,88,21048.0,10,0
89,89,21047.0,11,0
90,90,21047.0,11,0
91,91,21047.0,11,0
92,92,21045.0,12,1
93,93,21045.0,12,1
94,94,21045.0,12,1
95,95,21045.0,12,1
96,96,21045.0,12,1
97,97,21045.0,12,1
98,98,21045.0,12,1
99,99,21045.0,12,1
100,100,21045.0,12,1
101,101,21045.0,12,1
102,102,21045.0,12,1
103,103,21045.0,12,1
104,104,21045.0,12,1
105,105,21045.0,12,1
106,106,21045.0,12,1
107,107,21045.0,12,1
108,108,21045.0,12,1
109,109,21044.0,13,1
110,110,21044.0,13,1
111,111,21043.0,14,1
112,112,21043.0,14,1
113,113,21041.0,16,1
114,114,21040.0,17,1
115,115,21040.0,17,1
116,116,21040.0,17,1
117,117,21040.0,17,1
118,118,21040.0,17,1
119,119,21040.0,17,1
120,120,21040.0,17,1
121,121,21040.0,17,1
122,122,21040.0,17,1
123,123,21040.0,17,1
124,124,21040.0,17,1
125,125,21040.0,17,1
126,126,21040.0,17,1
127,127,21040.0,17,1
128,128,21040.0,17,1
