,Days,S,I,D
0,0,13586.0,0,0
1,1,13586.0,0,0
2,2,13586.0,0,0
3,3,13586.0,0,0
4,4,13586.0,0,0
5,5,13586.0,0,0
6,6,13586.0,0,0
7,7,13586.0,0,0
8,8,13586.0,0,0
9,9,13586.0,0,0
10,10,13586.0,0,0
11,11,13586.0,0,0
12,12,13586.0,0,0
13,13,13586.0,0,0
14,14,13586.0,0,0
15,15,13586.0,0,0
16,16,13586.0,0,0
17,17,13586.0,0,0
18,18,13586.0,0,0
19,19,13586.0,0,0
20,20,13586.0,0,0
21,21,13586.0,0,0
22,22,13586.0,0,0
23,23,13586.0,0,0
24,24,13586.0,0,0
25,25,13586.0,0,0
26,26,13586.0,0,0
27,27,13586.0,0,0
28,28,13586.0,0,0
29,29,13586.0,0,0
30,30,13586.0,0,0
31,31,13586.0,0,0
32,32,13586.0,0,0
33,33,13586.0,0,0
34,34,13586.0,0,0
35,35,13586.0,0,0
36,36,13586.0,0,0
37,37,13586.0,0,0
38,38,13586.0,0,0
39,39,13586.0,0,0
40,40,13586.0,0,0
41,41,13586.0,0,0
42,42,13586.0,0,0
43,43,13586.0,0,0
44,44,13586.0,0,0
45,45,13586.0,0,0
46,46,13586.0,0,0
47,47,13586.0,0,0
48,48,13586.0,0,0
49,49,13586.0,0,0
50,50,13586.0,0,0
51,51,13586.0,0,0
52,52,13586.0,0,0
53,53,13586.0,0,0
54,54,13586.0,0,0
55,55,13586.0,0,0
56,56,13586.0,0,0
57,57,13586.0,0,0
58,58,13586.0,0,0
59,59,13586.0,0,0
60,60,13586.0,0,0
61,61,13586.0,0,0
62,62,13586.0,0,0
63,63,13586.0,0,0
64,64,13586.0,0,0
65,65,13586.0,0,0
66,66,13586.0,0,0
67,67,13586.0,0,0
68,68,13586.0,0,0
69,69,13586.0,0,0
70,70,13586.0,0,0
71,71,13586.0,0,0
72,72,13586.0,0,0
73,73,13586.0,0,0
74,74,13586.0,0,0
75,75,13585.0,1,0
76,76,13585.0,1,0
77,77,13585.0,1,0
78,78,13585.0,1,0
79,79,13585.0,1,0
80,80,13584.0,2,0
81,81,13584.0,2,0
82,82,13584.0,2,0
83,83,13584.0,2,0
84,84,13583.0,3,0
85,85,13583.0,3,0
86,86,13583.0,3,0
87,87,13583.0,3,0
88,88,13583.0,3,0
89,89,13583.0,3,0
90,90,13582.0,4,0
91,91,13582.0,4,0
92,92,13582.0,4,0
93,93,13581.0,4,1
94,94,13581.0,4,1
95,95,13581.0,4,1
96,96,13581.0,4,1
97,97,13580.0,5,1
98,98,13580.0,5,1
99,99,13580.0,5,1
100,100,13580.0,5,1
101,101,13580.0,5,1
102,102,13580.0,5,1
103,103,13579.0,6,1
104,104,13579.0,6,1
105,105,13579.0,6,1
106,106,13579.0,6,1
107,107,13579.0,6,1
108,108,13579.0,6,1
109,109,13579.0,6,1
110,110,13579.0,6,1
111,111,13579.0,6,1
112,112,13579.0,6,1
113,113,13578.0,7,1
114,114,13578.0,7,1
115,115,13578.0,7,1
116,116,13578.0,7,1
117,117,13578.0,7,1
118,118,13578.0,7,1
119,119,13578.0,7,1
120,120,13578.0,7,1
121,121,13578.0,7,1
122,122,13578.0,7,1
123,123,13578.0,7,1
124,124,13578.0,7,1
125,125,13577.0,8,1
126,126,13576.0,9,1
127,127,13576.0,9,1
128,128,13574.0,11,1
