,Days,S,I,D
0,0,10897.0,0,0
1,1,10897.0,0,0
2,2,10897.0,0,0
3,3,10897.0,0,0
4,4,10897.0,0,0
5,5,10897.0,0,0
6,6,10897.0,0,0
7,7,10897.0,0,0
8,8,10897.0,0,0
9,9,10897.0,0,0
10,10,10897.0,0,0
11,11,10897.0,0,0
12,12,10897.0,0,0
13,13,10897.0,0,0
14,14,10897.0,0,0
15,15,10897.0,0,0
16,16,10897.0,0,0
17,17,10897.0,0,0
18,18,10897.0,0,0
19,19,10897.0,0,0
20,20,10897.0,0,0
21,21,10897.0,0,0
22,22,10897.0,0,0
23,23,10897.0,0,0
24,24,10897.0,0,0
25,25,10897.0,0,0
26,26,10897.0,0,0
27,27,10897.0,0,0
28,28,10897.0,0,0
29,29,10897.0,0,0
30,30,10897.0,0,0
31,31,10897.0,0,0
32,32,10897.0,0,0
33,33,10897.0,0,0
34,34,10897.0,0,0
35,35,10897.0,0,0
36,36,10897.0,0,0
37,37,10897.0,0,0
38,38,10897.0,0,0
39,39,10897.0,0,0
40,40,10897.0,0,0
41,41,10897.0,0,0
42,42,10897.0,0,0
43,43,10897.0,0,0
44,44,10897.0,0,0
45,45,10897.0,0,0
46,46,10897.0,0,0
47,47,10897.0,0,0
48,48,10897.0,0,0
49,49,10897.0,0,0
50,50,10897.0,0,0
51,51,10897.0,0,0
52,52,10897.0,0,0
53,53,10897.0,0,0
54,54,10897.0,0,0
55,55,10897.0,0,0
56,56,10896.0,1,0
57,57,10896.0,1,0
58,58,10896.0,1,0
59,59,10896.0,1,0
60,60,10893.0,4,0
61,61,10893.0,4,0
62,62,10895.0,2,0
63,63,10895.0,2,0
64,64,10895.0,2,0
65,65,10896.0,1,0
66,66,10896.0,1,0
67,67,10896.0,1,0
68,68,10896.0,1,0
69,69,10896.0,1,0
70,70,10896.0,1,0
71,71,10896.0,1,0
72,72,10896.0,1,0
73,73,10896.0,1,0
74,74,10896.0,1,0
75,75,10896.0,1,0
76,76,10892.0,5,0
77,77,10892.0,5,0
78,78,10891.0,6,0
79,79,10891.0,6,0
80,80,10891.0,6,0
81,81,10890.0,7,0
82,82,10890.0,7,0
83,83,10890.0,7,0
84,84,10890.0,7,0
85,85,10890.0,7,0
86,86,10890.0,7,0
87,87,10890.0,7,0
88,88,10889.0,7,1
89,89,10889.0,7,1
90,90,10889.0,7,1
91,91,10889.0,7,1
92,92,10889.0,7,1
93,93,10889.0,7,1
94,94,10889.0,7,1
95,95,10888.0,8,1
96,96,10888.0,8,1
97,97,10888.0,8,1
98,98,10885.0,11,1
99,99,10885.0,11,1
100,100,10885.0,11,1
101,101,10885.0,11,1
102,102,10885.0,11,1
103,103,10885.0,11,1
104,104,10885.0,11,1
105,105,10885.0,11,1
106,106,10885.0,11,1
107,107,10885.0,11,1
108,108,10885.0,11,1
109,109,10885.0,11,1
110,110,10885.0,11,1
111,111,10885.0,11,1
112,112,10884.0,12,1
113,113,10884.0,12,1
114,114,10883.0,13,1
115,115,10882.0,14,1
116,116,10882.0,14,1
117,117,10882.0,14,1
118,118,10882.0,14,1
119,119,10882.0,14,1
120,120,10881.0,15,1
121,121,10880.0,16,1
122,122,10880.0,16,1
123,123,10879.0,17,1
124,124,10879.0,17,1
125,125,10878.0,18,1
126,126,10878.0,18,1
127,127,10878.0,18,1
128,128,10878.0,18,1
