,Days,S,I,D
0,0,26617.0,0,0
1,1,26617.0,0,0
2,2,26617.0,0,0
3,3,26617.0,0,0
4,4,26617.0,0,0
5,5,26617.0,0,0
6,6,26617.0,0,0
7,7,26617.0,0,0
8,8,26617.0,0,0
9,9,26617.0,0,0
10,10,26617.0,0,0
11,11,26617.0,0,0
12,12,26617.0,0,0
13,13,26617.0,0,0
14,14,26617.0,0,0
15,15,26617.0,0,0
16,16,26617.0,0,0
17,17,26617.0,0,0
18,18,26617.0,0,0
19,19,26617.0,0,0
20,20,26617.0,0,0
21,21,26617.0,0,0
22,22,26617.0,0,0
23,23,26617.0,0,0
24,24,26617.0,0,0
25,25,26617.0,0,0
26,26,26617.0,0,0
27,27,26617.0,0,0
28,28,26617.0,0,0
29,29,26617.0,0,0
30,30,26617.0,0,0
31,31,26617.0,0,0
32,32,26617.0,0,0
33,33,26617.0,0,0
34,34,26617.0,0,0
35,35,26617.0,0,0
36,36,26617.0,0,0
37,37,26617.0,0,0
38,38,26617.0,0,0
39,39,26617.0,0,0
40,40,26617.0,0,0
41,41,26617.0,0,0
42,42,26617.0,0,0
43,43,26617.0,0,0
44,44,26617.0,0,0
45,45,26617.0,0,0
46,46,26617.0,0,0
47,47,26617.0,0,0
48,48,26617.0,0,0
49,49,26617.0,0,0
50,50,26617.0,0,0
51,51,26617.0,0,0
52,52,26617.0,0,0
53,53,26617.0,0,0
54,54,26617.0,0,0
55,55,26617.0,0,0
56,56,26617.0,0,0
57,57,26617.0,0,0
58,58,26617.0,0,0
59,59,26617.0,0,0
60,60,26617.0,0,0
61,61,26617.0,0,0
62,62,26617.0,0,0
63,63,26617.0,0,0
64,64,26616.0,1,0
65,65,26615.0,2,0
66,66,26615.0,2,0
67,67,26614.0,3,0
68,68,26614.0,3,0
69,69,26614.0,3,0
70,70,26613.0,4,0
71,71,26613.0,4,0
72,72,26613.0,4,0
73,73,26612.0,5,0
74,74,26612.0,5,0
75,75,26612.0,5,0
76,76,26612.0,5,0
77,77,26612.0,5,0
78,78,26612.0,5,0
79,79,26612.0,5,0
80,80,26612.0,5,0
81,81,26611.0,6,0
82,82,26610.0,7,0
83,83,26609.0,7,1
84,84,26609.0,7,1
85,85,26609.0,7,1
86,86,26609.0,7,1
87,87,26606.0,10,1
88,88,26606.0,10,1
89,89,26606.0,10,1
90,90,26606.0,10,1
91,91,26605.0,11,1
92,92,26605.0,11,1
93,93,26605.0,11,1
94,94,26604.0,12,1
95,95,26604.0,12,1
96,96,26603.0,13,1
97,97,26603.0,13,1
98,98,26602.0,14,1
99,99,26599.0,17,1
100,100,26599.0,17,1
101,101,26598.0,18,1
102,102,26598.0,18,1
103,103,26598.0,18,1
104,104,26598.0,18,1
105,105,26597.0,19,1
106,106,26596.0,20,1
107,107,26595.0,21,1
108,108,26595.0,21,1
109,109,26595.0,21,1
110,110,26595.0,21,1
111,111,26595.0,21,1
112,112,26595.0,21,1
113,113,26595.0,21,1
114,114,26595.0,21,1
115,115,26595.0,21,1
116,116,26595.0,21,1
117,117,26594.0,22,1
118,118,26594.0,22,1
119,119,26594.0,22,1
120,120,26594.0,22,1
121,121,26594.0,22,1
122,122,26594.0,22,1
123,123,26594.0,22,1
124,124,26594.0,22,1
125,125,26594.0,22,1
126,126,26594.0,22,1
127,127,26594.0,22,1
128,128,26593.0,23,1
