,Days,S,I,D
0,0,28494.0,0,0
1,1,28494.0,0,0
2,2,28494.0,0,0
3,3,28494.0,0,0
4,4,28494.0,0,0
5,5,28494.0,0,0
6,6,28494.0,0,0
7,7,28494.0,0,0
8,8,28494.0,0,0
9,9,28494.0,0,0
10,10,28494.0,0,0
11,11,28494.0,0,0
12,12,28494.0,0,0
13,13,28494.0,0,0
14,14,28494.0,0,0
15,15,28494.0,0,0
16,16,28494.0,0,0
17,17,28494.0,0,0
18,18,28494.0,0,0
19,19,28494.0,0,0
20,20,28494.0,0,0
21,21,28494.0,0,0
22,22,28494.0,0,0
23,23,28494.0,0,0
24,24,28494.0,0,0
25,25,28494.0,0,0
26,26,28494.0,0,0
27,27,28494.0,0,0
28,28,28494.0,0,0
29,29,28494.0,0,0
30,30,28494.0,0,0
31,31,28494.0,0,0
32,32,28494.0,0,0
33,33,28494.0,0,0
34,34,28494.0,0,0
35,35,28494.0,0,0
36,36,28494.0,0,0
37,37,28494.0,0,0
38,38,28494.0,0,0
39,39,28494.0,0,0
40,40,28494.0,0,0
41,41,28494.0,0,0
42,42,28494.0,0,0
43,43,28494.0,0,0
44,44,28494.0,0,0
45,45,28494.0,0,0
46,46,28494.0,0,0
47,47,28494.0,0,0
48,48,28494.0,0,0
49,49,28494.0,0,0
50,50,28494.0,0,0
51,51,28494.0,0,0
52,52,28494.0,0,0
53,53,28494.0,0,0
54,54,28494.0,0,0
55,55,28494.0,0,0
56,56,28494.0,0,0
57,57,28494.0,0,0
58,58,28494.0,0,0
59,59,28494.0,0,0
60,60,28493.0,1,0
61,61,28493.0,1,0
62,62,28489.0,5,0
63,63,28488.0,6,0
64,64,28488.0,6,0
65,65,28484.0,10,0
66,66,28483.0,11,0
67,67,28483.0,11,0
68,68,28481.0,13,0
69,69,28479.0,15,0
70,70,28479.0,15,0
71,71,28476.0,18,0
72,72,28475.0,19,0
73,73,28474.0,20,0
74,74,28474.0,20,0
75,75,28474.0,20,0
76,76,28474.0,20,0
77,77,28474.0,20,0
78,78,28474.0,20,0
79,79,28474.0,20,0
80,80,28474.0,20,0
81,81,28473.0,21,0
82,82,28473.0,21,0
83,83,28473.0,21,0
84,84,28473.0,21,0
85,85,28472.0,22,0
86,86,28472.0,22,0
87,87,28472.0,22,0
88,88,28472.0,22,0
89,89,28472.0,22,0
90,90,28472.0,22,0
91,91,28472.0,22,0
92,92,28472.0,22,0
93,93,28472.0,22,0
94,94,28472.0,22,0
95,95,28472.0,22,0
96,96,28471.0,23,0
97,97,28470.0,24,0
98,98,28470.0,24,0
99,99,28470.0,24,0
100,100,28469.0,25,0
101,101,28469.0,25,0
102,102,28468.0,26,0
103,103,28468.0,26,0
104,104,28468.0,26,0
105,105,28468.0,26,0
106,106,28466.0,28,0
107,107,28466.0,28,0
108,108,28466.0,28,0
109,109,28465.0,29,0
110,110,28464.0,30,0
111,111,28462.0,31,1
112,112,28462.0,31,1
113,113,28462.0,31,1
114,114,28460.0,33,1
115,115,28459.0,34,1
116,116,28458.0,35,1
117,117,28458.0,35,1
118,118,28457.0,36,1
119,119,28457.0,36,1
120,120,28455.0,38,1
121,121,28454.0,39,1
122,122,28452.0,41,1
123,123,28452.0,41,1
124,124,28452.0,41,1
125,125,28452.0,41,1
126,126,28450.0,43,1
127,127,28449.0,44,1
128,128,28449.0,44,1
