,Days,S,I,D
0,0,161503.0,0,0
1,1,161503.0,0,0
2,2,161503.0,0,0
3,3,161503.0,0,0
4,4,161503.0,0,0
5,5,161503.0,0,0
6,6,161503.0,0,0
7,7,161503.0,0,0
8,8,161503.0,0,0
9,9,161503.0,0,0
10,10,161503.0,0,0
11,11,161503.0,0,0
12,12,161503.0,0,0
13,13,161503.0,0,0
14,14,161503.0,0,0
15,15,161503.0,0,0
16,16,161503.0,0,0
17,17,161503.0,0,0
18,18,161503.0,0,0
19,19,161503.0,0,0
20,20,161503.0,0,0
21,21,161503.0,0,0
22,22,161503.0,0,0
23,23,161503.0,0,0
24,24,161503.0,0,0
25,25,161503.0,0,0
26,26,161503.0,0,0
27,27,161503.0,0,0
28,28,161503.0,0,0
29,29,161503.0,0,0
30,30,161503.0,0,0
31,31,161503.0,0,0
32,32,161503.0,0,0
33,33,161503.0,0,0
34,34,161503.0,0,0
35,35,161503.0,0,0
36,36,161503.0,0,0
37,37,161503.0,0,0
38,38,161503.0,0,0
39,39,161503.0,0,0
40,40,161503.0,0,0
41,41,161503.0,0,0
42,42,161503.0,0,0
43,43,161503.0,0,0
44,44,161503.0,0,0
45,45,161503.0,0,0
46,46,161503.0,0,0
47,47,161503.0,0,0
48,48,161503.0,0,0
49,49,161503.0,0,0
50,50,161503.0,0,0
51,51,161502.0,1,0
52,52,161502.0,1,0
53,53,161502.0,1,0
54,54,161502.0,1,0
55,55,161502.0,1,0
56,56,161501.0,2,0
57,57,161501.0,2,0
58,58,161499.0,4,0
59,59,161499.0,4,0
60,60,161498.0,5,0
61,61,161498.0,5,0
62,62,161498.0,5,0
63,63,161495.0,8,0
64,64,161493.0,10,0
65,65,161486.0,17,0
66,66,161481.0,21,1
67,67,161474.0,28,1
68,68,161469.0,33,1
69,69,161462.0,40,1
70,70,161446.0,56,1
71,71,161433.0,69,1
72,72,161412.0,90,1
73,73,161407.0,95,1
74,74,161390.0,111,2
75,75,161372.0,129,2
76,76,161365.0,136,2
77,77,161337.0,164,2
78,78,161320.0,180,3
79,79,161279.0,220,4
80,80,161263.0,235,5
81,81,161241.0,253,9
82,82,161220.0,274,9
83,83,161199.0,292,12
84,84,161182.0,310,11
85,85,161163.0,327,13
86,86,161151.0,337,15
87,87,161140.0,347,16
88,88,161116.0,370,17
89,89,161092.0,392,19
90,90,161080.0,401,22
91,91,161047.0,427,29
92,92,161030.0,442,31
93,93,161013.0,459,31
94,94,160986.0,483,34
95,95,160965.0,504,34
96,96,160938.0,529,36
97,97,160926.0,539,38
98,98,160911.0,551,41
99,99,160896.0,564,43
100,100,160848.0,611,44
101,101,160836.0,622,45
102,102,160819.0,637,47
103,103,160805.0,651,47
104,104,160796.0,660,47
105,105,160785.0,670,48
106,106,160757.0,698,48
107,107,160736.0,716,51
108,108,160722.0,729,52
109,109,160702.0,748,53
110,110,160694.0,756,53
111,111,160688.0,761,54
112,112,160669.0,778,56
113,113,160650.0,796,57
114,114,160615.0,829,59
115,115,160599.0,844,60
116,116,160584.0,859,60
117,117,160576.0,867,60
118,118,160546.0,895,62
119,119,160519.0,921,63
120,120,160496.0,943,64
121,121,160482.0,956,65
122,122,160467.0,969,67
123,123,160439.0,997,67
124,124,160432.0,1001,70
125,125,160432.0,1001,70
126,126,160424.0,1008,71
127,127,160405.0,1027,71
128,128,160376.0,1056,71
