,Days,S,I,D
0,0,9855.0,0,0
1,1,9855.0,0,0
2,2,9855.0,0,0
3,3,9855.0,0,0
4,4,9855.0,0,0
5,5,9855.0,0,0
6,6,9855.0,0,0
7,7,9855.0,0,0
8,8,9855.0,0,0
9,9,9855.0,0,0
10,10,9855.0,0,0
11,11,9855.0,0,0
12,12,9855.0,0,0
13,13,9855.0,0,0
14,14,9855.0,0,0
15,15,9855.0,0,0
16,16,9855.0,0,0
17,17,9855.0,0,0
18,18,9855.0,0,0
19,19,9855.0,0,0
20,20,9855.0,0,0
21,21,9855.0,0,0
22,22,9855.0,0,0
23,23,9855.0,0,0
24,24,9855.0,0,0
25,25,9855.0,0,0
26,26,9855.0,0,0
27,27,9855.0,0,0
28,28,9855.0,0,0
29,29,9855.0,0,0
30,30,9855.0,0,0
31,31,9855.0,0,0
32,32,9855.0,0,0
33,33,9855.0,0,0
34,34,9855.0,0,0
35,35,9855.0,0,0
36,36,9855.0,0,0
37,37,9855.0,0,0
38,38,9855.0,0,0
39,39,9855.0,0,0
40,40,9855.0,0,0
41,41,9855.0,0,0
42,42,9855.0,0,0
43,43,9855.0,0,0
44,44,9855.0,0,0
45,45,9855.0,0,0
46,46,9855.0,0,0
47,47,9855.0,0,0
48,48,9855.0,0,0
49,49,9855.0,0,0
50,50,9855.0,0,0
51,51,9855.0,0,0
52,52,9855.0,0,0
53,53,9855.0,0,0
54,54,9855.0,0,0
55,55,9855.0,0,0
56,56,9855.0,0,0
57,57,9855.0,0,0
58,58,9855.0,0,0
59,59,9855.0,0,0
60,60,9855.0,0,0
61,61,9855.0,0,0
62,62,9855.0,0,0
63,63,9855.0,0,0
64,64,9855.0,0,0
65,65,9855.0,0,0
66,66,9855.0,0,0
67,67,9855.0,0,0
68,68,9855.0,0,0
69,69,9855.0,0,0
70,70,9855.0,0,0
71,71,9855.0,0,0
72,72,9855.0,0,0
73,73,9855.0,0,0
74,74,9855.0,0,0
75,75,9855.0,0,0
76,76,9855.0,0,0
77,77,9855.0,0,0
78,78,9855.0,0,0
79,79,9855.0,0,0
80,80,9855.0,0,0
81,81,9855.0,0,0
82,82,9855.0,0,0
83,83,9855.0,0,0
84,84,9855.0,0,0
85,85,9855.0,0,0
86,86,9855.0,0,0
87,87,9854.0,1,0
88,88,9854.0,1,0
89,89,9854.0,1,0
90,90,9854.0,1,0
91,91,9853.0,1,1
92,92,9848.0,6,1
93,93,9848.0,6,1
94,94,9848.0,6,1
95,95,9848.0,6,1
96,96,9848.0,6,1
97,97,9848.0,6,1
98,98,9848.0,6,1
99,99,9848.0,6,1
100,100,9848.0,6,1
101,101,9848.0,6,1
102,102,9848.0,6,1
103,103,9848.0,6,1
104,104,9848.0,6,1
105,105,9848.0,6,1
106,106,9848.0,6,1
107,107,9848.0,6,1
108,108,9848.0,6,1
109,109,9848.0,6,1
110,110,9848.0,6,1
111,111,9848.0,6,1
112,112,9848.0,6,1
113,113,9848.0,6,1
114,114,9847.0,7,1
115,115,9847.0,7,1
116,116,9847.0,7,1
117,117,9847.0,7,1
118,118,9847.0,7,1
119,119,9847.0,7,1
120,120,9847.0,7,1
121,121,9847.0,7,1
122,122,9847.0,7,1
123,123,9847.0,7,1
124,124,9847.0,7,1
125,125,9847.0,7,1
126,126,9847.0,7,1
127,127,9847.0,7,1
128,128,9847.0,7,1
