,Days,S,I,D
0,0,32993.0,0,0
1,1,32993.0,0,0
2,2,32993.0,0,0
3,3,32993.0,0,0
4,4,32993.0,0,0
5,5,32993.0,0,0
6,6,32993.0,0,0
7,7,32993.0,0,0
8,8,32993.0,0,0
9,9,32993.0,0,0
10,10,32993.0,0,0
11,11,32993.0,0,0
12,12,32993.0,0,0
13,13,32993.0,0,0
14,14,32993.0,0,0
15,15,32993.0,0,0
16,16,32993.0,0,0
17,17,32993.0,0,0
18,18,32993.0,0,0
19,19,32993.0,0,0
20,20,32993.0,0,0
21,21,32993.0,0,0
22,22,32993.0,0,0
23,23,32993.0,0,0
24,24,32993.0,0,0
25,25,32993.0,0,0
26,26,32993.0,0,0
27,27,32993.0,0,0
28,28,32993.0,0,0
29,29,32993.0,0,0
30,30,32993.0,0,0
31,31,32993.0,0,0
32,32,32993.0,0,0
33,33,32993.0,0,0
34,34,32993.0,0,0
35,35,32993.0,0,0
36,36,32993.0,0,0
37,37,32993.0,0,0
38,38,32993.0,0,0
39,39,32993.0,0,0
40,40,32993.0,0,0
41,41,32993.0,0,0
42,42,32993.0,0,0
43,43,32993.0,0,0
44,44,32993.0,0,0
45,45,32993.0,0,0
46,46,32993.0,0,0
47,47,32993.0,0,0
48,48,32993.0,0,0
49,49,32993.0,0,0
50,50,32993.0,0,0
51,51,32993.0,0,0
52,52,32993.0,0,0
53,53,32993.0,0,0
54,54,32993.0,0,0
55,55,32993.0,0,0
56,56,32993.0,0,0
57,57,32993.0,0,0
58,58,32993.0,0,0
59,59,32993.0,0,0
60,60,32993.0,0,0
61,61,32993.0,0,0
62,62,32993.0,0,0
63,63,32993.0,0,0
64,64,32993.0,0,0
65,65,32992.0,1,0
66,66,32992.0,1,0
67,67,32992.0,1,0
68,68,32992.0,1,0
69,69,32992.0,1,0
70,70,32991.0,2,0
71,71,32991.0,2,0
72,72,32991.0,2,0
73,73,32990.0,3,0
74,74,32990.0,3,0
75,75,32990.0,3,0
76,76,32989.0,4,0
77,77,32989.0,4,0
78,78,32989.0,4,0
79,79,32989.0,4,0
80,80,32988.0,5,0
81,81,32988.0,5,0
82,82,32987.0,6,0
83,83,32987.0,6,0
84,84,32986.0,7,0
85,85,32986.0,7,0
86,86,32986.0,7,0
87,87,32985.0,8,0
88,88,32985.0,8,0
89,89,32985.0,8,0
90,90,32985.0,8,0
91,91,32985.0,8,0
92,92,32985.0,8,0
93,93,32984.0,9,0
94,94,32984.0,9,0
95,95,32983.0,10,0
96,96,32983.0,10,0
97,97,32983.0,10,0
98,98,32983.0,10,0
99,99,32983.0,10,0
100,100,32983.0,10,0
101,101,32982.0,11,0
102,102,32981.0,12,0
103,103,32981.0,12,0
104,104,32980.0,12,1
105,105,32980.0,12,1
106,106,32980.0,12,1
107,107,32980.0,12,1
108,108,32980.0,12,1
109,109,32978.0,14,1
110,110,32978.0,14,1
111,111,32977.0,15,1
112,112,32977.0,15,1
113,113,32977.0,15,1
114,114,32977.0,15,1
115,115,32977.0,15,1
116,116,32977.0,15,1
117,117,32977.0,15,1
118,118,32977.0,15,1
119,119,32977.0,15,1
120,120,32977.0,15,1
121,121,32977.0,15,1
122,122,32977.0,15,1
123,123,32977.0,15,1
124,124,32977.0,15,1
125,125,32977.0,15,1
126,126,32977.0,15,1
127,127,32977.0,15,1
128,128,32977.0,15,1
