,Days,S,I,D
0,0,16184.0,0,0
1,1,16184.0,0,0
2,2,16184.0,0,0
3,3,16184.0,0,0
4,4,16184.0,0,0
5,5,16184.0,0,0
6,6,16184.0,0,0
7,7,16184.0,0,0
8,8,16184.0,0,0
9,9,16184.0,0,0
10,10,16184.0,0,0
11,11,16184.0,0,0
12,12,16184.0,0,0
13,13,16184.0,0,0
14,14,16184.0,0,0
15,15,16184.0,0,0
16,16,16184.0,0,0
17,17,16184.0,0,0
18,18,16184.0,0,0
19,19,16184.0,0,0
20,20,16184.0,0,0
21,21,16184.0,0,0
22,22,16184.0,0,0
23,23,16184.0,0,0
24,24,16184.0,0,0
25,25,16184.0,0,0
26,26,16184.0,0,0
27,27,16184.0,0,0
28,28,16184.0,0,0
29,29,16184.0,0,0
30,30,16184.0,0,0
31,31,16184.0,0,0
32,32,16184.0,0,0
33,33,16184.0,0,0
34,34,16184.0,0,0
35,35,16184.0,0,0
36,36,16184.0,0,0
37,37,16184.0,0,0
38,38,16184.0,0,0
39,39,16184.0,0,0
40,40,16184.0,0,0
41,41,16184.0,0,0
42,42,16184.0,0,0
43,43,16184.0,0,0
44,44,16184.0,0,0
45,45,16184.0,0,0
46,46,16184.0,0,0
47,47,16184.0,0,0
48,48,16184.0,0,0
49,49,16184.0,0,0
50,50,16184.0,0,0
51,51,16184.0,0,0
52,52,16184.0,0,0
53,53,16184.0,0,0
54,54,16184.0,0,0
55,55,16184.0,0,0
56,56,16184.0,0,0
57,57,16184.0,0,0
58,58,16184.0,0,0
59,59,16184.0,0,0
60,60,16184.0,0,0
61,61,16184.0,0,0
62,62,16184.0,0,0
63,63,16184.0,0,0
64,64,16183.0,1,0
65,65,16182.0,2,0
66,66,16181.0,3,0
67,67,16181.0,3,0
68,68,16181.0,3,0
69,69,16180.0,4,0
70,70,16180.0,4,0
71,71,16180.0,4,0
72,72,16180.0,4,0
73,73,16180.0,4,0
74,74,16180.0,4,0
75,75,16180.0,4,0
76,76,16180.0,4,0
77,77,16180.0,4,0
78,78,16180.0,4,0
79,79,16180.0,4,0
80,80,16180.0,4,0
81,81,16180.0,4,0
82,82,16180.0,4,0
83,83,16180.0,4,0
84,84,16180.0,4,0
85,85,16180.0,4,0
86,86,16180.0,4,0
87,87,16180.0,4,0
88,88,16180.0,4,0
89,89,16180.0,4,0
90,90,16180.0,4,0
91,91,16180.0,4,0
92,92,16178.0,5,1
93,93,16178.0,5,1
94,94,16178.0,5,1
95,95,16178.0,5,1
96,96,16178.0,5,1
97,97,16178.0,5,1
98,98,16178.0,5,1
99,99,16178.0,5,1
100,100,16178.0,5,1
101,101,16177.0,6,1
102,102,16177.0,6,1
103,103,16177.0,6,1
104,104,16177.0,6,1
105,105,16177.0,6,1
106,106,16177.0,6,1
107,107,16177.0,6,1
108,108,16177.0,6,1
109,109,16177.0,6,1
110,110,16177.0,6,1
111,111,16177.0,6,1
112,112,16177.0,6,1
113,113,16177.0,6,1
114,114,16177.0,6,1
115,115,16177.0,6,1
116,116,16177.0,6,1
117,117,16176.0,7,1
118,118,16176.0,7,1
119,119,16176.0,7,1
120,120,16176.0,7,1
121,121,16176.0,7,1
122,122,16176.0,7,1
123,123,16176.0,7,1
124,124,16176.0,7,1
125,125,16176.0,7,1
126,126,16176.0,7,1
127,127,16176.0,7,1
128,128,16176.0,7,1
