,Days,S,I,D
0,0,6628.0,0,0
1,1,6628.0,0,0
2,2,6628.0,0,0
3,3,6628.0,0,0
4,4,6628.0,0,0
5,5,6628.0,0,0
6,6,6628.0,0,0
7,7,6628.0,0,0
8,8,6628.0,0,0
9,9,6628.0,0,0
10,10,6628.0,0,0
11,11,6628.0,0,0
12,12,6628.0,0,0
13,13,6628.0,0,0
14,14,6628.0,0,0
15,15,6628.0,0,0
16,16,6628.0,0,0
17,17,6628.0,0,0
18,18,6628.0,0,0
19,19,6628.0,0,0
20,20,6628.0,0,0
21,21,6628.0,0,0
22,22,6628.0,0,0
23,23,6628.0,0,0
24,24,6628.0,0,0
25,25,6628.0,0,0
26,26,6628.0,0,0
27,27,6628.0,0,0
28,28,6628.0,0,0
29,29,6628.0,0,0
30,30,6628.0,0,0
31,31,6628.0,0,0
32,32,6628.0,0,0
33,33,6628.0,0,0
34,34,6628.0,0,0
35,35,6628.0,0,0
36,36,6628.0,0,0
37,37,6628.0,0,0
38,38,6628.0,0,0
39,39,6628.0,0,0
40,40,6628.0,0,0
41,41,6628.0,0,0
42,42,6628.0,0,0
43,43,6628.0,0,0
44,44,6628.0,0,0
45,45,6628.0,0,0
46,46,6628.0,0,0
47,47,6628.0,0,0
48,48,6628.0,0,0
49,49,6628.0,0,0
50,50,6628.0,0,0
51,51,6628.0,0,0
52,52,6628.0,0,0
53,53,6628.0,0,0
54,54,6628.0,0,0
55,55,6628.0,0,0
56,56,6628.0,0,0
57,57,6628.0,0,0
58,58,6628.0,0,0
59,59,6628.0,0,0
60,60,6628.0,0,0
61,61,6628.0,0,0
62,62,6628.0,0,0
63,63,6628.0,0,0
64,64,6628.0,0,0
65,65,6628.0,0,0
66,66,6628.0,0,0
67,67,6628.0,0,0
68,68,6628.0,0,0
69,69,6628.0,0,0
70,70,6628.0,0,0
71,71,6628.0,0,0
72,72,6628.0,0,0
73,73,6628.0,0,0
74,74,6628.0,0,0
75,75,6627.0,1,0
76,76,6627.0,1,0
77,77,6627.0,1,0
78,78,6627.0,1,0
79,79,6627.0,1,0
80,80,6627.0,1,0
81,81,6627.0,1,0
82,82,6627.0,1,0
83,83,6627.0,1,0
84,84,6627.0,1,0
85,85,6627.0,1,0
86,86,6627.0,1,0
87,87,6627.0,1,0
88,88,6627.0,1,0
89,89,6627.0,1,0
90,90,6627.0,1,0
91,91,6627.0,1,0
92,92,6627.0,1,0
93,93,6627.0,1,0
94,94,6627.0,1,0
95,95,6627.0,1,0
96,96,6627.0,1,0
97,97,6627.0,1,0
98,98,6627.0,1,0
99,99,6627.0,1,0
100,100,6627.0,1,0
101,101,6627.0,1,0
102,102,6627.0,1,0
103,103,6627.0,1,0
104,104,6627.0,1,0
105,105,6627.0,1,0
106,106,6627.0,1,0
107,107,6627.0,1,0
108,108,6627.0,1,0
109,109,6627.0,1,0
110,110,6627.0,1,0
111,111,6627.0,1,0
112,112,6627.0,1,0
113,113,6626.0,2,0
114,114,6626.0,2,0
115,115,6626.0,2,0
116,116,6625.0,3,0
117,117,6625.0,3,0
118,118,6625.0,3,0
119,119,6624.0,4,0
120,120,6624.0,4,0
121,121,6622.0,6,0
122,122,6622.0,6,0
123,123,6611.0,17,0
124,124,6611.0,17,0
125,125,6609.0,19,0
126,126,6607.0,21,0
127,127,6603.0,25,0
128,128,6601.0,26,1
