,Days,S,I,D
0,0,28020.0,0,0
1,1,28020.0,0,0
2,2,28020.0,0,0
3,3,28020.0,0,0
4,4,28020.0,0,0
5,5,28020.0,0,0
6,6,28020.0,0,0
7,7,28020.0,0,0
8,8,28020.0,0,0
9,9,28020.0,0,0
10,10,28020.0,0,0
11,11,28020.0,0,0
12,12,28020.0,0,0
13,13,28020.0,0,0
14,14,28020.0,0,0
15,15,28020.0,0,0
16,16,28020.0,0,0
17,17,28020.0,0,0
18,18,28020.0,0,0
19,19,28020.0,0,0
20,20,28020.0,0,0
21,21,28020.0,0,0
22,22,28020.0,0,0
23,23,28020.0,0,0
24,24,28020.0,0,0
25,25,28020.0,0,0
26,26,28020.0,0,0
27,27,28020.0,0,0
28,28,28020.0,0,0
29,29,28020.0,0,0
30,30,28020.0,0,0
31,31,28020.0,0,0
32,32,28020.0,0,0
33,33,28020.0,0,0
34,34,28020.0,0,0
35,35,28020.0,0,0
36,36,28020.0,0,0
37,37,28020.0,0,0
38,38,28020.0,0,0
39,39,28020.0,0,0
40,40,28020.0,0,0
41,41,28020.0,0,0
42,42,28020.0,0,0
43,43,28020.0,0,0
44,44,28020.0,0,0
45,45,28020.0,0,0
46,46,28020.0,0,0
47,47,28020.0,0,0
48,48,28020.0,0,0
49,49,28020.0,0,0
50,50,28020.0,0,0
51,51,28020.0,0,0
52,52,28020.0,0,0
53,53,28020.0,0,0
54,54,28020.0,0,0
55,55,28020.0,0,0
56,56,28020.0,0,0
57,57,28020.0,0,0
58,58,28020.0,0,0
59,59,28018.0,2,0
60,60,28018.0,2,0
61,61,28018.0,2,0
62,62,28017.0,3,0
63,63,28017.0,3,0
64,64,28017.0,3,0
65,65,28016.0,4,0
66,66,28016.0,4,0
67,67,28015.0,5,0
68,68,28015.0,5,0
69,69,28015.0,5,0
70,70,28015.0,5,0
71,71,28015.0,5,0
72,72,28014.0,6,0
73,73,28014.0,6,0
74,74,28013.0,7,0
75,75,28012.0,8,0
76,76,28012.0,8,0
77,77,28012.0,8,0
78,78,28010.0,10,0
79,79,28010.0,10,0
80,80,28010.0,10,0
81,81,28009.0,11,0
82,82,28008.0,12,0
83,83,28008.0,12,0
84,84,28007.0,13,0
85,85,28007.0,13,0
86,86,28007.0,13,0
87,87,28007.0,13,0
88,88,28006.0,14,0
89,89,28005.0,14,1
90,90,28005.0,14,1
91,91,28005.0,14,1
92,92,28005.0,14,1
93,93,28005.0,14,1
94,94,28003.0,16,1
95,95,28003.0,16,1
96,96,28003.0,16,1
97,97,28001.0,18,1
98,98,28001.0,18,1
99,99,28001.0,18,1
100,100,28001.0,18,1
101,101,28001.0,18,1
102,102,28001.0,18,1
103,103,28001.0,18,1
104,104,28001.0,18,1
105,105,28001.0,18,1
106,106,28001.0,18,1
107,107,28001.0,18,1
108,108,28001.0,18,1
109,109,28000.0,19,1
110,110,27998.0,21,1
111,111,27997.0,22,1
112,112,27997.0,22,1
113,113,27996.0,23,1
114,114,27995.0,24,1
115,115,27994.0,25,1
116,116,27994.0,25,1
117,117,27994.0,25,1
118,118,27994.0,25,1
119,119,27993.0,26,1
120,120,27993.0,26,1
121,121,27993.0,26,1
122,122,27992.0,27,1
123,123,27992.0,27,1
124,124,27992.0,27,1
125,125,27992.0,27,1
126,126,27992.0,27,1
127,127,27992.0,27,1
128,128,27992.0,27,1
