,Days,S,I,D
0,0,106727.0,0,0
1,1,106727.0,0,0
2,2,106727.0,0,0
3,3,106727.0,0,0
4,4,106727.0,0,0
5,5,106727.0,0,0
6,6,106727.0,0,0
7,7,106727.0,0,0
8,8,106727.0,0,0
9,9,106727.0,0,0
10,10,106727.0,0,0
11,11,106727.0,0,0
12,12,106727.0,0,0
13,13,106727.0,0,0
14,14,106727.0,0,0
15,15,106727.0,0,0
16,16,106727.0,0,0
17,17,106727.0,0,0
18,18,106727.0,0,0
19,19,106727.0,0,0
20,20,106727.0,0,0
21,21,106727.0,0,0
22,22,106727.0,0,0
23,23,106727.0,0,0
24,24,106727.0,0,0
25,25,106727.0,0,0
26,26,106727.0,0,0
27,27,106727.0,0,0
28,28,106727.0,0,0
29,29,106727.0,0,0
30,30,106727.0,0,0
31,31,106727.0,0,0
32,32,106727.0,0,0
33,33,106727.0,0,0
34,34,106727.0,0,0
35,35,106727.0,0,0
36,36,106727.0,0,0
37,37,106727.0,0,0
38,38,106727.0,0,0
39,39,106727.0,0,0
40,40,106727.0,0,0
41,41,106727.0,0,0
42,42,106727.0,0,0
43,43,106727.0,0,0
44,44,106727.0,0,0
45,45,106727.0,0,0
46,46,106727.0,0,0
47,47,106727.0,0,0
48,48,106727.0,0,0
49,49,106727.0,0,0
50,50,106727.0,0,0
51,51,106727.0,0,0
52,52,106727.0,0,0
53,53,106727.0,0,0
54,54,106727.0,0,0
55,55,106727.0,0,0
56,56,106727.0,0,0
57,57,106727.0,0,0
58,58,106726.0,1,0
59,59,106726.0,1,0
60,60,106726.0,1,0
61,61,106726.0,1,0
62,62,106725.0,2,0
63,63,106724.0,3,0
64,64,106722.0,5,0
65,65,106722.0,5,0
66,66,106722.0,5,0
67,67,106719.0,8,0
68,68,106718.0,9,0
69,69,106717.0,10,0
70,70,106713.0,14,0
71,71,106709.0,18,0
72,72,106706.0,21,0
73,73,106706.0,21,0
74,74,106706.0,21,0
75,75,106704.0,23,0
76,76,106702.0,25,0
77,77,106699.0,28,0
78,78,106699.0,28,0
79,79,106696.0,31,0
80,80,106696.0,31,0
81,81,106696.0,31,0
82,82,106695.0,32,0
83,83,106693.0,33,1
84,84,106693.0,33,1
85,85,106691.0,35,1
86,86,106689.0,37,1
87,87,106689.0,37,1
88,88,106689.0,37,1
89,89,106689.0,37,1
90,90,106689.0,37,1
91,91,106688.0,38,1
92,92,106688.0,38,1
93,93,106686.0,40,1
94,94,106685.0,41,1
95,95,106683.0,43,1
96,96,106681.0,45,1
97,97,106680.0,46,1
98,98,106678.0,48,1
99,99,106677.0,49,1
100,100,106674.0,52,1
101,101,106674.0,52,1
102,102,106673.0,53,1
103,103,106670.0,56,1
104,104,106667.0,59,1
105,105,106665.0,61,1
106,106,106662.0,64,1
107,107,106658.0,68,1
108,108,106657.0,69,1
109,109,106657.0,69,1
110,110,106654.0,72,1
111,111,106652.0,74,1
112,112,106651.0,75,1
113,113,106646.0,80,1
114,114,106645.0,81,1
115,115,106645.0,81,1
116,116,106644.0,82,1
117,117,106643.0,83,1
118,118,106642.0,84,1
119,119,106642.0,84,1
120,120,106637.0,89,1
121,121,106636.0,90,1
122,122,106635.0,91,1
123,123,106633.0,93,1
124,124,106628.0,98,1
125,125,106627.0,99,1
126,126,106621.0,105,1
127,127,106618.0,108,1
128,128,106613.0,113,1
