,Days,S,I,D
0,0,20383.0,0,0
1,1,20383.0,0,0
2,2,20383.0,0,0
3,3,20383.0,0,0
4,4,20383.0,0,0
5,5,20383.0,0,0
6,6,20383.0,0,0
7,7,20383.0,0,0
8,8,20383.0,0,0
9,9,20383.0,0,0
10,10,20383.0,0,0
11,11,20383.0,0,0
12,12,20383.0,0,0
13,13,20383.0,0,0
14,14,20383.0,0,0
15,15,20383.0,0,0
16,16,20383.0,0,0
17,17,20383.0,0,0
18,18,20383.0,0,0
19,19,20383.0,0,0
20,20,20383.0,0,0
21,21,20383.0,0,0
22,22,20383.0,0,0
23,23,20383.0,0,0
24,24,20383.0,0,0
25,25,20383.0,0,0
26,26,20383.0,0,0
27,27,20383.0,0,0
28,28,20383.0,0,0
29,29,20383.0,0,0
30,30,20383.0,0,0
31,31,20383.0,0,0
32,32,20383.0,0,0
33,33,20383.0,0,0
34,34,20383.0,0,0
35,35,20383.0,0,0
36,36,20383.0,0,0
37,37,20383.0,0,0
38,38,20383.0,0,0
39,39,20383.0,0,0
40,40,20383.0,0,0
41,41,20383.0,0,0
42,42,20383.0,0,0
43,43,20383.0,0,0
44,44,20383.0,0,0
45,45,20383.0,0,0
46,46,20383.0,0,0
47,47,20383.0,0,0
48,48,20383.0,0,0
49,49,20383.0,0,0
50,50,20383.0,0,0
51,51,20383.0,0,0
52,52,20383.0,0,0
53,53,20383.0,0,0
54,54,20383.0,0,0
55,55,20383.0,0,0
56,56,20383.0,0,0
57,57,20383.0,0,0
58,58,20383.0,0,0
59,59,20383.0,0,0
60,60,20383.0,0,0
61,61,20383.0,0,0
62,62,20383.0,0,0
63,63,20383.0,0,0
64,64,20383.0,0,0
65,65,20383.0,0,0
66,66,20383.0,0,0
67,67,20383.0,0,0
68,68,20383.0,0,0
69,69,20383.0,0,0
70,70,20383.0,0,0
71,71,20383.0,0,0
72,72,20383.0,0,0
73,73,20383.0,0,0
74,74,20383.0,0,0
75,75,20382.0,1,0
76,76,20382.0,1,0
77,77,20382.0,1,0
78,78,20382.0,1,0
79,79,20382.0,1,0
80,80,20382.0,1,0
81,81,20380.0,3,0
82,82,20379.0,4,0
83,83,20378.0,4,1
84,84,20377.0,5,1
85,85,20376.0,6,1
86,86,20374.0,8,1
87,87,20374.0,8,1
88,88,20374.0,8,1
89,89,20374.0,8,1
90,90,20374.0,8,1
91,91,20374.0,8,1
92,92,20373.0,9,1
93,93,20373.0,9,1
94,94,20372.0,10,1
95,95,20372.0,10,1
96,96,20372.0,10,1
97,97,20371.0,11,1
98,98,20369.0,13,1
99,99,20369.0,13,1
100,100,20369.0,13,1
101,101,20367.0,15,1
102,102,20364.0,18,1
103,103,20360.0,22,1
104,104,20360.0,22,1
105,105,20357.0,25,1
106,106,20357.0,25,1
107,107,20356.0,26,1
108,108,20354.0,28,1
109,109,20353.0,29,1
110,110,20353.0,29,1
111,111,20353.0,29,1
112,112,20353.0,29,1
113,113,20353.0,29,1
114,114,20352.0,30,1
115,115,20352.0,30,1
116,116,20352.0,30,1
117,117,20352.0,30,1
118,118,20351.0,31,1
119,119,20351.0,31,1
120,120,20350.0,32,1
121,121,20350.0,32,1
122,122,20349.0,33,1
123,123,20349.0,33,1
124,124,20349.0,33,1
125,125,20349.0,33,1
126,126,20349.0,33,1
127,127,20348.0,34,1
128,128,20348.0,34,1
