,Days,S,I,D
0,0,5505.0,0,0
1,1,5505.0,0,0
2,2,5505.0,0,0
3,3,5505.0,0,0
4,4,5505.0,0,0
5,5,5505.0,0,0
6,6,5505.0,0,0
7,7,5505.0,0,0
8,8,5505.0,0,0
9,9,5505.0,0,0
10,10,5505.0,0,0
11,11,5505.0,0,0
12,12,5505.0,0,0
13,13,5505.0,0,0
14,14,5505.0,0,0
15,15,5505.0,0,0
16,16,5505.0,0,0
17,17,5505.0,0,0
18,18,5505.0,0,0
19,19,5505.0,0,0
20,20,5505.0,0,0
21,21,5505.0,0,0
22,22,5505.0,0,0
23,23,5505.0,0,0
24,24,5505.0,0,0
25,25,5505.0,0,0
26,26,5505.0,0,0
27,27,5505.0,0,0
28,28,5505.0,0,0
29,29,5505.0,0,0
30,30,5505.0,0,0
31,31,5505.0,0,0
32,32,5505.0,0,0
33,33,5505.0,0,0
34,34,5505.0,0,0
35,35,5505.0,0,0
36,36,5505.0,0,0
37,37,5505.0,0,0
38,38,5505.0,0,0
39,39,5505.0,0,0
40,40,5505.0,0,0
41,41,5505.0,0,0
42,42,5505.0,0,0
43,43,5505.0,0,0
44,44,5505.0,0,0
45,45,5505.0,0,0
46,46,5505.0,0,0
47,47,5505.0,0,0
48,48,5505.0,0,0
49,49,5505.0,0,0
50,50,5505.0,0,0
51,51,5505.0,0,0
52,52,5505.0,0,0
53,53,5505.0,0,0
54,54,5505.0,0,0
55,55,5505.0,0,0
56,56,5505.0,0,0
57,57,5505.0,0,0
58,58,5505.0,0,0
59,59,5505.0,0,0
60,60,5505.0,0,0
61,61,5505.0,0,0
62,62,5505.0,0,0
63,63,5505.0,0,0
64,64,5505.0,0,0
65,65,5505.0,0,0
66,66,5505.0,0,0
67,67,5505.0,0,0
68,68,5505.0,0,0
69,69,5505.0,0,0
70,70,5505.0,0,0
71,71,5505.0,0,0
72,72,5505.0,0,0
73,73,5505.0,0,0
74,74,5505.0,0,0
75,75,5505.0,0,0
76,76,5505.0,0,0
77,77,5505.0,0,0
78,78,5505.0,0,0
79,79,5505.0,0,0
80,80,5505.0,0,0
81,81,5505.0,0,0
82,82,5505.0,0,0
83,83,5505.0,0,0
84,84,5505.0,0,0
85,85,5505.0,0,0
86,86,5505.0,0,0
87,87,5505.0,0,0
88,88,5505.0,0,0
89,89,5505.0,0,0
90,90,5505.0,0,0
91,91,5505.0,0,0
92,92,5505.0,0,0
93,93,5505.0,0,0
94,94,5505.0,0,0
95,95,5505.0,0,0
96,96,5505.0,0,0
97,97,5505.0,0,0
98,98,5504.0,1,0
99,99,5504.0,1,0
100,100,5501.0,4,0
101,101,5497.0,8,0
102,102,5497.0,8,0
103,103,5497.0,8,0
104,104,5497.0,8,0
105,105,5495.0,10,0
106,106,5495.0,10,0
107,107,5495.0,10,0
108,108,5495.0,10,0
109,109,5495.0,10,0
110,110,5495.0,10,0
111,111,5495.0,10,0
112,112,5495.0,10,0
113,113,5495.0,10,0
114,114,5495.0,10,0
115,115,5495.0,10,0
116,116,5494.0,11,0
117,117,5494.0,11,0
118,118,5494.0,11,0
119,119,5494.0,11,0
120,120,5494.0,11,0
121,121,5494.0,11,0
122,122,5493.0,12,0
123,123,5493.0,12,0
124,124,5493.0,12,0
125,125,5493.0,12,0
126,126,5492.0,13,0
127,127,5492.0,13,0
128,128,5492.0,13,0
