,Days,S,I,D
0,0,4337.0,0,0
1,1,4337.0,0,0
2,2,4337.0,0,0
3,3,4337.0,0,0
4,4,4337.0,0,0
5,5,4337.0,0,0
6,6,4337.0,0,0
7,7,4337.0,0,0
8,8,4337.0,0,0
9,9,4337.0,0,0
10,10,4337.0,0,0
11,11,4337.0,0,0
12,12,4337.0,0,0
13,13,4337.0,0,0
14,14,4337.0,0,0
15,15,4337.0,0,0
16,16,4337.0,0,0
17,17,4337.0,0,0
18,18,4337.0,0,0
19,19,4337.0,0,0
20,20,4337.0,0,0
21,21,4337.0,0,0
22,22,4337.0,0,0
23,23,4337.0,0,0
24,24,4337.0,0,0
25,25,4337.0,0,0
26,26,4337.0,0,0
27,27,4337.0,0,0
28,28,4337.0,0,0
29,29,4337.0,0,0
30,30,4337.0,0,0
31,31,4337.0,0,0
32,32,4337.0,0,0
33,33,4337.0,0,0
34,34,4337.0,0,0
35,35,4337.0,0,0
36,36,4337.0,0,0
37,37,4337.0,0,0
38,38,4337.0,0,0
39,39,4337.0,0,0
40,40,4337.0,0,0
41,41,4337.0,0,0
42,42,4337.0,0,0
43,43,4337.0,0,0
44,44,4337.0,0,0
45,45,4337.0,0,0
46,46,4337.0,0,0
47,47,4337.0,0,0
48,48,4337.0,0,0
49,49,4337.0,0,0
50,50,4337.0,0,0
51,51,4337.0,0,0
52,52,4337.0,0,0
53,53,4337.0,0,0
54,54,4337.0,0,0
55,55,4337.0,0,0
56,56,4337.0,0,0
57,57,4337.0,0,0
58,58,4337.0,0,0
59,59,4337.0,0,0
60,60,4337.0,0,0
61,61,4337.0,0,0
62,62,4337.0,0,0
63,63,4337.0,0,0
64,64,4337.0,0,0
65,65,4337.0,0,0
66,66,4336.0,1,0
67,67,4336.0,1,0
68,68,4336.0,1,0
69,69,4336.0,1,0
70,70,4336.0,1,0
71,71,4336.0,1,0
72,72,4336.0,1,0
73,73,4336.0,1,0
74,74,4336.0,1,0
75,75,4336.0,1,0
76,76,4336.0,1,0
77,77,4336.0,1,0
78,78,4336.0,1,0
79,79,4336.0,1,0
80,80,4336.0,1,0
81,81,4336.0,1,0
82,82,4336.0,1,0
83,83,4336.0,1,0
84,84,4336.0,1,0
85,85,4336.0,1,0
86,86,4336.0,1,0
87,87,4336.0,1,0
88,88,4336.0,1,0
89,89,4336.0,1,0
90,90,4336.0,1,0
91,91,4336.0,1,0
92,92,4336.0,1,0
93,93,4336.0,1,0
94,94,4336.0,1,0
95,95,4336.0,1,0
96,96,4336.0,1,0
97,97,4336.0,1,0
98,98,4336.0,1,0
99,99,4336.0,1,0
100,100,4336.0,1,0
101,101,4336.0,1,0
102,102,4336.0,1,0
103,103,4336.0,1,0
104,104,4336.0,1,0
105,105,4336.0,1,0
106,106,4336.0,1,0
107,107,4336.0,1,0
108,108,4336.0,1,0
109,109,4336.0,1,0
110,110,4336.0,1,0
111,111,4336.0,1,0
112,112,4336.0,1,0
113,113,4336.0,1,0
114,114,4336.0,1,0
115,115,4336.0,1,0
116,116,4336.0,1,0
117,117,4336.0,1,0
118,118,4336.0,1,0
119,119,4336.0,1,0
120,120,4336.0,1,0
121,121,4336.0,1,0
122,122,4336.0,1,0
123,123,4336.0,1,0
124,124,4336.0,1,0
125,125,4336.0,1,0
126,126,4336.0,1,0
127,127,4336.0,1,0
128,128,4336.0,1,0
