,Days,S,I,D
0,0,1928.0,0,0
1,1,1928.0,0,0
2,2,1928.0,0,0
3,3,1928.0,0,0
4,4,1928.0,0,0
5,5,1928.0,0,0
6,6,1928.0,0,0
7,7,1928.0,0,0
8,8,1928.0,0,0
9,9,1928.0,0,0
10,10,1928.0,0,0
11,11,1928.0,0,0
12,12,1928.0,0,0
13,13,1928.0,0,0
14,14,1928.0,0,0
15,15,1928.0,0,0
16,16,1928.0,0,0
17,17,1928.0,0,0
18,18,1928.0,0,0
19,19,1928.0,0,0
20,20,1928.0,0,0
21,21,1928.0,0,0
22,22,1928.0,0,0
23,23,1928.0,0,0
24,24,1928.0,0,0
25,25,1928.0,0,0
26,26,1928.0,0,0
27,27,1928.0,0,0
28,28,1928.0,0,0
29,29,1928.0,0,0
30,30,1928.0,0,0
31,31,1928.0,0,0
32,32,1928.0,0,0
33,33,1928.0,0,0
34,34,1928.0,0,0
35,35,1928.0,0,0
36,36,1928.0,0,0
37,37,1928.0,0,0
38,38,1928.0,0,0
39,39,1928.0,0,0
40,40,1928.0,0,0
41,41,1928.0,0,0
42,42,1928.0,0,0
43,43,1928.0,0,0
44,44,1928.0,0,0
45,45,1928.0,0,0
46,46,1928.0,0,0
47,47,1928.0,0,0
48,48,1928.0,0,0
49,49,1928.0,0,0
50,50,1928.0,0,0
51,51,1928.0,0,0
52,52,1928.0,0,0
53,53,1928.0,0,0
54,54,1928.0,0,0
55,55,1928.0,0,0
56,56,1928.0,0,0
57,57,1928.0,0,0
58,58,1928.0,0,0
59,59,1928.0,0,0
60,60,1928.0,0,0
61,61,1928.0,0,0
62,62,1928.0,0,0
63,63,1928.0,0,0
64,64,1928.0,0,0
65,65,1928.0,0,0
66,66,1928.0,0,0
67,67,1928.0,0,0
68,68,1928.0,0,0
69,69,1928.0,0,0
70,70,1928.0,0,0
71,71,1928.0,0,0
72,72,1928.0,0,0
73,73,1928.0,0,0
74,74,1928.0,0,0
75,75,1928.0,0,0
76,76,1928.0,0,0
77,77,1928.0,0,0
78,78,1928.0,0,0
79,79,1928.0,0,0
80,80,1928.0,0,0
81,81,1928.0,0,0
82,82,1928.0,0,0
83,83,1928.0,0,0
84,84,1928.0,0,0
85,85,1928.0,0,0
86,86,1928.0,0,0
87,87,1928.0,0,0
88,88,1928.0,0,0
89,89,1928.0,0,0
90,90,1928.0,0,0
91,91,1928.0,0,0
92,92,1928.0,0,0
93,93,1928.0,0,0
94,94,1928.0,0,0
95,95,1928.0,0,0
96,96,1928.0,0,0
97,97,1928.0,0,0
98,98,1928.0,0,0
99,99,1928.0,0,0
100,100,1928.0,0,0
101,101,1928.0,0,0
102,102,1928.0,0,0
103,103,1928.0,0,0
104,104,1928.0,0,0
105,105,1928.0,0,0
106,106,1928.0,0,0
107,107,1928.0,0,0
108,108,1928.0,0,0
109,109,1928.0,0,0
110,110,1928.0,0,0
111,111,1928.0,0,0
112,112,1928.0,0,0
113,113,1928.0,0,0
114,114,1928.0,0,0
115,115,1928.0,0,0
116,116,1928.0,0,0
117,117,1928.0,0,0
118,118,1928.0,0,0
119,119,1928.0,0,0
120,120,1928.0,0,0
121,121,1928.0,0,0
122,122,1928.0,0,0
123,123,1928.0,0,0
124,124,1928.0,0,0
125,125,1928.0,0,0
126,126,1928.0,0,0
127,127,1928.0,0,0
128,128,1928.0,0,0
