,Days,S,I,D
0,0,4909.0,0,0
1,1,4909.0,0,0
2,2,4909.0,0,0
3,3,4909.0,0,0
4,4,4909.0,0,0
5,5,4909.0,0,0
6,6,4909.0,0,0
7,7,4909.0,0,0
8,8,4909.0,0,0
9,9,4909.0,0,0
10,10,4909.0,0,0
11,11,4909.0,0,0
12,12,4909.0,0,0
13,13,4909.0,0,0
14,14,4909.0,0,0
15,15,4909.0,0,0
16,16,4909.0,0,0
17,17,4909.0,0,0
18,18,4909.0,0,0
19,19,4909.0,0,0
20,20,4909.0,0,0
21,21,4909.0,0,0
22,22,4909.0,0,0
23,23,4909.0,0,0
24,24,4909.0,0,0
25,25,4909.0,0,0
26,26,4909.0,0,0
27,27,4909.0,0,0
28,28,4909.0,0,0
29,29,4909.0,0,0
30,30,4909.0,0,0
31,31,4909.0,0,0
32,32,4909.0,0,0
33,33,4909.0,0,0
34,34,4909.0,0,0
35,35,4909.0,0,0
36,36,4909.0,0,0
37,37,4909.0,0,0
38,38,4909.0,0,0
39,39,4909.0,0,0
40,40,4909.0,0,0
41,41,4909.0,0,0
42,42,4909.0,0,0
43,43,4909.0,0,0
44,44,4909.0,0,0
45,45,4909.0,0,0
46,46,4909.0,0,0
47,47,4909.0,0,0
48,48,4909.0,0,0
49,49,4909.0,0,0
50,50,4909.0,0,0
51,51,4909.0,0,0
52,52,4909.0,0,0
53,53,4909.0,0,0
54,54,4909.0,0,0
55,55,4909.0,0,0
56,56,4909.0,0,0
57,57,4909.0,0,0
58,58,4909.0,0,0
59,59,4909.0,0,0
60,60,4909.0,0,0
61,61,4909.0,0,0
62,62,4909.0,0,0
63,63,4909.0,0,0
64,64,4909.0,0,0
65,65,4908.0,1,0
66,66,4908.0,1,0
67,67,4908.0,1,0
68,68,4908.0,1,0
69,69,4908.0,1,0
70,70,4908.0,1,0
71,71,4908.0,1,0
72,72,4908.0,1,0
73,73,4908.0,1,0
74,74,4908.0,1,0
75,75,4908.0,1,0
76,76,4908.0,1,0
77,77,4908.0,1,0
78,78,4907.0,2,0
79,79,4907.0,2,0
80,80,4907.0,2,0
81,81,4907.0,2,0
82,82,4907.0,2,0
83,83,4904.0,5,0
84,84,4904.0,5,0
85,85,4904.0,5,0
86,86,4904.0,5,0
87,87,4903.0,6,0
88,88,4903.0,6,0
89,89,4903.0,6,0
90,90,4903.0,6,0
91,91,4903.0,6,0
92,92,4903.0,6,0
93,93,4903.0,6,0
94,94,4903.0,6,0
95,95,4903.0,6,0
96,96,4903.0,6,0
97,97,4902.0,7,0
98,98,4902.0,7,0
99,99,4902.0,7,0
100,100,4902.0,7,0
101,101,4901.0,8,0
102,102,4901.0,8,0
103,103,4901.0,8,0
104,104,4900.0,9,0
105,105,4900.0,9,0
106,106,4900.0,9,0
107,107,4900.0,9,0
108,108,4900.0,9,0
109,109,4900.0,9,0
110,110,4900.0,9,0
111,111,4900.0,9,0
112,112,4900.0,9,0
113,113,4900.0,9,0
114,114,4900.0,9,0
115,115,4899.0,10,0
116,116,4899.0,10,0
117,117,4898.0,11,0
118,118,4898.0,11,0
119,119,4898.0,11,0
120,120,4894.0,15,0
121,121,4894.0,15,0
122,122,4879.0,30,0
123,123,4878.0,31,0
124,124,4877.0,32,0
125,125,4877.0,32,0
126,126,4876.0,33,0
127,127,4876.0,33,0
128,128,4869.0,40,0
