,Days,S,I,D
0,0,43247.0,0,0
1,1,43247.0,0,0
2,2,43247.0,0,0
3,3,43247.0,0,0
4,4,43247.0,0,0
5,5,43247.0,0,0
6,6,43247.0,0,0
7,7,43247.0,0,0
8,8,43247.0,0,0
9,9,43247.0,0,0
10,10,43247.0,0,0
11,11,43247.0,0,0
12,12,43247.0,0,0
13,13,43247.0,0,0
14,14,43247.0,0,0
15,15,43247.0,0,0
16,16,43247.0,0,0
17,17,43247.0,0,0
18,18,43247.0,0,0
19,19,43247.0,0,0
20,20,43247.0,0,0
21,21,43247.0,0,0
22,22,43247.0,0,0
23,23,43247.0,0,0
24,24,43247.0,0,0
25,25,43247.0,0,0
26,26,43247.0,0,0
27,27,43247.0,0,0
28,28,43247.0,0,0
29,29,43247.0,0,0
30,30,43247.0,0,0
31,31,43247.0,0,0
32,32,43247.0,0,0
33,33,43247.0,0,0
34,34,43247.0,0,0
35,35,43247.0,0,0
36,36,43247.0,0,0
37,37,43247.0,0,0
38,38,43247.0,0,0
39,39,43247.0,0,0
40,40,43247.0,0,0
41,41,43247.0,0,0
42,42,43247.0,0,0
43,43,43247.0,0,0
44,44,43247.0,0,0
45,45,43247.0,0,0
46,46,43247.0,0,0
47,47,43247.0,0,0
48,48,43247.0,0,0
49,49,43247.0,0,0
50,50,43247.0,0,0
51,51,43247.0,0,0
52,52,43247.0,0,0
53,53,43247.0,0,0
54,54,43247.0,0,0
55,55,43247.0,0,0
56,56,43247.0,0,0
57,57,43247.0,0,0
58,58,43247.0,0,0
59,59,43247.0,0,0
60,60,43247.0,0,0
61,61,43247.0,0,0
62,62,43247.0,0,0
63,63,43247.0,0,0
64,64,43247.0,0,0
65,65,43247.0,0,0
66,66,43246.0,1,0
67,67,43246.0,1,0
68,68,43246.0,1,0
69,69,43246.0,1,0
70,70,43246.0,1,0
71,71,43246.0,1,0
72,72,43245.0,2,0
73,73,43244.0,3,0
74,74,43244.0,3,0
75,75,43243.0,4,0
76,76,43242.0,5,0
77,77,43242.0,5,0
78,78,43242.0,5,0
79,79,43241.0,6,0
80,80,43241.0,6,0
81,81,43241.0,6,0
82,82,43241.0,6,0
83,83,43241.0,6,0
84,84,43241.0,6,0
85,85,43240.0,7,0
86,86,43240.0,7,0
87,87,43240.0,7,0
88,88,43240.0,7,0
89,89,43239.0,8,0
90,90,43239.0,8,0
91,91,43239.0,8,0
92,92,43237.0,10,0
93,93,43237.0,10,0
94,94,43237.0,10,0
95,95,43236.0,11,0
96,96,43236.0,11,0
97,97,43236.0,11,0
98,98,43236.0,11,0
99,99,43233.0,14,0
100,100,43233.0,14,0
101,101,43227.0,20,0
102,102,43227.0,20,0
103,103,43226.0,21,0
104,104,43224.0,23,0
105,105,43223.0,24,0
106,106,43222.0,25,0
107,107,43222.0,25,0
108,108,43221.0,26,0
109,109,43220.0,27,0
110,110,43217.0,30,0
111,111,43216.0,31,0
112,112,43214.0,33,0
113,113,43214.0,33,0
114,114,43212.0,35,0
115,115,43211.0,36,0
116,116,43211.0,36,0
117,117,43211.0,36,0
118,118,43208.0,39,0
119,119,43208.0,39,0
120,120,43206.0,41,0
121,121,43198.0,49,0
122,122,43197.0,50,0
123,123,43197.0,50,0
124,124,43197.0,50,0
125,125,43196.0,51,0
126,126,43195.0,52,0
127,127,43190.0,57,0
128,128,43184.0,63,0
