,Days,S,I,D
0,0,21217.0,0,0
1,1,21217.0,0,0
2,2,21217.0,0,0
3,3,21217.0,0,0
4,4,21217.0,0,0
5,5,21217.0,0,0
6,6,21217.0,0,0
7,7,21217.0,0,0
8,8,21217.0,0,0
9,9,21217.0,0,0
10,10,21217.0,0,0
11,11,21217.0,0,0
12,12,21217.0,0,0
13,13,21217.0,0,0
14,14,21217.0,0,0
15,15,21217.0,0,0
16,16,21217.0,0,0
17,17,21217.0,0,0
18,18,21217.0,0,0
19,19,21217.0,0,0
20,20,21217.0,0,0
21,21,21217.0,0,0
22,22,21217.0,0,0
23,23,21217.0,0,0
24,24,21217.0,0,0
25,25,21217.0,0,0
26,26,21217.0,0,0
27,27,21217.0,0,0
28,28,21217.0,0,0
29,29,21217.0,0,0
30,30,21217.0,0,0
31,31,21217.0,0,0
32,32,21217.0,0,0
33,33,21217.0,0,0
34,34,21217.0,0,0
35,35,21217.0,0,0
36,36,21217.0,0,0
37,37,21217.0,0,0
38,38,21217.0,0,0
39,39,21217.0,0,0
40,40,21217.0,0,0
41,41,21217.0,0,0
42,42,21217.0,0,0
43,43,21217.0,0,0
44,44,21217.0,0,0
45,45,21217.0,0,0
46,46,21217.0,0,0
47,47,21217.0,0,0
48,48,21217.0,0,0
49,49,21217.0,0,0
50,50,21217.0,0,0
51,51,21217.0,0,0
52,52,21217.0,0,0
53,53,21217.0,0,0
54,54,21217.0,0,0
55,55,21217.0,0,0
56,56,21217.0,0,0
57,57,21217.0,0,0
58,58,21217.0,0,0
59,59,21217.0,0,0
60,60,21217.0,0,0
61,61,21217.0,0,0
62,62,21217.0,0,0
63,63,21217.0,0,0
64,64,21217.0,0,0
65,65,21217.0,0,0
66,66,21217.0,0,0
67,67,21217.0,0,0
68,68,21217.0,0,0
69,69,21217.0,0,0
70,70,21215.0,2,0
71,71,21215.0,2,0
72,72,21215.0,2,0
73,73,21215.0,2,0
74,74,21215.0,2,0
75,75,21215.0,2,0
76,76,21214.0,3,0
77,77,21211.0,6,0
78,78,21211.0,6,0
79,79,21211.0,6,0
80,80,21210.0,7,0
81,81,21210.0,7,0
82,82,21210.0,7,0
83,83,21210.0,7,0
84,84,21210.0,7,0
85,85,21210.0,7,0
86,86,21210.0,7,0
87,87,21209.0,8,0
88,88,21209.0,8,0
89,89,21209.0,8,0
90,90,21208.0,9,0
91,91,21208.0,9,0
92,92,21207.0,10,0
93,93,21207.0,10,0
94,94,21207.0,10,0
95,95,21207.0,10,0
96,96,21207.0,10,0
97,97,21207.0,10,0
98,98,21207.0,10,0
99,99,21207.0,10,0
100,100,21207.0,10,0
101,101,21207.0,10,0
102,102,21207.0,10,0
103,103,21207.0,10,0
104,104,21207.0,10,0
105,105,21205.0,12,0
106,106,21205.0,12,0
107,107,21204.0,13,0
108,108,21201.0,16,0
109,109,21201.0,16,0
110,110,21201.0,16,0
111,111,21201.0,16,0
112,112,21199.0,18,0
113,113,21199.0,18,0
114,114,21199.0,18,0
115,115,21199.0,18,0
116,116,21199.0,18,0
117,117,21199.0,18,0
118,118,21198.0,19,0
119,119,21198.0,19,0
120,120,21198.0,19,0
121,121,21198.0,19,0
122,122,21198.0,19,0
123,123,21198.0,19,0
124,124,21197.0,20,0
125,125,21197.0,20,0
126,126,21196.0,21,0
127,127,21195.0,22,0
128,128,21195.0,22,0
