,Days,S,I,D
0,0,5229.0,0,0
1,1,5229.0,0,0
2,2,5229.0,0,0
3,3,5229.0,0,0
4,4,5229.0,0,0
5,5,5229.0,0,0
6,6,5229.0,0,0
7,7,5229.0,0,0
8,8,5229.0,0,0
9,9,5229.0,0,0
10,10,5229.0,0,0
11,11,5229.0,0,0
12,12,5229.0,0,0
13,13,5229.0,0,0
14,14,5229.0,0,0
15,15,5229.0,0,0
16,16,5229.0,0,0
17,17,5229.0,0,0
18,18,5229.0,0,0
19,19,5229.0,0,0
20,20,5229.0,0,0
21,21,5229.0,0,0
22,22,5229.0,0,0
23,23,5229.0,0,0
24,24,5229.0,0,0
25,25,5229.0,0,0
26,26,5229.0,0,0
27,27,5229.0,0,0
28,28,5229.0,0,0
29,29,5229.0,0,0
30,30,5229.0,0,0
31,31,5229.0,0,0
32,32,5229.0,0,0
33,33,5229.0,0,0
34,34,5229.0,0,0
35,35,5229.0,0,0
36,36,5229.0,0,0
37,37,5229.0,0,0
38,38,5229.0,0,0
39,39,5229.0,0,0
40,40,5229.0,0,0
41,41,5229.0,0,0
42,42,5229.0,0,0
43,43,5229.0,0,0
44,44,5229.0,0,0
45,45,5229.0,0,0
46,46,5229.0,0,0
47,47,5229.0,0,0
48,48,5229.0,0,0
49,49,5229.0,0,0
50,50,5229.0,0,0
51,51,5229.0,0,0
52,52,5229.0,0,0
53,53,5229.0,0,0
54,54,5229.0,0,0
55,55,5229.0,0,0
56,56,5229.0,0,0
57,57,5229.0,0,0
58,58,5229.0,0,0
59,59,5229.0,0,0
60,60,5229.0,0,0
61,61,5229.0,0,0
62,62,5229.0,0,0
63,63,5229.0,0,0
64,64,5229.0,0,0
65,65,5229.0,0,0
66,66,5229.0,0,0
67,67,5229.0,0,0
68,68,5229.0,0,0
69,69,5229.0,0,0
70,70,5229.0,0,0
71,71,5229.0,0,0
72,72,5229.0,0,0
73,73,5229.0,0,0
74,74,5229.0,0,0
75,75,5229.0,0,0
76,76,5229.0,0,0
77,77,5229.0,0,0
78,78,5229.0,0,0
79,79,5229.0,0,0
80,80,5229.0,0,0
81,81,5228.0,1,0
82,82,5228.0,1,0
83,83,5228.0,1,0
84,84,5229.0,0,0
85,85,5229.0,0,0
86,86,5229.0,0,0
87,87,5229.0,0,0
88,88,5229.0,0,0
89,89,5229.0,0,0
90,90,5229.0,0,0
91,91,5229.0,0,0
92,92,5229.0,0,0
93,93,5229.0,0,0
94,94,5229.0,0,0
95,95,5229.0,0,0
96,96,5229.0,0,0
97,97,5229.0,0,0
98,98,5229.0,0,0
99,99,5229.0,0,0
100,100,5229.0,0,0
101,101,5229.0,0,0
102,102,5229.0,0,0
103,103,5229.0,0,0
104,104,5229.0,0,0
105,105,5229.0,0,0
106,106,5229.0,0,0
107,107,5229.0,0,0
108,108,5229.0,0,0
109,109,5229.0,0,0
110,110,5229.0,0,0
111,111,5229.0,0,0
112,112,5229.0,0,0
113,113,5229.0,0,0
114,114,5229.0,0,0
115,115,5229.0,0,0
116,116,5229.0,0,0
117,117,5229.0,0,0
118,118,5229.0,0,0
119,119,5229.0,0,0
120,120,5229.0,0,0
121,121,5229.0,0,0
122,122,5229.0,0,0
123,123,5229.0,0,0
124,124,5229.0,0,0
125,125,5229.0,0,0
126,126,5229.0,0,0
127,127,5229.0,0,0
128,128,5229.0,0,0
