,Days,S,I,D
0,0,2036.0,0,0
1,1,2036.0,0,0
2,2,2036.0,0,0
3,3,2036.0,0,0
4,4,2036.0,0,0
5,5,2036.0,0,0
6,6,2036.0,0,0
7,7,2036.0,0,0
8,8,2036.0,0,0
9,9,2036.0,0,0
10,10,2036.0,0,0
11,11,2036.0,0,0
12,12,2036.0,0,0
13,13,2036.0,0,0
14,14,2036.0,0,0
15,15,2036.0,0,0
16,16,2036.0,0,0
17,17,2036.0,0,0
18,18,2036.0,0,0
19,19,2036.0,0,0
20,20,2036.0,0,0
21,21,2036.0,0,0
22,22,2036.0,0,0
23,23,2036.0,0,0
24,24,2036.0,0,0
25,25,2036.0,0,0
26,26,2036.0,0,0
27,27,2036.0,0,0
28,28,2036.0,0,0
29,29,2036.0,0,0
30,30,2036.0,0,0
31,31,2036.0,0,0
32,32,2036.0,0,0
33,33,2036.0,0,0
34,34,2036.0,0,0
35,35,2036.0,0,0
36,36,2036.0,0,0
37,37,2036.0,0,0
38,38,2036.0,0,0
39,39,2036.0,0,0
40,40,2036.0,0,0
41,41,2036.0,0,0
42,42,2036.0,0,0
43,43,2036.0,0,0
44,44,2036.0,0,0
45,45,2036.0,0,0
46,46,2036.0,0,0
47,47,2036.0,0,0
48,48,2036.0,0,0
49,49,2036.0,0,0
50,50,2036.0,0,0
51,51,2036.0,0,0
52,52,2036.0,0,0
53,53,2036.0,0,0
54,54,2036.0,0,0
55,55,2036.0,0,0
56,56,2036.0,0,0
57,57,2036.0,0,0
58,58,2036.0,0,0
59,59,2036.0,0,0
60,60,2036.0,0,0
61,61,2036.0,0,0
62,62,2036.0,0,0
63,63,2036.0,0,0
64,64,2036.0,0,0
65,65,2036.0,0,0
66,66,2036.0,0,0
67,67,2036.0,0,0
68,68,2036.0,0,0
69,69,2036.0,0,0
70,70,2036.0,0,0
71,71,2036.0,0,0
72,72,2036.0,0,0
73,73,2036.0,0,0
74,74,2036.0,0,0
75,75,2036.0,0,0
76,76,2036.0,0,0
77,77,2036.0,0,0
78,78,2036.0,0,0
79,79,2036.0,0,0
80,80,2036.0,0,0
81,81,2036.0,0,0
82,82,2036.0,0,0
83,83,2036.0,0,0
84,84,2036.0,0,0
85,85,2036.0,0,0
86,86,2036.0,0,0
87,87,2036.0,0,0
88,88,2036.0,0,0
89,89,2036.0,0,0
90,90,2036.0,0,0
91,91,2036.0,0,0
92,92,2036.0,0,0
93,93,2036.0,0,0
94,94,2036.0,0,0
95,95,2036.0,0,0
96,96,2036.0,0,0
97,97,2035.0,1,0
98,98,2035.0,1,0
99,99,2035.0,1,0
100,100,2035.0,1,0
101,101,2035.0,1,0
102,102,2035.0,1,0
103,103,2035.0,1,0
104,104,2035.0,1,0
105,105,2035.0,1,0
106,106,2035.0,1,0
107,107,2035.0,1,0
108,108,2035.0,1,0
109,109,2035.0,1,0
110,110,2035.0,1,0
111,111,2035.0,1,0
112,112,2035.0,1,0
113,113,2035.0,1,0
114,114,2035.0,1,0
115,115,2035.0,1,0
116,116,2035.0,1,0
117,117,2035.0,1,0
118,118,2033.0,3,0
119,119,2031.0,5,0
120,120,2031.0,5,0
121,121,2029.0,7,0
122,122,2027.0,9,0
123,123,2027.0,9,0
124,124,2027.0,9,0
125,125,2027.0,9,0
126,126,2027.0,9,0
127,127,2026.0,10,0
128,128,2024.0,12,0
