,Days,S,I,D
0,0,3370.0,0,0
1,1,3370.0,0,0
2,2,3370.0,0,0
3,3,3370.0,0,0
4,4,3370.0,0,0
5,5,3370.0,0,0
6,6,3370.0,0,0
7,7,3370.0,0,0
8,8,3370.0,0,0
9,9,3370.0,0,0
10,10,3370.0,0,0
11,11,3370.0,0,0
12,12,3370.0,0,0
13,13,3370.0,0,0
14,14,3370.0,0,0
15,15,3370.0,0,0
16,16,3370.0,0,0
17,17,3370.0,0,0
18,18,3370.0,0,0
19,19,3370.0,0,0
20,20,3370.0,0,0
21,21,3370.0,0,0
22,22,3370.0,0,0
23,23,3370.0,0,0
24,24,3370.0,0,0
25,25,3370.0,0,0
26,26,3370.0,0,0
27,27,3370.0,0,0
28,28,3370.0,0,0
29,29,3370.0,0,0
30,30,3370.0,0,0
31,31,3370.0,0,0
32,32,3370.0,0,0
33,33,3370.0,0,0
34,34,3370.0,0,0
35,35,3370.0,0,0
36,36,3370.0,0,0
37,37,3370.0,0,0
38,38,3370.0,0,0
39,39,3370.0,0,0
40,40,3370.0,0,0
41,41,3370.0,0,0
42,42,3370.0,0,0
43,43,3370.0,0,0
44,44,3370.0,0,0
45,45,3370.0,0,0
46,46,3370.0,0,0
47,47,3370.0,0,0
48,48,3370.0,0,0
49,49,3370.0,0,0
50,50,3370.0,0,0
51,51,3370.0,0,0
52,52,3370.0,0,0
53,53,3370.0,0,0
54,54,3370.0,0,0
55,55,3370.0,0,0
56,56,3370.0,0,0
57,57,3370.0,0,0
58,58,3370.0,0,0
59,59,3370.0,0,0
60,60,3370.0,0,0
61,61,3370.0,0,0
62,62,3370.0,0,0
63,63,3370.0,0,0
64,64,3370.0,0,0
65,65,3370.0,0,0
66,66,3370.0,0,0
67,67,3370.0,0,0
68,68,3370.0,0,0
69,69,3370.0,0,0
70,70,3370.0,0,0
71,71,3370.0,0,0
72,72,3370.0,0,0
73,73,3370.0,0,0
74,74,3370.0,0,0
75,75,3370.0,0,0
76,76,3370.0,0,0
77,77,3370.0,0,0
78,78,3370.0,0,0
79,79,3370.0,0,0
80,80,3370.0,0,0
81,81,3370.0,0,0
82,82,3370.0,0,0
83,83,3370.0,0,0
84,84,3370.0,0,0
85,85,3370.0,0,0
86,86,3370.0,0,0
87,87,3370.0,0,0
88,88,3370.0,0,0
89,89,3370.0,0,0
90,90,3370.0,0,0
91,91,3370.0,0,0
92,92,3370.0,0,0
93,93,3370.0,0,0
94,94,3370.0,0,0
95,95,3370.0,0,0
96,96,3370.0,0,0
97,97,3370.0,0,0
98,98,3370.0,0,0
99,99,3370.0,0,0
100,100,3370.0,0,0
101,101,3370.0,0,0
102,102,3370.0,0,0
103,103,3370.0,0,0
104,104,3369.0,1,0
105,105,3369.0,1,0
106,106,3369.0,1,0
107,107,3369.0,1,0
108,108,3369.0,1,0
109,109,3369.0,1,0
110,110,3369.0,1,0
111,111,3369.0,1,0
112,112,3369.0,1,0
113,113,3369.0,1,0
114,114,3369.0,1,0
115,115,3369.0,1,0
116,116,3369.0,1,0
117,117,3369.0,1,0
118,118,3369.0,1,0
119,119,3369.0,1,0
120,120,3369.0,1,0
121,121,3369.0,1,0
122,122,3369.0,1,0
123,123,3369.0,1,0
124,124,3369.0,1,0
125,125,3369.0,1,0
126,126,3369.0,1,0
127,127,3369.0,1,0
128,128,3369.0,1,0
