,Days,S,I,D
0,0,210433.0,0,0
1,1,210433.0,0,0
2,2,210433.0,0,0
3,3,210433.0,0,0
4,4,210433.0,0,0
5,5,210433.0,0,0
6,6,210433.0,0,0
7,7,210433.0,0,0
8,8,210433.0,0,0
9,9,210433.0,0,0
10,10,210433.0,0,0
11,11,210433.0,0,0
12,12,210433.0,0,0
13,13,210433.0,0,0
14,14,210433.0,0,0
15,15,210433.0,0,0
16,16,210433.0,0,0
17,17,210433.0,0,0
18,18,210433.0,0,0
19,19,210433.0,0,0
20,20,210433.0,0,0
21,21,210433.0,0,0
22,22,210433.0,0,0
23,23,210433.0,0,0
24,24,210433.0,0,0
25,25,210433.0,0,0
26,26,210433.0,0,0
27,27,210433.0,0,0
28,28,210433.0,0,0
29,29,210433.0,0,0
30,30,210433.0,0,0
31,31,210433.0,0,0
32,32,210433.0,0,0
33,33,210433.0,0,0
34,34,210433.0,0,0
35,35,210433.0,0,0
36,36,210433.0,0,0
37,37,210433.0,0,0
38,38,210433.0,0,0
39,39,210433.0,0,0
40,40,210433.0,0,0
41,41,210433.0,0,0
42,42,210433.0,0,0
43,43,210433.0,0,0
44,44,210433.0,0,0
45,45,210433.0,0,0
46,46,210433.0,0,0
47,47,210433.0,0,0
48,48,210433.0,0,0
49,49,210433.0,0,0
50,50,210433.0,0,0
51,51,210433.0,0,0
52,52,210433.0,0,0
53,53,210433.0,0,0
54,54,210433.0,0,0
55,55,210433.0,0,0
56,56,210433.0,0,0
57,57,210432.0,1,0
58,58,210430.0,3,0
59,59,210430.0,3,0
60,60,210427.0,6,0
61,61,210423.0,10,0
62,62,210422.0,11,0
63,63,210421.0,12,0
64,64,210420.0,13,0
65,65,210410.0,23,0
66,66,210400.0,33,0
67,67,210395.0,38,0
68,68,210392.0,41,0
69,69,210387.0,46,0
70,70,210387.0,46,0
71,71,210357.0,76,0
72,72,210339.0,94,0
73,73,210332.0,101,0
74,74,210317.0,116,0
75,75,210313.0,120,0
76,76,210307.0,126,0
77,77,210298.0,134,1
78,78,210286.0,146,1
79,79,210276.0,156,1
80,80,210264.0,167,2
81,81,210245.0,183,5
82,82,210239.0,189,5
83,83,210230.0,197,6
84,84,210219.0,204,10
85,85,210205.0,216,12
86,86,210194.0,227,12
87,87,210187.0,234,12
88,88,210170.0,246,17
89,89,210161.0,255,17
90,90,210156.0,260,17
91,91,210146.0,268,19
92,92,210117.0,295,21
93,93,210080.0,332,21
94,94,210068.0,344,21
95,95,210044.0,368,21
96,96,210034.0,378,21
97,97,210026.0,386,21
98,98,210011.0,401,21
99,99,209990.0,420,23
100,100,209969.0,440,24
101,101,209950.0,457,26
102,102,209933.0,474,26
103,103,209913.0,493,27
104,104,209898.0,508,27
105,105,209847.0,549,37
106,106,209805.0,588,40
107,107,209784.0,605,44
108,108,209761.0,627,45
109,109,209744.0,643,46
110,110,209731.0,655,47
111,111,209713.0,671,49
112,112,209693.0,690,50
113,113,209671.0,710,52
114,114,209638.0,743,52
115,115,209610.0,770,53
116,116,209587.0,792,54
117,117,209561.0,818,54
118,118,209534.0,845,54
119,119,209521.0,858,54
120,120,209498.0,880,55
121,121,209481.0,897,55
122,122,209451.0,927,55
123,123,209436.0,941,56
124,124,209420.0,955,58
125,125,209409.0,965,59
126,126,209398.0,972,63
127,127,209384.0,984,65
128,128,209360.0,1008,65
