,Days,S,I,D
0,0,10456.0,0,0
1,1,10456.0,0,0
2,2,10456.0,0,0
3,3,10456.0,0,0
4,4,10456.0,0,0
5,5,10456.0,0,0
6,6,10456.0,0,0
7,7,10456.0,0,0
8,8,10456.0,0,0
9,9,10456.0,0,0
10,10,10456.0,0,0
11,11,10456.0,0,0
12,12,10456.0,0,0
13,13,10456.0,0,0
14,14,10456.0,0,0
15,15,10456.0,0,0
16,16,10456.0,0,0
17,17,10456.0,0,0
18,18,10456.0,0,0
19,19,10456.0,0,0
20,20,10456.0,0,0
21,21,10456.0,0,0
22,22,10456.0,0,0
23,23,10456.0,0,0
24,24,10456.0,0,0
25,25,10456.0,0,0
26,26,10456.0,0,0
27,27,10456.0,0,0
28,28,10456.0,0,0
29,29,10456.0,0,0
30,30,10456.0,0,0
31,31,10456.0,0,0
32,32,10456.0,0,0
33,33,10456.0,0,0
34,34,10456.0,0,0
35,35,10456.0,0,0
36,36,10456.0,0,0
37,37,10456.0,0,0
38,38,10456.0,0,0
39,39,10456.0,0,0
40,40,10456.0,0,0
41,41,10456.0,0,0
42,42,10456.0,0,0
43,43,10456.0,0,0
44,44,10456.0,0,0
45,45,10456.0,0,0
46,46,10456.0,0,0
47,47,10456.0,0,0
48,48,10456.0,0,0
49,49,10456.0,0,0
50,50,10456.0,0,0
51,51,10456.0,0,0
52,52,10456.0,0,0
53,53,10456.0,0,0
54,54,10456.0,0,0
55,55,10456.0,0,0
56,56,10456.0,0,0
57,57,10456.0,0,0
58,58,10456.0,0,0
59,59,10456.0,0,0
60,60,10456.0,0,0
61,61,10456.0,0,0
62,62,10456.0,0,0
63,63,10456.0,0,0
64,64,10456.0,0,0
65,65,10456.0,0,0
66,66,10456.0,0,0
67,67,10456.0,0,0
68,68,10456.0,0,0
69,69,10456.0,0,0
70,70,10455.0,1,0
71,71,10455.0,1,0
72,72,10455.0,1,0
73,73,10455.0,1,0
74,74,10455.0,1,0
75,75,10455.0,1,0
76,76,10455.0,1,0
77,77,10455.0,1,0
78,78,10455.0,1,0
79,79,10455.0,1,0
80,80,10454.0,2,0
81,81,10454.0,2,0
82,82,10454.0,2,0
83,83,10454.0,2,0
84,84,10453.0,3,0
85,85,10453.0,3,0
86,86,10453.0,3,0
87,87,10453.0,3,0
88,88,10453.0,3,0
89,89,10453.0,3,0
90,90,10453.0,3,0
91,91,10453.0,3,0
92,92,10453.0,3,0
93,93,10453.0,3,0
94,94,10453.0,3,0
95,95,10453.0,3,0
96,96,10453.0,3,0
97,97,10453.0,3,0
98,98,10453.0,3,0
99,99,10453.0,3,0
100,100,10453.0,3,0
101,101,10453.0,3,0
102,102,10453.0,3,0
103,103,10453.0,3,0
104,104,10453.0,3,0
105,105,10453.0,3,0
106,106,10453.0,3,0
107,107,10453.0,3,0
108,108,10453.0,3,0
109,109,10453.0,3,0
110,110,10453.0,3,0
111,111,10453.0,3,0
112,112,10453.0,3,0
113,113,10453.0,3,0
114,114,10453.0,3,0
115,115,10453.0,3,0
116,116,10453.0,3,0
117,117,10453.0,3,0
118,118,10453.0,3,0
119,119,10453.0,3,0
120,120,10453.0,3,0
121,121,10453.0,3,0
122,122,10453.0,3,0
123,123,10453.0,3,0
124,124,10453.0,3,0
125,125,10453.0,3,0
126,126,10453.0,3,0
127,127,10453.0,3,0
128,128,10453.0,3,0
