,Days,S,I,D
0,0,558067.0,0,0
1,1,558067.0,0,0
2,2,558067.0,0,0
3,3,558067.0,0,0
4,4,558067.0,0,0
5,5,558067.0,0,0
6,6,558067.0,0,0
7,7,558067.0,0,0
8,8,558067.0,0,0
9,9,558067.0,0,0
10,10,558067.0,0,0
11,11,558067.0,0,0
12,12,558067.0,0,0
13,13,558067.0,0,0
14,14,558067.0,0,0
15,15,558067.0,0,0
16,16,558067.0,0,0
17,17,558067.0,0,0
18,18,558067.0,0,0
19,19,558067.0,0,0
20,20,558067.0,0,0
21,21,558067.0,0,0
22,22,558067.0,0,0
23,23,558067.0,0,0
24,24,558067.0,0,0
25,25,558067.0,0,0
26,26,558067.0,0,0
27,27,558067.0,0,0
28,28,558067.0,0,0
29,29,558067.0,0,0
30,30,558067.0,0,0
31,31,558067.0,0,0
32,32,558067.0,0,0
33,33,558067.0,0,0
34,34,558067.0,0,0
35,35,558067.0,0,0
36,36,558067.0,0,0
37,37,558067.0,0,0
38,38,558067.0,0,0
39,39,558067.0,0,0
40,40,558067.0,0,0
41,41,558067.0,0,0
42,42,558067.0,0,0
43,43,558067.0,0,0
44,44,558067.0,0,0
45,45,558067.0,0,0
46,46,558067.0,0,0
47,47,558066.0,1,0
48,48,558066.0,1,0
49,49,558066.0,1,0
50,50,558066.0,1,0
51,51,558066.0,1,0
52,52,558066.0,1,0
53,53,558063.0,4,0
54,54,558059.0,8,0
55,55,558052.0,15,0
56,56,558041.0,26,0
57,57,558038.0,29,0
58,58,558024.0,43,0
59,59,557986.0,81,0
60,60,557943.0,124,0
61,61,557878.0,189,0
62,62,557820.0,246,1
63,63,557804.0,262,1
64,64,557634.0,432,1
65,65,557547.0,519,1
66,66,557538.0,519,10
67,67,557161.0,896,10
68,68,556844.0,1213,10
69,69,556630.0,1418,19
70,70,556377.0,1661,29
71,71,556023.0,2010,34
72,72,555535.0,2487,45
73,73,555085.0,2916,66
74,74,554780.0,3216,71
75,75,554304.0,3685,78
76,76,553614.0,4358,95
77,77,553111.0,4831,125
78,78,552719.0,5203,145
79,79,552331.0,5575,161
80,80,552007.0,5865,195
81,81,551678.0,6180,209
82,82,551222.0,6636,209
83,83,550564.0,7265,238
84,84,550360.0,7438,269
85,85,549862.0,7904,301
86,86,549308.0,8429,330
87,87,548752.0,8959,356
88,88,548086.0,9609,372
89,89,547708.0,9972,387
90,90,547351.0,10289,427
91,91,547156.0,10484,427
92,92,546705.0,10935,427
93,93,546317.0,11208,542
94,94,545981.0,11523,563
95,95,545643.0,11853,571
96,96,545473.0,12011,583
97,97,545252.0,12188,627
98,98,545034.0,12380,653
99,99,544799.0,12578,690
100,100,544574.0,12779,714
101,101,544340.0,12996,731
102,102,544105.0,13225,737
103,103,543973.0,13357,737
104,104,543796.0,13503,768
105,105,543663.0,13604,800
106,106,543457.0,13781,829
107,107,543306.0,13917,844
108,108,543231.0,13984,852
109,109,543143.0,14057,867
110,110,543028.0,14164,875
111,111,542965.0,14203,899
112,112,542853.0,14306,908
113,113,542752.0,14385,930
114,114,542636.0,14492,939
115,115,542552.0,14569,946
116,116,542408.0,14702,957
117,117,542202.0,14903,962
118,118,542059.0,15031,977
119,119,541951.0,15122,994
120,120,541893.0,15169,1005
121,121,541880.0,15169,1018
122,122,541876.0,15169,1022
123,123,541874.0,15169,1024
124,124,541825.0,15218,1024
125,125,541744.0,15293,1030
126,126,541701.0,15324,1042
127,127,541545.0,15475,1047
128,128,541397.0,15610,1060
