,Days,S,I,D
0,0,14041.0,0,0
1,1,14041.0,0,0
2,2,14041.0,0,0
3,3,14041.0,0,0
4,4,14041.0,0,0
5,5,14041.0,0,0
6,6,14041.0,0,0
7,7,14041.0,0,0
8,8,14041.0,0,0
9,9,14041.0,0,0
10,10,14041.0,0,0
11,11,14041.0,0,0
12,12,14041.0,0,0
13,13,14041.0,0,0
14,14,14041.0,0,0
15,15,14041.0,0,0
16,16,14041.0,0,0
17,17,14041.0,0,0
18,18,14041.0,0,0
19,19,14041.0,0,0
20,20,14041.0,0,0
21,21,14041.0,0,0
22,22,14041.0,0,0
23,23,14041.0,0,0
24,24,14041.0,0,0
25,25,14041.0,0,0
26,26,14041.0,0,0
27,27,14041.0,0,0
28,28,14041.0,0,0
29,29,14041.0,0,0
30,30,14041.0,0,0
31,31,14041.0,0,0
32,32,14041.0,0,0
33,33,14041.0,0,0
34,34,14041.0,0,0
35,35,14041.0,0,0
36,36,14041.0,0,0
37,37,14041.0,0,0
38,38,14041.0,0,0
39,39,14041.0,0,0
40,40,14041.0,0,0
41,41,14041.0,0,0
42,42,14041.0,0,0
43,43,14041.0,0,0
44,44,14041.0,0,0
45,45,14041.0,0,0
46,46,14041.0,0,0
47,47,14041.0,0,0
48,48,14041.0,0,0
49,49,14041.0,0,0
50,50,14041.0,0,0
51,51,14041.0,0,0
52,52,14041.0,0,0
53,53,14041.0,0,0
54,54,14041.0,0,0
55,55,14041.0,0,0
56,56,14041.0,0,0
57,57,14041.0,0,0
58,58,14041.0,0,0
59,59,14041.0,0,0
60,60,14041.0,0,0
61,61,14041.0,0,0
62,62,14041.0,0,0
63,63,14041.0,0,0
64,64,14041.0,0,0
65,65,14041.0,0,0
66,66,14041.0,0,0
67,67,14039.0,2,0
68,68,14038.0,3,0
69,69,14038.0,3,0
70,70,14038.0,3,0
71,71,14038.0,3,0
72,72,14038.0,3,0
73,73,14038.0,3,0
74,74,14038.0,3,0
75,75,14038.0,3,0
76,76,14035.0,6,0
77,77,14035.0,6,0
78,78,14035.0,6,0
79,79,14035.0,6,0
80,80,14035.0,6,0
81,81,14035.0,6,0
82,82,14036.0,5,0
83,83,14036.0,5,0
84,84,14036.0,5,0
85,85,14036.0,5,0
86,86,14036.0,5,0
87,87,14036.0,5,0
88,88,14036.0,5,0
89,89,14036.0,5,0
90,90,14036.0,5,0
91,91,14036.0,5,0
92,92,14036.0,5,0
93,93,14036.0,5,0
94,94,14036.0,5,0
95,95,14036.0,5,0
96,96,14036.0,5,0
97,97,14036.0,5,0
98,98,14035.0,6,0
99,99,14035.0,6,0
100,100,14035.0,6,0
101,101,14035.0,6,0
102,102,14034.0,7,0
103,103,14034.0,7,0
104,104,14034.0,7,0
105,105,14034.0,7,0
106,106,14034.0,7,0
107,107,14032.0,9,0
108,108,14032.0,9,0
109,109,14032.0,9,0
110,110,14032.0,9,0
111,111,14031.0,10,0
112,112,14030.0,11,0
113,113,14030.0,11,0
114,114,14029.0,12,0
115,115,14027.0,14,0
116,116,14026.0,15,0
117,117,14026.0,15,0
118,118,14026.0,15,0
119,119,14026.0,15,0
120,120,14026.0,15,0
121,121,14026.0,15,0
122,122,14026.0,15,0
123,123,14026.0,15,0
124,124,14026.0,15,0
125,125,14026.0,15,0
126,126,14026.0,15,0
127,127,14026.0,15,0
128,128,14026.0,15,0
