,Days,S,I,D
0,0,28015.0,0,0
1,1,28015.0,0,0
2,2,28015.0,0,0
3,3,28015.0,0,0
4,4,28015.0,0,0
5,5,28015.0,0,0
6,6,28015.0,0,0
7,7,28015.0,0,0
8,8,28015.0,0,0
9,9,28015.0,0,0
10,10,28015.0,0,0
11,11,28015.0,0,0
12,12,28015.0,0,0
13,13,28015.0,0,0
14,14,28015.0,0,0
15,15,28015.0,0,0
16,16,28015.0,0,0
17,17,28015.0,0,0
18,18,28015.0,0,0
19,19,28015.0,0,0
20,20,28015.0,0,0
21,21,28015.0,0,0
22,22,28015.0,0,0
23,23,28015.0,0,0
24,24,28015.0,0,0
25,25,28015.0,0,0
26,26,28015.0,0,0
27,27,28015.0,0,0
28,28,28015.0,0,0
29,29,28015.0,0,0
30,30,28015.0,0,0
31,31,28015.0,0,0
32,32,28015.0,0,0
33,33,28015.0,0,0
34,34,28015.0,0,0
35,35,28015.0,0,0
36,36,28015.0,0,0
37,37,28015.0,0,0
38,38,28015.0,0,0
39,39,28015.0,0,0
40,40,28015.0,0,0
41,41,28015.0,0,0
42,42,28015.0,0,0
43,43,28015.0,0,0
44,44,28015.0,0,0
45,45,28015.0,0,0
46,46,28015.0,0,0
47,47,28015.0,0,0
48,48,28015.0,0,0
49,49,28015.0,0,0
50,50,28015.0,0,0
51,51,28015.0,0,0
52,52,28015.0,0,0
53,53,28015.0,0,0
54,54,28015.0,0,0
55,55,28015.0,0,0
56,56,28015.0,0,0
57,57,28015.0,0,0
58,58,28015.0,0,0
59,59,28015.0,0,0
60,60,28015.0,0,0
61,61,28015.0,0,0
62,62,28014.0,1,0
63,63,28014.0,1,0
64,64,28014.0,1,0
65,65,28014.0,1,0
66,66,28013.0,2,0
67,67,28011.0,4,0
68,68,28010.0,5,0
69,69,28010.0,5,0
70,70,28010.0,5,0
71,71,28009.0,6,0
72,72,28007.0,8,0
73,73,28006.0,9,0
74,74,28005.0,10,0
75,75,28004.0,11,0
76,76,28003.0,12,0
77,77,28003.0,12,0
78,78,28003.0,12,0
79,79,28003.0,12,0
80,80,28003.0,12,0
81,81,28003.0,12,0
82,82,28003.0,12,0
83,83,28002.0,13,0
84,84,28002.0,13,0
85,85,28002.0,13,0
86,86,28002.0,13,0
87,87,28002.0,13,0
88,88,28002.0,13,0
89,89,28002.0,13,0
90,90,28002.0,13,0
91,91,28002.0,13,0
92,92,28002.0,13,0
93,93,28001.0,14,0
94,94,28001.0,14,0
95,95,28001.0,14,0
96,96,28001.0,14,0
97,97,28001.0,14,0
98,98,28001.0,14,0
99,99,28001.0,14,0
100,100,28001.0,14,0
101,101,28001.0,14,0
102,102,28001.0,14,0
103,103,28000.0,15,0
104,104,28000.0,15,0
105,105,28000.0,15,0
106,106,28000.0,15,0
107,107,28000.0,15,0
108,108,28000.0,15,0
109,109,28000.0,15,0
110,110,28000.0,15,0
111,111,28000.0,15,0
112,112,27999.0,16,0
113,113,27999.0,16,0
114,114,27999.0,16,0
115,115,27999.0,16,0
116,116,27998.0,17,0
117,117,27998.0,17,0
118,118,27998.0,17,0
119,119,27998.0,17,0
120,120,27995.0,20,0
121,121,27990.0,25,0
122,122,27986.0,29,0
123,123,27983.0,32,0
124,124,27983.0,32,0
125,125,27982.0,33,0
126,126,27981.0,34,0
127,127,27980.0,35,0
128,128,27980.0,35,0
