,Days,S,I,D
0,0,8064.0,0,0
1,1,8064.0,0,0
2,2,8064.0,0,0
3,3,8064.0,0,0
4,4,8064.0,0,0
5,5,8064.0,0,0
6,6,8064.0,0,0
7,7,8064.0,0,0
8,8,8064.0,0,0
9,9,8064.0,0,0
10,10,8064.0,0,0
11,11,8064.0,0,0
12,12,8064.0,0,0
13,13,8064.0,0,0
14,14,8064.0,0,0
15,15,8064.0,0,0
16,16,8064.0,0,0
17,17,8064.0,0,0
18,18,8064.0,0,0
19,19,8064.0,0,0
20,20,8064.0,0,0
21,21,8064.0,0,0
22,22,8064.0,0,0
23,23,8064.0,0,0
24,24,8064.0,0,0
25,25,8064.0,0,0
26,26,8064.0,0,0
27,27,8064.0,0,0
28,28,8064.0,0,0
29,29,8064.0,0,0
30,30,8064.0,0,0
31,31,8064.0,0,0
32,32,8064.0,0,0
33,33,8064.0,0,0
34,34,8064.0,0,0
35,35,8064.0,0,0
36,36,8064.0,0,0
37,37,8064.0,0,0
38,38,8064.0,0,0
39,39,8064.0,0,0
40,40,8064.0,0,0
41,41,8064.0,0,0
42,42,8064.0,0,0
43,43,8064.0,0,0
44,44,8064.0,0,0
45,45,8064.0,0,0
46,46,8064.0,0,0
47,47,8064.0,0,0
48,48,8064.0,0,0
49,49,8064.0,0,0
50,50,8064.0,0,0
51,51,8064.0,0,0
52,52,8064.0,0,0
53,53,8064.0,0,0
54,54,8064.0,0,0
55,55,8064.0,0,0
56,56,8064.0,0,0
57,57,8064.0,0,0
58,58,8064.0,0,0
59,59,8064.0,0,0
60,60,8063.0,1,0
61,61,8062.0,2,0
62,62,8063.0,1,0
63,63,8063.0,1,0
64,64,8063.0,1,0
65,65,8062.0,2,0
66,66,8062.0,2,0
67,67,8062.0,2,0
68,68,8062.0,2,0
69,69,8062.0,2,0
70,70,8062.0,2,0
71,71,8062.0,2,0
72,72,8062.0,2,0
73,73,8061.0,3,0
74,74,8061.0,3,0
75,75,8061.0,3,0
76,76,8061.0,3,0
77,77,8061.0,3,0
78,78,8061.0,3,0
79,79,8061.0,3,0
80,80,8061.0,3,0
81,81,8060.0,4,0
82,82,8060.0,4,0
83,83,8060.0,4,0
84,84,8059.0,5,0
85,85,8058.0,6,0
86,86,8058.0,6,0
87,87,8058.0,6,0
88,88,8058.0,6,0
89,89,8058.0,6,0
90,90,8058.0,6,0
91,91,8056.0,8,0
92,92,8056.0,8,0
93,93,8056.0,8,0
94,94,8056.0,8,0
95,95,8056.0,8,0
96,96,8056.0,8,0
97,97,8056.0,8,0
98,98,8056.0,8,0
99,99,8055.0,9,0
100,100,8052.0,12,0
101,101,8052.0,12,0
102,102,8052.0,12,0
103,103,8052.0,12,0
104,104,8052.0,12,0
105,105,8051.0,13,0
106,106,8051.0,13,0
107,107,8051.0,13,0
108,108,8051.0,13,0
109,109,8051.0,13,0
110,110,8051.0,13,0
111,111,8051.0,13,0
112,112,8051.0,13,0
113,113,8051.0,13,0
114,114,8051.0,13,0
115,115,8051.0,13,0
116,116,8051.0,13,0
117,117,8051.0,13,0
118,118,8051.0,13,0
119,119,8051.0,13,0
120,120,8051.0,13,0
121,121,8051.0,13,0
122,122,8051.0,13,0
123,123,8051.0,13,0
124,124,8051.0,13,0
125,125,8051.0,13,0
126,126,8051.0,13,0
127,127,8048.0,16,0
128,128,8047.0,17,0
