,Days,S,I,D
0,0,94340.0,0,0
1,1,94340.0,0,0
2,2,94340.0,0,0
3,3,94340.0,0,0
4,4,94340.0,0,0
5,5,94340.0,0,0
6,6,94340.0,0,0
7,7,94340.0,0,0
8,8,94340.0,0,0
9,9,94340.0,0,0
10,10,94340.0,0,0
11,11,94340.0,0,0
12,12,94340.0,0,0
13,13,94340.0,0,0
14,14,94340.0,0,0
15,15,94340.0,0,0
16,16,94340.0,0,0
17,17,94340.0,0,0
18,18,94340.0,0,0
19,19,94340.0,0,0
20,20,94340.0,0,0
21,21,94340.0,0,0
22,22,94340.0,0,0
23,23,94340.0,0,0
24,24,94340.0,0,0
25,25,94340.0,0,0
26,26,94340.0,0,0
27,27,94340.0,0,0
28,28,94340.0,0,0
29,29,94340.0,0,0
30,30,94340.0,0,0
31,31,94340.0,0,0
32,32,94340.0,0,0
33,33,94340.0,0,0
34,34,94340.0,0,0
35,35,94340.0,0,0
36,36,94340.0,0,0
37,37,94340.0,0,0
38,38,94340.0,0,0
39,39,94340.0,0,0
40,40,94340.0,0,0
41,41,94340.0,0,0
42,42,94340.0,0,0
43,43,94340.0,0,0
44,44,94340.0,0,0
45,45,94340.0,0,0
46,46,94340.0,0,0
47,47,94340.0,0,0
48,48,94340.0,0,0
49,49,94340.0,0,0
50,50,94340.0,0,0
51,51,94340.0,0,0
52,52,94340.0,0,0
53,53,94340.0,0,0
54,54,94340.0,0,0
55,55,94340.0,0,0
56,56,94340.0,0,0
57,57,94340.0,0,0
58,58,94339.0,1,0
59,59,94339.0,1,0
60,60,94338.0,2,0
61,61,94334.0,6,0
62,62,94334.0,6,0
63,63,94333.0,7,0
64,64,94333.0,7,0
65,65,94333.0,7,0
66,66,94332.0,8,0
67,67,94332.0,8,0
68,68,94329.0,11,0
69,69,94325.0,15,0
70,70,94323.0,17,0
71,71,94322.0,18,0
72,72,94320.0,20,0
73,73,94319.0,21,0
74,74,94319.0,21,0
75,75,94316.0,24,0
76,76,94314.0,26,0
77,77,94311.0,29,0
78,78,94309.0,31,0
79,79,94308.0,32,0
80,80,94308.0,32,0
81,81,94308.0,32,0
82,82,94307.0,33,0
83,83,94307.0,33,0
84,84,94307.0,33,0
85,85,94307.0,33,0
86,86,94306.0,34,0
87,87,94306.0,34,0
88,88,94306.0,34,0
89,89,94306.0,34,0
90,90,94306.0,34,0
91,91,94306.0,34,0
92,92,94305.0,35,0
93,93,94304.0,36,0
94,94,94302.0,38,0
95,95,94300.0,40,0
96,96,94300.0,40,0
97,97,94300.0,40,0
98,98,94298.0,42,0
99,99,94298.0,42,0
100,100,94296.0,44,0
101,101,94296.0,44,0
102,102,94296.0,44,0
103,103,94291.0,49,0
104,104,94291.0,49,0
105,105,94289.0,51,0
106,106,94288.0,52,0
107,107,94288.0,52,0
108,108,94285.0,55,0
109,109,94285.0,55,0
110,110,94285.0,55,0
111,111,94283.0,57,0
112,112,94282.0,58,0
113,113,94280.0,60,0
114,114,94280.0,60,0
115,115,94279.0,61,0
116,116,94277.0,63,0
117,117,94272.0,68,0
118,118,94269.0,71,0
119,119,94267.0,73,0
120,120,94266.0,74,0
121,121,94262.0,78,0
122,122,94262.0,78,0
123,123,94262.0,78,0
124,124,94261.0,79,0
125,125,94260.0,80,0
126,126,94259.0,81,0
127,127,94259.0,81,0
128,128,94252.0,88,0
