,Days,S,I,D
0,0,4000.0,0,0
1,1,4000.0,0,0
2,2,4000.0,0,0
3,3,4000.0,0,0
4,4,4000.0,0,0
5,5,4000.0,0,0
6,6,4000.0,0,0
7,7,4000.0,0,0
8,8,4000.0,0,0
9,9,4000.0,0,0
10,10,4000.0,0,0
11,11,4000.0,0,0
12,12,4000.0,0,0
13,13,4000.0,0,0
14,14,4000.0,0,0
15,15,4000.0,0,0
16,16,4000.0,0,0
17,17,4000.0,0,0
18,18,4000.0,0,0
19,19,4000.0,0,0
20,20,4000.0,0,0
21,21,4000.0,0,0
22,22,4000.0,0,0
23,23,4000.0,0,0
24,24,4000.0,0,0
25,25,4000.0,0,0
26,26,4000.0,0,0
27,27,4000.0,0,0
28,28,4000.0,0,0
29,29,4000.0,0,0
30,30,4000.0,0,0
31,31,4000.0,0,0
32,32,4000.0,0,0
33,33,4000.0,0,0
34,34,4000.0,0,0
35,35,4000.0,0,0
36,36,4000.0,0,0
37,37,4000.0,0,0
38,38,4000.0,0,0
39,39,4000.0,0,0
40,40,4000.0,0,0
41,41,4000.0,0,0
42,42,4000.0,0,0
43,43,4000.0,0,0
44,44,4000.0,0,0
45,45,4000.0,0,0
46,46,4000.0,0,0
47,47,4000.0,0,0
48,48,4000.0,0,0
49,49,4000.0,0,0
50,50,4000.0,0,0
51,51,4000.0,0,0
52,52,4000.0,0,0
53,53,4000.0,0,0
54,54,4000.0,0,0
55,55,4000.0,0,0
56,56,4000.0,0,0
57,57,4000.0,0,0
58,58,4000.0,0,0
59,59,4000.0,0,0
60,60,4000.0,0,0
61,61,4000.0,0,0
62,62,4000.0,0,0
63,63,4000.0,0,0
64,64,4000.0,0,0
65,65,4000.0,0,0
66,66,4000.0,0,0
67,67,4000.0,0,0
68,68,4000.0,0,0
69,69,4000.0,0,0
70,70,4000.0,0,0
71,71,4000.0,0,0
72,72,4000.0,0,0
73,73,4000.0,0,0
74,74,4000.0,0,0
75,75,3999.0,1,0
76,76,3999.0,1,0
77,77,3998.0,2,0
78,78,3998.0,2,0
79,79,3998.0,2,0
80,80,3998.0,2,0
81,81,3998.0,2,0
82,82,3998.0,2,0
83,83,3998.0,2,0
84,84,3997.0,3,0
85,85,3997.0,3,0
86,86,3996.0,4,0
87,87,3996.0,4,0
88,88,3996.0,4,0
89,89,3996.0,4,0
90,90,3995.0,5,0
91,91,3995.0,5,0
92,92,3995.0,5,0
93,93,3995.0,5,0
94,94,3995.0,5,0
95,95,3995.0,5,0
96,96,3995.0,5,0
97,97,3995.0,5,0
98,98,3995.0,5,0
99,99,3995.0,5,0
100,100,3995.0,5,0
101,101,3995.0,5,0
102,102,3995.0,5,0
103,103,3995.0,5,0
104,104,3995.0,5,0
105,105,3995.0,5,0
106,106,3994.0,6,0
107,107,3994.0,6,0
108,108,3994.0,6,0
109,109,3994.0,6,0
110,110,3993.0,7,0
111,111,3992.0,8,0
112,112,3990.0,10,0
113,113,3988.0,12,0
114,114,3985.0,15,0
115,115,3985.0,15,0
116,116,3985.0,15,0
117,117,3984.0,16,0
118,118,3979.0,21,0
119,119,3947.0,53,0
120,120,3946.0,54,0
121,121,3940.0,60,0
122,122,3939.0,61,0
123,123,3939.0,61,0
124,124,3938.0,62,0
125,125,3904.0,96,0
126,126,3901.0,99,0
127,127,3896.0,104,0
128,128,3893.0,107,0
