,Days,S,I,D
0,0,6411.0,0,0
1,1,6411.0,0,0
2,2,6411.0,0,0
3,3,6411.0,0,0
4,4,6411.0,0,0
5,5,6411.0,0,0
6,6,6411.0,0,0
7,7,6411.0,0,0
8,8,6411.0,0,0
9,9,6411.0,0,0
10,10,6411.0,0,0
11,11,6411.0,0,0
12,12,6411.0,0,0
13,13,6411.0,0,0
14,14,6411.0,0,0
15,15,6411.0,0,0
16,16,6411.0,0,0
17,17,6411.0,0,0
18,18,6411.0,0,0
19,19,6411.0,0,0
20,20,6411.0,0,0
21,21,6411.0,0,0
22,22,6411.0,0,0
23,23,6411.0,0,0
24,24,6411.0,0,0
25,25,6411.0,0,0
26,26,6411.0,0,0
27,27,6411.0,0,0
28,28,6411.0,0,0
29,29,6411.0,0,0
30,30,6411.0,0,0
31,31,6411.0,0,0
32,32,6411.0,0,0
33,33,6411.0,0,0
34,34,6411.0,0,0
35,35,6411.0,0,0
36,36,6411.0,0,0
37,37,6411.0,0,0
38,38,6411.0,0,0
39,39,6411.0,0,0
40,40,6411.0,0,0
41,41,6411.0,0,0
42,42,6411.0,0,0
43,43,6411.0,0,0
44,44,6411.0,0,0
45,45,6411.0,0,0
46,46,6411.0,0,0
47,47,6411.0,0,0
48,48,6411.0,0,0
49,49,6411.0,0,0
50,50,6411.0,0,0
51,51,6411.0,0,0
52,52,6411.0,0,0
53,53,6411.0,0,0
54,54,6411.0,0,0
55,55,6411.0,0,0
56,56,6411.0,0,0
57,57,6411.0,0,0
58,58,6411.0,0,0
59,59,6411.0,0,0
60,60,6411.0,0,0
61,61,6411.0,0,0
62,62,6411.0,0,0
63,63,6411.0,0,0
64,64,6411.0,0,0
65,65,6411.0,0,0
66,66,6411.0,0,0
67,67,6411.0,0,0
68,68,6411.0,0,0
69,69,6411.0,0,0
70,70,6411.0,0,0
71,71,6411.0,0,0
72,72,6411.0,0,0
73,73,6411.0,0,0
74,74,6411.0,0,0
75,75,6411.0,0,0
76,76,6411.0,0,0
77,77,6411.0,0,0
78,78,6411.0,0,0
79,79,6411.0,0,0
80,80,6411.0,0,0
81,81,6411.0,0,0
82,82,6411.0,0,0
83,83,6411.0,0,0
84,84,6410.0,1,0
85,85,6410.0,1,0
86,86,6410.0,1,0
87,87,6409.0,2,0
88,88,6409.0,2,0
89,89,6409.0,2,0
90,90,6409.0,2,0
91,91,6408.0,3,0
92,92,6408.0,3,0
93,93,6408.0,3,0
94,94,6408.0,3,0
95,95,6408.0,3,0
96,96,6408.0,3,0
97,97,6408.0,3,0
98,98,6408.0,3,0
99,99,6408.0,3,0
100,100,6408.0,3,0
101,101,6408.0,3,0
102,102,6408.0,3,0
103,103,6408.0,3,0
104,104,6408.0,3,0
105,105,6408.0,3,0
106,106,6408.0,3,0
107,107,6408.0,3,0
108,108,6408.0,3,0
109,109,6408.0,3,0
110,110,6408.0,3,0
111,111,6408.0,3,0
112,112,6408.0,3,0
113,113,6408.0,3,0
114,114,6408.0,3,0
115,115,6408.0,3,0
116,116,6408.0,3,0
117,117,6408.0,3,0
118,118,6408.0,3,0
119,119,6408.0,3,0
120,120,6408.0,3,0
121,121,6408.0,3,0
122,122,6408.0,3,0
123,123,6408.0,3,0
124,124,6408.0,3,0
125,125,6408.0,3,0
126,126,6408.0,3,0
127,127,6408.0,3,0
128,128,6408.0,3,0
