,Days,S,I,D
0,0,16898.0,0,0
1,1,16898.0,0,0
2,2,16898.0,0,0
3,3,16898.0,0,0
4,4,16898.0,0,0
5,5,16898.0,0,0
6,6,16898.0,0,0
7,7,16898.0,0,0
8,8,16898.0,0,0
9,9,16898.0,0,0
10,10,16898.0,0,0
11,11,16898.0,0,0
12,12,16898.0,0,0
13,13,16898.0,0,0
14,14,16898.0,0,0
15,15,16898.0,0,0
16,16,16898.0,0,0
17,17,16898.0,0,0
18,18,16898.0,0,0
19,19,16898.0,0,0
20,20,16898.0,0,0
21,21,16898.0,0,0
22,22,16898.0,0,0
23,23,16898.0,0,0
24,24,16898.0,0,0
25,25,16898.0,0,0
26,26,16898.0,0,0
27,27,16898.0,0,0
28,28,16898.0,0,0
29,29,16898.0,0,0
30,30,16898.0,0,0
31,31,16898.0,0,0
32,32,16898.0,0,0
33,33,16898.0,0,0
34,34,16898.0,0,0
35,35,16898.0,0,0
36,36,16898.0,0,0
37,37,16898.0,0,0
38,38,16898.0,0,0
39,39,16898.0,0,0
40,40,16898.0,0,0
41,41,16898.0,0,0
42,42,16898.0,0,0
43,43,16898.0,0,0
44,44,16898.0,0,0
45,45,16898.0,0,0
46,46,16898.0,0,0
47,47,16898.0,0,0
48,48,16898.0,0,0
49,49,16898.0,0,0
50,50,16898.0,0,0
51,51,16898.0,0,0
52,52,16898.0,0,0
53,53,16898.0,0,0
54,54,16898.0,0,0
55,55,16898.0,0,0
56,56,16898.0,0,0
57,57,16898.0,0,0
58,58,16898.0,0,0
59,59,16898.0,0,0
60,60,16898.0,0,0
61,61,16898.0,0,0
62,62,16898.0,0,0
63,63,16898.0,0,0
64,64,16898.0,0,0
65,65,16898.0,0,0
66,66,16898.0,0,0
67,67,16898.0,0,0
68,68,16898.0,0,0
69,69,16898.0,0,0
70,70,16898.0,0,0
71,71,16897.0,1,0
72,72,16896.0,2,0
73,73,16895.0,3,0
74,74,16895.0,3,0
75,75,16895.0,3,0
76,76,16895.0,3,0
77,77,16895.0,3,0
78,78,16895.0,3,0
79,79,16894.0,4,0
80,80,16894.0,4,0
81,81,16894.0,4,0
82,82,16893.0,5,0
83,83,16893.0,5,0
84,84,16893.0,5,0
85,85,16893.0,5,0
86,86,16893.0,5,0
87,87,16893.0,5,0
88,88,16893.0,5,0
89,89,16893.0,5,0
90,90,16893.0,5,0
91,91,16892.0,6,0
92,92,16892.0,6,0
93,93,16892.0,6,0
94,94,16892.0,6,0
95,95,16891.0,7,0
96,96,16891.0,7,0
97,97,16891.0,7,0
98,98,16891.0,7,0
99,99,16890.0,8,0
100,100,16890.0,8,0
101,101,16887.0,11,0
102,102,16887.0,11,0
103,103,16886.0,12,0
104,104,16886.0,12,0
105,105,16886.0,12,0
106,106,16886.0,12,0
107,107,16886.0,12,0
108,108,16886.0,12,0
109,109,16886.0,12,0
110,110,16886.0,12,0
111,111,16886.0,12,0
112,112,16886.0,12,0
113,113,16886.0,12,0
114,114,16886.0,12,0
115,115,16886.0,12,0
116,116,16885.0,13,0
117,117,16884.0,14,0
118,118,16884.0,14,0
119,119,16884.0,14,0
120,120,16884.0,14,0
121,121,16884.0,14,0
122,122,16884.0,14,0
123,123,16884.0,14,0
124,124,16884.0,14,0
125,125,16884.0,14,0
126,126,16883.0,15,0
127,127,16883.0,15,0
128,128,16883.0,15,0
