,Days,S,I,D
0,0,19252.0,0,0
1,1,19252.0,0,0
2,2,19252.0,0,0
3,3,19252.0,0,0
4,4,19252.0,0,0
5,5,19252.0,0,0
6,6,19252.0,0,0
7,7,19252.0,0,0
8,8,19252.0,0,0
9,9,19252.0,0,0
10,10,19252.0,0,0
11,11,19252.0,0,0
12,12,19252.0,0,0
13,13,19252.0,0,0
14,14,19252.0,0,0
15,15,19252.0,0,0
16,16,19252.0,0,0
17,17,19252.0,0,0
18,18,19252.0,0,0
19,19,19252.0,0,0
20,20,19252.0,0,0
21,21,19252.0,0,0
22,22,19252.0,0,0
23,23,19252.0,0,0
24,24,19252.0,0,0
25,25,19252.0,0,0
26,26,19252.0,0,0
27,27,19252.0,0,0
28,28,19252.0,0,0
29,29,19252.0,0,0
30,30,19252.0,0,0
31,31,19252.0,0,0
32,32,19252.0,0,0
33,33,19252.0,0,0
34,34,19252.0,0,0
35,35,19252.0,0,0
36,36,19252.0,0,0
37,37,19252.0,0,0
38,38,19252.0,0,0
39,39,19252.0,0,0
40,40,19252.0,0,0
41,41,19252.0,0,0
42,42,19252.0,0,0
43,43,19252.0,0,0
44,44,19252.0,0,0
45,45,19252.0,0,0
46,46,19252.0,0,0
47,47,19252.0,0,0
48,48,19252.0,0,0
49,49,19252.0,0,0
50,50,19252.0,0,0
51,51,19252.0,0,0
52,52,19252.0,0,0
53,53,19252.0,0,0
54,54,19252.0,0,0
55,55,19252.0,0,0
56,56,19252.0,0,0
57,57,19252.0,0,0
58,58,19252.0,0,0
59,59,19252.0,0,0
60,60,19252.0,0,0
61,61,19252.0,0,0
62,62,19252.0,0,0
63,63,19252.0,0,0
64,64,19252.0,0,0
65,65,19252.0,0,0
66,66,19252.0,0,0
67,67,19252.0,0,0
68,68,19251.0,1,0
69,69,19251.0,1,0
70,70,19250.0,2,0
71,71,19249.0,3,0
72,72,19249.0,3,0
73,73,19249.0,3,0
74,74,19249.0,3,0
75,75,19248.0,4,0
76,76,19248.0,4,0
77,77,19248.0,4,0
78,78,19246.0,6,0
79,79,19246.0,6,0
80,80,19246.0,6,0
81,81,19246.0,6,0
82,82,19246.0,6,0
83,83,19244.0,8,0
84,84,19244.0,8,0
85,85,19242.0,10,0
86,86,19242.0,10,0
87,87,19242.0,10,0
88,88,19242.0,10,0
89,89,19242.0,10,0
90,90,19242.0,10,0
91,91,19242.0,10,0
92,92,19240.0,12,0
93,93,19238.0,14,0
94,94,19237.0,15,0
95,95,19237.0,15,0
96,96,19237.0,15,0
97,97,19235.0,17,0
98,98,19235.0,17,0
99,99,19235.0,17,0
100,100,19235.0,17,0
101,101,19235.0,17,0
102,102,19235.0,17,0
103,103,19235.0,17,0
104,104,19235.0,17,0
105,105,19233.0,19,0
106,106,19233.0,19,0
107,107,19233.0,19,0
108,108,19233.0,19,0
109,109,19233.0,19,0
110,110,19233.0,19,0
111,111,19233.0,19,0
112,112,19233.0,19,0
113,113,19232.0,20,0
114,114,19232.0,20,0
115,115,19232.0,20,0
116,116,19232.0,20,0
117,117,19230.0,22,0
118,118,19229.0,23,0
119,119,19227.0,25,0
120,120,19221.0,31,0
121,121,19218.0,34,0
122,122,19218.0,34,0
123,123,19218.0,34,0
124,124,19215.0,37,0
125,125,19214.0,38,0
126,126,19213.0,39,0
127,127,19209.0,43,0
128,128,19206.0,46,0
