,Days,S,I,D
0,0,33044.0,0,0
1,1,33044.0,0,0
2,2,33044.0,0,0
3,3,33044.0,0,0
4,4,33044.0,0,0
5,5,33044.0,0,0
6,6,33044.0,0,0
7,7,33044.0,0,0
8,8,33044.0,0,0
9,9,33044.0,0,0
10,10,33044.0,0,0
11,11,33044.0,0,0
12,12,33044.0,0,0
13,13,33044.0,0,0
14,14,33044.0,0,0
15,15,33044.0,0,0
16,16,33044.0,0,0
17,17,33044.0,0,0
18,18,33044.0,0,0
19,19,33044.0,0,0
20,20,33044.0,0,0
21,21,33044.0,0,0
22,22,33044.0,0,0
23,23,33044.0,0,0
24,24,33044.0,0,0
25,25,33044.0,0,0
26,26,33044.0,0,0
27,27,33044.0,0,0
28,28,33044.0,0,0
29,29,33044.0,0,0
30,30,33044.0,0,0
31,31,33044.0,0,0
32,32,33044.0,0,0
33,33,33044.0,0,0
34,34,33044.0,0,0
35,35,33044.0,0,0
36,36,33044.0,0,0
37,37,33044.0,0,0
38,38,33044.0,0,0
39,39,33044.0,0,0
40,40,33044.0,0,0
41,41,33044.0,0,0
42,42,33044.0,0,0
43,43,33044.0,0,0
44,44,33044.0,0,0
45,45,33044.0,0,0
46,46,33044.0,0,0
47,47,33044.0,0,0
48,48,33044.0,0,0
49,49,33044.0,0,0
50,50,33044.0,0,0
51,51,33044.0,0,0
52,52,33044.0,0,0
53,53,33044.0,0,0
54,54,33044.0,0,0
55,55,33044.0,0,0
56,56,33044.0,0,0
57,57,33044.0,0,0
58,58,33044.0,0,0
59,59,33044.0,0,0
60,60,33044.0,0,0
61,61,33044.0,0,0
62,62,33044.0,0,0
63,63,33044.0,0,0
64,64,33044.0,0,0
65,65,33044.0,0,0
66,66,33044.0,0,0
67,67,33044.0,0,0
68,68,33044.0,0,0
69,69,33044.0,0,0
70,70,33044.0,0,0
71,71,33044.0,0,0
72,72,33044.0,0,0
73,73,33044.0,0,0
74,74,33044.0,0,0
75,75,33044.0,0,0
76,76,33044.0,0,0
77,77,33044.0,0,0
78,78,33044.0,0,0
79,79,33044.0,0,0
80,80,33044.0,0,0
81,81,33044.0,0,0
82,82,33044.0,0,0
83,83,33044.0,0,0
84,84,33044.0,0,0
85,85,33044.0,0,0
86,86,33043.0,1,0
87,87,33043.0,1,0
88,88,33042.0,2,0
89,89,33042.0,2,0
90,90,33041.0,3,0
91,91,33041.0,3,0
92,92,33041.0,3,0
93,93,33041.0,3,0
94,94,33041.0,3,0
95,95,33041.0,3,0
96,96,33041.0,3,0
97,97,33041.0,3,0
98,98,33040.0,4,0
99,99,33039.0,5,0
100,100,33039.0,5,0
101,101,33039.0,5,0
102,102,33039.0,5,0
103,103,33039.0,5,0
104,104,33038.0,6,0
105,105,33038.0,6,0
106,106,33038.0,6,0
107,107,33038.0,6,0
108,108,33038.0,6,0
109,109,33038.0,6,0
110,110,33038.0,6,0
111,111,33038.0,6,0
112,112,33038.0,6,0
113,113,33038.0,6,0
114,114,33037.0,7,0
115,115,33037.0,7,0
116,116,33037.0,7,0
117,117,33034.0,10,0
118,118,33029.0,15,0
119,119,33031.0,13,0
120,120,32856.0,188,0
121,121,32851.0,193,0
122,122,32850.0,194,0
123,123,32849.0,195,0
124,124,32847.0,197,0
125,125,32847.0,197,0
126,126,32847.0,197,0
127,127,32846.0,198,0
128,128,32835.0,209,0
