,Days,S,I,D
0,0,178550.0,0,0
1,1,178550.0,0,0
2,2,178550.0,0,0
3,3,178550.0,0,0
4,4,178550.0,0,0
5,5,178550.0,0,0
6,6,178550.0,0,0
7,7,178550.0,0,0
8,8,178550.0,0,0
9,9,178550.0,0,0
10,10,178550.0,0,0
11,11,178550.0,0,0
12,12,178550.0,0,0
13,13,178550.0,0,0
14,14,178550.0,0,0
15,15,178550.0,0,0
16,16,178550.0,0,0
17,17,178550.0,0,0
18,18,178550.0,0,0
19,19,178550.0,0,0
20,20,178550.0,0,0
21,21,178550.0,0,0
22,22,178550.0,0,0
23,23,178550.0,0,0
24,24,178550.0,0,0
25,25,178550.0,0,0
26,26,178550.0,0,0
27,27,178550.0,0,0
28,28,178550.0,0,0
29,29,178550.0,0,0
30,30,178550.0,0,0
31,31,178550.0,0,0
32,32,178550.0,0,0
33,33,178550.0,0,0
34,34,178550.0,0,0
35,35,178550.0,0,0
36,36,178550.0,0,0
37,37,178550.0,0,0
38,38,178550.0,0,0
39,39,178550.0,0,0
40,40,178550.0,0,0
41,41,178550.0,0,0
42,42,178550.0,0,0
43,43,178550.0,0,0
44,44,178550.0,0,0
45,45,178550.0,0,0
46,46,178550.0,0,0
47,47,178550.0,0,0
48,48,178550.0,0,0
49,49,178550.0,0,0
50,50,178550.0,0,0
51,51,178550.0,0,0
52,52,178550.0,0,0
53,53,178550.0,0,0
54,54,178550.0,0,0
55,55,178549.0,1,0
56,56,178547.0,3,0
57,57,178546.0,4,0
58,58,178545.0,5,0
59,59,178545.0,5,0
60,60,178545.0,5,0
61,61,178541.0,9,0
62,62,178540.0,10,0
63,63,178536.0,14,0
64,64,178536.0,14,0
65,65,178529.0,21,0
66,66,178523.0,25,2
67,67,178523.0,25,2
68,68,178521.0,27,2
69,69,178514.0,34,2
70,70,178507.0,41,2
71,71,178505.0,43,2
72,72,178494.0,54,2
73,73,178480.0,68,2
74,74,178462.0,86,2
75,75,178419.0,128,3
76,76,178400.0,147,3
77,77,178346.0,201,3
78,78,178333.0,214,3
79,79,178317.0,230,3
80,80,178291.0,255,4
81,81,178265.0,281,4
82,82,178258.0,288,4
83,83,178214.0,329,7
84,84,178197.0,345,8
85,85,178189.0,352,9
86,86,178157.0,384,9
87,87,178123.0,417,10
88,88,178123.0,417,10
89,89,178107.0,430,13
90,90,178077.0,459,14
91,91,178032.0,503,15
92,92,177996.0,539,15
93,93,177977.0,558,15
94,94,177953.0,579,18
95,95,177903.0,625,22
96,96,177875.0,652,23
97,97,177799.0,728,23
98,98,177782.0,743,25
99,99,177765.0,759,26
100,100,177750.0,773,27
101,101,177728.0,793,29
102,102,177699.0,821,30
103,103,177687.0,833,30
104,104,177671.0,847,32
105,105,177626.0,891,33
106,106,177571.0,945,34
107,107,177553.0,963,34
108,108,177531.0,985,34
109,109,177500.0,1016,34
110,110,177467.0,1044,39
111,111,177447.0,1060,43
112,112,177421.0,1084,45
113,113,177389.0,1115,46
114,114,177356.0,1146,48
115,115,177322.0,1176,52
116,116,177301.0,1197,52
117,117,177279.0,1219,52
118,118,177259.0,1238,53
119,119,177242.0,1253,55
120,120,177214.0,1281,55
121,121,177198.0,1296,56
122,122,177179.0,1315,56
123,123,177154.0,1340,56
124,124,177138.0,1356,56
125,125,177125.0,1368,57
126,126,177115.0,1374,61
127,127,177097.0,1392,61
128,128,177087.0,1401,62
