,Days,S,I,D
0,0,96471.0,0,0
1,1,96471.0,0,0
2,2,96471.0,0,0
3,3,96471.0,0,0
4,4,96471.0,0,0
5,5,96471.0,0,0
6,6,96471.0,0,0
7,7,96471.0,0,0
8,8,96471.0,0,0
9,9,96471.0,0,0
10,10,96471.0,0,0
11,11,96471.0,0,0
12,12,96471.0,0,0
13,13,96471.0,0,0
14,14,96471.0,0,0
15,15,96471.0,0,0
16,16,96471.0,0,0
17,17,96471.0,0,0
18,18,96471.0,0,0
19,19,96471.0,0,0
20,20,96471.0,0,0
21,21,96471.0,0,0
22,22,96471.0,0,0
23,23,96471.0,0,0
24,24,96471.0,0,0
25,25,96471.0,0,0
26,26,96471.0,0,0
27,27,96471.0,0,0
28,28,96471.0,0,0
29,29,96471.0,0,0
30,30,96471.0,0,0
31,31,96471.0,0,0
32,32,96471.0,0,0
33,33,96471.0,0,0
34,34,96471.0,0,0
35,35,96471.0,0,0
36,36,96471.0,0,0
37,37,96471.0,0,0
38,38,96471.0,0,0
39,39,96471.0,0,0
40,40,96471.0,0,0
41,41,96471.0,0,0
42,42,96471.0,0,0
43,43,96471.0,0,0
44,44,96471.0,0,0
45,45,96471.0,0,0
46,46,96471.0,0,0
47,47,96471.0,0,0
48,48,96471.0,0,0
49,49,96471.0,0,0
50,50,96471.0,0,0
51,51,96471.0,0,0
52,52,96471.0,0,0
53,53,96471.0,0,0
54,54,96471.0,0,0
55,55,96471.0,0,0
56,56,96471.0,0,0
57,57,96471.0,0,0
58,58,96471.0,0,0
59,59,96471.0,0,0
60,60,96471.0,0,0
61,61,96471.0,0,0
62,62,96471.0,0,0
63,63,96471.0,0,0
64,64,96471.0,0,0
65,65,96471.0,0,0
66,66,96471.0,0,0
67,67,96471.0,0,0
68,68,96471.0,0,0
69,69,96471.0,0,0
70,70,96471.0,0,0
71,71,96471.0,0,0
72,72,96471.0,0,0
73,73,96471.0,0,0
74,74,96471.0,0,0
75,75,96471.0,0,0
76,76,96471.0,0,0
77,77,96470.0,1,0
78,78,96470.0,1,0
79,79,96470.0,1,0
80,80,96470.0,1,0
81,81,96470.0,1,0
82,82,96470.0,1,0
83,83,96470.0,1,0
84,84,96470.0,1,0
85,85,96470.0,1,0
86,86,96470.0,1,0
87,87,96470.0,1,0
88,88,96470.0,1,0
89,89,96470.0,1,0
90,90,96470.0,1,0
91,91,96470.0,1,0
92,92,96470.0,1,0
93,93,96470.0,1,0
94,94,96470.0,1,0
95,95,96470.0,1,0
96,96,96470.0,1,0
97,97,96470.0,1,0
98,98,96470.0,1,0
99,99,96470.0,1,0
100,100,96470.0,1,0
101,101,96470.0,1,0
102,102,96470.0,1,0
103,103,96470.0,1,0
104,104,96470.0,1,0
105,105,96470.0,1,0
106,106,96470.0,1,0
107,107,96470.0,1,0
108,108,96470.0,1,0
109,109,96470.0,1,0
110,110,96470.0,1,0
111,111,96470.0,1,0
112,112,96468.0,3,0
113,113,96468.0,3,0
114,114,96465.0,6,0
115,115,96462.0,9,0
116,116,96461.0,10,0
117,117,96461.0,10,0
118,118,96461.0,10,0
119,119,96457.0,14,0
120,120,96457.0,14,0
121,121,96456.0,15,0
122,122,96454.0,17,0
123,123,96454.0,17,0
124,124,96454.0,17,0
125,125,96454.0,17,0
126,126,96451.0,20,0
127,127,96450.0,21,0
128,128,96450.0,21,0
