,Days,S,I,D
0,0,13561.0,0,0
1,1,13561.0,0,0
2,2,13561.0,0,0
3,3,13561.0,0,0
4,4,13561.0,0,0
5,5,13561.0,0,0
6,6,13561.0,0,0
7,7,13561.0,0,0
8,8,13561.0,0,0
9,9,13561.0,0,0
10,10,13561.0,0,0
11,11,13561.0,0,0
12,12,13561.0,0,0
13,13,13561.0,0,0
14,14,13561.0,0,0
15,15,13561.0,0,0
16,16,13561.0,0,0
17,17,13561.0,0,0
18,18,13561.0,0,0
19,19,13561.0,0,0
20,20,13561.0,0,0
21,21,13561.0,0,0
22,22,13561.0,0,0
23,23,13561.0,0,0
24,24,13561.0,0,0
25,25,13561.0,0,0
26,26,13561.0,0,0
27,27,13561.0,0,0
28,28,13561.0,0,0
29,29,13561.0,0,0
30,30,13561.0,0,0
31,31,13561.0,0,0
32,32,13561.0,0,0
33,33,13561.0,0,0
34,34,13561.0,0,0
35,35,13561.0,0,0
36,36,13561.0,0,0
37,37,13561.0,0,0
38,38,13561.0,0,0
39,39,13561.0,0,0
40,40,13561.0,0,0
41,41,13561.0,0,0
42,42,13561.0,0,0
43,43,13561.0,0,0
44,44,13561.0,0,0
45,45,13561.0,0,0
46,46,13561.0,0,0
47,47,13561.0,0,0
48,48,13561.0,0,0
49,49,13561.0,0,0
50,50,13561.0,0,0
51,51,13561.0,0,0
52,52,13561.0,0,0
53,53,13561.0,0,0
54,54,13561.0,0,0
55,55,13561.0,0,0
56,56,13561.0,0,0
57,57,13561.0,0,0
58,58,13561.0,0,0
59,59,13561.0,0,0
60,60,13561.0,0,0
61,61,13561.0,0,0
62,62,13561.0,0,0
63,63,13561.0,0,0
64,64,13561.0,0,0
65,65,13561.0,0,0
66,66,13561.0,0,0
67,67,13561.0,0,0
68,68,13561.0,0,0
69,69,13561.0,0,0
70,70,13561.0,0,0
71,71,13561.0,0,0
72,72,13561.0,0,0
73,73,13560.0,1,0
74,74,13559.0,2,0
75,75,13559.0,2,0
76,76,13559.0,2,0
77,77,13559.0,2,0
78,78,13559.0,2,0
79,79,13558.0,3,0
80,80,13557.0,4,0
81,81,13557.0,4,0
82,82,13557.0,4,0
83,83,13557.0,4,0
84,84,13557.0,4,0
85,85,13557.0,4,0
86,86,13556.0,5,0
87,87,13556.0,5,0
88,88,13555.0,6,0
89,89,13555.0,6,0
90,90,13555.0,6,0
91,91,13555.0,6,0
92,92,13555.0,6,0
93,93,13555.0,6,0
94,94,13555.0,6,0
95,95,13554.0,7,0
96,96,13554.0,7,0
97,97,13554.0,7,0
98,98,13554.0,7,0
99,99,13554.0,7,0
100,100,13554.0,7,0
101,101,13554.0,7,0
102,102,13554.0,7,0
103,103,13554.0,7,0
104,104,13554.0,7,0
105,105,13554.0,7,0
106,106,13554.0,7,0
107,107,13554.0,7,0
108,108,13554.0,7,0
109,109,13554.0,7,0
110,110,13554.0,7,0
111,111,13554.0,7,0
112,112,13554.0,7,0
113,113,13554.0,7,0
114,114,13554.0,7,0
115,115,13554.0,7,0
116,116,13554.0,7,0
117,117,13554.0,7,0
118,118,13553.0,8,0
119,119,13553.0,8,0
120,120,13553.0,8,0
121,121,13553.0,8,0
122,122,13553.0,8,0
123,123,13552.0,9,0
124,124,13552.0,9,0
125,125,13552.0,9,0
126,126,13551.0,10,0
127,127,13550.0,11,0
128,128,13550.0,11,0
