,Days,S,I,D
0,0,53054.0,0,0
1,1,53054.0,0,0
2,2,53054.0,0,0
3,3,53054.0,0,0
4,4,53054.0,0,0
5,5,53054.0,0,0
6,6,53054.0,0,0
7,7,53054.0,0,0
8,8,53054.0,0,0
9,9,53054.0,0,0
10,10,53054.0,0,0
11,11,53054.0,0,0
12,12,53054.0,0,0
13,13,53054.0,0,0
14,14,53054.0,0,0
15,15,53054.0,0,0
16,16,53054.0,0,0
17,17,53054.0,0,0
18,18,53054.0,0,0
19,19,53054.0,0,0
20,20,53054.0,0,0
21,21,53054.0,0,0
22,22,53054.0,0,0
23,23,53054.0,0,0
24,24,53054.0,0,0
25,25,53054.0,0,0
26,26,53054.0,0,0
27,27,53054.0,0,0
28,28,53054.0,0,0
29,29,53054.0,0,0
30,30,53054.0,0,0
31,31,53054.0,0,0
32,32,53054.0,0,0
33,33,53054.0,0,0
34,34,53054.0,0,0
35,35,53054.0,0,0
36,36,53054.0,0,0
37,37,53054.0,0,0
38,38,53054.0,0,0
39,39,53054.0,0,0
40,40,53054.0,0,0
41,41,53054.0,0,0
42,42,53054.0,0,0
43,43,53054.0,0,0
44,44,53054.0,0,0
45,45,53054.0,0,0
46,46,53054.0,0,0
47,47,53054.0,0,0
48,48,53054.0,0,0
49,49,53054.0,0,0
50,50,53054.0,0,0
51,51,53054.0,0,0
52,52,53054.0,0,0
53,53,53054.0,0,0
54,54,53054.0,0,0
55,55,53054.0,0,0
56,56,53054.0,0,0
57,57,53054.0,0,0
58,58,53054.0,0,0
59,59,53054.0,0,0
60,60,53053.0,1,0
61,61,53053.0,1,0
62,62,53052.0,2,0
63,63,53051.0,3,0
64,64,53048.0,6,0
65,65,53048.0,6,0
66,66,53048.0,6,0
67,67,53046.0,8,0
68,68,53046.0,8,0
69,69,53046.0,8,0
70,70,53046.0,8,0
71,71,53045.0,9,0
72,72,53042.0,12,0
73,73,53041.0,13,0
74,74,53041.0,13,0
75,75,53041.0,13,0
76,76,53039.0,15,0
77,77,53039.0,15,0
78,78,53039.0,15,0
79,79,53038.0,16,0
80,80,53038.0,16,0
81,81,53038.0,16,0
82,82,53038.0,16,0
83,83,53037.0,17,0
84,84,53036.0,18,0
85,85,53035.0,19,0
86,86,53033.0,21,0
87,87,53033.0,21,0
88,88,53032.0,22,0
89,89,53031.0,23,0
90,90,53031.0,23,0
91,91,53031.0,23,0
92,92,53030.0,24,0
93,93,53029.0,25,0
94,94,53029.0,25,0
95,95,53027.0,27,0
96,96,53027.0,27,0
97,97,53026.0,28,0
98,98,53022.0,32,0
99,99,53022.0,32,0
100,100,53022.0,32,0
101,101,53017.0,37,0
102,102,53017.0,37,0
103,103,53016.0,38,0
104,104,53016.0,38,0
105,105,53016.0,38,0
106,106,53016.0,38,0
107,107,53015.0,39,0
108,108,53015.0,39,0
109,109,53013.0,41,0
110,110,53011.0,43,0
111,111,53010.0,44,0
112,112,53008.0,46,0
113,113,53008.0,46,0
114,114,53006.0,48,0
115,115,53006.0,48,0
116,116,53006.0,48,0
117,117,52960.0,94,0
118,118,52957.0,97,0
119,119,52952.0,102,0
120,120,52944.0,110,0
121,121,52924.0,130,0
122,122,52923.0,131,0
123,123,52922.0,132,0
124,124,52918.0,136,0
125,125,52918.0,136,0
126,126,52917.0,137,0
127,127,52917.0,137,0
128,128,52912.0,142,0
