,Days,S,I,D
0,0,25220.0,0,0
1,1,25220.0,0,0
2,2,25220.0,0,0
3,3,25220.0,0,0
4,4,25220.0,0,0
5,5,25220.0,0,0
6,6,25220.0,0,0
7,7,25220.0,0,0
8,8,25220.0,0,0
9,9,25220.0,0,0
10,10,25220.0,0,0
11,11,25220.0,0,0
12,12,25220.0,0,0
13,13,25220.0,0,0
14,14,25220.0,0,0
15,15,25220.0,0,0
16,16,25220.0,0,0
17,17,25220.0,0,0
18,18,25220.0,0,0
19,19,25220.0,0,0
20,20,25220.0,0,0
21,21,25220.0,0,0
22,22,25220.0,0,0
23,23,25220.0,0,0
24,24,25220.0,0,0
25,25,25220.0,0,0
26,26,25220.0,0,0
27,27,25220.0,0,0
28,28,25220.0,0,0
29,29,25220.0,0,0
30,30,25220.0,0,0
31,31,25220.0,0,0
32,32,25220.0,0,0
33,33,25220.0,0,0
34,34,25220.0,0,0
35,35,25220.0,0,0
36,36,25220.0,0,0
37,37,25220.0,0,0
38,38,25220.0,0,0
39,39,25220.0,0,0
40,40,25220.0,0,0
41,41,25220.0,0,0
42,42,25220.0,0,0
43,43,25220.0,0,0
44,44,25220.0,0,0
45,45,25220.0,0,0
46,46,25220.0,0,0
47,47,25220.0,0,0
48,48,25220.0,0,0
49,49,25220.0,0,0
50,50,25220.0,0,0
51,51,25220.0,0,0
52,52,25220.0,0,0
53,53,25220.0,0,0
54,54,25220.0,0,0
55,55,25220.0,0,0
56,56,25220.0,0,0
57,57,25220.0,0,0
58,58,25220.0,0,0
59,59,25220.0,0,0
60,60,25220.0,0,0
61,61,25220.0,0,0
62,62,25220.0,0,0
63,63,25220.0,0,0
64,64,25220.0,0,0
65,65,25220.0,0,0
66,66,25219.0,1,0
67,67,25219.0,1,0
68,68,25219.0,1,0
69,69,25219.0,1,0
70,70,25216.0,4,0
71,71,25216.0,4,0
72,72,25215.0,5,0
73,73,25214.0,6,0
74,74,25214.0,6,0
75,75,25214.0,6,0
76,76,25214.0,6,0
77,77,25214.0,6,0
78,78,25214.0,6,0
79,79,25213.0,7,0
80,80,25213.0,7,0
81,81,25213.0,7,0
82,82,25213.0,7,0
83,83,25213.0,7,0
84,84,25213.0,7,0
85,85,25213.0,7,0
86,86,25213.0,7,0
87,87,25213.0,7,0
88,88,25213.0,7,0
89,89,25213.0,7,0
90,90,25212.0,8,0
91,91,25212.0,8,0
92,92,25212.0,8,0
93,93,25211.0,9,0
94,94,25209.0,11,0
95,95,25209.0,11,0
96,96,25209.0,11,0
97,97,25209.0,11,0
98,98,25209.0,11,0
99,99,25206.0,14,0
100,100,25204.0,16,0
101,101,25203.0,17,0
102,102,25201.0,19,0
103,103,25200.0,20,0
104,104,25200.0,20,0
105,105,25198.0,22,0
106,106,25197.0,23,0
107,107,25156.0,64,0
108,108,25104.0,116,0
109,109,25069.0,151,0
110,110,25050.0,170,0
111,111,25050.0,170,0
112,112,25043.0,177,0
113,113,25041.0,179,0
114,114,25040.0,180,0
115,115,25038.0,182,0
116,116,25038.0,182,0
117,117,25037.0,183,0
118,118,25037.0,183,0
119,119,25037.0,183,0
120,120,25036.0,184,0
121,121,25033.0,187,0
122,122,25032.0,188,0
123,123,25032.0,188,0
124,124,25032.0,188,0
125,125,25031.0,189,0
126,126,25028.0,192,0
127,127,25026.0,194,0
128,128,25025.0,195,0
