,Days,S,I,D
0,0,10684.0,0,0
1,1,10684.0,0,0
2,2,10684.0,0,0
3,3,10684.0,0,0
4,4,10684.0,0,0
5,5,10684.0,0,0
6,6,10684.0,0,0
7,7,10684.0,0,0
8,8,10684.0,0,0
9,9,10684.0,0,0
10,10,10684.0,0,0
11,11,10684.0,0,0
12,12,10684.0,0,0
13,13,10684.0,0,0
14,14,10684.0,0,0
15,15,10684.0,0,0
16,16,10684.0,0,0
17,17,10684.0,0,0
18,18,10684.0,0,0
19,19,10684.0,0,0
20,20,10684.0,0,0
21,21,10684.0,0,0
22,22,10684.0,0,0
23,23,10684.0,0,0
24,24,10684.0,0,0
25,25,10684.0,0,0
26,26,10684.0,0,0
27,27,10684.0,0,0
28,28,10684.0,0,0
29,29,10684.0,0,0
30,30,10684.0,0,0
31,31,10684.0,0,0
32,32,10684.0,0,0
33,33,10684.0,0,0
34,34,10684.0,0,0
35,35,10684.0,0,0
36,36,10684.0,0,0
37,37,10684.0,0,0
38,38,10684.0,0,0
39,39,10684.0,0,0
40,40,10684.0,0,0
41,41,10684.0,0,0
42,42,10684.0,0,0
43,43,10684.0,0,0
44,44,10684.0,0,0
45,45,10684.0,0,0
46,46,10684.0,0,0
47,47,10684.0,0,0
48,48,10684.0,0,0
49,49,10684.0,0,0
50,50,10684.0,0,0
51,51,10684.0,0,0
52,52,10684.0,0,0
53,53,10684.0,0,0
54,54,10684.0,0,0
55,55,10684.0,0,0
56,56,10684.0,0,0
57,57,10684.0,0,0
58,58,10684.0,0,0
59,59,10684.0,0,0
60,60,10684.0,0,0
61,61,10684.0,0,0
62,62,10684.0,0,0
63,63,10684.0,0,0
64,64,10684.0,0,0
65,65,10683.0,1,0
66,66,10683.0,1,0
67,67,10683.0,1,0
68,68,10683.0,1,0
69,69,10683.0,1,0
70,70,10682.0,2,0
71,71,10682.0,2,0
72,72,10682.0,2,0
73,73,10682.0,2,0
74,74,10682.0,2,0
75,75,10682.0,2,0
76,76,10682.0,2,0
77,77,10682.0,2,0
78,78,10681.0,3,0
79,79,10681.0,3,0
80,80,10681.0,3,0
81,81,10681.0,3,0
82,82,10680.0,4,0
83,83,10679.0,5,0
84,84,10679.0,5,0
85,85,10678.0,6,0
86,86,10678.0,6,0
87,87,10678.0,6,0
88,88,10678.0,6,0
89,89,10677.0,7,0
90,90,10677.0,7,0
91,91,10676.0,8,0
92,92,10676.0,8,0
93,93,10676.0,8,0
94,94,10676.0,8,0
95,95,10676.0,8,0
96,96,10675.0,9,0
97,97,10673.0,11,0
98,98,10673.0,11,0
99,99,10672.0,12,0
100,100,10672.0,12,0
101,101,10672.0,12,0
102,102,10672.0,12,0
103,103,10672.0,12,0
104,104,10672.0,12,0
105,105,10672.0,12,0
106,106,10672.0,12,0
107,107,10672.0,12,0
108,108,10672.0,12,0
109,109,10672.0,12,0
110,110,10669.0,15,0
111,111,10669.0,15,0
112,112,10668.0,16,0
113,113,10667.0,17,0
114,114,10665.0,19,0
115,115,10665.0,19,0
116,116,10665.0,19,0
117,117,10665.0,19,0
118,118,10664.0,20,0
119,119,10664.0,20,0
120,120,10664.0,20,0
121,121,10664.0,20,0
122,122,10660.0,24,0
123,123,10660.0,24,0
124,124,10659.0,25,0
125,125,10654.0,30,0
126,126,10651.0,33,0
127,127,10648.0,36,0
128,128,10645.0,39,0
