,Days,S,I,D
0,0,20138.0,0,0
1,1,20138.0,0,0
2,2,20138.0,0,0
3,3,20138.0,0,0
4,4,20138.0,0,0
5,5,20138.0,0,0
6,6,20138.0,0,0
7,7,20138.0,0,0
8,8,20138.0,0,0
9,9,20138.0,0,0
10,10,20138.0,0,0
11,11,20138.0,0,0
12,12,20138.0,0,0
13,13,20138.0,0,0
14,14,20138.0,0,0
15,15,20138.0,0,0
16,16,20138.0,0,0
17,17,20138.0,0,0
18,18,20138.0,0,0
19,19,20138.0,0,0
20,20,20138.0,0,0
21,21,20138.0,0,0
22,22,20138.0,0,0
23,23,20138.0,0,0
24,24,20138.0,0,0
25,25,20138.0,0,0
26,26,20138.0,0,0
27,27,20138.0,0,0
28,28,20138.0,0,0
29,29,20138.0,0,0
30,30,20138.0,0,0
31,31,20138.0,0,0
32,32,20138.0,0,0
33,33,20138.0,0,0
34,34,20138.0,0,0
35,35,20138.0,0,0
36,36,20138.0,0,0
37,37,20138.0,0,0
38,38,20138.0,0,0
39,39,20138.0,0,0
40,40,20138.0,0,0
41,41,20138.0,0,0
42,42,20138.0,0,0
43,43,20138.0,0,0
44,44,20138.0,0,0
45,45,20138.0,0,0
46,46,20138.0,0,0
47,47,20138.0,0,0
48,48,20138.0,0,0
49,49,20138.0,0,0
50,50,20138.0,0,0
51,51,20138.0,0,0
52,52,20138.0,0,0
53,53,20138.0,0,0
54,54,20138.0,0,0
55,55,20138.0,0,0
56,56,20138.0,0,0
57,57,20138.0,0,0
58,58,20138.0,0,0
59,59,20138.0,0,0
60,60,20138.0,0,0
61,61,20137.0,1,0
62,62,20137.0,1,0
63,63,20137.0,1,0
64,64,20136.0,2,0
65,65,20135.0,3,0
66,66,20135.0,3,0
67,67,20135.0,3,0
68,68,20134.0,4,0
69,69,20134.0,4,0
70,70,20133.0,5,0
71,71,20133.0,5,0
72,72,20133.0,5,0
73,73,20133.0,5,0
74,74,20131.0,7,0
75,75,20131.0,7,0
76,76,20131.0,7,0
77,77,20131.0,7,0
78,78,20131.0,7,0
79,79,20130.0,8,0
80,80,20129.0,9,0
81,81,20129.0,9,0
82,82,20128.0,10,0
83,83,20128.0,10,0
84,84,20128.0,10,0
85,85,20128.0,10,0
86,86,20128.0,10,0
87,87,20128.0,10,0
88,88,20128.0,10,0
89,89,20128.0,10,0
90,90,20128.0,10,0
91,91,20128.0,10,0
92,92,20128.0,10,0
93,93,20127.0,11,0
94,94,20127.0,11,0
95,95,20125.0,13,0
96,96,20124.0,14,0
97,97,20124.0,14,0
98,98,20124.0,14,0
99,99,20123.0,15,0
100,100,20121.0,17,0
101,101,20120.0,18,0
102,102,20117.0,21,0
103,103,20113.0,25,0
104,104,20113.0,25,0
105,105,20113.0,25,0
106,106,20113.0,25,0
107,107,20112.0,26,0
108,108,20111.0,27,0
109,109,20111.0,27,0
110,110,20110.0,28,0
111,111,20110.0,28,0
112,112,20110.0,28,0
113,113,20110.0,28,0
114,114,20110.0,28,0
115,115,20109.0,29,0
116,116,20109.0,29,0
117,117,20108.0,30,0
118,118,20106.0,32,0
119,119,20106.0,32,0
120,120,20106.0,32,0
121,121,20106.0,32,0
122,122,20105.0,33,0
123,123,20105.0,33,0
124,124,20104.0,34,0
125,125,20103.0,35,0
126,126,20101.0,37,0
127,127,20101.0,37,0
128,128,20101.0,37,0
