,Days,S,I,D
0,0,27847.0,0,0
1,1,27847.0,0,0
2,2,27847.0,0,0
3,3,27847.0,0,0
4,4,27847.0,0,0
5,5,27847.0,0,0
6,6,27847.0,0,0
7,7,27847.0,0,0
8,8,27847.0,0,0
9,9,27847.0,0,0
10,10,27847.0,0,0
11,11,27847.0,0,0
12,12,27847.0,0,0
13,13,27847.0,0,0
14,14,27847.0,0,0
15,15,27847.0,0,0
16,16,27847.0,0,0
17,17,27847.0,0,0
18,18,27847.0,0,0
19,19,27847.0,0,0
20,20,27847.0,0,0
21,21,27847.0,0,0
22,22,27847.0,0,0
23,23,27847.0,0,0
24,24,27847.0,0,0
25,25,27847.0,0,0
26,26,27847.0,0,0
27,27,27847.0,0,0
28,28,27847.0,0,0
29,29,27847.0,0,0
30,30,27847.0,0,0
31,31,27847.0,0,0
32,32,27847.0,0,0
33,33,27847.0,0,0
34,34,27847.0,0,0
35,35,27847.0,0,0
36,36,27847.0,0,0
37,37,27847.0,0,0
38,38,27847.0,0,0
39,39,27847.0,0,0
40,40,27847.0,0,0
41,41,27847.0,0,0
42,42,27847.0,0,0
43,43,27847.0,0,0
44,44,27847.0,0,0
45,45,27847.0,0,0
46,46,27847.0,0,0
47,47,27847.0,0,0
48,48,27847.0,0,0
49,49,27847.0,0,0
50,50,27847.0,0,0
51,51,27847.0,0,0
52,52,27847.0,0,0
53,53,27847.0,0,0
54,54,27847.0,0,0
55,55,27847.0,0,0
56,56,27847.0,0,0
57,57,27847.0,0,0
58,58,27847.0,0,0
59,59,27847.0,0,0
60,60,27847.0,0,0
61,61,27847.0,0,0
62,62,27847.0,0,0
63,63,27847.0,0,0
64,64,27847.0,0,0
65,65,27847.0,0,0
66,66,27847.0,0,0
67,67,27847.0,0,0
68,68,27847.0,0,0
69,69,27847.0,0,0
70,70,27847.0,0,0
71,71,27847.0,0,0
72,72,27847.0,0,0
73,73,27847.0,0,0
74,74,27846.0,1,0
75,75,27846.0,1,0
76,76,27845.0,2,0
77,77,27845.0,2,0
78,78,27845.0,2,0
79,79,27845.0,2,0
80,80,27845.0,2,0
81,81,27845.0,2,0
82,82,27845.0,2,0
83,83,27845.0,2,0
84,84,27845.0,2,0
85,85,27845.0,2,0
86,86,27845.0,2,0
87,87,27843.0,4,0
88,88,27843.0,4,0
89,89,27843.0,4,0
90,90,27842.0,5,0
91,91,27842.0,5,0
92,92,27842.0,5,0
93,93,27842.0,5,0
94,94,27842.0,5,0
95,95,27841.0,6,0
96,96,27841.0,6,0
97,97,27841.0,6,0
98,98,27841.0,6,0
99,99,27840.0,7,0
100,100,27840.0,7,0
101,101,27838.0,9,0
102,102,27838.0,9,0
103,103,27838.0,9,0
104,104,27837.0,10,0
105,105,27837.0,10,0
106,106,27837.0,10,0
107,107,27837.0,10,0
108,108,27837.0,10,0
109,109,27837.0,10,0
110,110,27837.0,10,0
111,111,27837.0,10,0
112,112,27837.0,10,0
113,113,27836.0,11,0
114,114,27836.0,11,0
115,115,27835.0,12,0
116,116,27835.0,12,0
117,117,27835.0,12,0
118,118,27835.0,12,0
119,119,27835.0,12,0
120,120,27835.0,12,0
121,121,27835.0,12,0
122,122,27835.0,12,0
123,123,27835.0,12,0
124,124,27834.0,13,0
125,125,27834.0,13,0
126,126,27833.0,14,0
127,127,27833.0,14,0
128,128,27832.0,15,0
