,Days,S,I,D
0,0,11758.0,0,0
1,1,11758.0,0,0
2,2,11758.0,0,0
3,3,11758.0,0,0
4,4,11758.0,0,0
5,5,11758.0,0,0
6,6,11758.0,0,0
7,7,11758.0,0,0
8,8,11758.0,0,0
9,9,11758.0,0,0
10,10,11758.0,0,0
11,11,11758.0,0,0
12,12,11758.0,0,0
13,13,11758.0,0,0
14,14,11758.0,0,0
15,15,11758.0,0,0
16,16,11758.0,0,0
17,17,11758.0,0,0
18,18,11758.0,0,0
19,19,11758.0,0,0
20,20,11758.0,0,0
21,21,11758.0,0,0
22,22,11758.0,0,0
23,23,11758.0,0,0
24,24,11758.0,0,0
25,25,11758.0,0,0
26,26,11758.0,0,0
27,27,11758.0,0,0
28,28,11758.0,0,0
29,29,11758.0,0,0
30,30,11758.0,0,0
31,31,11758.0,0,0
32,32,11758.0,0,0
33,33,11758.0,0,0
34,34,11758.0,0,0
35,35,11758.0,0,0
36,36,11758.0,0,0
37,37,11758.0,0,0
38,38,11758.0,0,0
39,39,11758.0,0,0
40,40,11758.0,0,0
41,41,11758.0,0,0
42,42,11758.0,0,0
43,43,11758.0,0,0
44,44,11758.0,0,0
45,45,11758.0,0,0
46,46,11758.0,0,0
47,47,11758.0,0,0
48,48,11758.0,0,0
49,49,11758.0,0,0
50,50,11758.0,0,0
51,51,11758.0,0,0
52,52,11758.0,0,0
53,53,11758.0,0,0
54,54,11758.0,0,0
55,55,11758.0,0,0
56,56,11758.0,0,0
57,57,11758.0,0,0
58,58,11758.0,0,0
59,59,11758.0,0,0
60,60,11758.0,0,0
61,61,11758.0,0,0
62,62,11758.0,0,0
63,63,11758.0,0,0
64,64,11758.0,0,0
65,65,11758.0,0,0
66,66,11758.0,0,0
67,67,11758.0,0,0
68,68,11758.0,0,0
69,69,11758.0,0,0
70,70,11758.0,0,0
71,71,11756.0,2,0
72,72,11755.0,3,0
73,73,11755.0,3,0
74,74,11755.0,3,0
75,75,11755.0,3,0
76,76,11755.0,3,0
77,77,11754.0,4,0
78,78,11753.0,5,0
79,79,11753.0,5,0
80,80,11753.0,5,0
81,81,11752.0,6,0
82,82,11752.0,6,0
83,83,11752.0,6,0
84,84,11752.0,6,0
85,85,11752.0,6,0
86,86,11752.0,6,0
87,87,11752.0,6,0
88,88,11752.0,6,0
89,89,11752.0,6,0
90,90,11752.0,6,0
91,91,11752.0,6,0
92,92,11752.0,6,0
93,93,11751.0,7,0
94,94,11751.0,7,0
95,95,11751.0,7,0
96,96,11751.0,7,0
97,97,11751.0,7,0
98,98,11751.0,7,0
99,99,11751.0,7,0
100,100,11751.0,7,0
101,101,11751.0,7,0
102,102,11751.0,7,0
103,103,11751.0,7,0
104,104,11751.0,7,0
105,105,11751.0,7,0
106,106,11750.0,8,0
107,107,11750.0,8,0
108,108,11750.0,8,0
109,109,11748.0,10,0
110,110,11748.0,10,0
111,111,11748.0,10,0
112,112,11748.0,10,0
113,113,11748.0,10,0
114,114,11748.0,10,0
115,115,11747.0,11,0
116,116,11747.0,11,0
117,117,11747.0,11,0
118,118,11745.0,13,0
119,119,11745.0,13,0
120,120,11745.0,13,0
121,121,11744.0,14,0
122,122,11742.0,16,0
123,123,11741.0,17,0
124,124,11741.0,17,0
125,125,11741.0,17,0
126,126,11741.0,17,0
127,127,11741.0,17,0
128,128,11741.0,17,0
