,Days,S,I,D
0,0,17778.0,0,0
1,1,17778.0,0,0
2,2,17778.0,0,0
3,3,17778.0,0,0
4,4,17778.0,0,0
5,5,17778.0,0,0
6,6,17778.0,0,0
7,7,17778.0,0,0
8,8,17778.0,0,0
9,9,17778.0,0,0
10,10,17778.0,0,0
11,11,17778.0,0,0
12,12,17778.0,0,0
13,13,17778.0,0,0
14,14,17778.0,0,0
15,15,17778.0,0,0
16,16,17778.0,0,0
17,17,17778.0,0,0
18,18,17778.0,0,0
19,19,17778.0,0,0
20,20,17778.0,0,0
21,21,17778.0,0,0
22,22,17778.0,0,0
23,23,17778.0,0,0
24,24,17778.0,0,0
25,25,17778.0,0,0
26,26,17778.0,0,0
27,27,17778.0,0,0
28,28,17778.0,0,0
29,29,17778.0,0,0
30,30,17778.0,0,0
31,31,17778.0,0,0
32,32,17778.0,0,0
33,33,17778.0,0,0
34,34,17778.0,0,0
35,35,17778.0,0,0
36,36,17778.0,0,0
37,37,17778.0,0,0
38,38,17778.0,0,0
39,39,17778.0,0,0
40,40,17778.0,0,0
41,41,17778.0,0,0
42,42,17778.0,0,0
43,43,17778.0,0,0
44,44,17778.0,0,0
45,45,17778.0,0,0
46,46,17778.0,0,0
47,47,17778.0,0,0
48,48,17778.0,0,0
49,49,17778.0,0,0
50,50,17778.0,0,0
51,51,17778.0,0,0
52,52,17778.0,0,0
53,53,17778.0,0,0
54,54,17778.0,0,0
55,55,17778.0,0,0
56,56,17778.0,0,0
57,57,17778.0,0,0
58,58,17778.0,0,0
59,59,17778.0,0,0
60,60,17778.0,0,0
61,61,17778.0,0,0
62,62,17778.0,0,0
63,63,17778.0,0,0
64,64,17778.0,0,0
65,65,17778.0,0,0
66,66,17777.0,1,0
67,67,17776.0,2,0
68,68,17776.0,2,0
69,69,17776.0,2,0
70,70,17776.0,2,0
71,71,17776.0,2,0
72,72,17776.0,2,0
73,73,17776.0,2,0
74,74,17776.0,2,0
75,75,17776.0,2,0
76,76,17776.0,2,0
77,77,17776.0,2,0
78,78,17776.0,2,0
79,79,17776.0,2,0
80,80,17776.0,2,0
81,81,17776.0,2,0
82,82,17776.0,2,0
83,83,17776.0,2,0
84,84,17776.0,2,0
85,85,17776.0,2,0
86,86,17776.0,2,0
87,87,17776.0,2,0
88,88,17776.0,2,0
89,89,17776.0,2,0
90,90,17776.0,2,0
91,91,17776.0,2,0
92,92,17776.0,2,0
93,93,17776.0,2,0
94,94,17776.0,2,0
95,95,17776.0,2,0
96,96,17775.0,3,0
97,97,17775.0,3,0
98,98,17775.0,3,0
99,99,17775.0,3,0
100,100,17775.0,3,0
101,101,17775.0,3,0
102,102,17775.0,3,0
103,103,17773.0,5,0
104,104,17773.0,5,0
105,105,17773.0,5,0
106,106,17773.0,5,0
107,107,17773.0,5,0
108,108,17773.0,5,0
109,109,17773.0,5,0
110,110,17773.0,5,0
111,111,17767.0,11,0
112,112,17763.0,15,0
113,113,17763.0,15,0
114,114,17763.0,15,0
115,115,17763.0,15,0
116,116,17763.0,15,0
117,117,17763.0,15,0
118,118,17763.0,15,0
119,119,17763.0,15,0
120,120,17763.0,15,0
121,121,17763.0,15,0
122,122,17763.0,15,0
123,123,17763.0,15,0
124,124,17763.0,15,0
125,125,17763.0,15,0
126,126,17763.0,15,0
127,127,17762.0,16,0
128,128,17762.0,16,0
