,Days,S,I,D
0,0,597555.0,0,0
1,1,597555.0,0,0
2,2,597555.0,0,0
3,3,597555.0,0,0
4,4,597555.0,0,0
5,5,597555.0,0,0
6,6,597555.0,0,0
7,7,597555.0,0,0
8,8,597555.0,0,0
9,9,597555.0,0,0
10,10,597555.0,0,0
11,11,597555.0,0,0
12,12,597555.0,0,0
13,13,597555.0,0,0
14,14,597555.0,0,0
15,15,597555.0,0,0
16,16,597555.0,0,0
17,17,597555.0,0,0
18,18,597555.0,0,0
19,19,597555.0,0,0
20,20,597555.0,0,0
21,21,597555.0,0,0
22,22,597555.0,0,0
23,23,597555.0,0,0
24,24,597555.0,0,0
25,25,597555.0,0,0
26,26,597555.0,0,0
27,27,597555.0,0,0
28,28,597555.0,0,0
29,29,597555.0,0,0
30,30,597555.0,0,0
31,31,597555.0,0,0
32,32,597555.0,0,0
33,33,597555.0,0,0
34,34,597555.0,0,0
35,35,597555.0,0,0
36,36,597555.0,0,0
37,37,597555.0,0,0
38,38,597555.0,0,0
39,39,597555.0,0,0
40,40,597555.0,0,0
41,41,597555.0,0,0
42,42,597555.0,0,0
43,43,597555.0,0,0
44,44,597555.0,0,0
45,45,597555.0,0,0
46,46,597554.0,1,0
47,47,597554.0,1,0
48,48,597554.0,1,0
49,49,597554.0,1,0
50,50,597551.0,4,0
51,51,597551.0,4,0
52,52,597551.0,4,0
53,53,597550.0,5,0
54,54,597545.0,10,0
55,55,597545.0,10,0
56,56,597544.0,11,0
57,57,597539.0,16,0
58,58,597532.0,23,0
59,59,597529.0,25,1
60,60,597526.0,28,1
61,61,597522.0,32,1
62,62,597518.0,36,1
63,63,597510.0,44,1
64,64,597495.0,59,1
65,65,597488.0,66,1
66,66,597474.0,80,1
67,67,597453.0,101,1
68,68,597437.0,116,2
69,69,597418.0,134,3
70,70,597409.0,143,3
71,71,597390.0,161,4
72,72,597377.0,171,7
73,73,597363.0,185,7
74,74,597356.0,192,7
75,75,597336.0,212,7
76,76,597326.0,219,10
77,77,597300.0,244,11
78,78,597291.0,252,12
79,79,597281.0,262,12
80,80,597259.0,283,13
81,81,597237.0,304,14
82,82,597231.0,309,15
83,83,597216.0,323,16
84,84,597202.0,334,19
85,85,597190.0,343,22
86,86,597174.0,358,23
87,87,597161.0,369,25
88,88,597153.0,372,30
89,89,597148.0,377,30
90,90,597141.0,384,30
91,91,597123.0,396,36
92,92,597116.0,403,36
93,93,597102.0,417,36
94,94,597094.0,423,38
95,95,597087.0,430,38
96,96,597077.0,440,38
97,97,597069.0,446,40
98,98,597061.0,454,40
99,99,597051.0,464,40
100,100,597044.0,471,40
101,101,597028.0,486,41
102,102,597015.0,498,42
103,103,597006.0,504,45
104,104,596997.0,513,45
105,105,596991.0,519,45
106,106,596950.0,560,45
107,107,596925.0,583,47
108,108,596914.0,590,51
109,109,596906.0,598,51
110,110,596892.0,611,52
111,111,596890.0,611,54
112,112,596883.0,618,54
113,113,596882.0,619,54
114,114,596852.0,648,55
115,115,596851.0,648,56
116,116,596851.0,648,56
117,117,596833.0,666,56
118,118,596833.0,666,56
119,119,596801.0,696,58
120,120,596800.0,696,59
121,121,596785.0,711,59
122,122,596784.0,711,60
123,123,596784.0,711,60
124,124,596763.0,731,61
125,125,596729.0,765,61
126,126,596706.0,788,61
127,127,596705.0,788,62
128,128,596664.0,829,62
