,Days,S,I,D
0,0,7411.0,0,0
1,1,7411.0,0,0
2,2,7411.0,0,0
3,3,7411.0,0,0
4,4,7411.0,0,0
5,5,7411.0,0,0
6,6,7411.0,0,0
7,7,7411.0,0,0
8,8,7411.0,0,0
9,9,7411.0,0,0
10,10,7411.0,0,0
11,11,7411.0,0,0
12,12,7411.0,0,0
13,13,7411.0,0,0
14,14,7411.0,0,0
15,15,7411.0,0,0
16,16,7411.0,0,0
17,17,7411.0,0,0
18,18,7411.0,0,0
19,19,7411.0,0,0
20,20,7411.0,0,0
21,21,7411.0,0,0
22,22,7411.0,0,0
23,23,7411.0,0,0
24,24,7411.0,0,0
25,25,7411.0,0,0
26,26,7411.0,0,0
27,27,7411.0,0,0
28,28,7411.0,0,0
29,29,7411.0,0,0
30,30,7411.0,0,0
31,31,7411.0,0,0
32,32,7411.0,0,0
33,33,7411.0,0,0
34,34,7411.0,0,0
35,35,7411.0,0,0
36,36,7411.0,0,0
37,37,7411.0,0,0
38,38,7411.0,0,0
39,39,7411.0,0,0
40,40,7411.0,0,0
41,41,7411.0,0,0
42,42,7411.0,0,0
43,43,7411.0,0,0
44,44,7411.0,0,0
45,45,7411.0,0,0
46,46,7411.0,0,0
47,47,7411.0,0,0
48,48,7411.0,0,0
49,49,7411.0,0,0
50,50,7411.0,0,0
51,51,7411.0,0,0
52,52,7411.0,0,0
53,53,7411.0,0,0
54,54,7411.0,0,0
55,55,7411.0,0,0
56,56,7411.0,0,0
57,57,7411.0,0,0
58,58,7411.0,0,0
59,59,7411.0,0,0
60,60,7411.0,0,0
61,61,7411.0,0,0
62,62,7411.0,0,0
63,63,7411.0,0,0
64,64,7411.0,0,0
65,65,7411.0,0,0
66,66,7411.0,0,0
67,67,7411.0,0,0
68,68,7411.0,0,0
69,69,7411.0,0,0
70,70,7411.0,0,0
71,71,7411.0,0,0
72,72,7411.0,0,0
73,73,7411.0,0,0
74,74,7411.0,0,0
75,75,7411.0,0,0
76,76,7411.0,0,0
77,77,7411.0,0,0
78,78,7411.0,0,0
79,79,7411.0,0,0
80,80,7411.0,0,0
81,81,7411.0,0,0
82,82,7407.0,4,0
83,83,7407.0,4,0
84,84,7407.0,4,0
85,85,7407.0,4,0
86,86,7407.0,4,0
87,87,7407.0,4,0
88,88,7407.0,4,0
89,89,7407.0,4,0
90,90,7407.0,4,0
91,91,7402.0,9,0
92,92,7391.0,20,0
93,93,7365.0,46,0
94,94,7363.0,48,0
95,95,7363.0,48,0
96,96,7362.0,49,0
97,97,7361.0,50,0
98,98,7358.0,53,0
99,99,7356.0,55,0
100,100,7356.0,55,0
101,101,7356.0,55,0
102,102,7354.0,57,0
103,103,7353.0,58,0
104,104,7353.0,58,0
105,105,7352.0,59,0
106,106,7352.0,59,0
107,107,7352.0,59,0
108,108,7352.0,59,0
109,109,7352.0,59,0
110,110,7350.0,61,0
111,111,7312.0,99,0
112,112,7111.0,300,0
113,113,7010.0,401,0
114,114,7010.0,401,0
115,115,7010.0,401,0
116,116,7008.0,403,0
117,117,7008.0,403,0
118,118,7008.0,403,0
119,119,7008.0,403,0
120,120,7008.0,403,0
121,121,7005.0,406,0
122,122,7003.0,408,0
123,123,7002.0,409,0
124,124,7001.0,410,0
125,125,6998.0,413,0
126,126,6998.0,413,0
127,127,6998.0,413,0
128,128,6998.0,413,0
