,Days,S,I,D
0,0,43734.0,0,0
1,1,43734.0,0,0
2,2,43734.0,0,0
3,3,43734.0,0,0
4,4,43734.0,0,0
5,5,43734.0,0,0
6,6,43734.0,0,0
7,7,43734.0,0,0
8,8,43734.0,0,0
9,9,43734.0,0,0
10,10,43734.0,0,0
11,11,43734.0,0,0
12,12,43734.0,0,0
13,13,43734.0,0,0
14,14,43734.0,0,0
15,15,43734.0,0,0
16,16,43734.0,0,0
17,17,43734.0,0,0
18,18,43734.0,0,0
19,19,43734.0,0,0
20,20,43734.0,0,0
21,21,43734.0,0,0
22,22,43734.0,0,0
23,23,43734.0,0,0
24,24,43734.0,0,0
25,25,43734.0,0,0
26,26,43734.0,0,0
27,27,43734.0,0,0
28,28,43734.0,0,0
29,29,43734.0,0,0
30,30,43734.0,0,0
31,31,43734.0,0,0
32,32,43734.0,0,0
33,33,43734.0,0,0
34,34,43734.0,0,0
35,35,43734.0,0,0
36,36,43734.0,0,0
37,37,43734.0,0,0
38,38,43734.0,0,0
39,39,43734.0,0,0
40,40,43734.0,0,0
41,41,43734.0,0,0
42,42,43734.0,0,0
43,43,43734.0,0,0
44,44,43734.0,0,0
45,45,43734.0,0,0
46,46,43734.0,0,0
47,47,43734.0,0,0
48,48,43734.0,0,0
49,49,43734.0,0,0
50,50,43734.0,0,0
51,51,43734.0,0,0
52,52,43734.0,0,0
53,53,43734.0,0,0
54,54,43734.0,0,0
55,55,43734.0,0,0
56,56,43734.0,0,0
57,57,43734.0,0,0
58,58,43734.0,0,0
59,59,43734.0,0,0
60,60,43734.0,0,0
61,61,43734.0,0,0
62,62,43734.0,0,0
63,63,43734.0,0,0
64,64,43734.0,0,0
65,65,43734.0,0,0
66,66,43734.0,0,0
67,67,43734.0,0,0
68,68,43732.0,2,0
69,69,43732.0,2,0
70,70,43732.0,2,0
71,71,43732.0,2,0
72,72,43731.0,3,0
73,73,43731.0,3,0
74,74,43731.0,3,0
75,75,43730.0,4,0
76,76,43728.0,6,0
77,77,43724.0,10,0
78,78,43723.0,11,0
79,79,43722.0,12,0
80,80,43722.0,12,0
81,81,43722.0,12,0
82,82,43721.0,13,0
83,83,43719.0,15,0
84,84,43719.0,15,0
85,85,43719.0,15,0
86,86,43719.0,15,0
87,87,43719.0,15,0
88,88,43719.0,15,0
89,89,43719.0,15,0
90,90,43718.0,16,0
91,91,43718.0,16,0
92,92,43718.0,16,0
93,93,43718.0,16,0
94,94,43718.0,16,0
95,95,43718.0,16,0
96,96,43717.0,17,0
97,97,43717.0,17,0
98,98,43717.0,17,0
99,99,43717.0,17,0
100,100,43717.0,17,0
101,101,43717.0,17,0
102,102,43717.0,17,0
103,103,43717.0,17,0
104,104,43717.0,17,0
105,105,43717.0,17,0
106,106,43715.0,19,0
107,107,43715.0,19,0
108,108,43714.0,20,0
109,109,43714.0,20,0
110,110,43713.0,21,0
111,111,43713.0,21,0
112,112,43713.0,21,0
113,113,43713.0,21,0
114,114,43713.0,21,0
115,115,43713.0,21,0
116,116,43713.0,21,0
117,117,43713.0,21,0
118,118,43713.0,21,0
119,119,43712.0,22,0
120,120,43712.0,22,0
121,121,43711.0,23,0
122,122,43710.0,24,0
123,123,43710.0,24,0
124,124,43710.0,24,0
125,125,43710.0,24,0
126,126,43710.0,24,0
127,127,43710.0,24,0
128,128,43705.0,29,0
