,Days,S,I,D
0,0,21623.0,0,0
1,1,21623.0,0,0
2,2,21623.0,0,0
3,3,21623.0,0,0
4,4,21623.0,0,0
5,5,21623.0,0,0
6,6,21623.0,0,0
7,7,21623.0,0,0
8,8,21623.0,0,0
9,9,21623.0,0,0
10,10,21623.0,0,0
11,11,21623.0,0,0
12,12,21623.0,0,0
13,13,21623.0,0,0
14,14,21623.0,0,0
15,15,21623.0,0,0
16,16,21623.0,0,0
17,17,21623.0,0,0
18,18,21623.0,0,0
19,19,21623.0,0,0
20,20,21623.0,0,0
21,21,21623.0,0,0
22,22,21623.0,0,0
23,23,21623.0,0,0
24,24,21623.0,0,0
25,25,21623.0,0,0
26,26,21623.0,0,0
27,27,21623.0,0,0
28,28,21623.0,0,0
29,29,21623.0,0,0
30,30,21623.0,0,0
31,31,21623.0,0,0
32,32,21623.0,0,0
33,33,21623.0,0,0
34,34,21623.0,0,0
35,35,21623.0,0,0
36,36,21623.0,0,0
37,37,21623.0,0,0
38,38,21623.0,0,0
39,39,21623.0,0,0
40,40,21623.0,0,0
41,41,21623.0,0,0
42,42,21623.0,0,0
43,43,21623.0,0,0
44,44,21623.0,0,0
45,45,21623.0,0,0
46,46,21623.0,0,0
47,47,21623.0,0,0
48,48,21623.0,0,0
49,49,21623.0,0,0
50,50,21623.0,0,0
51,51,21623.0,0,0
52,52,21623.0,0,0
53,53,21623.0,0,0
54,54,21623.0,0,0
55,55,21623.0,0,0
56,56,21623.0,0,0
57,57,21623.0,0,0
58,58,21623.0,0,0
59,59,21623.0,0,0
60,60,21623.0,0,0
61,61,21623.0,0,0
62,62,21623.0,0,0
63,63,21623.0,0,0
64,64,21623.0,0,0
65,65,21623.0,0,0
66,66,21623.0,0,0
67,67,21623.0,0,0
68,68,21623.0,0,0
69,69,21623.0,0,0
70,70,21623.0,0,0
71,71,21623.0,0,0
72,72,21623.0,0,0
73,73,21623.0,0,0
74,74,21623.0,0,0
75,75,21623.0,0,0
76,76,21622.0,1,0
77,77,21622.0,1,0
78,78,21622.0,1,0
79,79,21622.0,1,0
80,80,21622.0,1,0
81,81,21622.0,1,0
82,82,21622.0,1,0
83,83,21622.0,1,0
84,84,21622.0,1,0
85,85,21622.0,1,0
86,86,21622.0,1,0
87,87,21622.0,1,0
88,88,21622.0,1,0
89,89,21621.0,2,0
90,90,21621.0,2,0
91,91,21621.0,2,0
92,92,21620.0,3,0
93,93,21620.0,3,0
94,94,21620.0,3,0
95,95,21620.0,3,0
96,96,21620.0,3,0
97,97,21620.0,3,0
98,98,21620.0,3,0
99,99,21620.0,3,0
100,100,21620.0,3,0
101,101,21620.0,3,0
102,102,21620.0,3,0
103,103,21620.0,3,0
104,104,21620.0,3,0
105,105,21620.0,3,0
106,106,21620.0,3,0
107,107,21620.0,3,0
108,108,21620.0,3,0
109,109,21620.0,3,0
110,110,21620.0,3,0
111,111,21620.0,3,0
112,112,21620.0,3,0
113,113,21620.0,3,0
114,114,21620.0,3,0
115,115,21620.0,3,0
116,116,21620.0,3,0
117,117,21618.0,5,0
118,118,21618.0,5,0
119,119,21618.0,5,0
120,120,21615.0,8,0
121,121,21613.0,10,0
122,122,21612.0,11,0
123,123,21611.0,12,0
124,124,21609.0,14,0
125,125,21609.0,14,0
126,126,21609.0,14,0
127,127,21607.0,16,0
128,128,21604.0,19,0
