,Days,S,I,D
0,0,19477.0,0,0
1,1,19477.0,0,0
2,2,19477.0,0,0
3,3,19477.0,0,0
4,4,19477.0,0,0
5,5,19477.0,0,0
6,6,19477.0,0,0
7,7,19477.0,0,0
8,8,19477.0,0,0
9,9,19477.0,0,0
10,10,19477.0,0,0
11,11,19477.0,0,0
12,12,19477.0,0,0
13,13,19477.0,0,0
14,14,19477.0,0,0
15,15,19477.0,0,0
16,16,19477.0,0,0
17,17,19477.0,0,0
18,18,19477.0,0,0
19,19,19477.0,0,0
20,20,19477.0,0,0
21,21,19477.0,0,0
22,22,19477.0,0,0
23,23,19477.0,0,0
24,24,19477.0,0,0
25,25,19477.0,0,0
26,26,19477.0,0,0
27,27,19477.0,0,0
28,28,19477.0,0,0
29,29,19477.0,0,0
30,30,19477.0,0,0
31,31,19477.0,0,0
32,32,19477.0,0,0
33,33,19477.0,0,0
34,34,19477.0,0,0
35,35,19477.0,0,0
36,36,19477.0,0,0
37,37,19477.0,0,0
38,38,19477.0,0,0
39,39,19477.0,0,0
40,40,19477.0,0,0
41,41,19477.0,0,0
42,42,19477.0,0,0
43,43,19477.0,0,0
44,44,19477.0,0,0
45,45,19477.0,0,0
46,46,19477.0,0,0
47,47,19477.0,0,0
48,48,19477.0,0,0
49,49,19477.0,0,0
50,50,19477.0,0,0
51,51,19477.0,0,0
52,52,19477.0,0,0
53,53,19477.0,0,0
54,54,19477.0,0,0
55,55,19477.0,0,0
56,56,19477.0,0,0
57,57,19477.0,0,0
58,58,19477.0,0,0
59,59,19477.0,0,0
60,60,19477.0,0,0
61,61,19477.0,0,0
62,62,19477.0,0,0
63,63,19477.0,0,0
64,64,19477.0,0,0
65,65,19477.0,0,0
66,66,19477.0,0,0
67,67,19477.0,0,0
68,68,19476.0,1,0
69,69,19476.0,1,0
70,70,19476.0,1,0
71,71,19476.0,1,0
72,72,19476.0,1,0
73,73,19476.0,1,0
74,74,19476.0,1,0
75,75,19476.0,1,0
76,76,19475.0,2,0
77,77,19475.0,2,0
78,78,19475.0,2,0
79,79,19475.0,2,0
80,80,19475.0,2,0
81,81,19475.0,2,0
82,82,19475.0,2,0
83,83,19473.0,4,0
84,84,19473.0,4,0
85,85,19473.0,4,0
86,86,19472.0,5,0
87,87,19472.0,5,0
88,88,19471.0,6,0
89,89,19471.0,6,0
90,90,19469.0,8,0
91,91,19469.0,8,0
92,92,19468.0,9,0
93,93,19468.0,9,0
94,94,19468.0,9,0
95,95,19468.0,9,0
96,96,19468.0,9,0
97,97,19468.0,9,0
98,98,19468.0,9,0
99,99,19467.0,10,0
100,100,19467.0,10,0
101,101,19467.0,10,0
102,102,19467.0,10,0
103,103,19467.0,10,0
104,104,19467.0,10,0
105,105,19467.0,10,0
106,106,19467.0,10,0
107,107,19467.0,10,0
108,108,19467.0,10,0
109,109,19467.0,10,0
110,110,19467.0,10,0
111,111,19467.0,10,0
112,112,19467.0,10,0
113,113,19467.0,10,0
114,114,19467.0,10,0
115,115,19467.0,10,0
116,116,19467.0,10,0
117,117,19467.0,10,0
118,118,19467.0,10,0
119,119,19466.0,11,0
120,120,19463.0,14,0
121,121,19463.0,14,0
122,122,19463.0,14,0
123,123,19463.0,14,0
124,124,19463.0,14,0
125,125,19459.0,18,0
126,126,19459.0,18,0
127,127,19459.0,18,0
128,128,19458.0,19,0
