,Days,S,I,D
0,0,23792.0,0,0
1,1,23792.0,0,0
2,2,23792.0,0,0
3,3,23792.0,0,0
4,4,23792.0,0,0
5,5,23792.0,0,0
6,6,23792.0,0,0
7,7,23792.0,0,0
8,8,23792.0,0,0
9,9,23792.0,0,0
10,10,23792.0,0,0
11,11,23792.0,0,0
12,12,23792.0,0,0
13,13,23792.0,0,0
14,14,23792.0,0,0
15,15,23792.0,0,0
16,16,23792.0,0,0
17,17,23792.0,0,0
18,18,23792.0,0,0
19,19,23792.0,0,0
20,20,23792.0,0,0
21,21,23792.0,0,0
22,22,23792.0,0,0
23,23,23792.0,0,0
24,24,23792.0,0,0
25,25,23792.0,0,0
26,26,23792.0,0,0
27,27,23792.0,0,0
28,28,23792.0,0,0
29,29,23792.0,0,0
30,30,23792.0,0,0
31,31,23792.0,0,0
32,32,23792.0,0,0
33,33,23792.0,0,0
34,34,23792.0,0,0
35,35,23792.0,0,0
36,36,23792.0,0,0
37,37,23792.0,0,0
38,38,23792.0,0,0
39,39,23792.0,0,0
40,40,23792.0,0,0
41,41,23792.0,0,0
42,42,23792.0,0,0
43,43,23792.0,0,0
44,44,23792.0,0,0
45,45,23792.0,0,0
46,46,23792.0,0,0
47,47,23792.0,0,0
48,48,23792.0,0,0
49,49,23792.0,0,0
50,50,23792.0,0,0
51,51,23792.0,0,0
52,52,23792.0,0,0
53,53,23792.0,0,0
54,54,23792.0,0,0
55,55,23792.0,0,0
56,56,23792.0,0,0
57,57,23792.0,0,0
58,58,23792.0,0,0
59,59,23792.0,0,0
60,60,23792.0,0,0
61,61,23792.0,0,0
62,62,23792.0,0,0
63,63,23792.0,0,0
64,64,23792.0,0,0
65,65,23792.0,0,0
66,66,23792.0,0,0
67,67,23792.0,0,0
68,68,23792.0,0,0
69,69,23792.0,0,0
70,70,23792.0,0,0
71,71,23792.0,0,0
72,72,23792.0,0,0
73,73,23792.0,0,0
74,74,23791.0,1,0
75,75,23791.0,1,0
76,76,23791.0,1,0
77,77,23790.0,2,0
78,78,23790.0,2,0
79,79,23790.0,2,0
80,80,23790.0,2,0
81,81,23790.0,2,0
82,82,23790.0,2,0
83,83,23790.0,2,0
84,84,23790.0,2,0
85,85,23790.0,2,0
86,86,23790.0,2,0
87,87,23790.0,2,0
88,88,23790.0,2,0
89,89,23790.0,2,0
90,90,23790.0,2,0
91,91,23790.0,2,0
92,92,23790.0,2,0
93,93,23790.0,2,0
94,94,23790.0,2,0
95,95,23790.0,2,0
96,96,23790.0,2,0
97,97,23790.0,2,0
98,98,23790.0,2,0
99,99,23790.0,2,0
100,100,23790.0,2,0
101,101,23790.0,2,0
102,102,23790.0,2,0
103,103,23790.0,2,0
104,104,23790.0,2,0
105,105,23790.0,2,0
106,106,23790.0,2,0
107,107,23790.0,2,0
108,108,23790.0,2,0
109,109,23790.0,2,0
110,110,23790.0,2,0
111,111,23790.0,2,0
112,112,23790.0,2,0
113,113,23789.0,3,0
114,114,23789.0,3,0
115,115,23789.0,3,0
116,116,23789.0,3,0
117,117,23789.0,3,0
118,118,23789.0,3,0
119,119,23788.0,4,0
120,120,23787.0,5,0
121,121,23787.0,5,0
122,122,23787.0,5,0
123,123,23787.0,5,0
124,124,23787.0,5,0
125,125,23787.0,5,0
126,126,23787.0,5,0
127,127,23787.0,5,0
128,128,23787.0,5,0
