,Days,S,I,D
0,0,27245.0,0,0
1,1,27245.0,0,0
2,2,27245.0,0,0
3,3,27245.0,0,0
4,4,27245.0,0,0
5,5,27245.0,0,0
6,6,27245.0,0,0
7,7,27245.0,0,0
8,8,27245.0,0,0
9,9,27245.0,0,0
10,10,27245.0,0,0
11,11,27245.0,0,0
12,12,27245.0,0,0
13,13,27245.0,0,0
14,14,27245.0,0,0
15,15,27245.0,0,0
16,16,27245.0,0,0
17,17,27245.0,0,0
18,18,27245.0,0,0
19,19,27245.0,0,0
20,20,27245.0,0,0
21,21,27245.0,0,0
22,22,27245.0,0,0
23,23,27245.0,0,0
24,24,27245.0,0,0
25,25,27245.0,0,0
26,26,27245.0,0,0
27,27,27245.0,0,0
28,28,27245.0,0,0
29,29,27245.0,0,0
30,30,27245.0,0,0
31,31,27245.0,0,0
32,32,27245.0,0,0
33,33,27245.0,0,0
34,34,27245.0,0,0
35,35,27245.0,0,0
36,36,27245.0,0,0
37,37,27245.0,0,0
38,38,27245.0,0,0
39,39,27245.0,0,0
40,40,27245.0,0,0
41,41,27245.0,0,0
42,42,27245.0,0,0
43,43,27245.0,0,0
44,44,27245.0,0,0
45,45,27245.0,0,0
46,46,27245.0,0,0
47,47,27245.0,0,0
48,48,27245.0,0,0
49,49,27245.0,0,0
50,50,27245.0,0,0
51,51,27245.0,0,0
52,52,27245.0,0,0
53,53,27245.0,0,0
54,54,27245.0,0,0
55,55,27245.0,0,0
56,56,27245.0,0,0
57,57,27245.0,0,0
58,58,27245.0,0,0
59,59,27245.0,0,0
60,60,27245.0,0,0
61,61,27245.0,0,0
62,62,27245.0,0,0
63,63,27245.0,0,0
64,64,27245.0,0,0
65,65,27245.0,0,0
66,66,27245.0,0,0
67,67,27245.0,0,0
68,68,27245.0,0,0
69,69,27245.0,0,0
70,70,27244.0,1,0
71,71,27244.0,1,0
72,72,27244.0,1,0
73,73,27244.0,1,0
74,74,27243.0,2,0
75,75,27243.0,2,0
76,76,27243.0,2,0
77,77,27243.0,2,0
78,78,27242.0,3,0
79,79,27242.0,3,0
80,80,27242.0,3,0
81,81,27242.0,3,0
82,82,27242.0,3,0
83,83,27242.0,3,0
84,84,27242.0,3,0
85,85,27241.0,4,0
86,86,27241.0,4,0
87,87,27241.0,4,0
88,88,27241.0,4,0
89,89,27241.0,4,0
90,90,27241.0,4,0
91,91,27241.0,4,0
92,92,27240.0,5,0
93,93,27236.0,9,0
94,94,27235.0,10,0
95,95,27235.0,10,0
96,96,27232.0,13,0
97,97,27231.0,14,0
98,98,27229.0,16,0
99,99,27227.0,18,0
100,100,27223.0,22,0
101,101,27216.0,29,0
102,102,27213.0,32,0
103,103,27212.0,33,0
104,104,27211.0,34,0
105,105,27211.0,34,0
106,106,27210.0,35,0
107,107,27210.0,35,0
108,108,27209.0,36,0
109,109,27209.0,36,0
110,110,27209.0,36,0
111,111,27209.0,36,0
112,112,27208.0,37,0
113,113,27206.0,39,0
114,114,27206.0,39,0
115,115,27206.0,39,0
116,116,27205.0,40,0
117,117,27203.0,42,0
118,118,27201.0,44,0
119,119,27198.0,47,0
120,120,27191.0,54,0
121,121,27185.0,60,0
122,122,27182.0,63,0
123,123,27168.0,77,0
124,124,27160.0,85,0
125,125,27158.0,87,0
126,126,27157.0,88,0
127,127,27157.0,88,0
128,128,27154.0,91,0
