,Days,S,I,D
0,0,16164.0,0,0
1,1,16164.0,0,0
2,2,16164.0,0,0
3,3,16164.0,0,0
4,4,16164.0,0,0
5,5,16164.0,0,0
6,6,16164.0,0,0
7,7,16164.0,0,0
8,8,16164.0,0,0
9,9,16164.0,0,0
10,10,16164.0,0,0
11,11,16164.0,0,0
12,12,16164.0,0,0
13,13,16164.0,0,0
14,14,16164.0,0,0
15,15,16164.0,0,0
16,16,16164.0,0,0
17,17,16164.0,0,0
18,18,16164.0,0,0
19,19,16164.0,0,0
20,20,16164.0,0,0
21,21,16164.0,0,0
22,22,16164.0,0,0
23,23,16164.0,0,0
24,24,16164.0,0,0
25,25,16164.0,0,0
26,26,16164.0,0,0
27,27,16164.0,0,0
28,28,16164.0,0,0
29,29,16164.0,0,0
30,30,16164.0,0,0
31,31,16164.0,0,0
32,32,16164.0,0,0
33,33,16164.0,0,0
34,34,16164.0,0,0
35,35,16164.0,0,0
36,36,16164.0,0,0
37,37,16164.0,0,0
38,38,16164.0,0,0
39,39,16164.0,0,0
40,40,16164.0,0,0
41,41,16164.0,0,0
42,42,16164.0,0,0
43,43,16164.0,0,0
44,44,16164.0,0,0
45,45,16164.0,0,0
46,46,16164.0,0,0
47,47,16164.0,0,0
48,48,16164.0,0,0
49,49,16164.0,0,0
50,50,16164.0,0,0
51,51,16164.0,0,0
52,52,16164.0,0,0
53,53,16164.0,0,0
54,54,16164.0,0,0
55,55,16164.0,0,0
56,56,16164.0,0,0
57,57,16164.0,0,0
58,58,16164.0,0,0
59,59,16164.0,0,0
60,60,16164.0,0,0
61,61,16164.0,0,0
62,62,16164.0,0,0
63,63,16164.0,0,0
64,64,16164.0,0,0
65,65,16164.0,0,0
66,66,16164.0,0,0
67,67,16164.0,0,0
68,68,16164.0,0,0
69,69,16164.0,0,0
70,70,16163.0,1,0
71,71,16163.0,1,0
72,72,16163.0,1,0
73,73,16163.0,1,0
74,74,16163.0,1,0
75,75,16163.0,1,0
76,76,16163.0,1,0
77,77,16163.0,1,0
78,78,16163.0,1,0
79,79,16163.0,1,0
80,80,16163.0,1,0
81,81,16163.0,1,0
82,82,16163.0,1,0
83,83,16163.0,1,0
84,84,16163.0,1,0
85,85,16163.0,1,0
86,86,16163.0,1,0
87,87,16163.0,1,0
88,88,16163.0,1,0
89,89,16163.0,1,0
90,90,16163.0,1,0
91,91,16163.0,1,0
92,92,16163.0,1,0
93,93,16163.0,1,0
94,94,16163.0,1,0
95,95,16163.0,1,0
96,96,16163.0,1,0
97,97,16163.0,1,0
98,98,16163.0,1,0
99,99,16163.0,1,0
100,100,16163.0,1,0
101,101,16163.0,1,0
102,102,16163.0,1,0
103,103,16163.0,1,0
104,104,16163.0,1,0
105,105,16163.0,1,0
106,106,16163.0,1,0
107,107,16163.0,1,0
108,108,16163.0,1,0
109,109,16163.0,1,0
110,110,16163.0,1,0
111,111,16163.0,1,0
112,112,16163.0,1,0
113,113,16163.0,1,0
114,114,16163.0,1,0
115,115,16163.0,1,0
116,116,16163.0,1,0
117,117,16163.0,1,0
118,118,16163.0,1,0
119,119,16163.0,1,0
120,120,16163.0,1,0
121,121,16163.0,1,0
122,122,16163.0,1,0
123,123,16163.0,1,0
124,124,16163.0,1,0
125,125,16163.0,1,0
126,126,16163.0,1,0
127,127,16163.0,1,0
128,128,16163.0,1,0
