,Days,S,I,D
0,0,9267.0,0,0
1,1,9267.0,0,0
2,2,9267.0,0,0
3,3,9267.0,0,0
4,4,9267.0,0,0
5,5,9267.0,0,0
6,6,9267.0,0,0
7,7,9267.0,0,0
8,8,9267.0,0,0
9,9,9267.0,0,0
10,10,9267.0,0,0
11,11,9267.0,0,0
12,12,9267.0,0,0
13,13,9267.0,0,0
14,14,9267.0,0,0
15,15,9267.0,0,0
16,16,9267.0,0,0
17,17,9267.0,0,0
18,18,9267.0,0,0
19,19,9267.0,0,0
20,20,9267.0,0,0
21,21,9267.0,0,0
22,22,9267.0,0,0
23,23,9267.0,0,0
24,24,9267.0,0,0
25,25,9267.0,0,0
26,26,9267.0,0,0
27,27,9267.0,0,0
28,28,9267.0,0,0
29,29,9267.0,0,0
30,30,9267.0,0,0
31,31,9267.0,0,0
32,32,9267.0,0,0
33,33,9267.0,0,0
34,34,9267.0,0,0
35,35,9267.0,0,0
36,36,9267.0,0,0
37,37,9267.0,0,0
38,38,9267.0,0,0
39,39,9267.0,0,0
40,40,9267.0,0,0
41,41,9267.0,0,0
42,42,9267.0,0,0
43,43,9267.0,0,0
44,44,9267.0,0,0
45,45,9267.0,0,0
46,46,9267.0,0,0
47,47,9267.0,0,0
48,48,9267.0,0,0
49,49,9267.0,0,0
50,50,9267.0,0,0
51,51,9267.0,0,0
52,52,9267.0,0,0
53,53,9267.0,0,0
54,54,9267.0,0,0
55,55,9267.0,0,0
56,56,9267.0,0,0
57,57,9267.0,0,0
58,58,9267.0,0,0
59,59,9267.0,0,0
60,60,9267.0,0,0
61,61,9267.0,0,0
62,62,9267.0,0,0
63,63,9267.0,0,0
64,64,9267.0,0,0
65,65,9267.0,0,0
66,66,9267.0,0,0
67,67,9267.0,0,0
68,68,9267.0,0,0
69,69,9267.0,0,0
70,70,9267.0,0,0
71,71,9267.0,0,0
72,72,9267.0,0,0
73,73,9267.0,0,0
74,74,9267.0,0,0
75,75,9267.0,0,0
76,76,9267.0,0,0
77,77,9267.0,0,0
78,78,9267.0,0,0
79,79,9267.0,0,0
80,80,9267.0,0,0
81,81,9267.0,0,0
82,82,9267.0,0,0
83,83,9267.0,0,0
84,84,9267.0,0,0
85,85,9267.0,0,0
86,86,9267.0,0,0
87,87,9267.0,0,0
88,88,9267.0,0,0
89,89,9267.0,0,0
90,90,9267.0,0,0
91,91,9267.0,0,0
92,92,9267.0,0,0
93,93,9267.0,0,0
94,94,9267.0,0,0
95,95,9267.0,0,0
96,96,9267.0,0,0
97,97,9267.0,0,0
98,98,9267.0,0,0
99,99,9267.0,0,0
100,100,9266.0,1,0
101,101,9266.0,1,0
102,102,9266.0,1,0
103,103,9266.0,1,0
104,104,9266.0,1,0
105,105,9266.0,1,0
106,106,9266.0,1,0
107,107,9266.0,1,0
108,108,9266.0,1,0
109,109,9266.0,1,0
110,110,9266.0,1,0
111,111,9266.0,1,0
112,112,9266.0,1,0
113,113,9266.0,1,0
114,114,9266.0,1,0
115,115,9266.0,1,0
116,116,9266.0,1,0
117,117,9266.0,1,0
118,118,9266.0,1,0
119,119,9266.0,1,0
120,120,9266.0,1,0
121,121,9266.0,1,0
122,122,9266.0,1,0
123,123,9266.0,1,0
124,124,9266.0,1,0
125,125,9266.0,1,0
126,126,9266.0,1,0
127,127,9266.0,1,0
128,128,9266.0,1,0
