,Days,S,I,D
0,0,792582.0,0,0
1,1,792582.0,0,0
2,2,792582.0,0,0
3,3,792582.0,0,0
4,4,792582.0,0,0
5,5,792582.0,0,0
6,6,792582.0,0,0
7,7,792582.0,0,0
8,8,792582.0,0,0
9,9,792582.0,0,0
10,10,792582.0,0,0
11,11,792582.0,0,0
12,12,792582.0,0,0
13,13,792582.0,0,0
14,14,792582.0,0,0
15,15,792582.0,0,0
16,16,792582.0,0,0
17,17,792582.0,0,0
18,18,792582.0,0,0
19,19,792582.0,0,0
20,20,792582.0,0,0
21,21,792582.0,0,0
22,22,792582.0,0,0
23,23,792582.0,0,0
24,24,792582.0,0,0
25,25,792582.0,0,0
26,26,792582.0,0,0
27,27,792582.0,0,0
28,28,792582.0,0,0
29,29,792582.0,0,0
30,30,792582.0,0,0
31,31,792582.0,0,0
32,32,792582.0,0,0
33,33,792582.0,0,0
34,34,792582.0,0,0
35,35,792582.0,0,0
36,36,792582.0,0,0
37,37,792582.0,0,0
38,38,792582.0,0,0
39,39,792582.0,0,0
40,40,792582.0,0,0
41,41,792582.0,0,0
42,42,792582.0,0,0
43,43,792582.0,0,0
44,44,792582.0,0,0
45,45,792582.0,0,0
46,46,792582.0,0,0
47,47,792582.0,0,0
48,48,792582.0,0,0
49,49,792582.0,0,0
50,50,792582.0,0,0
51,51,792581.0,1,0
52,52,792581.0,1,0
53,53,792581.0,1,0
54,54,792580.0,2,0
55,55,792576.0,6,0
56,56,792568.0,14,0
57,57,792564.0,18,0
58,58,792563.0,19,0
59,59,792562.0,20,0
60,60,792556.0,26,0
61,61,792553.0,29,0
62,62,792541.0,41,0
63,63,792525.0,55,2
64,64,792507.0,73,2
65,65,792507.0,73,2
66,66,792472.0,107,3
67,67,792458.0,120,4
68,68,792444.0,134,4
69,69,792420.0,155,7
70,70,792380.0,192,10
71,71,792356.0,216,10
72,72,792335.0,237,10
73,73,792316.0,256,10
74,74,792307.0,265,10
75,75,792292.0,279,11
76,76,792268.0,303,11
77,77,792250.0,317,15
78,78,792182.0,385,15
79,79,792152.0,413,17
80,80,792138.0,425,19
81,81,792128.0,435,19
82,82,792108.0,455,19
83,83,792089.0,474,19
84,84,792077.0,483,22
85,85,792063.0,497,22
86,86,792063.0,497,22
87,87,792063.0,497,22
88,88,792063.0,497,22
89,89,792063.0,497,22
90,90,791968.0,590,24
91,91,791951.0,607,24
92,92,791923.0,634,25
93,93,791923.0,634,25
94,94,791859.0,694,29
95,95,791857.0,696,29
96,96,791850.0,703,29
97,97,791824.0,729,29
98,98,791809.0,743,30
99,99,791778.0,773,31
100,100,791735.0,816,31
101,101,791727.0,822,33
102,102,791711.0,838,33
103,103,791708.0,841,33
104,104,791693.0,853,36
105,105,791674.0,868,40
106,106,791647.0,895,40
107,107,791636.0,905,41
108,108,791613.0,927,42
109,109,791594.0,945,43
110,110,791585.0,954,43
111,111,791542.0,997,43
112,112,791532.0,1007,43
113,113,791524.0,1013,45
114,114,791502.0,1035,45
115,115,791466.0,1070,46
116,116,791462.0,1074,46
117,117,791461.0,1075,46
118,118,791446.0,1087,49
119,119,791438.0,1093,51
120,120,791419.0,1109,54
121,121,791348.0,1179,55
122,122,791337.0,1189,56
123,123,791323.0,1203,56
124,124,791318.0,1208,56
125,125,791308.0,1216,58
126,126,791297.0,1227,58
127,127,791282.0,1241,59
128,128,791268.0,1254,60
