,Days,S,I,D
0,0,18256.0,0,0
1,1,18256.0,0,0
2,2,18256.0,0,0
3,3,18256.0,0,0
4,4,18256.0,0,0
5,5,18256.0,0,0
6,6,18256.0,0,0
7,7,18256.0,0,0
8,8,18256.0,0,0
9,9,18256.0,0,0
10,10,18256.0,0,0
11,11,18256.0,0,0
12,12,18256.0,0,0
13,13,18256.0,0,0
14,14,18256.0,0,0
15,15,18256.0,0,0
16,16,18256.0,0,0
17,17,18256.0,0,0
18,18,18256.0,0,0
19,19,18256.0,0,0
20,20,18256.0,0,0
21,21,18256.0,0,0
22,22,18256.0,0,0
23,23,18256.0,0,0
24,24,18256.0,0,0
25,25,18256.0,0,0
26,26,18256.0,0,0
27,27,18256.0,0,0
28,28,18256.0,0,0
29,29,18256.0,0,0
30,30,18256.0,0,0
31,31,18256.0,0,0
32,32,18256.0,0,0
33,33,18256.0,0,0
34,34,18256.0,0,0
35,35,18256.0,0,0
36,36,18256.0,0,0
37,37,18256.0,0,0
38,38,18256.0,0,0
39,39,18256.0,0,0
40,40,18256.0,0,0
41,41,18256.0,0,0
42,42,18256.0,0,0
43,43,18256.0,0,0
44,44,18256.0,0,0
45,45,18256.0,0,0
46,46,18256.0,0,0
47,47,18256.0,0,0
48,48,18256.0,0,0
49,49,18256.0,0,0
50,50,18256.0,0,0
51,51,18256.0,0,0
52,52,18256.0,0,0
53,53,18256.0,0,0
54,54,18256.0,0,0
55,55,18256.0,0,0
56,56,18256.0,0,0
57,57,18256.0,0,0
58,58,18256.0,0,0
59,59,18256.0,0,0
60,60,18256.0,0,0
61,61,18256.0,0,0
62,62,18256.0,0,0
63,63,18256.0,0,0
64,64,18256.0,0,0
65,65,18256.0,0,0
66,66,18256.0,0,0
67,67,18256.0,0,0
68,68,18256.0,0,0
69,69,18256.0,0,0
70,70,18256.0,0,0
71,71,18256.0,0,0
72,72,18256.0,0,0
73,73,18256.0,0,0
74,74,18256.0,0,0
75,75,18256.0,0,0
76,76,18255.0,1,0
77,77,18254.0,2,0
78,78,18253.0,3,0
79,79,18252.0,4,0
80,80,18252.0,4,0
81,81,18252.0,4,0
82,82,18252.0,4,0
83,83,18250.0,6,0
84,84,18253.0,3,0
85,85,18252.0,4,0
86,86,18252.0,4,0
87,87,18252.0,4,0
88,88,18252.0,4,0
89,89,18252.0,4,0
90,90,18252.0,4,0
91,91,18252.0,4,0
92,92,18252.0,4,0
93,93,18252.0,4,0
94,94,18252.0,4,0
95,95,18252.0,4,0
96,96,18252.0,4,0
97,97,18252.0,4,0
98,98,18252.0,4,0
99,99,18251.0,5,0
100,100,18251.0,5,0
101,101,18251.0,5,0
102,102,18250.0,6,0
103,103,18250.0,6,0
104,104,18250.0,6,0
105,105,18250.0,6,0
106,106,18250.0,6,0
107,107,18250.0,6,0
108,108,18250.0,6,0
109,109,18250.0,6,0
110,110,18250.0,6,0
111,111,18250.0,6,0
112,112,18249.0,7,0
113,113,18249.0,7,0
114,114,18249.0,7,0
115,115,18249.0,7,0
116,116,18249.0,7,0
117,117,18249.0,7,0
118,118,18248.0,8,0
119,119,18248.0,8,0
120,120,18248.0,8,0
121,121,18246.0,10,0
122,122,18246.0,10,0
123,123,18245.0,11,0
124,124,18244.0,12,0
125,125,18244.0,12,0
126,126,18244.0,12,0
127,127,18244.0,12,0
128,128,18244.0,12,0
