,Days,S,I,D
0,0,3376.0,0,0
1,1,3376.0,0,0
2,2,3376.0,0,0
3,3,3376.0,0,0
4,4,3376.0,0,0
5,5,3376.0,0,0
6,6,3376.0,0,0
7,7,3376.0,0,0
8,8,3376.0,0,0
9,9,3376.0,0,0
10,10,3376.0,0,0
11,11,3376.0,0,0
12,12,3376.0,0,0
13,13,3376.0,0,0
14,14,3376.0,0,0
15,15,3376.0,0,0
16,16,3376.0,0,0
17,17,3376.0,0,0
18,18,3376.0,0,0
19,19,3376.0,0,0
20,20,3376.0,0,0
21,21,3376.0,0,0
22,22,3376.0,0,0
23,23,3376.0,0,0
24,24,3376.0,0,0
25,25,3376.0,0,0
26,26,3376.0,0,0
27,27,3376.0,0,0
28,28,3376.0,0,0
29,29,3376.0,0,0
30,30,3376.0,0,0
31,31,3376.0,0,0
32,32,3376.0,0,0
33,33,3376.0,0,0
34,34,3376.0,0,0
35,35,3376.0,0,0
36,36,3376.0,0,0
37,37,3376.0,0,0
38,38,3376.0,0,0
39,39,3376.0,0,0
40,40,3376.0,0,0
41,41,3376.0,0,0
42,42,3376.0,0,0
43,43,3376.0,0,0
44,44,3376.0,0,0
45,45,3376.0,0,0
46,46,3376.0,0,0
47,47,3376.0,0,0
48,48,3376.0,0,0
49,49,3376.0,0,0
50,50,3376.0,0,0
51,51,3376.0,0,0
52,52,3376.0,0,0
53,53,3376.0,0,0
54,54,3376.0,0,0
55,55,3376.0,0,0
56,56,3376.0,0,0
57,57,3376.0,0,0
58,58,3376.0,0,0
59,59,3376.0,0,0
60,60,3376.0,0,0
61,61,3376.0,0,0
62,62,3376.0,0,0
63,63,3376.0,0,0
64,64,3376.0,0,0
65,65,3376.0,0,0
66,66,3376.0,0,0
67,67,3376.0,0,0
68,68,3376.0,0,0
69,69,3376.0,0,0
70,70,3376.0,0,0
71,71,3376.0,0,0
72,72,3376.0,0,0
73,73,3376.0,0,0
74,74,3376.0,0,0
75,75,3376.0,0,0
76,76,3376.0,0,0
77,77,3376.0,0,0
78,78,3376.0,0,0
79,79,3376.0,0,0
80,80,3376.0,0,0
81,81,3376.0,0,0
82,82,3376.0,0,0
83,83,3376.0,0,0
84,84,3376.0,0,0
85,85,3376.0,0,0
86,86,3376.0,0,0
87,87,3376.0,0,0
88,88,3376.0,0,0
89,89,3376.0,0,0
90,90,3376.0,0,0
91,91,3376.0,0,0
92,92,3376.0,0,0
93,93,3376.0,0,0
94,94,3376.0,0,0
95,95,3376.0,0,0
96,96,3376.0,0,0
97,97,3376.0,0,0
98,98,3376.0,0,0
99,99,3376.0,0,0
100,100,3376.0,0,0
101,101,3376.0,0,0
102,102,3376.0,0,0
103,103,3376.0,0,0
104,104,3376.0,0,0
105,105,3376.0,0,0
106,106,3376.0,0,0
107,107,3376.0,0,0
108,108,3376.0,0,0
109,109,3376.0,0,0
110,110,3376.0,0,0
111,111,3376.0,0,0
112,112,3376.0,0,0
113,113,3376.0,0,0
114,114,3376.0,0,0
115,115,3376.0,0,0
116,116,3376.0,0,0
117,117,3376.0,0,0
118,118,3376.0,0,0
119,119,3376.0,0,0
120,120,3376.0,0,0
121,121,3376.0,0,0
122,122,3376.0,0,0
123,123,3376.0,0,0
124,124,3376.0,0,0
125,125,3376.0,0,0
126,126,3376.0,0,0
127,127,3376.0,0,0
128,128,3376.0,0,0
