,Days,S,I,D
0,0,28616.0,0,0
1,1,28616.0,0,0
2,2,28616.0,0,0
3,3,28616.0,0,0
4,4,28616.0,0,0
5,5,28616.0,0,0
6,6,28616.0,0,0
7,7,28616.0,0,0
8,8,28616.0,0,0
9,9,28616.0,0,0
10,10,28616.0,0,0
11,11,28616.0,0,0
12,12,28616.0,0,0
13,13,28616.0,0,0
14,14,28616.0,0,0
15,15,28616.0,0,0
16,16,28616.0,0,0
17,17,28616.0,0,0
18,18,28616.0,0,0
19,19,28616.0,0,0
20,20,28616.0,0,0
21,21,28616.0,0,0
22,22,28616.0,0,0
23,23,28616.0,0,0
24,24,28616.0,0,0
25,25,28616.0,0,0
26,26,28616.0,0,0
27,27,28616.0,0,0
28,28,28616.0,0,0
29,29,28616.0,0,0
30,30,28616.0,0,0
31,31,28616.0,0,0
32,32,28616.0,0,0
33,33,28616.0,0,0
34,34,28616.0,0,0
35,35,28616.0,0,0
36,36,28616.0,0,0
37,37,28616.0,0,0
38,38,28616.0,0,0
39,39,28616.0,0,0
40,40,28616.0,0,0
41,41,28616.0,0,0
42,42,28616.0,0,0
43,43,28616.0,0,0
44,44,28616.0,0,0
45,45,28616.0,0,0
46,46,28616.0,0,0
47,47,28616.0,0,0
48,48,28616.0,0,0
49,49,28616.0,0,0
50,50,28616.0,0,0
51,51,28616.0,0,0
52,52,28616.0,0,0
53,53,28616.0,0,0
54,54,28616.0,0,0
55,55,28616.0,0,0
56,56,28616.0,0,0
57,57,28616.0,0,0
58,58,28616.0,0,0
59,59,28616.0,0,0
60,60,28616.0,0,0
61,61,28616.0,0,0
62,62,28616.0,0,0
63,63,28615.0,1,0
64,64,28615.0,1,0
65,65,28614.0,2,0
66,66,28614.0,2,0
67,67,28614.0,2,0
68,68,28614.0,2,0
69,69,28613.0,3,0
70,70,28612.0,4,0
71,71,28611.0,5,0
72,72,28610.0,6,0
73,73,28610.0,6,0
74,74,28610.0,6,0
75,75,28610.0,6,0
76,76,28609.0,7,0
77,77,28609.0,7,0
78,78,28607.0,9,0
79,79,28606.0,10,0
80,80,28605.0,11,0
81,81,28604.0,12,0
82,82,28604.0,12,0
83,83,28602.0,14,0
84,84,28601.0,15,0
85,85,28601.0,15,0
86,86,28600.0,16,0
87,87,28600.0,16,0
88,88,28599.0,17,0
89,89,28596.0,20,0
90,90,28595.0,21,0
91,91,28594.0,22,0
92,92,28592.0,24,0
93,93,28592.0,24,0
94,94,28590.0,26,0
95,95,28590.0,26,0
96,96,28589.0,27,0
97,97,28588.0,28,0
98,98,28588.0,28,0
99,99,28588.0,28,0
100,100,28587.0,29,0
101,101,28587.0,29,0
102,102,28587.0,29,0
103,103,28587.0,29,0
104,104,28587.0,29,0
105,105,28586.0,30,0
106,106,28586.0,30,0
107,107,28586.0,30,0
108,108,28586.0,30,0
109,109,28586.0,30,0
110,110,28586.0,30,0
111,111,28586.0,30,0
112,112,28586.0,30,0
113,113,28586.0,30,0
114,114,28586.0,30,0
115,115,28586.0,30,0
116,116,28586.0,30,0
117,117,28586.0,30,0
118,118,28585.0,31,0
119,119,28584.0,32,0
120,120,28584.0,32,0
121,121,28584.0,32,0
122,122,28583.0,33,0
123,123,28582.0,34,0
124,124,28582.0,34,0
125,125,28582.0,34,0
126,126,28582.0,34,0
127,127,28581.0,35,0
128,128,28581.0,35,0
