,Days,S,I,D
0,0,19688.0,0,0
1,1,19688.0,0,0
2,2,19688.0,0,0
3,3,19688.0,0,0
4,4,19688.0,0,0
5,5,19688.0,0,0
6,6,19688.0,0,0
7,7,19688.0,0,0
8,8,19688.0,0,0
9,9,19688.0,0,0
10,10,19688.0,0,0
11,11,19688.0,0,0
12,12,19688.0,0,0
13,13,19688.0,0,0
14,14,19688.0,0,0
15,15,19688.0,0,0
16,16,19688.0,0,0
17,17,19688.0,0,0
18,18,19688.0,0,0
19,19,19688.0,0,0
20,20,19688.0,0,0
21,21,19688.0,0,0
22,22,19688.0,0,0
23,23,19688.0,0,0
24,24,19688.0,0,0
25,25,19688.0,0,0
26,26,19688.0,0,0
27,27,19688.0,0,0
28,28,19688.0,0,0
29,29,19688.0,0,0
30,30,19688.0,0,0
31,31,19688.0,0,0
32,32,19688.0,0,0
33,33,19688.0,0,0
34,34,19688.0,0,0
35,35,19688.0,0,0
36,36,19688.0,0,0
37,37,19688.0,0,0
38,38,19688.0,0,0
39,39,19688.0,0,0
40,40,19688.0,0,0
41,41,19688.0,0,0
42,42,19688.0,0,0
43,43,19688.0,0,0
44,44,19688.0,0,0
45,45,19688.0,0,0
46,46,19688.0,0,0
47,47,19688.0,0,0
48,48,19688.0,0,0
49,49,19688.0,0,0
50,50,19688.0,0,0
51,51,19688.0,0,0
52,52,19688.0,0,0
53,53,19688.0,0,0
54,54,19688.0,0,0
55,55,19688.0,0,0
56,56,19688.0,0,0
57,57,19688.0,0,0
58,58,19688.0,0,0
59,59,19688.0,0,0
60,60,19688.0,0,0
61,61,19688.0,0,0
62,62,19688.0,0,0
63,63,19688.0,0,0
64,64,19688.0,0,0
65,65,19688.0,0,0
66,66,19687.0,1,0
67,67,19687.0,1,0
68,68,19687.0,1,0
69,69,19687.0,1,0
70,70,19687.0,1,0
71,71,19687.0,1,0
72,72,19687.0,1,0
73,73,19687.0,1,0
74,74,19687.0,1,0
75,75,19687.0,1,0
76,76,19687.0,1,0
77,77,19686.0,2,0
78,78,19687.0,1,0
79,79,19685.0,3,0
80,80,19685.0,3,0
81,81,19685.0,3,0
82,82,19685.0,3,0
83,83,19685.0,3,0
84,84,19685.0,3,0
85,85,19685.0,3,0
86,86,19685.0,3,0
87,87,19685.0,3,0
88,88,19685.0,3,0
89,89,19685.0,3,0
90,90,19685.0,3,0
91,91,19685.0,3,0
92,92,19685.0,3,0
93,93,19685.0,3,0
94,94,19685.0,3,0
95,95,19685.0,3,0
96,96,19685.0,3,0
97,97,19685.0,3,0
98,98,19685.0,3,0
99,99,19685.0,3,0
100,100,19685.0,3,0
101,101,19685.0,3,0
102,102,19685.0,3,0
103,103,19685.0,3,0
104,104,19685.0,3,0
105,105,19685.0,3,0
106,106,19685.0,3,0
107,107,19685.0,3,0
108,108,19685.0,3,0
109,109,19685.0,3,0
110,110,19685.0,3,0
111,111,19685.0,3,0
112,112,19684.0,4,0
113,113,19684.0,4,0
114,114,19684.0,4,0
115,115,19684.0,4,0
116,116,19684.0,4,0
117,117,19684.0,4,0
118,118,19684.0,4,0
119,119,19684.0,4,0
120,120,19684.0,4,0
121,121,19684.0,4,0
122,122,19684.0,4,0
123,123,19684.0,4,0
124,124,19684.0,4,0
125,125,19684.0,4,0
126,126,19684.0,4,0
127,127,19684.0,4,0
128,128,19684.0,4,0
