,Days,S,I,D
0,0,5765.0,0,0
1,1,5765.0,0,0
2,2,5765.0,0,0
3,3,5765.0,0,0
4,4,5765.0,0,0
5,5,5765.0,0,0
6,6,5765.0,0,0
7,7,5765.0,0,0
8,8,5765.0,0,0
9,9,5765.0,0,0
10,10,5765.0,0,0
11,11,5765.0,0,0
12,12,5765.0,0,0
13,13,5765.0,0,0
14,14,5765.0,0,0
15,15,5765.0,0,0
16,16,5765.0,0,0
17,17,5765.0,0,0
18,18,5765.0,0,0
19,19,5765.0,0,0
20,20,5765.0,0,0
21,21,5765.0,0,0
22,22,5765.0,0,0
23,23,5765.0,0,0
24,24,5765.0,0,0
25,25,5765.0,0,0
26,26,5765.0,0,0
27,27,5765.0,0,0
28,28,5765.0,0,0
29,29,5765.0,0,0
30,30,5765.0,0,0
31,31,5765.0,0,0
32,32,5765.0,0,0
33,33,5765.0,0,0
34,34,5765.0,0,0
35,35,5765.0,0,0
36,36,5765.0,0,0
37,37,5765.0,0,0
38,38,5765.0,0,0
39,39,5765.0,0,0
40,40,5765.0,0,0
41,41,5765.0,0,0
42,42,5765.0,0,0
43,43,5765.0,0,0
44,44,5765.0,0,0
45,45,5765.0,0,0
46,46,5765.0,0,0
47,47,5765.0,0,0
48,48,5765.0,0,0
49,49,5765.0,0,0
50,50,5765.0,0,0
51,51,5765.0,0,0
52,52,5765.0,0,0
53,53,5765.0,0,0
54,54,5765.0,0,0
55,55,5765.0,0,0
56,56,5765.0,0,0
57,57,5765.0,0,0
58,58,5765.0,0,0
59,59,5765.0,0,0
60,60,5765.0,0,0
61,61,5765.0,0,0
62,62,5765.0,0,0
63,63,5765.0,0,0
64,64,5765.0,0,0
65,65,5765.0,0,0
66,66,5765.0,0,0
67,67,5765.0,0,0
68,68,5765.0,0,0
69,69,5765.0,0,0
70,70,5765.0,0,0
71,71,5765.0,0,0
72,72,5765.0,0,0
73,73,5765.0,0,0
74,74,5765.0,0,0
75,75,5765.0,0,0
76,76,5765.0,0,0
77,77,5765.0,0,0
78,78,5765.0,0,0
79,79,5765.0,0,0
80,80,5765.0,0,0
81,81,5765.0,0,0
82,82,5764.0,1,0
83,83,5764.0,1,0
84,84,5764.0,1,0
85,85,5764.0,1,0
86,86,5764.0,1,0
87,87,5764.0,1,0
88,88,5764.0,1,0
89,89,5764.0,1,0
90,90,5764.0,1,0
91,91,5764.0,1,0
92,92,5764.0,1,0
93,93,5764.0,1,0
94,94,5763.0,2,0
95,95,5763.0,2,0
96,96,5763.0,2,0
97,97,5763.0,2,0
98,98,5763.0,2,0
99,99,5763.0,2,0
100,100,5763.0,2,0
101,101,5763.0,2,0
102,102,5763.0,2,0
103,103,5763.0,2,0
104,104,5763.0,2,0
105,105,5763.0,2,0
106,106,5763.0,2,0
107,107,5763.0,2,0
108,108,5763.0,2,0
109,109,5763.0,2,0
110,110,5763.0,2,0
111,111,5763.0,2,0
112,112,5763.0,2,0
113,113,5763.0,2,0
114,114,5762.0,3,0
115,115,5762.0,3,0
116,116,5762.0,3,0
117,117,5761.0,4,0
118,118,5761.0,4,0
119,119,5761.0,4,0
120,120,5761.0,4,0
121,121,5761.0,4,0
122,122,5761.0,4,0
123,123,5761.0,4,0
124,124,5761.0,4,0
125,125,5761.0,4,0
126,126,5761.0,4,0
127,127,5761.0,4,0
128,128,5761.0,4,0
