,Days,S,I,D
0,0,16558.0,0,0
1,1,16558.0,0,0
2,2,16558.0,0,0
3,3,16558.0,0,0
4,4,16558.0,0,0
5,5,16558.0,0,0
6,6,16558.0,0,0
7,7,16558.0,0,0
8,8,16558.0,0,0
9,9,16558.0,0,0
10,10,16558.0,0,0
11,11,16558.0,0,0
12,12,16558.0,0,0
13,13,16558.0,0,0
14,14,16558.0,0,0
15,15,16558.0,0,0
16,16,16558.0,0,0
17,17,16558.0,0,0
18,18,16558.0,0,0
19,19,16558.0,0,0
20,20,16558.0,0,0
21,21,16558.0,0,0
22,22,16558.0,0,0
23,23,16558.0,0,0
24,24,16558.0,0,0
25,25,16558.0,0,0
26,26,16558.0,0,0
27,27,16558.0,0,0
28,28,16558.0,0,0
29,29,16558.0,0,0
30,30,16558.0,0,0
31,31,16558.0,0,0
32,32,16558.0,0,0
33,33,16558.0,0,0
34,34,16558.0,0,0
35,35,16558.0,0,0
36,36,16558.0,0,0
37,37,16558.0,0,0
38,38,16558.0,0,0
39,39,16558.0,0,0
40,40,16558.0,0,0
41,41,16558.0,0,0
42,42,16558.0,0,0
43,43,16558.0,0,0
44,44,16558.0,0,0
45,45,16558.0,0,0
46,46,16558.0,0,0
47,47,16558.0,0,0
48,48,16558.0,0,0
49,49,16558.0,0,0
50,50,16558.0,0,0
51,51,16558.0,0,0
52,52,16558.0,0,0
53,53,16558.0,0,0
54,54,16558.0,0,0
55,55,16558.0,0,0
56,56,16558.0,0,0
57,57,16558.0,0,0
58,58,16558.0,0,0
59,59,16558.0,0,0
60,60,16558.0,0,0
61,61,16558.0,0,0
62,62,16558.0,0,0
63,63,16558.0,0,0
64,64,16558.0,0,0
65,65,16558.0,0,0
66,66,16558.0,0,0
67,67,16558.0,0,0
68,68,16557.0,1,0
69,69,16557.0,1,0
70,70,16557.0,1,0
71,71,16556.0,2,0
72,72,16556.0,2,0
73,73,16556.0,2,0
74,74,16556.0,2,0
75,75,16556.0,2,0
76,76,16556.0,2,0
77,77,16556.0,2,0
78,78,16556.0,2,0
79,79,16556.0,2,0
80,80,16556.0,2,0
81,81,16556.0,2,0
82,82,16556.0,2,0
83,83,16556.0,2,0
84,84,16556.0,2,0
85,85,16556.0,2,0
86,86,16556.0,2,0
87,87,16556.0,2,0
88,88,16556.0,2,0
89,89,16556.0,2,0
90,90,16556.0,2,0
91,91,16556.0,2,0
92,92,16556.0,2,0
93,93,16556.0,2,0
94,94,16556.0,2,0
95,95,16556.0,2,0
96,96,16556.0,2,0
97,97,16555.0,3,0
98,98,16555.0,3,0
99,99,16555.0,3,0
100,100,16555.0,3,0
101,101,16555.0,3,0
102,102,16555.0,3,0
103,103,16555.0,3,0
104,104,16555.0,3,0
105,105,16555.0,3,0
106,106,16555.0,3,0
107,107,16555.0,3,0
108,108,16555.0,3,0
109,109,16555.0,3,0
110,110,16555.0,3,0
111,111,16555.0,3,0
112,112,16555.0,3,0
113,113,16555.0,3,0
114,114,16497.0,61,0
115,115,16495.0,63,0
116,116,16495.0,63,0
117,117,16495.0,63,0
118,118,16495.0,63,0
119,119,16495.0,63,0
120,120,16495.0,63,0
121,121,16495.0,63,0
122,122,16495.0,63,0
123,123,16495.0,63,0
124,124,16495.0,63,0
125,125,16495.0,63,0
126,126,16495.0,63,0
127,127,16495.0,63,0
128,128,16495.0,63,0
