,Days,S,I,D
0,0,5112.0,0,0
1,1,5112.0,0,0
2,2,5112.0,0,0
3,3,5112.0,0,0
4,4,5112.0,0,0
5,5,5112.0,0,0
6,6,5112.0,0,0
7,7,5112.0,0,0
8,8,5112.0,0,0
9,9,5112.0,0,0
10,10,5112.0,0,0
11,11,5112.0,0,0
12,12,5112.0,0,0
13,13,5112.0,0,0
14,14,5112.0,0,0
15,15,5112.0,0,0
16,16,5112.0,0,0
17,17,5112.0,0,0
18,18,5112.0,0,0
19,19,5112.0,0,0
20,20,5112.0,0,0
21,21,5112.0,0,0
22,22,5112.0,0,0
23,23,5112.0,0,0
24,24,5112.0,0,0
25,25,5112.0,0,0
26,26,5112.0,0,0
27,27,5112.0,0,0
28,28,5112.0,0,0
29,29,5112.0,0,0
30,30,5112.0,0,0
31,31,5112.0,0,0
32,32,5112.0,0,0
33,33,5112.0,0,0
34,34,5112.0,0,0
35,35,5112.0,0,0
36,36,5112.0,0,0
37,37,5112.0,0,0
38,38,5112.0,0,0
39,39,5112.0,0,0
40,40,5112.0,0,0
41,41,5112.0,0,0
42,42,5112.0,0,0
43,43,5112.0,0,0
44,44,5112.0,0,0
45,45,5112.0,0,0
46,46,5112.0,0,0
47,47,5112.0,0,0
48,48,5112.0,0,0
49,49,5112.0,0,0
50,50,5112.0,0,0
51,51,5112.0,0,0
52,52,5112.0,0,0
53,53,5112.0,0,0
54,54,5112.0,0,0
55,55,5112.0,0,0
56,56,5112.0,0,0
57,57,5112.0,0,0
58,58,5112.0,0,0
59,59,5112.0,0,0
60,60,5112.0,0,0
61,61,5112.0,0,0
62,62,5112.0,0,0
63,63,5112.0,0,0
64,64,5112.0,0,0
65,65,5112.0,0,0
66,66,5112.0,0,0
67,67,5112.0,0,0
68,68,5111.0,1,0
69,69,5111.0,1,0
70,70,5111.0,1,0
71,71,5111.0,1,0
72,72,5111.0,1,0
73,73,5111.0,1,0
74,74,5111.0,1,0
75,75,5111.0,1,0
76,76,5111.0,1,0
77,77,5111.0,1,0
78,78,5111.0,1,0
79,79,5111.0,1,0
80,80,5111.0,1,0
81,81,5111.0,1,0
82,82,5111.0,1,0
83,83,5111.0,1,0
84,84,5111.0,1,0
85,85,5111.0,1,0
86,86,5111.0,1,0
87,87,5111.0,1,0
88,88,5111.0,1,0
89,89,5111.0,1,0
90,90,5111.0,1,0
91,91,5111.0,1,0
92,92,5111.0,1,0
93,93,5111.0,1,0
94,94,5111.0,1,0
95,95,5111.0,1,0
96,96,5111.0,1,0
97,97,5111.0,1,0
98,98,5111.0,1,0
99,99,5111.0,1,0
100,100,5111.0,1,0
101,101,5111.0,1,0
102,102,5111.0,1,0
103,103,5111.0,1,0
104,104,5111.0,1,0
105,105,5111.0,1,0
106,106,5111.0,1,0
107,107,5111.0,1,0
108,108,5111.0,1,0
109,109,5111.0,1,0
110,110,5111.0,1,0
111,111,5111.0,1,0
112,112,5111.0,1,0
113,113,5111.0,1,0
114,114,5111.0,1,0
115,115,5111.0,1,0
116,116,5111.0,1,0
117,117,5111.0,1,0
118,118,5109.0,3,0
119,119,5109.0,3,0
120,120,5108.0,4,0
121,121,5108.0,4,0
122,122,5108.0,4,0
123,123,5108.0,4,0
124,124,5108.0,4,0
125,125,5108.0,4,0
126,126,5108.0,4,0
127,127,5108.0,4,0
128,128,5108.0,4,0
