,Days,S,I,D
0,0,19351.0,0,0
1,1,19351.0,0,0
2,2,19351.0,0,0
3,3,19351.0,0,0
4,4,19351.0,0,0
5,5,19351.0,0,0
6,6,19351.0,0,0
7,7,19351.0,0,0
8,8,19351.0,0,0
9,9,19351.0,0,0
10,10,19351.0,0,0
11,11,19351.0,0,0
12,12,19351.0,0,0
13,13,19351.0,0,0
14,14,19351.0,0,0
15,15,19351.0,0,0
16,16,19351.0,0,0
17,17,19351.0,0,0
18,18,19351.0,0,0
19,19,19351.0,0,0
20,20,19351.0,0,0
21,21,19351.0,0,0
22,22,19351.0,0,0
23,23,19351.0,0,0
24,24,19351.0,0,0
25,25,19351.0,0,0
26,26,19351.0,0,0
27,27,19351.0,0,0
28,28,19351.0,0,0
29,29,19351.0,0,0
30,30,19351.0,0,0
31,31,19351.0,0,0
32,32,19351.0,0,0
33,33,19351.0,0,0
34,34,19351.0,0,0
35,35,19351.0,0,0
36,36,19351.0,0,0
37,37,19351.0,0,0
38,38,19351.0,0,0
39,39,19351.0,0,0
40,40,19351.0,0,0
41,41,19351.0,0,0
42,42,19351.0,0,0
43,43,19351.0,0,0
44,44,19351.0,0,0
45,45,19351.0,0,0
46,46,19351.0,0,0
47,47,19351.0,0,0
48,48,19351.0,0,0
49,49,19351.0,0,0
50,50,19351.0,0,0
51,51,19351.0,0,0
52,52,19351.0,0,0
53,53,19351.0,0,0
54,54,19351.0,0,0
55,55,19351.0,0,0
56,56,19351.0,0,0
57,57,19351.0,0,0
58,58,19351.0,0,0
59,59,19351.0,0,0
60,60,19351.0,0,0
61,61,19351.0,0,0
62,62,19351.0,0,0
63,63,19351.0,0,0
64,64,19351.0,0,0
65,65,19351.0,0,0
66,66,19351.0,0,0
67,67,19351.0,0,0
68,68,19351.0,0,0
69,69,19351.0,0,0
70,70,19351.0,0,0
71,71,19350.0,1,0
72,72,19350.0,1,0
73,73,19350.0,1,0
74,74,19349.0,2,0
75,75,19348.0,3,0
76,76,19347.0,4,0
77,77,19347.0,4,0
78,78,19346.0,5,0
79,79,19345.0,6,0
80,80,19345.0,6,0
81,81,19344.0,7,0
82,82,19342.0,9,0
83,83,19340.0,11,0
84,84,19339.0,12,0
85,85,19336.0,15,0
86,86,19333.0,18,0
87,87,19331.0,20,0
88,88,19330.0,21,0
89,89,19330.0,21,0
90,90,19330.0,21,0
91,91,19330.0,21,0
92,92,19330.0,21,0
93,93,19330.0,21,0
94,94,19330.0,21,0
95,95,19330.0,21,0
96,96,19329.0,22,0
97,97,19329.0,22,0
98,98,19328.0,23,0
99,99,19328.0,23,0
100,100,19325.0,26,0
101,101,19325.0,26,0
102,102,19325.0,26,0
103,103,19325.0,26,0
104,104,19325.0,26,0
105,105,19324.0,27,0
106,106,19324.0,27,0
107,107,19324.0,27,0
108,108,19324.0,27,0
109,109,19323.0,28,0
110,110,19323.0,28,0
111,111,19323.0,28,0
112,112,19323.0,28,0
113,113,19322.0,29,0
114,114,19322.0,29,0
115,115,19322.0,29,0
116,116,19322.0,29,0
117,117,19321.0,30,0
118,118,19321.0,30,0
119,119,19321.0,30,0
120,120,19321.0,30,0
121,121,19320.0,31,0
122,122,19320.0,31,0
123,123,19317.0,34,0
124,124,19317.0,34,0
125,125,19317.0,34,0
126,126,19317.0,34,0
127,127,19315.0,36,0
128,128,19315.0,36,0
