,Days,S,I,D
0,0,8457.0,0,0
1,1,8457.0,0,0
2,2,8457.0,0,0
3,3,8457.0,0,0
4,4,8457.0,0,0
5,5,8457.0,0,0
6,6,8457.0,0,0
7,7,8457.0,0,0
8,8,8457.0,0,0
9,9,8457.0,0,0
10,10,8457.0,0,0
11,11,8457.0,0,0
12,12,8457.0,0,0
13,13,8457.0,0,0
14,14,8457.0,0,0
15,15,8457.0,0,0
16,16,8457.0,0,0
17,17,8457.0,0,0
18,18,8457.0,0,0
19,19,8457.0,0,0
20,20,8457.0,0,0
21,21,8457.0,0,0
22,22,8457.0,0,0
23,23,8457.0,0,0
24,24,8457.0,0,0
25,25,8457.0,0,0
26,26,8457.0,0,0
27,27,8457.0,0,0
28,28,8457.0,0,0
29,29,8457.0,0,0
30,30,8457.0,0,0
31,31,8457.0,0,0
32,32,8457.0,0,0
33,33,8457.0,0,0
34,34,8457.0,0,0
35,35,8457.0,0,0
36,36,8457.0,0,0
37,37,8457.0,0,0
38,38,8457.0,0,0
39,39,8457.0,0,0
40,40,8457.0,0,0
41,41,8457.0,0,0
42,42,8457.0,0,0
43,43,8457.0,0,0
44,44,8457.0,0,0
45,45,8457.0,0,0
46,46,8457.0,0,0
47,47,8457.0,0,0
48,48,8457.0,0,0
49,49,8457.0,0,0
50,50,8457.0,0,0
51,51,8457.0,0,0
52,52,8457.0,0,0
53,53,8457.0,0,0
54,54,8457.0,0,0
55,55,8457.0,0,0
56,56,8457.0,0,0
57,57,8457.0,0,0
58,58,8457.0,0,0
59,59,8457.0,0,0
60,60,8457.0,0,0
61,61,8457.0,0,0
62,62,8457.0,0,0
63,63,8457.0,0,0
64,64,8457.0,0,0
65,65,8457.0,0,0
66,66,8457.0,0,0
67,67,8457.0,0,0
68,68,8457.0,0,0
69,69,8457.0,0,0
70,70,8457.0,0,0
71,71,8457.0,0,0
72,72,8457.0,0,0
73,73,8457.0,0,0
74,74,8457.0,0,0
75,75,8457.0,0,0
76,76,8457.0,0,0
77,77,8457.0,0,0
78,78,8457.0,0,0
79,79,8456.0,1,0
80,80,8456.0,1,0
81,81,8456.0,1,0
82,82,8455.0,2,0
83,83,8455.0,2,0
84,84,8455.0,2,0
85,85,8455.0,2,0
86,86,8455.0,2,0
87,87,8455.0,2,0
88,88,8455.0,2,0
89,89,8455.0,2,0
90,90,8455.0,2,0
91,91,8455.0,2,0
92,92,8455.0,2,0
93,93,8455.0,2,0
94,94,8455.0,2,0
95,95,8455.0,2,0
96,96,8455.0,2,0
97,97,8455.0,2,0
98,98,8454.0,3,0
99,99,8454.0,3,0
100,100,8451.0,6,0
101,101,8449.0,8,0
102,102,8397.0,60,0
103,103,8397.0,60,0
104,104,8397.0,60,0
105,105,8387.0,70,0
106,106,8343.0,114,0
107,107,8261.0,196,0
108,108,8261.0,196,0
109,109,8259.0,198,0
110,110,8259.0,198,0
111,111,8259.0,198,0
112,112,8259.0,198,0
113,113,8258.0,199,0
114,114,8258.0,199,0
115,115,8258.0,199,0
116,116,8258.0,199,0
117,117,8258.0,199,0
118,118,8258.0,199,0
119,119,8258.0,199,0
120,120,8258.0,199,0
121,121,8253.0,204,0
122,122,8253.0,204,0
123,123,8251.0,206,0
124,124,8248.0,209,0
125,125,8248.0,209,0
126,126,8248.0,209,0
127,127,8248.0,209,0
128,128,8244.0,213,0
