,Days,S,I,D
0,0,13057.0,0,0
1,1,13057.0,0,0
2,2,13057.0,0,0
3,3,13057.0,0,0
4,4,13057.0,0,0
5,5,13057.0,0,0
6,6,13057.0,0,0
7,7,13057.0,0,0
8,8,13057.0,0,0
9,9,13057.0,0,0
10,10,13057.0,0,0
11,11,13057.0,0,0
12,12,13057.0,0,0
13,13,13057.0,0,0
14,14,13057.0,0,0
15,15,13057.0,0,0
16,16,13057.0,0,0
17,17,13057.0,0,0
18,18,13057.0,0,0
19,19,13057.0,0,0
20,20,13057.0,0,0
21,21,13057.0,0,0
22,22,13057.0,0,0
23,23,13057.0,0,0
24,24,13057.0,0,0
25,25,13057.0,0,0
26,26,13057.0,0,0
27,27,13057.0,0,0
28,28,13057.0,0,0
29,29,13057.0,0,0
30,30,13057.0,0,0
31,31,13057.0,0,0
32,32,13057.0,0,0
33,33,13057.0,0,0
34,34,13057.0,0,0
35,35,13057.0,0,0
36,36,13057.0,0,0
37,37,13057.0,0,0
38,38,13057.0,0,0
39,39,13057.0,0,0
40,40,13057.0,0,0
41,41,13057.0,0,0
42,42,13057.0,0,0
43,43,13057.0,0,0
44,44,13057.0,0,0
45,45,13057.0,0,0
46,46,13057.0,0,0
47,47,13057.0,0,0
48,48,13057.0,0,0
49,49,13057.0,0,0
50,50,13057.0,0,0
51,51,13057.0,0,0
52,52,13057.0,0,0
53,53,13057.0,0,0
54,54,13057.0,0,0
55,55,13057.0,0,0
56,56,13057.0,0,0
57,57,13057.0,0,0
58,58,13057.0,0,0
59,59,13057.0,0,0
60,60,13057.0,0,0
61,61,13057.0,0,0
62,62,13057.0,0,0
63,63,13057.0,0,0
64,64,13057.0,0,0
65,65,13057.0,0,0
66,66,13057.0,0,0
67,67,13057.0,0,0
68,68,13057.0,0,0
69,69,13057.0,0,0
70,70,13057.0,0,0
71,71,13056.0,1,0
72,72,13056.0,1,0
73,73,13056.0,1,0
74,74,13056.0,1,0
75,75,13056.0,1,0
76,76,13056.0,1,0
77,77,13055.0,2,0
78,78,13055.0,2,0
79,79,13055.0,2,0
80,80,13055.0,2,0
81,81,13055.0,2,0
82,82,13055.0,2,0
83,83,13055.0,2,0
84,84,13055.0,2,0
85,85,13054.0,3,0
86,86,13054.0,3,0
87,87,13054.0,3,0
88,88,13054.0,3,0
89,89,13054.0,3,0
90,90,13054.0,3,0
91,91,13054.0,3,0
92,92,13054.0,3,0
93,93,13053.0,4,0
94,94,13053.0,4,0
95,95,13053.0,4,0
96,96,13053.0,4,0
97,97,13053.0,4,0
98,98,13053.0,4,0
99,99,13053.0,4,0
100,100,13053.0,4,0
101,101,13053.0,4,0
102,102,13053.0,4,0
103,103,13053.0,4,0
104,104,13053.0,4,0
105,105,13053.0,4,0
106,106,13053.0,4,0
107,107,13052.0,5,0
108,108,13052.0,5,0
109,109,13052.0,5,0
110,110,13052.0,5,0
111,111,13052.0,5,0
112,112,13052.0,5,0
113,113,13052.0,5,0
114,114,13052.0,5,0
115,115,13052.0,5,0
116,116,13052.0,5,0
117,117,13052.0,5,0
118,118,13052.0,5,0
119,119,13052.0,5,0
120,120,13052.0,5,0
121,121,13052.0,5,0
122,122,13052.0,5,0
123,123,13051.0,6,0
124,124,13051.0,6,0
125,125,13051.0,6,0
126,126,13051.0,6,0
127,127,13050.0,7,0
128,128,13049.0,8,0
