,Days,S,I,D
0,0,3307.0,0,0
1,1,3307.0,0,0
2,2,3307.0,0,0
3,3,3307.0,0,0
4,4,3307.0,0,0
5,5,3307.0,0,0
6,6,3307.0,0,0
7,7,3307.0,0,0
8,8,3307.0,0,0
9,9,3307.0,0,0
10,10,3307.0,0,0
11,11,3307.0,0,0
12,12,3307.0,0,0
13,13,3307.0,0,0
14,14,3307.0,0,0
15,15,3307.0,0,0
16,16,3307.0,0,0
17,17,3307.0,0,0
18,18,3307.0,0,0
19,19,3307.0,0,0
20,20,3307.0,0,0
21,21,3307.0,0,0
22,22,3307.0,0,0
23,23,3307.0,0,0
24,24,3307.0,0,0
25,25,3307.0,0,0
26,26,3307.0,0,0
27,27,3307.0,0,0
28,28,3307.0,0,0
29,29,3307.0,0,0
30,30,3307.0,0,0
31,31,3307.0,0,0
32,32,3307.0,0,0
33,33,3307.0,0,0
34,34,3307.0,0,0
35,35,3307.0,0,0
36,36,3307.0,0,0
37,37,3307.0,0,0
38,38,3307.0,0,0
39,39,3307.0,0,0
40,40,3307.0,0,0
41,41,3307.0,0,0
42,42,3307.0,0,0
43,43,3307.0,0,0
44,44,3307.0,0,0
45,45,3307.0,0,0
46,46,3307.0,0,0
47,47,3307.0,0,0
48,48,3307.0,0,0
49,49,3307.0,0,0
50,50,3307.0,0,0
51,51,3307.0,0,0
52,52,3307.0,0,0
53,53,3307.0,0,0
54,54,3307.0,0,0
55,55,3307.0,0,0
56,56,3307.0,0,0
57,57,3307.0,0,0
58,58,3307.0,0,0
59,59,3307.0,0,0
60,60,3307.0,0,0
61,61,3307.0,0,0
62,62,3307.0,0,0
63,63,3307.0,0,0
64,64,3307.0,0,0
65,65,3307.0,0,0
66,66,3307.0,0,0
67,67,3307.0,0,0
68,68,3307.0,0,0
69,69,3307.0,0,0
70,70,3307.0,0,0
71,71,3307.0,0,0
72,72,3307.0,0,0
73,73,3307.0,0,0
74,74,3307.0,0,0
75,75,3307.0,0,0
76,76,3307.0,0,0
77,77,3307.0,0,0
78,78,3307.0,0,0
79,79,3307.0,0,0
80,80,3307.0,0,0
81,81,3307.0,0,0
82,82,3307.0,0,0
83,83,3307.0,0,0
84,84,3307.0,0,0
85,85,3307.0,0,0
86,86,3307.0,0,0
87,87,3307.0,0,0
88,88,3307.0,0,0
89,89,3307.0,0,0
90,90,3307.0,0,0
91,91,3307.0,0,0
92,92,3307.0,0,0
93,93,3307.0,0,0
94,94,3307.0,0,0
95,95,3307.0,0,0
96,96,3307.0,0,0
97,97,3307.0,0,0
98,98,3307.0,0,0
99,99,3307.0,0,0
100,100,3307.0,0,0
101,101,3307.0,0,0
102,102,3307.0,0,0
103,103,3307.0,0,0
104,104,3307.0,0,0
105,105,3307.0,0,0
106,106,3307.0,0,0
107,107,3307.0,0,0
108,108,3307.0,0,0
109,109,3307.0,0,0
110,110,3307.0,0,0
111,111,3307.0,0,0
112,112,3307.0,0,0
113,113,3307.0,0,0
114,114,3307.0,0,0
115,115,3307.0,0,0
116,116,3307.0,0,0
117,117,3307.0,0,0
118,118,3307.0,0,0
119,119,3307.0,0,0
120,120,3307.0,0,0
121,121,3307.0,0,0
122,122,3307.0,0,0
123,123,3306.0,1,0
124,124,3306.0,1,0
125,125,3305.0,2,0
126,126,3305.0,2,0
127,127,3304.0,3,0
128,128,3304.0,3,0
