,Days,S,I,D
0,0,264461.0,0,0
1,1,264461.0,0,0
2,2,264461.0,0,0
3,3,264461.0,0,0
4,4,264461.0,0,0
5,5,264461.0,0,0
6,6,264461.0,0,0
7,7,264461.0,0,0
8,8,264461.0,0,0
9,9,264461.0,0,0
10,10,264461.0,0,0
11,11,264461.0,0,0
12,12,264461.0,0,0
13,13,264461.0,0,0
14,14,264461.0,0,0
15,15,264461.0,0,0
16,16,264461.0,0,0
17,17,264461.0,0,0
18,18,264461.0,0,0
19,19,264461.0,0,0
20,20,264461.0,0,0
21,21,264461.0,0,0
22,22,264461.0,0,0
23,23,264461.0,0,0
24,24,264461.0,0,0
25,25,264461.0,0,0
26,26,264461.0,0,0
27,27,264461.0,0,0
28,28,264461.0,0,0
29,29,264461.0,0,0
30,30,264461.0,0,0
31,31,264461.0,0,0
32,32,264461.0,0,0
33,33,264461.0,0,0
34,34,264461.0,0,0
35,35,264461.0,0,0
36,36,264461.0,0,0
37,37,264461.0,0,0
38,38,264461.0,0,0
39,39,264461.0,0,0
40,40,264461.0,0,0
41,41,264461.0,0,0
42,42,264461.0,0,0
43,43,264461.0,0,0
44,44,264461.0,0,0
45,45,264461.0,0,0
46,46,264461.0,0,0
47,47,264461.0,0,0
48,48,264461.0,0,0
49,49,264461.0,0,0
50,50,264461.0,0,0
51,51,264461.0,0,0
52,52,264461.0,0,0
53,53,264461.0,0,0
54,54,264461.0,0,0
55,55,264461.0,0,0
56,56,264460.0,1,0
57,57,264460.0,1,0
58,58,264460.0,1,0
59,59,264460.0,1,0
60,60,264459.0,2,0
61,61,264459.0,2,0
62,62,264459.0,2,0
63,63,264458.0,3,0
64,64,264455.0,6,0
65,65,264453.0,8,0
66,66,264451.0,10,0
67,67,264449.0,12,0
68,68,264448.0,13,0
69,69,264445.0,16,0
70,70,264436.0,25,0
71,71,264432.0,29,0
72,72,264430.0,31,0
73,73,264414.0,47,0
74,74,264413.0,48,0
75,75,264409.0,52,0
76,76,264397.0,63,1
77,77,264377.0,82,2
78,78,264370.0,89,2
79,79,264358.0,101,2
80,80,264356.0,103,2
81,81,264349.0,110,2
82,82,264344.0,115,2
83,83,264331.0,128,2
84,84,264324.0,135,2
85,85,264307.0,151,3
86,86,264299.0,157,5
87,87,264287.0,169,5
88,88,264275.0,180,6
89,89,264269.0,184,8
90,90,264261.0,190,10
91,91,264222.0,226,13
92,92,264213.0,235,13
93,93,264178.0,268,15
94,94,264165.0,280,16
95,95,264140.0,305,16
96,96,264138.0,306,17
97,97,264125.0,318,18
98,98,264118.0,324,19
99,99,264107.0,333,21
100,100,264104.0,335,22
101,101,264102.0,337,22
102,102,264072.0,365,24
103,103,264070.0,365,26
104,104,264065.0,369,27
105,105,264059.0,374,28
106,106,264037.0,396,28
107,107,264030.0,401,30
108,108,264016.0,414,31
109,109,264003.0,427,31
110,110,263995.0,435,31
111,111,263984.0,445,32
112,112,263977.0,449,35
113,113,263965.0,461,35
114,114,263959.0,464,38
115,115,263941.0,481,39
116,116,263929.0,490,42
117,117,263926.0,493,42
118,118,263917.0,499,45
119,119,263913.0,502,46
120,120,263907.0,506,48
121,121,263896.0,516,49
122,122,263886.0,523,52
123,123,263875.0,533,53
124,124,263868.0,539,54
125,125,263865.0,540,56
126,126,263860.0,544,57
127,127,263859.0,545,57
128,128,263838.0,565,58
