,Days,S,I,D
0,0,37517.0,0,0
1,1,37517.0,0,0
2,2,37517.0,0,0
3,3,37517.0,0,0
4,4,37517.0,0,0
5,5,37517.0,0,0
6,6,37517.0,0,0
7,7,37517.0,0,0
8,8,37517.0,0,0
9,9,37517.0,0,0
10,10,37517.0,0,0
11,11,37517.0,0,0
12,12,37517.0,0,0
13,13,37517.0,0,0
14,14,37517.0,0,0
15,15,37517.0,0,0
16,16,37517.0,0,0
17,17,37517.0,0,0
18,18,37517.0,0,0
19,19,37517.0,0,0
20,20,37517.0,0,0
21,21,37517.0,0,0
22,22,37517.0,0,0
23,23,37517.0,0,0
24,24,37517.0,0,0
25,25,37517.0,0,0
26,26,37517.0,0,0
27,27,37517.0,0,0
28,28,37517.0,0,0
29,29,37517.0,0,0
30,30,37517.0,0,0
31,31,37517.0,0,0
32,32,37517.0,0,0
33,33,37517.0,0,0
34,34,37517.0,0,0
35,35,37517.0,0,0
36,36,37517.0,0,0
37,37,37517.0,0,0
38,38,37517.0,0,0
39,39,37517.0,0,0
40,40,37517.0,0,0
41,41,37517.0,0,0
42,42,37517.0,0,0
43,43,37517.0,0,0
44,44,37517.0,0,0
45,45,37517.0,0,0
46,46,37517.0,0,0
47,47,37517.0,0,0
48,48,37517.0,0,0
49,49,37517.0,0,0
50,50,37517.0,0,0
51,51,37517.0,0,0
52,52,37517.0,0,0
53,53,37517.0,0,0
54,54,37517.0,0,0
55,55,37517.0,0,0
56,56,37517.0,0,0
57,57,37517.0,0,0
58,58,37517.0,0,0
59,59,37517.0,0,0
60,60,37517.0,0,0
61,61,37516.0,1,0
62,62,37516.0,1,0
63,63,37516.0,1,0
64,64,37517.0,0,0
65,65,37517.0,0,0
66,66,37517.0,0,0
67,67,37517.0,0,0
68,68,37517.0,0,0
69,69,37517.0,0,0
70,70,37517.0,0,0
71,71,37517.0,0,0
72,72,37517.0,0,0
73,73,37517.0,0,0
74,74,37517.0,0,0
75,75,37517.0,0,0
76,76,37517.0,0,0
77,77,37517.0,0,0
78,78,37517.0,0,0
79,79,37517.0,0,0
80,80,37517.0,0,0
81,81,37517.0,0,0
82,82,37517.0,0,0
83,83,37517.0,0,0
84,84,37517.0,0,0
85,85,37517.0,0,0
86,86,37517.0,0,0
87,87,37516.0,1,0
88,88,37516.0,1,0
89,89,37516.0,1,0
90,90,37516.0,1,0
91,91,37516.0,1,0
92,92,37516.0,1,0
93,93,37515.0,2,0
94,94,37515.0,2,0
95,95,37515.0,2,0
96,96,37515.0,2,0
97,97,37515.0,2,0
98,98,37515.0,2,0
99,99,37515.0,2,0
100,100,37515.0,2,0
101,101,37515.0,2,0
102,102,37515.0,2,0
103,103,37515.0,2,0
104,104,37515.0,2,0
105,105,37515.0,2,0
106,106,37515.0,2,0
107,107,37515.0,2,0
108,108,37515.0,2,0
109,109,37515.0,2,0
110,110,37515.0,2,0
111,111,37515.0,2,0
112,112,37515.0,2,0
113,113,37515.0,2,0
114,114,37515.0,2,0
115,115,37515.0,2,0
116,116,37515.0,2,0
117,117,37515.0,2,0
118,118,37515.0,2,0
119,119,37515.0,2,0
120,120,37515.0,2,0
121,121,37515.0,2,0
122,122,37515.0,2,0
123,123,37515.0,2,0
124,124,37515.0,2,0
125,125,37515.0,2,0
126,126,37515.0,2,0
127,127,37515.0,2,0
128,128,37515.0,2,0
