,Days,S,I,D
0,0,5837.0,0,0
1,1,5837.0,0,0
2,2,5837.0,0,0
3,3,5837.0,0,0
4,4,5837.0,0,0
5,5,5837.0,0,0
6,6,5837.0,0,0
7,7,5837.0,0,0
8,8,5837.0,0,0
9,9,5837.0,0,0
10,10,5837.0,0,0
11,11,5837.0,0,0
12,12,5837.0,0,0
13,13,5837.0,0,0
14,14,5837.0,0,0
15,15,5837.0,0,0
16,16,5837.0,0,0
17,17,5837.0,0,0
18,18,5837.0,0,0
19,19,5837.0,0,0
20,20,5837.0,0,0
21,21,5837.0,0,0
22,22,5837.0,0,0
23,23,5837.0,0,0
24,24,5837.0,0,0
25,25,5837.0,0,0
26,26,5837.0,0,0
27,27,5837.0,0,0
28,28,5837.0,0,0
29,29,5837.0,0,0
30,30,5837.0,0,0
31,31,5837.0,0,0
32,32,5837.0,0,0
33,33,5837.0,0,0
34,34,5837.0,0,0
35,35,5837.0,0,0
36,36,5837.0,0,0
37,37,5837.0,0,0
38,38,5837.0,0,0
39,39,5837.0,0,0
40,40,5837.0,0,0
41,41,5837.0,0,0
42,42,5837.0,0,0
43,43,5837.0,0,0
44,44,5837.0,0,0
45,45,5837.0,0,0
46,46,5837.0,0,0
47,47,5837.0,0,0
48,48,5837.0,0,0
49,49,5837.0,0,0
50,50,5837.0,0,0
51,51,5837.0,0,0
52,52,5837.0,0,0
53,53,5837.0,0,0
54,54,5837.0,0,0
55,55,5837.0,0,0
56,56,5837.0,0,0
57,57,5837.0,0,0
58,58,5837.0,0,0
59,59,5837.0,0,0
60,60,5837.0,0,0
61,61,5837.0,0,0
62,62,5837.0,0,0
63,63,5837.0,0,0
64,64,5837.0,0,0
65,65,5837.0,0,0
66,66,5837.0,0,0
67,67,5837.0,0,0
68,68,5837.0,0,0
69,69,5837.0,0,0
70,70,5837.0,0,0
71,71,5837.0,0,0
72,72,5837.0,0,0
73,73,5837.0,0,0
74,74,5837.0,0,0
75,75,5837.0,0,0
76,76,5837.0,0,0
77,77,5836.0,1,0
78,78,5836.0,1,0
79,79,5836.0,1,0
80,80,5836.0,1,0
81,81,5836.0,1,0
82,82,5836.0,1,0
83,83,5836.0,1,0
84,84,5835.0,2,0
85,85,5835.0,2,0
86,86,5835.0,2,0
87,87,5835.0,2,0
88,88,5835.0,2,0
89,89,5835.0,2,0
90,90,5835.0,2,0
91,91,5835.0,2,0
92,92,5834.0,3,0
93,93,5834.0,3,0
94,94,5834.0,3,0
95,95,5834.0,3,0
96,96,5834.0,3,0
97,97,5834.0,3,0
98,98,5834.0,3,0
99,99,5834.0,3,0
100,100,5834.0,3,0
101,101,5834.0,3,0
102,102,5834.0,3,0
103,103,5834.0,3,0
104,104,5833.0,4,0
105,105,5833.0,4,0
106,106,5833.0,4,0
107,107,5833.0,4,0
108,108,5833.0,4,0
109,109,5833.0,4,0
110,110,5833.0,4,0
111,111,5833.0,4,0
112,112,5833.0,4,0
113,113,5833.0,4,0
114,114,5833.0,4,0
115,115,5833.0,4,0
116,116,5833.0,4,0
117,117,5833.0,4,0
118,118,5832.0,5,0
119,119,5832.0,5,0
120,120,5832.0,5,0
121,121,5832.0,5,0
122,122,5832.0,5,0
123,123,5832.0,5,0
124,124,5832.0,5,0
125,125,5832.0,5,0
126,126,5830.0,7,0
127,127,5829.0,8,0
128,128,5826.0,11,0
