,Days,S,I,D
0,0,7649.0,0,0
1,1,7649.0,0,0
2,2,7649.0,0,0
3,3,7649.0,0,0
4,4,7649.0,0,0
5,5,7649.0,0,0
6,6,7649.0,0,0
7,7,7649.0,0,0
8,8,7649.0,0,0
9,9,7649.0,0,0
10,10,7649.0,0,0
11,11,7649.0,0,0
12,12,7649.0,0,0
13,13,7649.0,0,0
14,14,7649.0,0,0
15,15,7649.0,0,0
16,16,7649.0,0,0
17,17,7649.0,0,0
18,18,7649.0,0,0
19,19,7649.0,0,0
20,20,7649.0,0,0
21,21,7649.0,0,0
22,22,7649.0,0,0
23,23,7649.0,0,0
24,24,7649.0,0,0
25,25,7649.0,0,0
26,26,7649.0,0,0
27,27,7649.0,0,0
28,28,7649.0,0,0
29,29,7649.0,0,0
30,30,7649.0,0,0
31,31,7649.0,0,0
32,32,7649.0,0,0
33,33,7649.0,0,0
34,34,7649.0,0,0
35,35,7649.0,0,0
36,36,7649.0,0,0
37,37,7649.0,0,0
38,38,7649.0,0,0
39,39,7649.0,0,0
40,40,7649.0,0,0
41,41,7649.0,0,0
42,42,7649.0,0,0
43,43,7649.0,0,0
44,44,7649.0,0,0
45,45,7649.0,0,0
46,46,7649.0,0,0
47,47,7649.0,0,0
48,48,7649.0,0,0
49,49,7649.0,0,0
50,50,7649.0,0,0
51,51,7649.0,0,0
52,52,7649.0,0,0
53,53,7649.0,0,0
54,54,7649.0,0,0
55,55,7649.0,0,0
56,56,7649.0,0,0
57,57,7649.0,0,0
58,58,7649.0,0,0
59,59,7649.0,0,0
60,60,7649.0,0,0
61,61,7649.0,0,0
62,62,7649.0,0,0
63,63,7648.0,1,0
64,64,7648.0,1,0
65,65,7648.0,1,0
66,66,7648.0,1,0
67,67,7648.0,1,0
68,68,7648.0,1,0
69,69,7648.0,1,0
70,70,7648.0,1,0
71,71,7648.0,1,0
72,72,7648.0,1,0
73,73,7648.0,1,0
74,74,7648.0,1,0
75,75,7648.0,1,0
76,76,7648.0,1,0
77,77,7648.0,1,0
78,78,7648.0,1,0
79,79,7648.0,1,0
80,80,7648.0,1,0
81,81,7648.0,1,0
82,82,7648.0,1,0
83,83,7648.0,1,0
84,84,7648.0,1,0
85,85,7648.0,1,0
86,86,7648.0,1,0
87,87,7648.0,1,0
88,88,7648.0,1,0
89,89,7648.0,1,0
90,90,7648.0,1,0
91,91,7648.0,1,0
92,92,7648.0,1,0
93,93,7648.0,1,0
94,94,7648.0,1,0
95,95,7648.0,1,0
96,96,7648.0,1,0
97,97,7648.0,1,0
98,98,7648.0,1,0
99,99,7648.0,1,0
100,100,7648.0,1,0
101,101,7648.0,1,0
102,102,7648.0,1,0
103,103,7648.0,1,0
104,104,7648.0,1,0
105,105,7648.0,1,0
106,106,7648.0,1,0
107,107,7648.0,1,0
108,108,7648.0,1,0
109,109,7648.0,1,0
110,110,7648.0,1,0
111,111,7648.0,1,0
112,112,7648.0,1,0
113,113,7648.0,1,0
114,114,7648.0,1,0
115,115,7648.0,1,0
116,116,7648.0,1,0
117,117,7648.0,1,0
118,118,7648.0,1,0
119,119,7648.0,1,0
120,120,7648.0,1,0
121,121,7648.0,1,0
122,122,7648.0,1,0
123,123,7648.0,1,0
124,124,7648.0,1,0
125,125,7648.0,1,0
126,126,7648.0,1,0
127,127,7648.0,1,0
128,128,7648.0,1,0
