,Days,S,I,D
0,0,5327.0,0,0
1,1,5327.0,0,0
2,2,5327.0,0,0
3,3,5327.0,0,0
4,4,5327.0,0,0
5,5,5327.0,0,0
6,6,5327.0,0,0
7,7,5327.0,0,0
8,8,5327.0,0,0
9,9,5327.0,0,0
10,10,5327.0,0,0
11,11,5327.0,0,0
12,12,5327.0,0,0
13,13,5327.0,0,0
14,14,5327.0,0,0
15,15,5327.0,0,0
16,16,5327.0,0,0
17,17,5327.0,0,0
18,18,5327.0,0,0
19,19,5327.0,0,0
20,20,5327.0,0,0
21,21,5327.0,0,0
22,22,5327.0,0,0
23,23,5327.0,0,0
24,24,5327.0,0,0
25,25,5327.0,0,0
26,26,5327.0,0,0
27,27,5327.0,0,0
28,28,5327.0,0,0
29,29,5327.0,0,0
30,30,5327.0,0,0
31,31,5327.0,0,0
32,32,5327.0,0,0
33,33,5327.0,0,0
34,34,5327.0,0,0
35,35,5327.0,0,0
36,36,5327.0,0,0
37,37,5327.0,0,0
38,38,5327.0,0,0
39,39,5327.0,0,0
40,40,5327.0,0,0
41,41,5327.0,0,0
42,42,5327.0,0,0
43,43,5327.0,0,0
44,44,5327.0,0,0
45,45,5327.0,0,0
46,46,5327.0,0,0
47,47,5327.0,0,0
48,48,5327.0,0,0
49,49,5327.0,0,0
50,50,5327.0,0,0
51,51,5327.0,0,0
52,52,5327.0,0,0
53,53,5327.0,0,0
54,54,5327.0,0,0
55,55,5327.0,0,0
56,56,5327.0,0,0
57,57,5327.0,0,0
58,58,5327.0,0,0
59,59,5327.0,0,0
60,60,5327.0,0,0
61,61,5327.0,0,0
62,62,5327.0,0,0
63,63,5327.0,0,0
64,64,5327.0,0,0
65,65,5327.0,0,0
66,66,5327.0,0,0
67,67,5327.0,0,0
68,68,5327.0,0,0
69,69,5327.0,0,0
70,70,5327.0,0,0
71,71,5326.0,1,0
72,72,5326.0,1,0
73,73,5326.0,1,0
74,74,5326.0,1,0
75,75,5326.0,1,0
76,76,5326.0,1,0
77,77,5326.0,1,0
78,78,5326.0,1,0
79,79,5326.0,1,0
80,80,5326.0,1,0
81,81,5326.0,1,0
82,82,5326.0,1,0
83,83,5326.0,1,0
84,84,5326.0,1,0
85,85,5326.0,1,0
86,86,5326.0,1,0
87,87,5326.0,1,0
88,88,5326.0,1,0
89,89,5326.0,1,0
90,90,5326.0,1,0
91,91,5326.0,1,0
92,92,5326.0,1,0
93,93,5326.0,1,0
94,94,5326.0,1,0
95,95,5326.0,1,0
96,96,5326.0,1,0
97,97,5326.0,1,0
98,98,5326.0,1,0
99,99,5326.0,1,0
100,100,5326.0,1,0
101,101,5326.0,1,0
102,102,5326.0,1,0
103,103,5326.0,1,0
104,104,5326.0,1,0
105,105,5326.0,1,0
106,106,5326.0,1,0
107,107,5326.0,1,0
108,108,5326.0,1,0
109,109,5326.0,1,0
110,110,5326.0,1,0
111,111,5326.0,1,0
112,112,5326.0,1,0
113,113,5326.0,1,0
114,114,5326.0,1,0
115,115,5326.0,1,0
116,116,5326.0,1,0
117,117,5326.0,1,0
118,118,5326.0,1,0
119,119,5326.0,1,0
120,120,5326.0,1,0
121,121,5326.0,1,0
122,122,5326.0,1,0
123,123,5326.0,1,0
124,124,5326.0,1,0
125,125,5326.0,1,0
126,126,5326.0,1,0
127,127,5326.0,1,0
128,128,5326.0,1,0
