,Days,S,I,D
0,0,811880.0,0,0
1,1,811880.0,0,0
2,2,811880.0,0,0
3,3,811880.0,0,0
4,4,811880.0,0,0
5,5,811880.0,0,0
6,6,811880.0,0,0
7,7,811880.0,0,0
8,8,811880.0,0,0
9,9,811880.0,0,0
10,10,811880.0,0,0
11,11,811880.0,0,0
12,12,811880.0,0,0
13,13,811880.0,0,0
14,14,811880.0,0,0
15,15,811880.0,0,0
16,16,811880.0,0,0
17,17,811880.0,0,0
18,18,811880.0,0,0
19,19,811880.0,0,0
20,20,811880.0,0,0
21,21,811880.0,0,0
22,22,811880.0,0,0
23,23,811880.0,0,0
24,24,811880.0,0,0
25,25,811880.0,0,0
26,26,811880.0,0,0
27,27,811880.0,0,0
28,28,811880.0,0,0
29,29,811880.0,0,0
30,30,811880.0,0,0
31,31,811880.0,0,0
32,32,811880.0,0,0
33,33,811880.0,0,0
34,34,811880.0,0,0
35,35,811880.0,0,0
36,36,811880.0,0,0
37,37,811880.0,0,0
38,38,811880.0,0,0
39,39,811880.0,0,0
40,40,811880.0,0,0
41,41,811880.0,0,0
42,42,811880.0,0,0
43,43,811880.0,0,0
44,44,811880.0,0,0
45,45,811880.0,0,0
46,46,811880.0,0,0
47,47,811880.0,0,0
48,48,811879.0,1,0
49,49,811879.0,1,0
50,50,811879.0,1,0
51,51,811879.0,1,0
52,52,811878.0,1,1
53,53,811878.0,1,1
54,54,811877.0,2,1
55,55,811876.0,3,1
56,56,811876.0,3,1
57,57,811872.0,7,1
58,58,811867.0,12,1
59,59,811861.0,18,1
60,60,811860.0,19,1
61,61,811858.0,21,1
62,62,811854.0,25,1
63,63,811845.0,33,2
64,64,811833.0,45,2
65,65,811811.0,67,2
66,66,811797.0,81,2
67,67,811787.0,91,2
68,68,811778.0,100,2
69,69,811762.0,116,2
70,70,811743.0,134,3
71,71,811717.0,160,3
72,72,811702.0,175,3
73,73,811665.0,209,6
74,74,811640.0,233,7
75,75,811630.0,243,7
76,76,811615.0,258,7
77,77,811584.0,286,10
78,78,811565.0,302,13
79,79,811546.0,317,17
80,80,811519.0,343,18
81,81,811487.0,374,19
82,82,811463.0,398,19
83,83,811440.0,420,20
84,84,811428.0,430,22
85,85,811406.0,448,26
86,86,811385.0,467,28
87,87,811359.0,493,28
88,88,811338.0,514,28
89,89,811332.0,520,28
90,90,811309.0,542,29
91,91,811285.0,566,29
92,92,811265.0,582,33
93,93,811249.0,596,35
94,94,811222.0,623,35
95,95,811191.0,652,37
96,96,811179.0,664,37
97,97,811163.0,677,40
98,98,811142.0,696,42
99,99,811130.0,707,43
100,100,811116.0,720,44
101,101,811100.0,734,46
102,102,811095.0,739,46
103,103,811080.0,754,46
104,104,811062.0,769,49
105,105,811037.0,793,50
106,106,811019.0,809,52
107,107,810989.0,839,52
108,108,810964.0,863,53
109,109,810942.0,885,53
110,110,810928.0,899,53
111,111,810919.0,908,53
112,112,810906.0,921,53
113,113,810885.0,940,55
114,114,810868.0,957,55
115,115,810846.0,979,55
116,116,810841.0,984,55
117,117,810829.0,996,55
118,118,810820.0,1005,55
119,119,810805.0,1018,57
120,120,810797.0,1026,57
121,121,810785.0,1037,58
122,122,810785.0,1037,58
123,123,810782.0,1040,58
124,124,810777.0,1045,58
125,125,810770.0,1052,58
126,126,810729.0,1093,58
127,127,810718.0,1103,59
128,128,810700.0,1121,59
