,Days,S,I,D
0,0,22628.0,0,0
1,1,22628.0,0,0
2,2,22628.0,0,0
3,3,22628.0,0,0
4,4,22628.0,0,0
5,5,22628.0,0,0
6,6,22628.0,0,0
7,7,22628.0,0,0
8,8,22628.0,0,0
9,9,22628.0,0,0
10,10,22628.0,0,0
11,11,22628.0,0,0
12,12,22628.0,0,0
13,13,22628.0,0,0
14,14,22628.0,0,0
15,15,22628.0,0,0
16,16,22628.0,0,0
17,17,22628.0,0,0
18,18,22628.0,0,0
19,19,22628.0,0,0
20,20,22628.0,0,0
21,21,22628.0,0,0
22,22,22628.0,0,0
23,23,22628.0,0,0
24,24,22628.0,0,0
25,25,22628.0,0,0
26,26,22628.0,0,0
27,27,22628.0,0,0
28,28,22628.0,0,0
29,29,22628.0,0,0
30,30,22628.0,0,0
31,31,22628.0,0,0
32,32,22628.0,0,0
33,33,22628.0,0,0
34,34,22628.0,0,0
35,35,22628.0,0,0
36,36,22628.0,0,0
37,37,22628.0,0,0
38,38,22628.0,0,0
39,39,22628.0,0,0
40,40,22628.0,0,0
41,41,22628.0,0,0
42,42,22628.0,0,0
43,43,22628.0,0,0
44,44,22628.0,0,0
45,45,22628.0,0,0
46,46,22628.0,0,0
47,47,22628.0,0,0
48,48,22628.0,0,0
49,49,22628.0,0,0
50,50,22628.0,0,0
51,51,22628.0,0,0
52,52,22628.0,0,0
53,53,22628.0,0,0
54,54,22628.0,0,0
55,55,22628.0,0,0
56,56,22628.0,0,0
57,57,22628.0,0,0
58,58,22628.0,0,0
59,59,22628.0,0,0
60,60,22628.0,0,0
61,61,22628.0,0,0
62,62,22628.0,0,0
63,63,22628.0,0,0
64,64,22628.0,0,0
65,65,22628.0,0,0
66,66,22628.0,0,0
67,67,22628.0,0,0
68,68,22628.0,0,0
69,69,22626.0,2,0
70,70,22626.0,2,0
71,71,22626.0,2,0
72,72,22625.0,3,0
73,73,22626.0,2,0
74,74,22626.0,2,0
75,75,22625.0,3,0
76,76,22626.0,2,0
77,77,22626.0,2,0
78,78,22625.0,3,0
79,79,22623.0,5,0
80,80,22623.0,5,0
81,81,22623.0,5,0
82,82,22622.0,6,0
83,83,22622.0,6,0
84,84,22622.0,6,0
85,85,22622.0,6,0
86,86,22621.0,7,0
87,87,22621.0,7,0
88,88,22621.0,7,0
89,89,22620.0,8,0
90,90,22620.0,8,0
91,91,22620.0,8,0
92,92,22619.0,9,0
93,93,22618.0,10,0
94,94,22618.0,10,0
95,95,22618.0,10,0
96,96,22617.0,11,0
97,97,22617.0,11,0
98,98,22617.0,11,0
99,99,22617.0,11,0
100,100,22615.0,13,0
101,101,22614.0,14,0
102,102,22614.0,14,0
103,103,22614.0,14,0
104,104,22612.0,16,0
105,105,22612.0,16,0
106,106,22608.0,20,0
107,107,22608.0,20,0
108,108,22607.0,21,0
109,109,22607.0,21,0
110,110,22607.0,21,0
111,111,22607.0,21,0
112,112,22607.0,21,0
113,113,22607.0,21,0
114,114,22606.0,22,0
115,115,22606.0,22,0
116,116,22606.0,22,0
117,117,22604.0,24,0
118,118,22600.0,28,0
119,119,22599.0,29,0
120,120,22595.0,33,0
121,121,22592.0,36,0
122,122,22590.0,38,0
123,123,22590.0,38,0
124,124,22589.0,39,0
125,125,22587.0,41,0
126,126,22587.0,41,0
127,127,22587.0,41,0
128,128,22587.0,41,0
