,Days,S,I,D
0,0,46511.0,0,0
1,1,46511.0,0,0
2,2,46511.0,0,0
3,3,46511.0,0,0
4,4,46511.0,0,0
5,5,46511.0,0,0
6,6,46511.0,0,0
7,7,46511.0,0,0
8,8,46511.0,0,0
9,9,46511.0,0,0
10,10,46511.0,0,0
11,11,46511.0,0,0
12,12,46511.0,0,0
13,13,46511.0,0,0
14,14,46511.0,0,0
15,15,46511.0,0,0
16,16,46511.0,0,0
17,17,46511.0,0,0
18,18,46511.0,0,0
19,19,46511.0,0,0
20,20,46511.0,0,0
21,21,46511.0,0,0
22,22,46511.0,0,0
23,23,46511.0,0,0
24,24,46511.0,0,0
25,25,46511.0,0,0
26,26,46511.0,0,0
27,27,46511.0,0,0
28,28,46511.0,0,0
29,29,46511.0,0,0
30,30,46511.0,0,0
31,31,46511.0,0,0
32,32,46511.0,0,0
33,33,46511.0,0,0
34,34,46511.0,0,0
35,35,46511.0,0,0
36,36,46511.0,0,0
37,37,46511.0,0,0
38,38,46511.0,0,0
39,39,46511.0,0,0
40,40,46511.0,0,0
41,41,46511.0,0,0
42,42,46511.0,0,0
43,43,46511.0,0,0
44,44,46511.0,0,0
45,45,46511.0,0,0
46,46,46511.0,0,0
47,47,46511.0,0,0
48,48,46511.0,0,0
49,49,46511.0,0,0
50,50,46511.0,0,0
51,51,46511.0,0,0
52,52,46511.0,0,0
53,53,46511.0,0,0
54,54,46511.0,0,0
55,55,46511.0,0,0
56,56,46511.0,0,0
57,57,46511.0,0,0
58,58,46511.0,0,0
59,59,46511.0,0,0
60,60,46511.0,0,0
61,61,46511.0,0,0
62,62,46510.0,1,0
63,63,46510.0,1,0
64,64,46509.0,2,0
65,65,46509.0,2,0
66,66,46509.0,2,0
67,67,46509.0,2,0
68,68,46509.0,2,0
69,69,46509.0,2,0
70,70,46508.0,3,0
71,71,46508.0,3,0
72,72,46508.0,3,0
73,73,46507.0,4,0
74,74,46507.0,4,0
75,75,46507.0,4,0
76,76,46506.0,5,0
77,77,46505.0,6,0
78,78,46504.0,7,0
79,79,46504.0,7,0
80,80,46503.0,8,0
81,81,46503.0,8,0
82,82,46501.0,10,0
83,83,46501.0,10,0
84,84,46499.0,12,0
85,85,46497.0,14,0
86,86,46496.0,15,0
87,87,46495.0,16,0
88,88,46492.0,19,0
89,89,46491.0,20,0
90,90,46488.0,23,0
91,91,46483.0,28,0
92,92,46483.0,28,0
93,93,46481.0,30,0
94,94,46481.0,30,0
95,95,46481.0,30,0
96,96,46481.0,30,0
97,97,46480.0,31,0
98,98,46480.0,31,0
99,99,46478.0,33,0
100,100,46478.0,33,0
101,101,46477.0,34,0
102,102,46477.0,34,0
103,103,46477.0,34,0
104,104,46476.0,35,0
105,105,46474.0,37,0
106,106,46473.0,38,0
107,107,46473.0,38,0
108,108,46471.0,40,0
109,109,46467.0,44,0
110,110,46466.0,45,0
111,111,46461.0,50,0
112,112,46461.0,50,0
113,113,46449.0,62,0
114,114,46442.0,69,0
115,115,46439.0,72,0
116,116,46436.0,75,0
117,117,46433.0,78,0
118,118,46414.0,97,0
119,119,46409.0,102,0
120,120,46388.0,123,0
121,121,46380.0,131,0
122,122,46368.0,143,0
123,123,46342.0,169,0
124,124,46325.0,186,0
125,125,46324.0,187,0
126,126,46323.0,188,0
127,127,46286.0,225,0
128,128,46249.0,262,0
