,Days,S,I,D
0,0,41619.0,0,0
1,1,41619.0,0,0
2,2,41619.0,0,0
3,3,41619.0,0,0
4,4,41619.0,0,0
5,5,41619.0,0,0
6,6,41619.0,0,0
7,7,41619.0,0,0
8,8,41619.0,0,0
9,9,41619.0,0,0
10,10,41619.0,0,0
11,11,41619.0,0,0
12,12,41619.0,0,0
13,13,41619.0,0,0
14,14,41619.0,0,0
15,15,41619.0,0,0
16,16,41619.0,0,0
17,17,41619.0,0,0
18,18,41619.0,0,0
19,19,41619.0,0,0
20,20,41619.0,0,0
21,21,41619.0,0,0
22,22,41619.0,0,0
23,23,41619.0,0,0
24,24,41619.0,0,0
25,25,41619.0,0,0
26,26,41619.0,0,0
27,27,41619.0,0,0
28,28,41619.0,0,0
29,29,41619.0,0,0
30,30,41619.0,0,0
31,31,41619.0,0,0
32,32,41619.0,0,0
33,33,41619.0,0,0
34,34,41619.0,0,0
35,35,41619.0,0,0
36,36,41619.0,0,0
37,37,41619.0,0,0
38,38,41619.0,0,0
39,39,41619.0,0,0
40,40,41619.0,0,0
41,41,41619.0,0,0
42,42,41619.0,0,0
43,43,41619.0,0,0
44,44,41619.0,0,0
45,45,41619.0,0,0
46,46,41619.0,0,0
47,47,41619.0,0,0
48,48,41619.0,0,0
49,49,41619.0,0,0
50,50,41619.0,0,0
51,51,41619.0,0,0
52,52,41619.0,0,0
53,53,41619.0,0,0
54,54,41619.0,0,0
55,55,41619.0,0,0
56,56,41619.0,0,0
57,57,41619.0,0,0
58,58,41619.0,0,0
59,59,41619.0,0,0
60,60,41619.0,0,0
61,61,41619.0,0,0
62,62,41619.0,0,0
63,63,41619.0,0,0
64,64,41619.0,0,0
65,65,41618.0,1,0
66,66,41618.0,1,0
67,67,41618.0,1,0
68,68,41617.0,2,0
69,69,41616.0,3,0
70,70,41616.0,3,0
71,71,41616.0,3,0
72,72,41616.0,3,0
73,73,41616.0,3,0
74,74,41616.0,3,0
75,75,41616.0,3,0
76,76,41614.0,5,0
77,77,41615.0,4,0
78,78,41615.0,4,0
79,79,41615.0,4,0
80,80,41615.0,4,0
81,81,41615.0,4,0
82,82,41615.0,4,0
83,83,41615.0,4,0
84,84,41615.0,4,0
85,85,41615.0,4,0
86,86,41615.0,4,0
87,87,41614.0,5,0
88,88,41614.0,5,0
89,89,41614.0,5,0
90,90,41614.0,5,0
91,91,41614.0,5,0
92,92,41614.0,5,0
93,93,41614.0,5,0
94,94,41614.0,5,0
95,95,41614.0,5,0
96,96,41614.0,5,0
97,97,41614.0,5,0
98,98,41614.0,5,0
99,99,41614.0,5,0
100,100,41614.0,5,0
101,101,41614.0,5,0
102,102,41614.0,5,0
103,103,41614.0,5,0
104,104,41614.0,5,0
105,105,41614.0,5,0
106,106,41614.0,5,0
107,107,41614.0,5,0
108,108,41614.0,5,0
109,109,41614.0,5,0
110,110,41614.0,5,0
111,111,41614.0,5,0
112,112,41614.0,5,0
113,113,41613.0,6,0
114,114,41613.0,6,0
115,115,41613.0,6,0
116,116,41613.0,6,0
117,117,41613.0,6,0
118,118,41613.0,6,0
119,119,41613.0,6,0
120,120,41613.0,6,0
121,121,41613.0,6,0
122,122,41613.0,6,0
123,123,41613.0,6,0
124,124,41612.0,7,0
125,125,41611.0,8,0
126,126,41611.0,8,0
127,127,41610.0,9,0
128,128,41610.0,9,0
