,Days,S,I,D
0,0,18339.0,0,0
1,1,18339.0,0,0
2,2,18339.0,0,0
3,3,18339.0,0,0
4,4,18339.0,0,0
5,5,18339.0,0,0
6,6,18339.0,0,0
7,7,18339.0,0,0
8,8,18339.0,0,0
9,9,18339.0,0,0
10,10,18339.0,0,0
11,11,18339.0,0,0
12,12,18339.0,0,0
13,13,18339.0,0,0
14,14,18339.0,0,0
15,15,18339.0,0,0
16,16,18339.0,0,0
17,17,18339.0,0,0
18,18,18339.0,0,0
19,19,18339.0,0,0
20,20,18339.0,0,0
21,21,18339.0,0,0
22,22,18339.0,0,0
23,23,18339.0,0,0
24,24,18339.0,0,0
25,25,18339.0,0,0
26,26,18339.0,0,0
27,27,18339.0,0,0
28,28,18339.0,0,0
29,29,18339.0,0,0
30,30,18339.0,0,0
31,31,18339.0,0,0
32,32,18339.0,0,0
33,33,18339.0,0,0
34,34,18339.0,0,0
35,35,18339.0,0,0
36,36,18339.0,0,0
37,37,18339.0,0,0
38,38,18339.0,0,0
39,39,18339.0,0,0
40,40,18339.0,0,0
41,41,18339.0,0,0
42,42,18339.0,0,0
43,43,18339.0,0,0
44,44,18339.0,0,0
45,45,18339.0,0,0
46,46,18339.0,0,0
47,47,18339.0,0,0
48,48,18339.0,0,0
49,49,18339.0,0,0
50,50,18339.0,0,0
51,51,18339.0,0,0
52,52,18339.0,0,0
53,53,18339.0,0,0
54,54,18339.0,0,0
55,55,18339.0,0,0
56,56,18339.0,0,0
57,57,18339.0,0,0
58,58,18339.0,0,0
59,59,18339.0,0,0
60,60,18339.0,0,0
61,61,18339.0,0,0
62,62,18339.0,0,0
63,63,18339.0,0,0
64,64,18338.0,1,0
65,65,18338.0,1,0
66,66,18338.0,1,0
67,67,18338.0,1,0
68,68,18338.0,1,0
69,69,18338.0,1,0
70,70,18338.0,1,0
71,71,18338.0,1,0
72,72,18338.0,1,0
73,73,18338.0,1,0
74,74,18338.0,1,0
75,75,18338.0,1,0
76,76,18338.0,1,0
77,77,18338.0,1,0
78,78,18338.0,1,0
79,79,18338.0,1,0
80,80,18338.0,1,0
81,81,18338.0,1,0
82,82,18338.0,1,0
83,83,18338.0,1,0
84,84,18338.0,1,0
85,85,18338.0,1,0
86,86,18338.0,1,0
87,87,18338.0,1,0
88,88,18338.0,1,0
89,89,18338.0,1,0
90,90,18338.0,1,0
91,91,18337.0,2,0
92,92,18337.0,2,0
93,93,18336.0,3,0
94,94,18336.0,3,0
95,95,18336.0,3,0
96,96,18336.0,3,0
97,97,18336.0,3,0
98,98,18336.0,3,0
99,99,18336.0,3,0
100,100,18336.0,3,0
101,101,18336.0,3,0
102,102,18336.0,3,0
103,103,18336.0,3,0
104,104,18336.0,3,0
105,105,18336.0,3,0
106,106,18336.0,3,0
107,107,18336.0,3,0
108,108,18336.0,3,0
109,109,18336.0,3,0
110,110,18336.0,3,0
111,111,18336.0,3,0
112,112,18336.0,3,0
113,113,18336.0,3,0
114,114,18336.0,3,0
115,115,18336.0,3,0
116,116,18336.0,3,0
117,117,18336.0,3,0
118,118,18336.0,3,0
119,119,18335.0,4,0
120,120,18335.0,4,0
121,121,18335.0,4,0
122,122,18335.0,4,0
123,123,18333.0,6,0
124,124,18333.0,6,0
125,125,18333.0,6,0
126,126,18333.0,6,0
127,127,18333.0,6,0
128,128,18333.0,6,0
