,Days,S,I,D
0,0,31729.0,0,0
1,1,31729.0,0,0
2,2,31729.0,0,0
3,3,31729.0,0,0
4,4,31729.0,0,0
5,5,31729.0,0,0
6,6,31729.0,0,0
7,7,31729.0,0,0
8,8,31729.0,0,0
9,9,31729.0,0,0
10,10,31729.0,0,0
11,11,31729.0,0,0
12,12,31729.0,0,0
13,13,31729.0,0,0
14,14,31729.0,0,0
15,15,31729.0,0,0
16,16,31729.0,0,0
17,17,31729.0,0,0
18,18,31729.0,0,0
19,19,31729.0,0,0
20,20,31729.0,0,0
21,21,31729.0,0,0
22,22,31729.0,0,0
23,23,31729.0,0,0
24,24,31729.0,0,0
25,25,31729.0,0,0
26,26,31729.0,0,0
27,27,31729.0,0,0
28,28,31729.0,0,0
29,29,31729.0,0,0
30,30,31729.0,0,0
31,31,31729.0,0,0
32,32,31729.0,0,0
33,33,31729.0,0,0
34,34,31729.0,0,0
35,35,31729.0,0,0
36,36,31729.0,0,0
37,37,31729.0,0,0
38,38,31729.0,0,0
39,39,31729.0,0,0
40,40,31729.0,0,0
41,41,31729.0,0,0
42,42,31729.0,0,0
43,43,31729.0,0,0
44,44,31729.0,0,0
45,45,31728.0,1,0
46,46,31728.0,1,0
47,47,31728.0,1,0
48,48,31728.0,1,0
49,49,31728.0,1,0
50,50,31728.0,1,0
51,51,31728.0,1,0
52,52,31728.0,1,0
53,53,31726.0,3,0
54,54,31726.0,3,0
55,55,31726.0,3,0
56,56,31725.0,4,0
57,57,31725.0,4,0
58,58,31725.0,4,0
59,59,31725.0,4,0
60,60,31723.0,6,0
61,61,31722.0,7,0
62,62,31721.0,8,0
63,63,31718.0,11,0
64,64,31718.0,11,0
65,65,31718.0,11,0
66,66,31716.0,13,0
67,67,31715.0,14,0
68,68,31715.0,14,0
69,69,31712.0,17,0
70,70,31712.0,17,0
71,71,31710.0,19,0
72,72,31710.0,19,0
73,73,31709.0,20,0
74,74,31707.0,22,0
75,75,31704.0,25,0
76,76,31702.0,27,0
77,77,31702.0,27,0
78,78,31701.0,28,0
79,79,31701.0,28,0
80,80,31701.0,28,0
81,81,31701.0,28,0
82,82,31701.0,28,0
83,83,31701.0,28,0
84,84,31701.0,28,0
85,85,31701.0,28,0
86,86,31701.0,28,0
87,87,31701.0,28,0
88,88,31701.0,28,0
89,89,31701.0,28,0
90,90,31701.0,28,0
91,91,31701.0,28,0
92,92,31701.0,28,0
93,93,31701.0,28,0
94,94,31701.0,28,0
95,95,31701.0,28,0
96,96,31701.0,28,0
97,97,31701.0,28,0
98,98,31701.0,28,0
99,99,31701.0,28,0
100,100,31701.0,28,0
101,101,31701.0,28,0
102,102,31701.0,28,0
103,103,31701.0,28,0
104,104,31701.0,28,0
105,105,31701.0,28,0
106,106,31701.0,28,0
107,107,31701.0,28,0
108,108,31700.0,29,0
109,109,31700.0,29,0
110,110,31700.0,29,0
111,111,31700.0,29,0
112,112,31700.0,29,0
113,113,31700.0,29,0
114,114,31700.0,29,0
115,115,31699.0,30,0
116,116,31699.0,30,0
117,117,31699.0,30,0
118,118,31699.0,30,0
119,119,31699.0,30,0
120,120,31699.0,30,0
121,121,31699.0,30,0
122,122,31699.0,30,0
123,123,31699.0,30,0
124,124,31699.0,30,0
125,125,31699.0,30,0
126,126,31699.0,30,0
127,127,31699.0,30,0
128,128,31699.0,30,0
