,Days,S,I,D
0,0,93224.0,0,0
1,1,93224.0,0,0
2,2,93224.0,0,0
3,3,93224.0,0,0
4,4,93224.0,0,0
5,5,93224.0,0,0
6,6,93224.0,0,0
7,7,93224.0,0,0
8,8,93224.0,0,0
9,9,93224.0,0,0
10,10,93224.0,0,0
11,11,93224.0,0,0
12,12,93224.0,0,0
13,13,93224.0,0,0
14,14,93224.0,0,0
15,15,93224.0,0,0
16,16,93224.0,0,0
17,17,93224.0,0,0
18,18,93224.0,0,0
19,19,93224.0,0,0
20,20,93224.0,0,0
21,21,93224.0,0,0
22,22,93224.0,0,0
23,23,93224.0,0,0
24,24,93224.0,0,0
25,25,93224.0,0,0
26,26,93224.0,0,0
27,27,93224.0,0,0
28,28,93224.0,0,0
29,29,93224.0,0,0
30,30,93224.0,0,0
31,31,93224.0,0,0
32,32,93224.0,0,0
33,33,93224.0,0,0
34,34,93224.0,0,0
35,35,93224.0,0,0
36,36,93224.0,0,0
37,37,93224.0,0,0
38,38,93224.0,0,0
39,39,93224.0,0,0
40,40,93224.0,0,0
41,41,93224.0,0,0
42,42,93224.0,0,0
43,43,93224.0,0,0
44,44,93224.0,0,0
45,45,93224.0,0,0
46,46,93224.0,0,0
47,47,93224.0,0,0
48,48,93224.0,0,0
49,49,93224.0,0,0
50,50,93224.0,0,0
51,51,93224.0,0,0
52,52,93224.0,0,0
53,53,93224.0,0,0
54,54,93224.0,0,0
55,55,93224.0,0,0
56,56,93224.0,0,0
57,57,93224.0,0,0
58,58,93224.0,0,0
59,59,93224.0,0,0
60,60,93224.0,0,0
61,61,93224.0,0,0
62,62,93224.0,0,0
63,63,93224.0,0,0
64,64,93224.0,0,0
65,65,93224.0,0,0
66,66,93224.0,0,0
67,67,93223.0,1,0
68,68,93223.0,1,0
69,69,93223.0,1,0
70,70,93223.0,1,0
71,71,93221.0,3,0
72,72,93219.0,5,0
73,73,93219.0,5,0
74,74,93219.0,5,0
75,75,93217.0,7,0
76,76,93213.0,11,0
77,77,93211.0,13,0
78,78,93207.0,17,0
79,79,93203.0,21,0
80,80,93202.0,22,0
81,81,93201.0,23,0
82,82,93200.0,24,0
83,83,93198.0,26,0
84,84,93198.0,26,0
85,85,93198.0,26,0
86,86,93196.0,28,0
87,87,93194.0,30,0
88,88,93190.0,34,0
89,89,93190.0,34,0
90,90,93190.0,34,0
91,91,93189.0,35,0
92,92,93186.0,38,0
93,93,93186.0,38,0
94,94,93186.0,38,0
95,95,93184.0,40,0
96,96,93184.0,40,0
97,97,93183.0,41,0
98,98,93182.0,42,0
99,99,93182.0,42,0
100,100,93181.0,43,0
101,101,93180.0,44,0
102,102,93180.0,44,0
103,103,93180.0,44,0
104,104,93180.0,44,0
105,105,93177.0,47,0
106,106,93176.0,48,0
107,107,93176.0,48,0
108,108,93172.0,52,0
109,109,93172.0,52,0
110,110,93172.0,52,0
111,111,93172.0,52,0
112,112,93172.0,52,0
113,113,93171.0,53,0
114,114,93169.0,55,0
115,115,93169.0,55,0
116,116,93169.0,55,0
117,117,93169.0,55,0
118,118,93169.0,55,0
119,119,93169.0,55,0
120,120,93169.0,55,0
121,121,93168.0,56,0
122,122,93165.0,59,0
123,123,93165.0,59,0
124,124,93165.0,59,0
125,125,93165.0,59,0
126,126,93165.0,59,0
127,127,93164.0,60,0
128,128,93163.0,61,0
