,Days,S,I,D
0,0,14089.0,0,0
1,1,14089.0,0,0
2,2,14089.0,0,0
3,3,14089.0,0,0
4,4,14089.0,0,0
5,5,14089.0,0,0
6,6,14089.0,0,0
7,7,14089.0,0,0
8,8,14089.0,0,0
9,9,14089.0,0,0
10,10,14089.0,0,0
11,11,14089.0,0,0
12,12,14089.0,0,0
13,13,14089.0,0,0
14,14,14089.0,0,0
15,15,14089.0,0,0
16,16,14089.0,0,0
17,17,14089.0,0,0
18,18,14089.0,0,0
19,19,14089.0,0,0
20,20,14089.0,0,0
21,21,14089.0,0,0
22,22,14089.0,0,0
23,23,14089.0,0,0
24,24,14089.0,0,0
25,25,14089.0,0,0
26,26,14089.0,0,0
27,27,14089.0,0,0
28,28,14089.0,0,0
29,29,14089.0,0,0
30,30,14089.0,0,0
31,31,14089.0,0,0
32,32,14089.0,0,0
33,33,14089.0,0,0
34,34,14089.0,0,0
35,35,14089.0,0,0
36,36,14089.0,0,0
37,37,14089.0,0,0
38,38,14089.0,0,0
39,39,14089.0,0,0
40,40,14089.0,0,0
41,41,14089.0,0,0
42,42,14089.0,0,0
43,43,14089.0,0,0
44,44,14089.0,0,0
45,45,14089.0,0,0
46,46,14089.0,0,0
47,47,14089.0,0,0
48,48,14089.0,0,0
49,49,14089.0,0,0
50,50,14089.0,0,0
51,51,14089.0,0,0
52,52,14089.0,0,0
53,53,14089.0,0,0
54,54,14089.0,0,0
55,55,14089.0,0,0
56,56,14089.0,0,0
57,57,14089.0,0,0
58,58,14089.0,0,0
59,59,14089.0,0,0
60,60,14089.0,0,0
61,61,14089.0,0,0
62,62,14089.0,0,0
63,63,14089.0,0,0
64,64,14089.0,0,0
65,65,14089.0,0,0
66,66,14089.0,0,0
67,67,14089.0,0,0
68,68,14089.0,0,0
69,69,14089.0,0,0
70,70,14089.0,0,0
71,71,14089.0,0,0
72,72,14089.0,0,0
73,73,14089.0,0,0
74,74,14089.0,0,0
75,75,14089.0,0,0
76,76,14089.0,0,0
77,77,14088.0,1,0
78,78,14088.0,1,0
79,79,14088.0,1,0
80,80,14088.0,1,0
81,81,14088.0,1,0
82,82,14088.0,1,0
83,83,14088.0,1,0
84,84,14088.0,1,0
85,85,14088.0,1,0
86,86,14088.0,1,0
87,87,14088.0,1,0
88,88,14088.0,1,0
89,89,14088.0,1,0
90,90,14088.0,1,0
91,91,14088.0,1,0
92,92,14088.0,1,0
93,93,14088.0,1,0
94,94,14087.0,2,0
95,95,14087.0,2,0
96,96,14087.0,2,0
97,97,14087.0,2,0
98,98,14087.0,2,0
99,99,14087.0,2,0
100,100,14087.0,2,0
101,101,14087.0,2,0
102,102,14087.0,2,0
103,103,14087.0,2,0
104,104,14087.0,2,0
105,105,14087.0,2,0
106,106,14087.0,2,0
107,107,14087.0,2,0
108,108,14087.0,2,0
109,109,14087.0,2,0
110,110,14087.0,2,0
111,111,14087.0,2,0
112,112,14087.0,2,0
113,113,14087.0,2,0
114,114,14087.0,2,0
115,115,14087.0,2,0
116,116,14087.0,2,0
117,117,14087.0,2,0
118,118,14087.0,2,0
119,119,14087.0,2,0
120,120,14087.0,2,0
121,121,14087.0,2,0
122,122,14087.0,2,0
123,123,14087.0,2,0
124,124,14087.0,2,0
125,125,14087.0,2,0
126,126,14087.0,2,0
127,127,14087.0,2,0
128,128,14087.0,2,0
