,Days,S,I,D
0,0,21951.0,0,0
1,1,21951.0,0,0
2,2,21951.0,0,0
3,3,21951.0,0,0
4,4,21951.0,0,0
5,5,21951.0,0,0
6,6,21951.0,0,0
7,7,21951.0,0,0
8,8,21951.0,0,0
9,9,21951.0,0,0
10,10,21951.0,0,0
11,11,21951.0,0,0
12,12,21951.0,0,0
13,13,21951.0,0,0
14,14,21951.0,0,0
15,15,21951.0,0,0
16,16,21951.0,0,0
17,17,21951.0,0,0
18,18,21951.0,0,0
19,19,21951.0,0,0
20,20,21951.0,0,0
21,21,21951.0,0,0
22,22,21951.0,0,0
23,23,21951.0,0,0
24,24,21951.0,0,0
25,25,21951.0,0,0
26,26,21951.0,0,0
27,27,21951.0,0,0
28,28,21951.0,0,0
29,29,21951.0,0,0
30,30,21951.0,0,0
31,31,21951.0,0,0
32,32,21951.0,0,0
33,33,21951.0,0,0
34,34,21951.0,0,0
35,35,21951.0,0,0
36,36,21951.0,0,0
37,37,21951.0,0,0
38,38,21951.0,0,0
39,39,21951.0,0,0
40,40,21951.0,0,0
41,41,21951.0,0,0
42,42,21951.0,0,0
43,43,21951.0,0,0
44,44,21951.0,0,0
45,45,21951.0,0,0
46,46,21951.0,0,0
47,47,21951.0,0,0
48,48,21951.0,0,0
49,49,21951.0,0,0
50,50,21951.0,0,0
51,51,21951.0,0,0
52,52,21951.0,0,0
53,53,21951.0,0,0
54,54,21951.0,0,0
55,55,21951.0,0,0
56,56,21951.0,0,0
57,57,21951.0,0,0
58,58,21951.0,0,0
59,59,21951.0,0,0
60,60,21951.0,0,0
61,61,21951.0,0,0
62,62,21951.0,0,0
63,63,21951.0,0,0
64,64,21951.0,0,0
65,65,21951.0,0,0
66,66,21951.0,0,0
67,67,21951.0,0,0
68,68,21951.0,0,0
69,69,21951.0,0,0
70,70,21951.0,0,0
71,71,21951.0,0,0
72,72,21951.0,0,0
73,73,21951.0,0,0
74,74,21951.0,0,0
75,75,21951.0,0,0
76,76,21951.0,0,0
77,77,21950.0,1,0
78,78,21950.0,1,0
79,79,21950.0,1,0
80,80,21950.0,1,0
81,81,21950.0,1,0
82,82,21950.0,1,0
83,83,21950.0,1,0
84,84,21950.0,1,0
85,85,21949.0,2,0
86,86,21949.0,2,0
87,87,21949.0,2,0
88,88,21949.0,2,0
89,89,21949.0,2,0
90,90,21949.0,2,0
91,91,21949.0,2,0
92,92,21949.0,2,0
93,93,21949.0,2,0
94,94,21949.0,2,0
95,95,21949.0,2,0
96,96,21949.0,2,0
97,97,21949.0,2,0
98,98,21948.0,3,0
99,99,21948.0,3,0
100,100,21945.0,6,0
101,101,21945.0,6,0
102,102,21945.0,6,0
103,103,21945.0,6,0
104,104,21945.0,6,0
105,105,21945.0,6,0
106,106,21945.0,6,0
107,107,21943.0,8,0
108,108,21943.0,8,0
109,109,21942.0,9,0
110,110,21942.0,9,0
111,111,21942.0,9,0
112,112,21942.0,9,0
113,113,21942.0,9,0
114,114,21942.0,9,0
115,115,21942.0,9,0
116,116,21942.0,9,0
117,117,21942.0,9,0
118,118,21942.0,9,0
119,119,21942.0,9,0
120,120,21942.0,9,0
121,121,21942.0,9,0
122,122,21942.0,9,0
123,123,21942.0,9,0
124,124,21942.0,9,0
125,125,21942.0,9,0
126,126,21942.0,9,0
127,127,21942.0,9,0
128,128,21942.0,9,0
