,Days,S,I,D
0,0,2059.0,0,0
1,1,2059.0,0,0
2,2,2059.0,0,0
3,3,2059.0,0,0
4,4,2059.0,0,0
5,5,2059.0,0,0
6,6,2059.0,0,0
7,7,2059.0,0,0
8,8,2059.0,0,0
9,9,2059.0,0,0
10,10,2059.0,0,0
11,11,2059.0,0,0
12,12,2059.0,0,0
13,13,2059.0,0,0
14,14,2059.0,0,0
15,15,2059.0,0,0
16,16,2059.0,0,0
17,17,2059.0,0,0
18,18,2059.0,0,0
19,19,2059.0,0,0
20,20,2059.0,0,0
21,21,2059.0,0,0
22,22,2059.0,0,0
23,23,2059.0,0,0
24,24,2059.0,0,0
25,25,2059.0,0,0
26,26,2059.0,0,0
27,27,2059.0,0,0
28,28,2059.0,0,0
29,29,2059.0,0,0
30,30,2059.0,0,0
31,31,2059.0,0,0
32,32,2059.0,0,0
33,33,2059.0,0,0
34,34,2059.0,0,0
35,35,2059.0,0,0
36,36,2059.0,0,0
37,37,2059.0,0,0
38,38,2059.0,0,0
39,39,2059.0,0,0
40,40,2059.0,0,0
41,41,2059.0,0,0
42,42,2059.0,0,0
43,43,2059.0,0,0
44,44,2059.0,0,0
45,45,2059.0,0,0
46,46,2059.0,0,0
47,47,2059.0,0,0
48,48,2059.0,0,0
49,49,2059.0,0,0
50,50,2059.0,0,0
51,51,2059.0,0,0
52,52,2059.0,0,0
53,53,2059.0,0,0
54,54,2059.0,0,0
55,55,2059.0,0,0
56,56,2059.0,0,0
57,57,2059.0,0,0
58,58,2059.0,0,0
59,59,2059.0,0,0
60,60,2059.0,0,0
61,61,2059.0,0,0
62,62,2059.0,0,0
63,63,2059.0,0,0
64,64,2059.0,0,0
65,65,2059.0,0,0
66,66,2059.0,0,0
67,67,2059.0,0,0
68,68,2059.0,0,0
69,69,2059.0,0,0
70,70,2059.0,0,0
71,71,2059.0,0,0
72,72,2059.0,0,0
73,73,2059.0,0,0
74,74,2059.0,0,0
75,75,2059.0,0,0
76,76,2059.0,0,0
77,77,2059.0,0,0
78,78,2059.0,0,0
79,79,2059.0,0,0
80,80,2059.0,0,0
81,81,2059.0,0,0
82,82,2059.0,0,0
83,83,2059.0,0,0
84,84,2059.0,0,0
85,85,2059.0,0,0
86,86,2059.0,0,0
87,87,2059.0,0,0
88,88,2059.0,0,0
89,89,2059.0,0,0
90,90,2059.0,0,0
91,91,2059.0,0,0
92,92,2059.0,0,0
93,93,2059.0,0,0
94,94,2059.0,0,0
95,95,2059.0,0,0
96,96,2059.0,0,0
97,97,2059.0,0,0
98,98,2059.0,0,0
99,99,2059.0,0,0
100,100,2059.0,0,0
101,101,2059.0,0,0
102,102,2059.0,0,0
103,103,2059.0,0,0
104,104,2059.0,0,0
105,105,2059.0,0,0
106,106,2059.0,0,0
107,107,2059.0,0,0
108,108,2059.0,0,0
109,109,2059.0,0,0
110,110,2059.0,0,0
111,111,2059.0,0,0
112,112,2059.0,0,0
113,113,2059.0,0,0
114,114,2059.0,0,0
115,115,2059.0,0,0
116,116,2059.0,0,0
117,117,2059.0,0,0
118,118,2059.0,0,0
119,119,2059.0,0,0
120,120,2059.0,0,0
121,121,2059.0,0,0
122,122,2059.0,0,0
123,123,2059.0,0,0
124,124,2059.0,0,0
125,125,2059.0,0,0
126,126,2059.0,0,0
127,127,2059.0,0,0
128,128,2059.0,0,0
