,Days,S,I,D
0,0,129641.0,0,0
1,1,129641.0,0,0
2,2,129641.0,0,0
3,3,129641.0,0,0
4,4,129641.0,0,0
5,5,129641.0,0,0
6,6,129641.0,0,0
7,7,129641.0,0,0
8,8,129641.0,0,0
9,9,129641.0,0,0
10,10,129641.0,0,0
11,11,129641.0,0,0
12,12,129641.0,0,0
13,13,129641.0,0,0
14,14,129641.0,0,0
15,15,129641.0,0,0
16,16,129641.0,0,0
17,17,129641.0,0,0
18,18,129641.0,0,0
19,19,129641.0,0,0
20,20,129641.0,0,0
21,21,129641.0,0,0
22,22,129641.0,0,0
23,23,129641.0,0,0
24,24,129641.0,0,0
25,25,129641.0,0,0
26,26,129641.0,0,0
27,27,129641.0,0,0
28,28,129641.0,0,0
29,29,129641.0,0,0
30,30,129641.0,0,0
31,31,129641.0,0,0
32,32,129641.0,0,0
33,33,129641.0,0,0
34,34,129641.0,0,0
35,35,129641.0,0,0
36,36,129641.0,0,0
37,37,129641.0,0,0
38,38,129641.0,0,0
39,39,129641.0,0,0
40,40,129641.0,0,0
41,41,129641.0,0,0
42,42,129641.0,0,0
43,43,129641.0,0,0
44,44,129641.0,0,0
45,45,129641.0,0,0
46,46,129641.0,0,0
47,47,129641.0,0,0
48,48,129641.0,0,0
49,49,129641.0,0,0
50,50,129641.0,0,0
51,51,129641.0,0,0
52,52,129641.0,0,0
53,53,129641.0,0,0
54,54,129641.0,0,0
55,55,129641.0,0,0
56,56,129641.0,0,0
57,57,129640.0,1,0
58,58,129640.0,1,0
59,59,129640.0,1,0
60,60,129639.0,2,0
61,61,129638.0,3,0
62,62,129638.0,3,0
63,63,129637.0,4,0
64,64,129634.0,7,0
65,65,129634.0,7,0
66,66,129628.0,12,1
67,67,129622.0,18,1
68,68,129611.0,29,1
69,69,129602.0,38,1
70,70,129593.0,46,2
71,71,129576.0,62,3
72,72,129567.0,67,7
73,73,129560.0,72,9
74,74,129546.0,86,9
75,75,129531.0,101,9
76,76,129493.0,137,11
77,77,129487.0,143,11
78,78,129484.0,146,11
79,79,129424.0,204,13
80,80,129393.0,235,13
81,81,129373.0,254,14
82,82,129366.0,261,14
83,83,129362.0,263,16
84,84,129344.0,273,24
85,85,129334.0,283,24
86,86,129308.0,305,28
87,87,129288.0,323,30
88,88,129277.0,332,32
89,89,129269.0,340,32
90,90,129261.0,346,34
91,91,129256.0,351,34
92,92,129256.0,351,34
93,93,129228.0,379,34
94,94,129212.0,395,34
95,95,129213.0,394,34
96,96,129211.0,396,34
97,97,129206.0,401,34
98,98,129184.0,409,48
99,99,129173.0,420,48
100,100,129164.0,428,49
101,101,129155.0,434,52
102,102,129150.0,439,52
103,103,129138.0,450,53
104,104,129134.0,452,55
105,105,129123.0,462,56
106,106,129111.0,474,56
107,107,129106.0,479,56
108,108,129088.0,497,56
109,109,129081.0,503,57
110,110,129075.0,509,57
111,111,129072.0,512,57
112,112,129057.0,527,57
113,113,129057.0,527,57
114,114,129049.0,535,57
115,115,129046.0,538,57
116,116,129041.0,543,57
117,117,129033.0,551,57
118,118,129031.0,553,57
119,119,129016.0,568,57
120,120,129011.0,573,57
121,121,129008.0,576,57
122,122,129007.0,576,58
123,123,129003.0,580,58
124,124,129001.0,582,58
125,125,129001.0,582,58
126,126,129000.0,582,59
127,127,128998.0,584,59
128,128,128997.0,585,59
