,Days,S,I,D
0,0,17128.0,0,0
1,1,17128.0,0,0
2,2,17128.0,0,0
3,3,17128.0,0,0
4,4,17128.0,0,0
5,5,17128.0,0,0
6,6,17128.0,0,0
7,7,17128.0,0,0
8,8,17128.0,0,0
9,9,17128.0,0,0
10,10,17128.0,0,0
11,11,17128.0,0,0
12,12,17128.0,0,0
13,13,17128.0,0,0
14,14,17128.0,0,0
15,15,17128.0,0,0
16,16,17128.0,0,0
17,17,17128.0,0,0
18,18,17128.0,0,0
19,19,17128.0,0,0
20,20,17128.0,0,0
21,21,17128.0,0,0
22,22,17128.0,0,0
23,23,17128.0,0,0
24,24,17128.0,0,0
25,25,17128.0,0,0
26,26,17128.0,0,0
27,27,17128.0,0,0
28,28,17128.0,0,0
29,29,17128.0,0,0
30,30,17128.0,0,0
31,31,17128.0,0,0
32,32,17128.0,0,0
33,33,17128.0,0,0
34,34,17128.0,0,0
35,35,17128.0,0,0
36,36,17128.0,0,0
37,37,17128.0,0,0
38,38,17128.0,0,0
39,39,17128.0,0,0
40,40,17128.0,0,0
41,41,17128.0,0,0
42,42,17128.0,0,0
43,43,17128.0,0,0
44,44,17128.0,0,0
45,45,17128.0,0,0
46,46,17128.0,0,0
47,47,17128.0,0,0
48,48,17128.0,0,0
49,49,17128.0,0,0
50,50,17128.0,0,0
51,51,17128.0,0,0
52,52,17128.0,0,0
53,53,17128.0,0,0
54,54,17128.0,0,0
55,55,17128.0,0,0
56,56,17128.0,0,0
57,57,17128.0,0,0
58,58,17128.0,0,0
59,59,17128.0,0,0
60,60,17127.0,1,0
61,61,17127.0,1,0
62,62,17127.0,1,0
63,63,17126.0,2,0
64,64,17126.0,2,0
65,65,17125.0,3,0
66,66,17125.0,3,0
67,67,17125.0,3,0
68,68,17124.0,4,0
69,69,17124.0,4,0
70,70,17124.0,4,0
71,71,17123.0,5,0
72,72,17122.0,6,0
73,73,17121.0,7,0
74,74,17119.0,9,0
75,75,17119.0,9,0
76,76,17117.0,11,0
77,77,17116.0,12,0
78,78,17116.0,12,0
79,79,17116.0,12,0
80,80,17115.0,13,0
81,81,17115.0,13,0
82,82,17115.0,13,0
83,83,17115.0,13,0
84,84,17115.0,13,0
85,85,17115.0,13,0
86,86,17114.0,14,0
87,87,17114.0,14,0
88,88,17114.0,14,0
89,89,17114.0,14,0
90,90,17114.0,14,0
91,91,17114.0,14,0
92,92,17114.0,14,0
93,93,17114.0,14,0
94,94,17114.0,14,0
95,95,17114.0,14,0
96,96,17114.0,14,0
97,97,17114.0,14,0
98,98,17114.0,14,0
99,99,17114.0,14,0
100,100,17114.0,14,0
101,101,17114.0,14,0
102,102,17114.0,14,0
103,103,17114.0,14,0
104,104,17114.0,14,0
105,105,17114.0,14,0
106,106,17114.0,14,0
107,107,17114.0,14,0
108,108,17113.0,15,0
109,109,17113.0,15,0
110,110,17113.0,15,0
111,111,17113.0,15,0
112,112,17113.0,15,0
113,113,17113.0,15,0
114,114,17113.0,15,0
115,115,17113.0,15,0
116,116,17113.0,15,0
117,117,17113.0,15,0
118,118,17113.0,15,0
119,119,17113.0,15,0
120,120,17113.0,15,0
121,121,17113.0,15,0
122,122,17113.0,15,0
123,123,17113.0,15,0
124,124,17113.0,15,0
125,125,17113.0,15,0
126,126,17113.0,15,0
127,127,17113.0,15,0
128,128,17113.0,15,0
