,Days,S,I,D
0,0,47364.0,0,0
1,1,47364.0,0,0
2,2,47364.0,0,0
3,3,47364.0,0,0
4,4,47364.0,0,0
5,5,47364.0,0,0
6,6,47364.0,0,0
7,7,47364.0,0,0
8,8,47364.0,0,0
9,9,47364.0,0,0
10,10,47364.0,0,0
11,11,47364.0,0,0
12,12,47364.0,0,0
13,13,47364.0,0,0
14,14,47364.0,0,0
15,15,47364.0,0,0
16,16,47364.0,0,0
17,17,47364.0,0,0
18,18,47364.0,0,0
19,19,47364.0,0,0
20,20,47364.0,0,0
21,21,47364.0,0,0
22,22,47364.0,0,0
23,23,47364.0,0,0
24,24,47364.0,0,0
25,25,47364.0,0,0
26,26,47364.0,0,0
27,27,47364.0,0,0
28,28,47364.0,0,0
29,29,47364.0,0,0
30,30,47364.0,0,0
31,31,47364.0,0,0
32,32,47364.0,0,0
33,33,47364.0,0,0
34,34,47364.0,0,0
35,35,47364.0,0,0
36,36,47364.0,0,0
37,37,47364.0,0,0
38,38,47364.0,0,0
39,39,47364.0,0,0
40,40,47364.0,0,0
41,41,47364.0,0,0
42,42,47364.0,0,0
43,43,47364.0,0,0
44,44,47364.0,0,0
45,45,47364.0,0,0
46,46,47363.0,1,0
47,47,47363.0,1,0
48,48,47363.0,1,0
49,49,47363.0,1,0
50,50,47361.0,3,0
51,51,47361.0,3,0
52,52,47361.0,3,0
53,53,47361.0,3,0
54,54,47361.0,3,0
55,55,47361.0,3,0
56,56,47360.0,4,0
57,57,47360.0,4,0
58,58,47360.0,4,0
59,59,47360.0,4,0
60,60,47360.0,4,0
61,61,47359.0,5,0
62,62,47358.0,6,0
63,63,47358.0,6,0
64,64,47357.0,7,0
65,65,47357.0,7,0
66,66,47357.0,7,0
67,67,47357.0,7,0
68,68,47357.0,7,0
69,69,47357.0,7,0
70,70,47357.0,7,0
71,71,47355.0,9,0
72,72,47355.0,9,0
73,73,47355.0,9,0
74,74,47353.0,11,0
75,75,47352.0,12,0
76,76,47351.0,13,0
77,77,47348.0,15,1
78,78,47351.0,13,0
79,79,47351.0,13,0
80,80,47351.0,13,0
81,81,47351.0,13,0
82,82,47350.0,14,0
83,83,47350.0,14,0
84,84,47350.0,14,0
85,85,47350.0,14,0
86,86,47350.0,14,0
87,87,47350.0,14,0
88,88,47350.0,14,0
89,89,47350.0,14,0
90,90,47350.0,14,0
91,91,47350.0,14,0
92,92,47350.0,14,0
93,93,47350.0,14,0
94,94,47350.0,14,0
95,95,47350.0,14,0
96,96,47350.0,14,0
97,97,47350.0,14,0
98,98,47350.0,14,0
99,99,47350.0,14,0
100,100,47350.0,14,0
101,101,47350.0,14,0
102,102,47350.0,14,0
103,103,47350.0,14,0
104,104,47350.0,14,0
105,105,47349.0,15,0
106,106,47349.0,15,0
107,107,47349.0,15,0
108,108,47347.0,17,0
109,109,47346.0,18,0
110,110,47325.0,39,0
111,111,47325.0,39,0
112,112,47325.0,39,0
113,113,47325.0,39,0
114,114,47317.0,47,0
115,115,47313.0,51,0
116,116,47312.0,52,0
117,117,47307.0,57,0
118,118,47303.0,61,0
119,119,47298.0,66,0
120,120,47298.0,66,0
121,121,47298.0,66,0
122,122,47297.0,67,0
123,123,47292.0,72,0
124,124,47289.0,75,0
125,125,47289.0,75,0
126,126,47284.0,80,0
127,127,47284.0,80,0
128,128,47281.0,83,0
