,Days,S,I,D
0,0,399182.0,0,0
1,1,399182.0,0,0
2,2,399182.0,0,0
3,3,399182.0,0,0
4,4,399182.0,0,0
5,5,399182.0,0,0
6,6,399182.0,0,0
7,7,399182.0,0,0
8,8,399182.0,0,0
9,9,399182.0,0,0
10,10,399182.0,0,0
11,11,399182.0,0,0
12,12,399182.0,0,0
13,13,399182.0,0,0
14,14,399182.0,0,0
15,15,399182.0,0,0
16,16,399182.0,0,0
17,17,399182.0,0,0
18,18,399182.0,0,0
19,19,399182.0,0,0
20,20,399182.0,0,0
21,21,399182.0,0,0
22,22,399182.0,0,0
23,23,399182.0,0,0
24,24,399182.0,0,0
25,25,399182.0,0,0
26,26,399182.0,0,0
27,27,399182.0,0,0
28,28,399182.0,0,0
29,29,399182.0,0,0
30,30,399182.0,0,0
31,31,399182.0,0,0
32,32,399182.0,0,0
33,33,399182.0,0,0
34,34,399182.0,0,0
35,35,399182.0,0,0
36,36,399182.0,0,0
37,37,399182.0,0,0
38,38,399182.0,0,0
39,39,399182.0,0,0
40,40,399182.0,0,0
41,41,399182.0,0,0
42,42,399182.0,0,0
43,43,399182.0,0,0
44,44,399182.0,0,0
45,45,399182.0,0,0
46,46,399182.0,0,0
47,47,399182.0,0,0
48,48,399182.0,0,0
49,49,399182.0,0,0
50,50,399182.0,0,0
51,51,399182.0,0,0
52,52,399182.0,0,0
53,53,399182.0,0,0
54,54,399182.0,0,0
55,55,399182.0,0,0
56,56,399182.0,0,0
57,57,399182.0,0,0
58,58,399180.0,2,0
59,59,399180.0,2,0
60,60,399180.0,2,0
61,61,399178.0,4,0
62,62,399174.0,8,0
63,63,399169.0,12,1
64,64,399159.0,22,1
65,65,399149.0,32,1
66,66,399144.0,37,1
67,67,399137.0,43,2
68,68,399124.0,56,2
69,69,399109.0,71,2
70,70,399087.0,93,2
71,71,399074.0,105,3
72,72,399047.0,132,3
73,73,399036.0,143,3
74,74,399020.0,157,5
75,75,398989.0,188,5
76,76,398955.0,221,6
77,77,398922.0,254,6
78,78,398902.0,274,6
79,79,398874.0,298,10
80,80,398852.0,320,10
81,81,398844.0,328,10
82,82,398826.0,346,10
83,83,398804.0,368,10
84,84,398778.0,392,12
85,85,398765.0,405,12
86,86,398753.0,417,12
87,87,398743.0,426,13
88,88,398734.0,435,13
89,89,398722.0,447,13
90,90,398709.0,458,15
91,91,398690.0,467,25
92,92,398680.0,476,26
93,93,398654.0,502,26
94,94,398643.0,513,26
95,95,398629.0,526,27
96,96,398612.0,543,27
97,97,398599.0,555,28
98,98,398594.0,560,28
99,99,398588.0,566,28
100,100,398577.0,577,28
101,101,398556.0,596,30
102,102,398549.0,603,30
103,103,398541.0,611,30
104,104,398528.0,624,30
105,105,398521.0,631,30
106,106,398503.0,646,33
107,107,398494.0,655,33
108,108,398491.0,658,33
109,109,398484.0,665,33
110,110,398482.0,667,33
111,111,398461.0,671,50
112,112,398453.0,679,50
113,113,398446.0,684,52
114,114,398446.0,684,52
115,115,398445.0,685,52
116,116,398442.0,688,52
117,117,398434.0,695,53
118,118,398423.0,706,53
119,119,398416.0,712,54
120,120,398416.0,712,54
121,121,398406.0,722,54
122,122,398398.0,730,54
123,123,398387.0,741,54
124,124,398385.0,743,54
125,125,398380.0,748,54
126,126,398373.0,755,54
127,127,398365.0,763,54
128,128,398357.0,768,57
