,Days,S,I,D
0,0,22752.0,0,0
1,1,22752.0,0,0
2,2,22752.0,0,0
3,3,22752.0,0,0
4,4,22752.0,0,0
5,5,22752.0,0,0
6,6,22752.0,0,0
7,7,22752.0,0,0
8,8,22752.0,0,0
9,9,22752.0,0,0
10,10,22752.0,0,0
11,11,22752.0,0,0
12,12,22752.0,0,0
13,13,22752.0,0,0
14,14,22752.0,0,0
15,15,22752.0,0,0
16,16,22752.0,0,0
17,17,22752.0,0,0
18,18,22752.0,0,0
19,19,22752.0,0,0
20,20,22752.0,0,0
21,21,22752.0,0,0
22,22,22752.0,0,0
23,23,22752.0,0,0
24,24,22752.0,0,0
25,25,22752.0,0,0
26,26,22752.0,0,0
27,27,22752.0,0,0
28,28,22752.0,0,0
29,29,22752.0,0,0
30,30,22752.0,0,0
31,31,22752.0,0,0
32,32,22752.0,0,0
33,33,22752.0,0,0
34,34,22752.0,0,0
35,35,22752.0,0,0
36,36,22752.0,0,0
37,37,22752.0,0,0
38,38,22752.0,0,0
39,39,22752.0,0,0
40,40,22752.0,0,0
41,41,22752.0,0,0
42,42,22752.0,0,0
43,43,22752.0,0,0
44,44,22752.0,0,0
45,45,22752.0,0,0
46,46,22752.0,0,0
47,47,22752.0,0,0
48,48,22752.0,0,0
49,49,22752.0,0,0
50,50,22752.0,0,0
51,51,22751.0,1,0
52,52,22752.0,0,0
53,53,22752.0,0,0
54,54,22752.0,0,0
55,55,22752.0,0,0
56,56,22752.0,0,0
57,57,22752.0,0,0
58,58,22752.0,0,0
59,59,22752.0,0,0
60,60,22752.0,0,0
61,61,22751.0,1,0
62,62,22751.0,1,0
63,63,22751.0,1,0
64,64,22751.0,1,0
65,65,22751.0,1,0
66,66,22750.0,2,0
67,67,22750.0,2,0
68,68,22750.0,2,0
69,69,22750.0,2,0
70,70,22750.0,2,0
71,71,22750.0,2,0
72,72,22750.0,2,0
73,73,22749.0,3,0
74,74,22749.0,3,0
75,75,22749.0,3,0
76,76,22749.0,3,0
77,77,22749.0,3,0
78,78,22749.0,3,0
79,79,22749.0,3,0
80,80,22749.0,3,0
81,81,22749.0,3,0
82,82,22749.0,3,0
83,83,22749.0,3,0
84,84,22749.0,3,0
85,85,22749.0,3,0
86,86,22747.0,5,0
87,87,22747.0,5,0
88,88,22747.0,5,0
89,89,22747.0,5,0
90,90,22747.0,5,0
91,91,22747.0,5,0
92,92,22747.0,5,0
93,93,22747.0,5,0
94,94,22747.0,5,0
95,95,22747.0,5,0
96,96,22747.0,5,0
97,97,22747.0,5,0
98,98,22747.0,5,0
99,99,22746.0,6,0
100,100,22745.0,7,0
101,101,22745.0,7,0
102,102,22745.0,7,0
103,103,22745.0,7,0
104,104,22744.0,8,0
105,105,22744.0,8,0
106,106,22744.0,8,0
107,107,22744.0,8,0
108,108,22743.0,9,0
109,109,22743.0,9,0
110,110,22743.0,9,0
111,111,22743.0,9,0
112,112,22741.0,11,0
113,113,22741.0,11,0
114,114,22741.0,11,0
115,115,22741.0,11,0
116,116,22741.0,11,0
117,117,22741.0,11,0
118,118,22740.0,12,0
119,119,22740.0,12,0
120,120,22740.0,12,0
121,121,22739.0,13,0
122,122,22738.0,14,0
123,123,22738.0,14,0
124,124,22736.0,16,0
125,125,22736.0,16,0
126,126,22736.0,16,0
127,127,22736.0,16,0
128,128,22736.0,16,0
