,Days,S,I,D
0,0,12326.0,0,0
1,1,12326.0,0,0
2,2,12326.0,0,0
3,3,12326.0,0,0
4,4,12326.0,0,0
5,5,12326.0,0,0
6,6,12326.0,0,0
7,7,12326.0,0,0
8,8,12326.0,0,0
9,9,12326.0,0,0
10,10,12326.0,0,0
11,11,12326.0,0,0
12,12,12326.0,0,0
13,13,12326.0,0,0
14,14,12326.0,0,0
15,15,12326.0,0,0
16,16,12326.0,0,0
17,17,12326.0,0,0
18,18,12326.0,0,0
19,19,12326.0,0,0
20,20,12326.0,0,0
21,21,12326.0,0,0
22,22,12326.0,0,0
23,23,12326.0,0,0
24,24,12326.0,0,0
25,25,12326.0,0,0
26,26,12326.0,0,0
27,27,12326.0,0,0
28,28,12326.0,0,0
29,29,12326.0,0,0
30,30,12326.0,0,0
31,31,12326.0,0,0
32,32,12326.0,0,0
33,33,12326.0,0,0
34,34,12326.0,0,0
35,35,12326.0,0,0
36,36,12326.0,0,0
37,37,12326.0,0,0
38,38,12326.0,0,0
39,39,12326.0,0,0
40,40,12326.0,0,0
41,41,12326.0,0,0
42,42,12326.0,0,0
43,43,12326.0,0,0
44,44,12326.0,0,0
45,45,12326.0,0,0
46,46,12326.0,0,0
47,47,12326.0,0,0
48,48,12326.0,0,0
49,49,12326.0,0,0
50,50,12326.0,0,0
51,51,12326.0,0,0
52,52,12326.0,0,0
53,53,12326.0,0,0
54,54,12326.0,0,0
55,55,12326.0,0,0
56,56,12326.0,0,0
57,57,12326.0,0,0
58,58,12326.0,0,0
59,59,12326.0,0,0
60,60,12326.0,0,0
61,61,12326.0,0,0
62,62,12326.0,0,0
63,63,12326.0,0,0
64,64,12326.0,0,0
65,65,12326.0,0,0
66,66,12326.0,0,0
67,67,12326.0,0,0
68,68,12326.0,0,0
69,69,12326.0,0,0
70,70,12326.0,0,0
71,71,12326.0,0,0
72,72,12326.0,0,0
73,73,12326.0,0,0
74,74,12326.0,0,0
75,75,12326.0,0,0
76,76,12326.0,0,0
77,77,12326.0,0,0
78,78,12326.0,0,0
79,79,12326.0,0,0
80,80,12326.0,0,0
81,81,12326.0,0,0
82,82,12326.0,0,0
83,83,12326.0,0,0
84,84,12326.0,0,0
85,85,12326.0,0,0
86,86,12326.0,0,0
87,87,12326.0,0,0
88,88,12326.0,0,0
89,89,12326.0,0,0
90,90,12326.0,0,0
91,91,12326.0,0,0
92,92,12326.0,0,0
93,93,12326.0,0,0
94,94,12326.0,0,0
95,95,12326.0,0,0
96,96,12326.0,0,0
97,97,12326.0,0,0
98,98,12326.0,0,0
99,99,12326.0,0,0
100,100,12326.0,0,0
101,101,12326.0,0,0
102,102,12326.0,0,0
103,103,12326.0,0,0
104,104,12326.0,0,0
105,105,12326.0,0,0
106,106,12326.0,0,0
107,107,12326.0,0,0
108,108,12326.0,0,0
109,109,12326.0,0,0
110,110,12326.0,0,0
111,111,12326.0,0,0
112,112,12326.0,0,0
113,113,12326.0,0,0
114,114,12326.0,0,0
115,115,12325.0,1,0
116,116,12325.0,1,0
117,117,12325.0,1,0
118,118,12325.0,1,0
119,119,12325.0,1,0
120,120,12325.0,1,0
121,121,12325.0,1,0
122,122,12325.0,1,0
123,123,12324.0,2,0
124,124,12322.0,4,0
125,125,12321.0,5,0
126,126,12321.0,5,0
127,127,12320.0,6,0
128,128,12320.0,6,0
