,Days,S,I,D
0,0,1259201.0,0,0
1,1,1259201.0,0,0
2,2,1259201.0,0,0
3,3,1259201.0,0,0
4,4,1259201.0,0,0
5,5,1259201.0,0,0
6,6,1259201.0,0,0
7,7,1259201.0,0,0
8,8,1259201.0,0,0
9,9,1259201.0,0,0
10,10,1259201.0,0,0
11,11,1259201.0,0,0
12,12,1259201.0,0,0
13,13,1259201.0,0,0
14,14,1259201.0,0,0
15,15,1259201.0,0,0
16,16,1259201.0,0,0
17,17,1259201.0,0,0
18,18,1259201.0,0,0
19,19,1259201.0,0,0
20,20,1259201.0,0,0
21,21,1259201.0,0,0
22,22,1259201.0,0,0
23,23,1259201.0,0,0
24,24,1259201.0,0,0
25,25,1259201.0,0,0
26,26,1259201.0,0,0
27,27,1259201.0,0,0
28,28,1259201.0,0,0
29,29,1259201.0,0,0
30,30,1259201.0,0,0
31,31,1259201.0,0,0
32,32,1259201.0,0,0
33,33,1259201.0,0,0
34,34,1259201.0,0,0
35,35,1259201.0,0,0
36,36,1259201.0,0,0
37,37,1259201.0,0,0
38,38,1259201.0,0,0
39,39,1259201.0,0,0
40,40,1259201.0,0,0
41,41,1259201.0,0,0
42,42,1259201.0,0,0
43,43,1259201.0,0,0
44,44,1259201.0,0,0
45,45,1259201.0,0,0
46,46,1259201.0,0,0
47,47,1259201.0,0,0
48,48,1259200.0,1,0
49,49,1259200.0,1,0
50,50,1259198.0,3,0
51,51,1259195.0,6,0
52,52,1259192.0,9,0
53,53,1259187.0,14,0
54,54,1259187.0,14,0
55,55,1259185.0,16,0
56,56,1259178.0,23,0
57,57,1259096.0,105,0
58,58,1259017.0,184,0
59,59,1258971.0,229,1
60,60,1258923.0,277,1
61,61,1258868.0,329,4
62,62,1258769.0,428,4
63,63,1258648.0,543,10
64,64,1258518.0,668,15
65,65,1258351.0,824,26
66,66,1258152.0,1018,31
67,67,1258000.0,1170,31
68,68,1257788.0,1365,48
69,69,1257540.0,1591,70
70,70,1257192.0,1910,99
71,71,1256899.0,2183,119
72,72,1256525.0,2540,136
73,73,1256274.0,2785,142
74,74,1256003.0,3035,163
75,75,1255636.0,3380,185
76,76,1255260.0,3736,205
77,77,1254960.0,4007,234
78,78,1254708.0,4247,246
79,79,1254408.0,4511,282
80,80,1254083.0,4802,316
81,81,1253957.0,4915,329
82,82,1253799.0,5073,329
83,83,1253473.0,5364,364
84,84,1253233.0,5576,392
85,85,1253003.0,5778,420
86,86,1252858.0,5901,442
87,87,1252722.0,6021,458
88,88,1252621.0,6109,471
89,89,1252544.0,6178,479
90,90,1252389.0,6306,506
91,91,1252209.0,6463,529
92,92,1252000.0,6634,567
93,93,1251812.0,6804,585
94,94,1251708.0,6881,612
95,95,1251668.0,6913,620
96,96,1251657.0,6913,631
97,97,1251535.0,7012,654
98,98,1251374.0,7159,668
99,99,1251238.0,7267,696
100,100,1251073.0,7423,705
101,101,1250981.0,7475,745
102,102,1250945.0,7499,757
103,103,1250940.0,7499,762
104,104,1250907.0,7522,772
105,105,1250854.0,7573,774
106,106,1250788.0,7624,789
107,107,1250732.0,7664,805
108,108,1250668.0,7692,841
109,109,1250622.0,7736,843
110,110,1250600.0,7752,849
111,111,1250545.0,7784,872
112,112,1250497.0,7830,874
113,113,1250361.0,7952,888
114,114,1250311.0,7994,896
115,115,1250268.0,8023,910
116,116,1250246.0,8043,912
117,117,1250238.0,8050,913
118,118,1250195.0,8078,928
119,119,1250149.0,8117,935
120,120,1250132.0,8125,944
121,121,1250126.0,8131,944
122,122,1250055.0,8192,954
123,123,1250031.0,8215,955
124,124,1250020.0,8226,955
125,125,1250003.0,8240,958
126,126,1249980.0,8260,961
127,127,1249949.0,8281,971
128,128,1249915.0,8311,975
