,Days,S,I,D
0,0,33701.0,0,0
1,1,33701.0,0,0
2,2,33701.0,0,0
3,3,33701.0,0,0
4,4,33701.0,0,0
5,5,33701.0,0,0
6,6,33701.0,0,0
7,7,33701.0,0,0
8,8,33701.0,0,0
9,9,33701.0,0,0
10,10,33701.0,0,0
11,11,33701.0,0,0
12,12,33701.0,0,0
13,13,33701.0,0,0
14,14,33701.0,0,0
15,15,33701.0,0,0
16,16,33701.0,0,0
17,17,33701.0,0,0
18,18,33701.0,0,0
19,19,33701.0,0,0
20,20,33701.0,0,0
21,21,33701.0,0,0
22,22,33701.0,0,0
23,23,33701.0,0,0
24,24,33701.0,0,0
25,25,33701.0,0,0
26,26,33701.0,0,0
27,27,33701.0,0,0
28,28,33701.0,0,0
29,29,33701.0,0,0
30,30,33701.0,0,0
31,31,33701.0,0,0
32,32,33701.0,0,0
33,33,33701.0,0,0
34,34,33701.0,0,0
35,35,33701.0,0,0
36,36,33701.0,0,0
37,37,33701.0,0,0
38,38,33701.0,0,0
39,39,33701.0,0,0
40,40,33701.0,0,0
41,41,33701.0,0,0
42,42,33701.0,0,0
43,43,33701.0,0,0
44,44,33701.0,0,0
45,45,33701.0,0,0
46,46,33701.0,0,0
47,47,33701.0,0,0
48,48,33701.0,0,0
49,49,33701.0,0,0
50,50,33701.0,0,0
51,51,33701.0,0,0
52,52,33701.0,0,0
53,53,33701.0,0,0
54,54,33701.0,0,0
55,55,33701.0,0,0
56,56,33701.0,0,0
57,57,33701.0,0,0
58,58,33701.0,0,0
59,59,33701.0,0,0
60,60,33701.0,0,0
61,61,33701.0,0,0
62,62,33700.0,1,0
63,63,33700.0,1,0
64,64,33700.0,1,0
65,65,33700.0,1,0
66,66,33700.0,1,0
67,67,33698.0,3,0
68,68,33697.0,4,0
69,69,33697.0,4,0
70,70,33697.0,4,0
71,71,33696.0,5,0
72,72,33696.0,5,0
73,73,33696.0,5,0
74,74,33694.0,7,0
75,75,33694.0,7,0
76,76,33694.0,7,0
77,77,33694.0,7,0
78,78,33693.0,8,0
79,79,33693.0,8,0
80,80,33693.0,8,0
81,81,33693.0,8,0
82,82,33693.0,8,0
83,83,33693.0,8,0
84,84,33693.0,8,0
85,85,33693.0,8,0
86,86,33693.0,8,0
87,87,33693.0,8,0
88,88,33693.0,8,0
89,89,33693.0,8,0
90,90,33693.0,8,0
91,91,33693.0,8,0
92,92,33692.0,9,0
93,93,33692.0,9,0
94,94,33692.0,9,0
95,95,33691.0,10,0
96,96,33691.0,10,0
97,97,33686.0,15,0
98,98,33684.0,17,0
99,99,33682.0,19,0
100,100,33682.0,19,0
101,101,33682.0,19,0
102,102,33681.0,20,0
103,103,33681.0,20,0
104,104,33681.0,20,0
105,105,33679.0,22,0
106,106,33679.0,22,0
107,107,33679.0,22,0
108,108,33679.0,22,0
109,109,33675.0,26,0
110,110,33675.0,26,0
111,111,33674.0,27,0
112,112,33673.0,28,0
113,113,33672.0,29,0
114,114,33672.0,29,0
115,115,33672.0,29,0
116,116,33672.0,29,0
117,117,33672.0,29,0
118,118,33672.0,29,0
119,119,33672.0,29,0
120,120,33672.0,29,0
121,121,33672.0,29,0
122,122,33672.0,29,0
123,123,33671.0,30,0
124,124,33671.0,30,0
125,125,33671.0,30,0
126,126,33671.0,30,0
127,127,33670.0,31,0
128,128,33669.0,32,0
