,Days,S,I,D
0,0,7136.0,0,0
1,1,7136.0,0,0
2,2,7136.0,0,0
3,3,7136.0,0,0
4,4,7136.0,0,0
5,5,7136.0,0,0
6,6,7136.0,0,0
7,7,7136.0,0,0
8,8,7136.0,0,0
9,9,7136.0,0,0
10,10,7136.0,0,0
11,11,7136.0,0,0
12,12,7136.0,0,0
13,13,7136.0,0,0
14,14,7136.0,0,0
15,15,7136.0,0,0
16,16,7136.0,0,0
17,17,7136.0,0,0
18,18,7136.0,0,0
19,19,7136.0,0,0
20,20,7136.0,0,0
21,21,7136.0,0,0
22,22,7136.0,0,0
23,23,7136.0,0,0
24,24,7136.0,0,0
25,25,7136.0,0,0
26,26,7136.0,0,0
27,27,7136.0,0,0
28,28,7136.0,0,0
29,29,7136.0,0,0
30,30,7136.0,0,0
31,31,7136.0,0,0
32,32,7136.0,0,0
33,33,7136.0,0,0
34,34,7136.0,0,0
35,35,7136.0,0,0
36,36,7136.0,0,0
37,37,7136.0,0,0
38,38,7136.0,0,0
39,39,7136.0,0,0
40,40,7136.0,0,0
41,41,7136.0,0,0
42,42,7136.0,0,0
43,43,7136.0,0,0
44,44,7136.0,0,0
45,45,7136.0,0,0
46,46,7136.0,0,0
47,47,7136.0,0,0
48,48,7136.0,0,0
49,49,7136.0,0,0
50,50,7136.0,0,0
51,51,7136.0,0,0
52,52,7136.0,0,0
53,53,7136.0,0,0
54,54,7136.0,0,0
55,55,7136.0,0,0
56,56,7136.0,0,0
57,57,7136.0,0,0
58,58,7136.0,0,0
59,59,7136.0,0,0
60,60,7136.0,0,0
61,61,7136.0,0,0
62,62,7136.0,0,0
63,63,7136.0,0,0
64,64,7136.0,0,0
65,65,7136.0,0,0
66,66,7136.0,0,0
67,67,7136.0,0,0
68,68,7136.0,0,0
69,69,7136.0,0,0
70,70,7136.0,0,0
71,71,7136.0,0,0
72,72,7134.0,2,0
73,73,7133.0,3,0
74,74,7133.0,3,0
75,75,7133.0,3,0
76,76,7133.0,3,0
77,77,7133.0,3,0
78,78,7133.0,3,0
79,79,7133.0,3,0
80,80,7133.0,3,0
81,81,7133.0,3,0
82,82,7133.0,3,0
83,83,7133.0,3,0
84,84,7133.0,3,0
85,85,7133.0,3,0
86,86,7133.0,3,0
87,87,7133.0,3,0
88,88,7133.0,3,0
89,89,7133.0,3,0
90,90,7133.0,3,0
91,91,7133.0,3,0
92,92,7133.0,3,0
93,93,7133.0,3,0
94,94,7133.0,3,0
95,95,7133.0,3,0
96,96,7133.0,3,0
97,97,7133.0,3,0
98,98,7133.0,3,0
99,99,7133.0,3,0
100,100,7132.0,4,0
101,101,7131.0,5,0
102,102,7131.0,5,0
103,103,7131.0,5,0
104,104,7131.0,5,0
105,105,7131.0,5,0
106,106,7131.0,5,0
107,107,7131.0,5,0
108,108,7131.0,5,0
109,109,7131.0,5,0
110,110,7131.0,5,0
111,111,7131.0,5,0
112,112,7131.0,5,0
113,113,7131.0,5,0
114,114,7131.0,5,0
115,115,7131.0,5,0
116,116,7130.0,6,0
117,117,7130.0,6,0
118,118,7130.0,6,0
119,119,7130.0,6,0
120,120,7130.0,6,0
121,121,7130.0,6,0
122,122,7130.0,6,0
123,123,7130.0,6,0
124,124,7130.0,6,0
125,125,7130.0,6,0
126,126,7130.0,6,0
127,127,7129.0,7,0
128,128,7129.0,7,0
