,Days,S,I,D
0,0,8018.0,0,0
1,1,8018.0,0,0
2,2,8018.0,0,0
3,3,8018.0,0,0
4,4,8018.0,0,0
5,5,8018.0,0,0
6,6,8018.0,0,0
7,7,8018.0,0,0
8,8,8018.0,0,0
9,9,8018.0,0,0
10,10,8018.0,0,0
11,11,8018.0,0,0
12,12,8018.0,0,0
13,13,8018.0,0,0
14,14,8018.0,0,0
15,15,8018.0,0,0
16,16,8018.0,0,0
17,17,8018.0,0,0
18,18,8018.0,0,0
19,19,8018.0,0,0
20,20,8018.0,0,0
21,21,8018.0,0,0
22,22,8018.0,0,0
23,23,8018.0,0,0
24,24,8018.0,0,0
25,25,8018.0,0,0
26,26,8018.0,0,0
27,27,8018.0,0,0
28,28,8018.0,0,0
29,29,8018.0,0,0
30,30,8018.0,0,0
31,31,8018.0,0,0
32,32,8018.0,0,0
33,33,8018.0,0,0
34,34,8018.0,0,0
35,35,8018.0,0,0
36,36,8018.0,0,0
37,37,8018.0,0,0
38,38,8018.0,0,0
39,39,8018.0,0,0
40,40,8018.0,0,0
41,41,8018.0,0,0
42,42,8018.0,0,0
43,43,8018.0,0,0
44,44,8018.0,0,0
45,45,8018.0,0,0
46,46,8018.0,0,0
47,47,8018.0,0,0
48,48,8018.0,0,0
49,49,8018.0,0,0
50,50,8018.0,0,0
51,51,8018.0,0,0
52,52,8018.0,0,0
53,53,8018.0,0,0
54,54,8017.0,1,0
55,55,8017.0,1,0
56,56,8017.0,1,0
57,57,8017.0,1,0
58,58,8017.0,1,0
59,59,8017.0,1,0
60,60,8015.0,3,0
61,61,8015.0,3,0
62,62,8015.0,3,0
63,63,8015.0,3,0
64,64,8015.0,3,0
65,65,8014.0,4,0
66,66,8013.0,5,0
67,67,8013.0,5,0
68,68,8013.0,5,0
69,69,8014.0,4,0
70,70,8014.0,4,0
71,71,8014.0,4,0
72,72,8014.0,4,0
73,73,8014.0,4,0
74,74,8011.0,7,0
75,75,8011.0,7,0
76,76,8011.0,7,0
77,77,8010.0,8,0
78,78,8010.0,8,0
79,79,8010.0,8,0
80,80,8010.0,8,0
81,81,8010.0,8,0
82,82,8010.0,8,0
83,83,8010.0,8,0
84,84,8010.0,8,0
85,85,8010.0,8,0
86,86,8010.0,8,0
87,87,8010.0,8,0
88,88,8010.0,8,0
89,89,8010.0,8,0
90,90,8010.0,8,0
91,91,8010.0,8,0
92,92,8010.0,8,0
93,93,8010.0,8,0
94,94,8009.0,9,0
95,95,8008.0,10,0
96,96,8008.0,10,0
97,97,8008.0,10,0
98,98,8008.0,10,0
99,99,8007.0,11,0
100,100,8007.0,11,0
101,101,8007.0,11,0
102,102,8007.0,11,0
103,103,8007.0,11,0
104,104,8007.0,11,0
105,105,8007.0,11,0
106,106,8006.0,12,0
107,107,8005.0,13,0
108,108,8005.0,13,0
109,109,8005.0,13,0
110,110,8005.0,13,0
111,111,8005.0,13,0
112,112,8003.0,15,0
113,113,8003.0,15,0
114,114,8002.0,16,0
115,115,8002.0,16,0
116,116,8002.0,16,0
117,117,8002.0,16,0
118,118,8001.0,17,0
119,119,8001.0,17,0
120,120,8001.0,17,0
121,121,8000.0,18,0
122,122,8000.0,18,0
123,123,8000.0,18,0
124,124,8000.0,18,0
125,125,8000.0,18,0
126,126,8000.0,18,0
127,127,8000.0,18,0
128,128,7999.0,19,0
