,Days,S,I,D
0,0,6423.0,0,0
1,1,6423.0,0,0
2,2,6423.0,0,0
3,3,6423.0,0,0
4,4,6423.0,0,0
5,5,6423.0,0,0
6,6,6423.0,0,0
7,7,6423.0,0,0
8,8,6423.0,0,0
9,9,6423.0,0,0
10,10,6423.0,0,0
11,11,6423.0,0,0
12,12,6423.0,0,0
13,13,6423.0,0,0
14,14,6423.0,0,0
15,15,6423.0,0,0
16,16,6423.0,0,0
17,17,6423.0,0,0
18,18,6423.0,0,0
19,19,6423.0,0,0
20,20,6423.0,0,0
21,21,6423.0,0,0
22,22,6423.0,0,0
23,23,6423.0,0,0
24,24,6423.0,0,0
25,25,6423.0,0,0
26,26,6423.0,0,0
27,27,6423.0,0,0
28,28,6423.0,0,0
29,29,6423.0,0,0
30,30,6423.0,0,0
31,31,6423.0,0,0
32,32,6423.0,0,0
33,33,6423.0,0,0
34,34,6423.0,0,0
35,35,6423.0,0,0
36,36,6423.0,0,0
37,37,6423.0,0,0
38,38,6423.0,0,0
39,39,6423.0,0,0
40,40,6423.0,0,0
41,41,6423.0,0,0
42,42,6423.0,0,0
43,43,6423.0,0,0
44,44,6423.0,0,0
45,45,6423.0,0,0
46,46,6423.0,0,0
47,47,6423.0,0,0
48,48,6423.0,0,0
49,49,6423.0,0,0
50,50,6423.0,0,0
51,51,6423.0,0,0
52,52,6423.0,0,0
53,53,6423.0,0,0
54,54,6423.0,0,0
55,55,6423.0,0,0
56,56,6423.0,0,0
57,57,6423.0,0,0
58,58,6423.0,0,0
59,59,6423.0,0,0
60,60,6423.0,0,0
61,61,6423.0,0,0
62,62,6423.0,0,0
63,63,6423.0,0,0
64,64,6423.0,0,0
65,65,6422.0,1,0
66,66,6422.0,1,0
67,67,6422.0,1,0
68,68,6422.0,1,0
69,69,6422.0,1,0
70,70,6422.0,1,0
71,71,6422.0,1,0
72,72,6422.0,1,0
73,73,6422.0,1,0
74,74,6422.0,1,0
75,75,6422.0,1,0
76,76,6422.0,1,0
77,77,6422.0,1,0
78,78,6422.0,1,0
79,79,6422.0,1,0
80,80,6422.0,1,0
81,81,6422.0,1,0
82,82,6422.0,1,0
83,83,6422.0,1,0
84,84,6422.0,1,0
85,85,6422.0,1,0
86,86,6422.0,1,0
87,87,6422.0,1,0
88,88,6422.0,1,0
89,89,6422.0,1,0
90,90,6422.0,1,0
91,91,6422.0,1,0
92,92,6422.0,1,0
93,93,6422.0,1,0
94,94,6419.0,4,0
95,95,6419.0,4,0
96,96,6419.0,4,0
97,97,6419.0,4,0
98,98,6419.0,4,0
99,99,6419.0,4,0
100,100,6414.0,9,0
101,101,6413.0,10,0
102,102,6411.0,12,0
103,103,6398.0,25,0
104,104,6398.0,25,0
105,105,6398.0,25,0
106,106,6391.0,32,0
107,107,6390.0,33,0
108,108,6389.0,34,0
109,109,6378.0,45,0
110,110,6368.0,55,0
111,111,6367.0,56,0
112,112,6359.0,64,0
113,113,6358.0,65,0
114,114,6357.0,66,0
115,115,6346.0,77,0
116,116,6343.0,80,0
117,117,6341.0,82,0
118,118,6341.0,82,0
119,119,6341.0,82,0
120,120,6341.0,82,0
121,121,6338.0,85,0
122,122,6336.0,87,0
123,123,6335.0,88,0
124,124,6328.0,95,0
125,125,6319.0,104,0
126,126,6317.0,106,0
127,127,6316.0,107,0
128,128,6316.0,107,0
