,Days,S,I,D
0,0,29144.0,0,0
1,1,29144.0,0,0
2,2,29144.0,0,0
3,3,29144.0,0,0
4,4,29144.0,0,0
5,5,29144.0,0,0
6,6,29144.0,0,0
7,7,29144.0,0,0
8,8,29144.0,0,0
9,9,29144.0,0,0
10,10,29144.0,0,0
11,11,29144.0,0,0
12,12,29144.0,0,0
13,13,29144.0,0,0
14,14,29144.0,0,0
15,15,29144.0,0,0
16,16,29144.0,0,0
17,17,29144.0,0,0
18,18,29144.0,0,0
19,19,29144.0,0,0
20,20,29144.0,0,0
21,21,29144.0,0,0
22,22,29144.0,0,0
23,23,29144.0,0,0
24,24,29144.0,0,0
25,25,29144.0,0,0
26,26,29144.0,0,0
27,27,29144.0,0,0
28,28,29144.0,0,0
29,29,29144.0,0,0
30,30,29144.0,0,0
31,31,29144.0,0,0
32,32,29144.0,0,0
33,33,29144.0,0,0
34,34,29144.0,0,0
35,35,29144.0,0,0
36,36,29144.0,0,0
37,37,29144.0,0,0
38,38,29144.0,0,0
39,39,29144.0,0,0
40,40,29144.0,0,0
41,41,29144.0,0,0
42,42,29144.0,0,0
43,43,29144.0,0,0
44,44,29144.0,0,0
45,45,29144.0,0,0
46,46,29144.0,0,0
47,47,29144.0,0,0
48,48,29144.0,0,0
49,49,29144.0,0,0
50,50,29144.0,0,0
51,51,29143.0,1,0
52,52,29144.0,0,0
53,53,29144.0,0,0
54,54,29144.0,0,0
55,55,29144.0,0,0
56,56,29144.0,0,0
57,57,29144.0,0,0
58,58,29144.0,0,0
59,59,29144.0,0,0
60,60,29144.0,0,0
61,61,29144.0,0,0
62,62,29144.0,0,0
63,63,29143.0,1,0
64,64,29143.0,1,0
65,65,29143.0,1,0
66,66,29143.0,1,0
67,67,29143.0,1,0
68,68,29143.0,1,0
69,69,29143.0,1,0
70,70,29143.0,1,0
71,71,29142.0,2,0
72,72,29140.0,4,0
73,73,29137.0,7,0
74,74,29137.0,7,0
75,75,29137.0,7,0
76,76,29136.0,8,0
77,77,29136.0,8,0
78,78,29134.0,10,0
79,79,29134.0,10,0
80,80,29133.0,11,0
81,81,29132.0,12,0
82,82,29131.0,13,0
83,83,29130.0,14,0
84,84,29129.0,15,0
85,85,29129.0,15,0
86,86,29129.0,15,0
87,87,29129.0,15,0
88,88,29127.0,17,0
89,89,29127.0,17,0
90,90,29127.0,17,0
91,91,29127.0,17,0
92,92,29124.0,20,0
93,93,29121.0,23,0
94,94,29121.0,23,0
95,95,29121.0,23,0
96,96,29120.0,24,0
97,97,29117.0,27,0
98,98,29116.0,28,0
99,99,29111.0,33,0
100,100,29110.0,34,0
101,101,29107.0,37,0
102,102,29105.0,39,0
103,103,29099.0,45,0
104,104,29099.0,45,0
105,105,29099.0,45,0
106,106,29092.0,52,0
107,107,29089.0,55,0
108,108,29086.0,58,0
109,109,29083.0,61,0
110,110,29083.0,61,0
111,111,29078.0,66,0
112,112,29072.0,72,0
113,113,29064.0,80,0
114,114,29062.0,82,0
115,115,29055.0,89,0
116,116,29051.0,93,0
117,117,29048.0,96,0
118,118,29043.0,101,0
119,119,29043.0,101,0
120,120,29037.0,107,0
121,121,29035.0,109,0
122,122,29031.0,113,0
123,123,29026.0,118,0
124,124,29021.0,123,0
125,125,29009.0,135,0
126,126,29009.0,135,0
127,127,29002.0,142,0
128,128,28997.0,147,0
