,Days,S,I,D
0,0,150921.0,0,0
1,1,150921.0,0,0
2,2,150921.0,0,0
3,3,150921.0,0,0
4,4,150921.0,0,0
5,5,150921.0,0,0
6,6,150921.0,0,0
7,7,150921.0,0,0
8,8,150921.0,0,0
9,9,150921.0,0,0
10,10,150921.0,0,0
11,11,150921.0,0,0
12,12,150921.0,0,0
13,13,150921.0,0,0
14,14,150921.0,0,0
15,15,150921.0,0,0
16,16,150921.0,0,0
17,17,150921.0,0,0
18,18,150921.0,0,0
19,19,150921.0,0,0
20,20,150921.0,0,0
21,21,150921.0,0,0
22,22,150921.0,0,0
23,23,150921.0,0,0
24,24,150921.0,0,0
25,25,150921.0,0,0
26,26,150921.0,0,0
27,27,150921.0,0,0
28,28,150921.0,0,0
29,29,150921.0,0,0
30,30,150921.0,0,0
31,31,150921.0,0,0
32,32,150921.0,0,0
33,33,150921.0,0,0
34,34,150921.0,0,0
35,35,150921.0,0,0
36,36,150921.0,0,0
37,37,150921.0,0,0
38,38,150921.0,0,0
39,39,150921.0,0,0
40,40,150921.0,0,0
41,41,150921.0,0,0
42,42,150921.0,0,0
43,43,150921.0,0,0
44,44,150921.0,0,0
45,45,150921.0,0,0
46,46,150921.0,0,0
47,47,150921.0,0,0
48,48,150921.0,0,0
49,49,150921.0,0,0
50,50,150921.0,0,0
51,51,150921.0,0,0
52,52,150921.0,0,0
53,53,150921.0,0,0
54,54,150921.0,0,0
55,55,150921.0,0,0
56,56,150921.0,0,0
57,57,150917.0,4,0
58,58,150917.0,4,0
59,59,150915.0,5,1
60,60,150905.0,14,2
61,61,150903.0,16,2
62,62,150899.0,19,3
63,63,150891.0,27,3
64,64,150885.0,33,3
65,65,150885.0,33,3
66,66,150880.0,37,4
67,67,150877.0,40,4
68,68,150867.0,50,4
69,69,150858.0,56,7
70,70,150853.0,61,7
71,71,150844.0,67,10
72,72,150832.0,79,10
73,73,150820.0,91,10
74,74,150816.0,94,11
75,75,150805.0,103,13
76,76,150797.0,111,13
77,77,150780.0,128,13
78,78,150763.0,145,13
79,79,150755.0,152,14
80,80,150735.0,171,15
81,81,150722.0,182,17
82,82,150709.0,195,17
83,83,150702.0,201,18
84,84,150683.0,216,22
85,85,150658.0,241,22
86,86,150639.0,258,24
87,87,150627.0,270,24
88,88,150621.0,276,24
89,89,150595.0,299,27
90,90,150586.0,305,30
91,91,150558.0,331,32
92,92,150529.0,359,33
93,93,150512.0,375,34
94,94,150502.0,384,35
95,95,150479.0,407,35
96,96,150467.0,419,35
97,97,150464.0,422,35
98,98,150458.0,427,36
99,99,150448.0,437,36
100,100,150437.0,446,38
101,101,150421.0,461,39
102,102,150420.0,461,40
103,103,150417.0,464,40
104,104,150376.0,502,43
105,105,150364.0,513,44
106,106,150353.0,522,46
107,107,150345.0,530,46
108,108,150335.0,540,46
109,109,150331.0,543,47
110,110,150329.0,545,47
111,111,150318.0,556,47
112,112,150312.0,560,49
113,113,150302.0,568,51
114,114,150287.0,583,51
115,115,150234.0,636,51
116,116,150152.0,715,54
117,117,150132.0,735,54
118,118,150097.0,770,54
119,119,150080.0,786,55
120,120,150079.0,787,55
121,121,150070.0,796,55
122,122,150067.0,799,55
123,123,150059.0,807,55
124,124,150053.0,812,56
125,125,150050.0,815,56
126,126,150049.0,815,57
127,127,150042.0,822,57
128,128,150037.0,827,57
