,Days,S,I,D
0,0,16676.0,0,0
1,1,16676.0,0,0
2,2,16676.0,0,0
3,3,16676.0,0,0
4,4,16676.0,0,0
5,5,16676.0,0,0
6,6,16676.0,0,0
7,7,16676.0,0,0
8,8,16676.0,0,0
9,9,16676.0,0,0
10,10,16676.0,0,0
11,11,16676.0,0,0
12,12,16676.0,0,0
13,13,16676.0,0,0
14,14,16676.0,0,0
15,15,16676.0,0,0
16,16,16676.0,0,0
17,17,16676.0,0,0
18,18,16676.0,0,0
19,19,16676.0,0,0
20,20,16676.0,0,0
21,21,16676.0,0,0
22,22,16676.0,0,0
23,23,16676.0,0,0
24,24,16676.0,0,0
25,25,16676.0,0,0
26,26,16676.0,0,0
27,27,16676.0,0,0
28,28,16676.0,0,0
29,29,16676.0,0,0
30,30,16676.0,0,0
31,31,16676.0,0,0
32,32,16676.0,0,0
33,33,16676.0,0,0
34,34,16676.0,0,0
35,35,16676.0,0,0
36,36,16676.0,0,0
37,37,16676.0,0,0
38,38,16676.0,0,0
39,39,16676.0,0,0
40,40,16676.0,0,0
41,41,16676.0,0,0
42,42,16676.0,0,0
43,43,16676.0,0,0
44,44,16676.0,0,0
45,45,16676.0,0,0
46,46,16676.0,0,0
47,47,16676.0,0,0
48,48,16676.0,0,0
49,49,16676.0,0,0
50,50,16676.0,0,0
51,51,16676.0,0,0
52,52,16676.0,0,0
53,53,16676.0,0,0
54,54,16676.0,0,0
55,55,16676.0,0,0
56,56,16676.0,0,0
57,57,16676.0,0,0
58,58,16676.0,0,0
59,59,16676.0,0,0
60,60,16676.0,0,0
61,61,16676.0,0,0
62,62,16675.0,1,0
63,63,16675.0,1,0
64,64,16675.0,1,0
65,65,16675.0,1,0
66,66,16675.0,1,0
67,67,16675.0,1,0
68,68,16675.0,1,0
69,69,16675.0,1,0
70,70,16675.0,1,0
71,71,16673.0,3,0
72,72,16671.0,5,0
73,73,16671.0,5,0
74,74,16671.0,5,0
75,75,16671.0,5,0
76,76,16671.0,5,0
77,77,16670.0,6,0
78,78,16670.0,6,0
79,79,16670.0,6,0
80,80,16670.0,6,0
81,81,16670.0,6,0
82,82,16669.0,7,0
83,83,16669.0,7,0
84,84,16669.0,7,0
85,85,16669.0,7,0
86,86,16668.0,8,0
87,87,16668.0,8,0
88,88,16668.0,8,0
89,89,16668.0,8,0
90,90,16667.0,9,0
91,91,16667.0,9,0
92,92,16665.0,11,0
93,93,16665.0,11,0
94,94,16665.0,11,0
95,95,16660.0,16,0
96,96,16660.0,16,0
97,97,16660.0,16,0
98,98,16659.0,17,0
99,99,16659.0,17,0
100,100,16655.0,21,0
101,101,16655.0,21,0
102,102,16652.0,24,0
103,103,16651.0,25,0
104,104,16651.0,25,0
105,105,16649.0,27,0
106,106,16649.0,27,0
107,107,16649.0,27,0
108,108,16649.0,27,0
109,109,16647.0,29,0
110,110,16647.0,29,0
111,111,16645.0,31,0
112,112,16642.0,34,0
113,113,16641.0,35,0
114,114,16641.0,35,0
115,115,16641.0,35,0
116,116,16641.0,35,0
117,117,16640.0,36,0
118,118,16637.0,39,0
119,119,16636.0,40,0
120,120,16635.0,41,0
121,121,16634.0,42,0
122,122,16634.0,42,0
123,123,16634.0,42,0
124,124,16634.0,42,0
125,125,16630.0,46,0
126,126,16630.0,46,0
127,127,16628.0,48,0
128,128,16626.0,50,0
