,Days,S,I,D
0,0,40855.0,0,0
1,1,40855.0,0,0
2,2,40855.0,0,0
3,3,40855.0,0,0
4,4,40855.0,0,0
5,5,40855.0,0,0
6,6,40855.0,0,0
7,7,40855.0,0,0
8,8,40855.0,0,0
9,9,40855.0,0,0
10,10,40855.0,0,0
11,11,40855.0,0,0
12,12,40855.0,0,0
13,13,40855.0,0,0
14,14,40855.0,0,0
15,15,40855.0,0,0
16,16,40855.0,0,0
17,17,40855.0,0,0
18,18,40855.0,0,0
19,19,40855.0,0,0
20,20,40855.0,0,0
21,21,40855.0,0,0
22,22,40855.0,0,0
23,23,40855.0,0,0
24,24,40855.0,0,0
25,25,40855.0,0,0
26,26,40855.0,0,0
27,27,40855.0,0,0
28,28,40855.0,0,0
29,29,40855.0,0,0
30,30,40855.0,0,0
31,31,40855.0,0,0
32,32,40855.0,0,0
33,33,40855.0,0,0
34,34,40855.0,0,0
35,35,40855.0,0,0
36,36,40855.0,0,0
37,37,40855.0,0,0
38,38,40855.0,0,0
39,39,40855.0,0,0
40,40,40855.0,0,0
41,41,40855.0,0,0
42,42,40855.0,0,0
43,43,40855.0,0,0
44,44,40855.0,0,0
45,45,40855.0,0,0
46,46,40855.0,0,0
47,47,40855.0,0,0
48,48,40855.0,0,0
49,49,40855.0,0,0
50,50,40855.0,0,0
51,51,40855.0,0,0
52,52,40855.0,0,0
53,53,40855.0,0,0
54,54,40855.0,0,0
55,55,40855.0,0,0
56,56,40855.0,0,0
57,57,40855.0,0,0
58,58,40855.0,0,0
59,59,40855.0,0,0
60,60,40855.0,0,0
61,61,40855.0,0,0
62,62,40855.0,0,0
63,63,40855.0,0,0
64,64,40855.0,0,0
65,65,40855.0,0,0
66,66,40855.0,0,0
67,67,40854.0,1,0
68,68,40853.0,2,0
69,69,40853.0,2,0
70,70,40853.0,2,0
71,71,40853.0,2,0
72,72,40853.0,2,0
73,73,40853.0,2,0
74,74,40853.0,2,0
75,75,40852.0,3,0
76,76,40851.0,4,0
77,77,40851.0,4,0
78,78,40851.0,4,0
79,79,40851.0,4,0
80,80,40851.0,4,0
81,81,40851.0,4,0
82,82,40851.0,4,0
83,83,40851.0,4,0
84,84,40851.0,4,0
85,85,40851.0,4,0
86,86,40851.0,4,0
87,87,40851.0,4,0
88,88,40851.0,4,0
89,89,40851.0,4,0
90,90,40851.0,4,0
91,91,40851.0,4,0
92,92,40851.0,4,0
93,93,40851.0,4,0
94,94,40851.0,4,0
95,95,40851.0,4,0
96,96,40850.0,5,0
97,97,40850.0,5,0
98,98,40849.0,6,0
99,99,40849.0,6,0
100,100,40849.0,6,0
101,101,40849.0,6,0
102,102,40849.0,6,0
103,103,40849.0,6,0
104,104,40849.0,6,0
105,105,40849.0,6,0
106,106,40849.0,6,0
107,107,40849.0,6,0
108,108,40849.0,6,0
109,109,40849.0,6,0
110,110,40849.0,6,0
111,111,40849.0,6,0
112,112,40849.0,6,0
113,113,40849.0,6,0
114,114,40849.0,6,0
115,115,40849.0,6,0
116,116,40849.0,6,0
117,117,40849.0,6,0
118,118,40849.0,6,0
119,119,40849.0,6,0
120,120,40849.0,6,0
121,121,40849.0,6,0
122,122,40849.0,6,0
123,123,40849.0,6,0
124,124,40849.0,6,0
125,125,40849.0,6,0
126,126,40849.0,6,0
127,127,40848.0,7,0
128,128,40848.0,7,0
