,Days,S,I,D
0,0,5460.0,0,0
1,1,5460.0,0,0
2,2,5460.0,0,0
3,3,5460.0,0,0
4,4,5460.0,0,0
5,5,5460.0,0,0
6,6,5460.0,0,0
7,7,5460.0,0,0
8,8,5460.0,0,0
9,9,5460.0,0,0
10,10,5460.0,0,0
11,11,5460.0,0,0
12,12,5460.0,0,0
13,13,5460.0,0,0
14,14,5460.0,0,0
15,15,5460.0,0,0
16,16,5460.0,0,0
17,17,5460.0,0,0
18,18,5460.0,0,0
19,19,5460.0,0,0
20,20,5460.0,0,0
21,21,5460.0,0,0
22,22,5460.0,0,0
23,23,5460.0,0,0
24,24,5460.0,0,0
25,25,5460.0,0,0
26,26,5460.0,0,0
27,27,5460.0,0,0
28,28,5460.0,0,0
29,29,5460.0,0,0
30,30,5460.0,0,0
31,31,5460.0,0,0
32,32,5460.0,0,0
33,33,5460.0,0,0
34,34,5460.0,0,0
35,35,5460.0,0,0
36,36,5460.0,0,0
37,37,5460.0,0,0
38,38,5460.0,0,0
39,39,5460.0,0,0
40,40,5460.0,0,0
41,41,5460.0,0,0
42,42,5460.0,0,0
43,43,5460.0,0,0
44,44,5460.0,0,0
45,45,5460.0,0,0
46,46,5460.0,0,0
47,47,5460.0,0,0
48,48,5460.0,0,0
49,49,5460.0,0,0
50,50,5460.0,0,0
51,51,5460.0,0,0
52,52,5460.0,0,0
53,53,5460.0,0,0
54,54,5460.0,0,0
55,55,5460.0,0,0
56,56,5460.0,0,0
57,57,5460.0,0,0
58,58,5460.0,0,0
59,59,5460.0,0,0
60,60,5460.0,0,0
61,61,5460.0,0,0
62,62,5460.0,0,0
63,63,5460.0,0,0
64,64,5460.0,0,0
65,65,5460.0,0,0
66,66,5460.0,0,0
67,67,5460.0,0,0
68,68,5460.0,0,0
69,69,5460.0,0,0
70,70,5459.0,1,0
71,71,5459.0,1,0
72,72,5459.0,1,0
73,73,5459.0,1,0
74,74,5459.0,1,0
75,75,5459.0,1,0
76,76,5459.0,1,0
77,77,5459.0,1,0
78,78,5459.0,1,0
79,79,5459.0,1,0
80,80,5459.0,1,0
81,81,5459.0,1,0
82,82,5459.0,1,0
83,83,5459.0,1,0
84,84,5459.0,1,0
85,85,5459.0,1,0
86,86,5459.0,1,0
87,87,5459.0,1,0
88,88,5459.0,1,0
89,89,5459.0,1,0
90,90,5459.0,1,0
91,91,5459.0,1,0
92,92,5459.0,1,0
93,93,5459.0,1,0
94,94,5459.0,1,0
95,95,5459.0,1,0
96,96,5459.0,1,0
97,97,5459.0,1,0
98,98,5459.0,1,0
99,99,5459.0,1,0
100,100,5459.0,1,0
101,101,5459.0,1,0
102,102,5459.0,1,0
103,103,5459.0,1,0
104,104,5459.0,1,0
105,105,5459.0,1,0
106,106,5459.0,1,0
107,107,5459.0,1,0
108,108,5459.0,1,0
109,109,5459.0,1,0
110,110,5459.0,1,0
111,111,5459.0,1,0
112,112,5459.0,1,0
113,113,5458.0,2,0
114,114,5458.0,2,0
115,115,5458.0,2,0
116,116,5458.0,2,0
117,117,5458.0,2,0
118,118,5458.0,2,0
119,119,5457.0,3,0
120,120,5457.0,3,0
121,121,5457.0,3,0
122,122,5457.0,3,0
123,123,5457.0,3,0
124,124,5457.0,3,0
125,125,5457.0,3,0
126,126,5457.0,3,0
127,127,5457.0,3,0
128,128,5457.0,3,0
