,Days,S,I,D
0,0,6237.0,0,0
1,1,6237.0,0,0
2,2,6237.0,0,0
3,3,6237.0,0,0
4,4,6237.0,0,0
5,5,6237.0,0,0
6,6,6237.0,0,0
7,7,6237.0,0,0
8,8,6237.0,0,0
9,9,6237.0,0,0
10,10,6237.0,0,0
11,11,6237.0,0,0
12,12,6237.0,0,0
13,13,6237.0,0,0
14,14,6237.0,0,0
15,15,6237.0,0,0
16,16,6237.0,0,0
17,17,6237.0,0,0
18,18,6237.0,0,0
19,19,6237.0,0,0
20,20,6237.0,0,0
21,21,6237.0,0,0
22,22,6237.0,0,0
23,23,6237.0,0,0
24,24,6237.0,0,0
25,25,6237.0,0,0
26,26,6237.0,0,0
27,27,6237.0,0,0
28,28,6237.0,0,0
29,29,6237.0,0,0
30,30,6237.0,0,0
31,31,6237.0,0,0
32,32,6237.0,0,0
33,33,6237.0,0,0
34,34,6237.0,0,0
35,35,6237.0,0,0
36,36,6237.0,0,0
37,37,6237.0,0,0
38,38,6237.0,0,0
39,39,6237.0,0,0
40,40,6237.0,0,0
41,41,6237.0,0,0
42,42,6237.0,0,0
43,43,6237.0,0,0
44,44,6237.0,0,0
45,45,6237.0,0,0
46,46,6237.0,0,0
47,47,6237.0,0,0
48,48,6237.0,0,0
49,49,6237.0,0,0
50,50,6237.0,0,0
51,51,6237.0,0,0
52,52,6237.0,0,0
53,53,6237.0,0,0
54,54,6237.0,0,0
55,55,6237.0,0,0
56,56,6237.0,0,0
57,57,6237.0,0,0
58,58,6237.0,0,0
59,59,6237.0,0,0
60,60,6237.0,0,0
61,61,6237.0,0,0
62,62,6237.0,0,0
63,63,6237.0,0,0
64,64,6237.0,0,0
65,65,6237.0,0,0
66,66,6237.0,0,0
67,67,6237.0,0,0
68,68,6237.0,0,0
69,69,6237.0,0,0
70,70,6237.0,0,0
71,71,6237.0,0,0
72,72,6236.0,1,0
73,73,6236.0,1,0
74,74,6233.0,4,0
75,75,6233.0,4,0
76,76,6233.0,4,0
77,77,6233.0,4,0
78,78,6233.0,4,0
79,79,6233.0,4,0
80,80,6233.0,4,0
81,81,6233.0,4,0
82,82,6233.0,4,0
83,83,6233.0,4,0
84,84,6233.0,4,0
85,85,6233.0,4,0
86,86,6232.0,5,0
87,87,6232.0,5,0
88,88,6232.0,5,0
89,89,6232.0,5,0
90,90,6232.0,5,0
91,91,6232.0,5,0
92,92,6232.0,5,0
93,93,6232.0,5,0
94,94,6232.0,5,0
95,95,6232.0,5,0
96,96,6232.0,5,0
97,97,6232.0,5,0
98,98,6232.0,5,0
99,99,6231.0,6,0
100,100,6231.0,6,0
101,101,6231.0,6,0
102,102,6231.0,6,0
103,103,6231.0,6,0
104,104,6231.0,6,0
105,105,6231.0,6,0
106,106,6229.0,8,0
107,107,6229.0,8,0
108,108,6229.0,8,0
109,109,6229.0,8,0
110,110,6229.0,8,0
111,111,6229.0,8,0
112,112,6229.0,8,0
113,113,6229.0,8,0
114,114,6229.0,8,0
115,115,6229.0,8,0
116,116,6229.0,8,0
117,117,6228.0,9,0
118,118,6226.0,11,0
119,119,6226.0,11,0
120,120,6225.0,12,0
121,121,6225.0,12,0
122,122,6225.0,12,0
123,123,6225.0,12,0
124,124,6225.0,12,0
125,125,6224.0,13,0
126,126,6224.0,13,0
127,127,6224.0,13,0
128,128,6224.0,13,0
