,Days,S,I,D
0,0,16482.0,0,0
1,1,16482.0,0,0
2,2,16482.0,0,0
3,3,16482.0,0,0
4,4,16482.0,0,0
5,5,16482.0,0,0
6,6,16482.0,0,0
7,7,16482.0,0,0
8,8,16482.0,0,0
9,9,16482.0,0,0
10,10,16482.0,0,0
11,11,16482.0,0,0
12,12,16482.0,0,0
13,13,16482.0,0,0
14,14,16482.0,0,0
15,15,16482.0,0,0
16,16,16482.0,0,0
17,17,16482.0,0,0
18,18,16482.0,0,0
19,19,16482.0,0,0
20,20,16482.0,0,0
21,21,16482.0,0,0
22,22,16482.0,0,0
23,23,16482.0,0,0
24,24,16482.0,0,0
25,25,16482.0,0,0
26,26,16482.0,0,0
27,27,16482.0,0,0
28,28,16482.0,0,0
29,29,16482.0,0,0
30,30,16482.0,0,0
31,31,16482.0,0,0
32,32,16482.0,0,0
33,33,16482.0,0,0
34,34,16482.0,0,0
35,35,16482.0,0,0
36,36,16482.0,0,0
37,37,16482.0,0,0
38,38,16482.0,0,0
39,39,16482.0,0,0
40,40,16482.0,0,0
41,41,16482.0,0,0
42,42,16482.0,0,0
43,43,16482.0,0,0
44,44,16482.0,0,0
45,45,16482.0,0,0
46,46,16482.0,0,0
47,47,16482.0,0,0
48,48,16482.0,0,0
49,49,16482.0,0,0
50,50,16482.0,0,0
51,51,16482.0,0,0
52,52,16482.0,0,0
53,53,16482.0,0,0
54,54,16482.0,0,0
55,55,16482.0,0,0
56,56,16482.0,0,0
57,57,16482.0,0,0
58,58,16482.0,0,0
59,59,16482.0,0,0
60,60,16482.0,0,0
61,61,16482.0,0,0
62,62,16482.0,0,0
63,63,16482.0,0,0
64,64,16482.0,0,0
65,65,16481.0,1,0
66,66,16481.0,1,0
67,67,16481.0,1,0
68,68,16481.0,1,0
69,69,16481.0,1,0
70,70,16481.0,1,0
71,71,16481.0,1,0
72,72,16481.0,1,0
73,73,16481.0,1,0
74,74,16481.0,1,0
75,75,16481.0,1,0
76,76,16481.0,1,0
77,77,16481.0,1,0
78,78,16481.0,1,0
79,79,16481.0,1,0
80,80,16481.0,1,0
81,81,16481.0,1,0
82,82,16481.0,1,0
83,83,16481.0,1,0
84,84,16481.0,1,0
85,85,16481.0,1,0
86,86,16481.0,1,0
87,87,16481.0,1,0
88,88,16481.0,1,0
89,89,16481.0,1,0
90,90,16481.0,1,0
91,91,16481.0,1,0
92,92,16481.0,1,0
93,93,16481.0,1,0
94,94,16481.0,1,0
95,95,16481.0,1,0
96,96,16481.0,1,0
97,97,16481.0,1,0
98,98,16481.0,1,0
99,99,16481.0,1,0
100,100,16481.0,1,0
101,101,16481.0,1,0
102,102,16480.0,2,0
103,103,16480.0,2,0
104,104,16480.0,2,0
105,105,16480.0,2,0
106,106,16480.0,2,0
107,107,16480.0,2,0
108,108,16480.0,2,0
109,109,16479.0,3,0
110,110,16479.0,3,0
111,111,16479.0,3,0
112,112,16479.0,3,0
113,113,16479.0,3,0
114,114,16479.0,3,0
115,115,16479.0,3,0
116,116,16479.0,3,0
117,117,16479.0,3,0
118,118,16479.0,3,0
119,119,16479.0,3,0
120,120,16478.0,4,0
121,121,16478.0,4,0
122,122,16478.0,4,0
123,123,16478.0,4,0
124,124,16478.0,4,0
125,125,16478.0,4,0
126,126,16478.0,4,0
127,127,16478.0,4,0
128,128,16478.0,4,0
