,Days,S,I,D
0,0,17810.0,0,0
1,1,17810.0,0,0
2,2,17810.0,0,0
3,3,17810.0,0,0
4,4,17810.0,0,0
5,5,17810.0,0,0
6,6,17810.0,0,0
7,7,17810.0,0,0
8,8,17810.0,0,0
9,9,17810.0,0,0
10,10,17810.0,0,0
11,11,17810.0,0,0
12,12,17810.0,0,0
13,13,17810.0,0,0
14,14,17810.0,0,0
15,15,17810.0,0,0
16,16,17810.0,0,0
17,17,17810.0,0,0
18,18,17810.0,0,0
19,19,17810.0,0,0
20,20,17810.0,0,0
21,21,17810.0,0,0
22,22,17810.0,0,0
23,23,17810.0,0,0
24,24,17810.0,0,0
25,25,17810.0,0,0
26,26,17810.0,0,0
27,27,17810.0,0,0
28,28,17810.0,0,0
29,29,17810.0,0,0
30,30,17810.0,0,0
31,31,17810.0,0,0
32,32,17810.0,0,0
33,33,17810.0,0,0
34,34,17810.0,0,0
35,35,17810.0,0,0
36,36,17810.0,0,0
37,37,17810.0,0,0
38,38,17810.0,0,0
39,39,17810.0,0,0
40,40,17810.0,0,0
41,41,17810.0,0,0
42,42,17810.0,0,0
43,43,17810.0,0,0
44,44,17810.0,0,0
45,45,17810.0,0,0
46,46,17810.0,0,0
47,47,17810.0,0,0
48,48,17810.0,0,0
49,49,17810.0,0,0
50,50,17810.0,0,0
51,51,17810.0,0,0
52,52,17810.0,0,0
53,53,17810.0,0,0
54,54,17810.0,0,0
55,55,17810.0,0,0
56,56,17810.0,0,0
57,57,17810.0,0,0
58,58,17810.0,0,0
59,59,17810.0,0,0
60,60,17810.0,0,0
61,61,17810.0,0,0
62,62,17810.0,0,0
63,63,17810.0,0,0
64,64,17810.0,0,0
65,65,17810.0,0,0
66,66,17810.0,0,0
67,67,17810.0,0,0
68,68,17810.0,0,0
69,69,17810.0,0,0
70,70,17810.0,0,0
71,71,17810.0,0,0
72,72,17810.0,0,0
73,73,17810.0,0,0
74,74,17810.0,0,0
75,75,17809.0,1,0
76,76,17809.0,1,0
77,77,17809.0,1,0
78,78,17809.0,1,0
79,79,17809.0,1,0
80,80,17809.0,1,0
81,81,17809.0,1,0
82,82,17808.0,2,0
83,83,17808.0,2,0
84,84,17809.0,1,0
85,85,17809.0,1,0
86,86,17809.0,1,0
87,87,17809.0,1,0
88,88,17809.0,1,0
89,89,17809.0,1,0
90,90,17809.0,1,0
91,91,17809.0,1,0
92,92,17809.0,1,0
93,93,17809.0,1,0
94,94,17809.0,1,0
95,95,17809.0,1,0
96,96,17808.0,2,0
97,97,17808.0,2,0
98,98,17808.0,2,0
99,99,17808.0,2,0
100,100,17808.0,2,0
101,101,17808.0,2,0
102,102,17808.0,2,0
103,103,17808.0,2,0
104,104,17808.0,2,0
105,105,17808.0,2,0
106,106,17808.0,2,0
107,107,17808.0,2,0
108,108,17808.0,2,0
109,109,17808.0,2,0
110,110,17808.0,2,0
111,111,17808.0,2,0
112,112,17808.0,2,0
113,113,17808.0,2,0
114,114,17808.0,2,0
115,115,17808.0,2,0
116,116,17808.0,2,0
117,117,17808.0,2,0
118,118,17808.0,2,0
119,119,17808.0,2,0
120,120,17808.0,2,0
121,121,17808.0,2,0
122,122,17806.0,4,0
123,123,17806.0,4,0
124,124,17806.0,4,0
125,125,17806.0,4,0
126,126,17806.0,4,0
127,127,17806.0,4,0
128,128,17806.0,4,0
