,Days,S,I,D
0,0,8632.0,0,0
1,1,8632.0,0,0
2,2,8632.0,0,0
3,3,8632.0,0,0
4,4,8632.0,0,0
5,5,8632.0,0,0
6,6,8632.0,0,0
7,7,8632.0,0,0
8,8,8632.0,0,0
9,9,8632.0,0,0
10,10,8632.0,0,0
11,11,8632.0,0,0
12,12,8632.0,0,0
13,13,8632.0,0,0
14,14,8632.0,0,0
15,15,8632.0,0,0
16,16,8632.0,0,0
17,17,8632.0,0,0
18,18,8632.0,0,0
19,19,8632.0,0,0
20,20,8632.0,0,0
21,21,8632.0,0,0
22,22,8632.0,0,0
23,23,8632.0,0,0
24,24,8632.0,0,0
25,25,8632.0,0,0
26,26,8632.0,0,0
27,27,8632.0,0,0
28,28,8632.0,0,0
29,29,8632.0,0,0
30,30,8632.0,0,0
31,31,8632.0,0,0
32,32,8632.0,0,0
33,33,8632.0,0,0
34,34,8632.0,0,0
35,35,8632.0,0,0
36,36,8632.0,0,0
37,37,8632.0,0,0
38,38,8632.0,0,0
39,39,8632.0,0,0
40,40,8632.0,0,0
41,41,8632.0,0,0
42,42,8632.0,0,0
43,43,8632.0,0,0
44,44,8632.0,0,0
45,45,8632.0,0,0
46,46,8632.0,0,0
47,47,8632.0,0,0
48,48,8632.0,0,0
49,49,8632.0,0,0
50,50,8632.0,0,0
51,51,8632.0,0,0
52,52,8632.0,0,0
53,53,8632.0,0,0
54,54,8632.0,0,0
55,55,8632.0,0,0
56,56,8632.0,0,0
57,57,8632.0,0,0
58,58,8632.0,0,0
59,59,8632.0,0,0
60,60,8632.0,0,0
61,61,8632.0,0,0
62,62,8632.0,0,0
63,63,8632.0,0,0
64,64,8632.0,0,0
65,65,8632.0,0,0
66,66,8632.0,0,0
67,67,8632.0,0,0
68,68,8632.0,0,0
69,69,8632.0,0,0
70,70,8632.0,0,0
71,71,8632.0,0,0
72,72,8632.0,0,0
73,73,8632.0,0,0
74,74,8632.0,0,0
75,75,8632.0,0,0
76,76,8632.0,0,0
77,77,8632.0,0,0
78,78,8632.0,0,0
79,79,8632.0,0,0
80,80,8632.0,0,0
81,81,8632.0,0,0
82,82,8632.0,0,0
83,83,8632.0,0,0
84,84,8632.0,0,0
85,85,8632.0,0,0
86,86,8632.0,0,0
87,87,8632.0,0,0
88,88,8632.0,0,0
89,89,8632.0,0,0
90,90,8632.0,0,0
91,91,8632.0,0,0
92,92,8632.0,0,0
93,93,8632.0,0,0
94,94,8632.0,0,0
95,95,8632.0,0,0
96,96,8632.0,0,0
97,97,8632.0,0,0
98,98,8632.0,0,0
99,99,8632.0,0,0
100,100,8632.0,0,0
101,101,8632.0,0,0
102,102,8632.0,0,0
103,103,8632.0,0,0
104,104,8632.0,0,0
105,105,8631.0,1,0
106,106,8631.0,1,0
107,107,8630.0,2,0
108,108,8630.0,2,0
109,109,8630.0,2,0
110,110,8630.0,2,0
111,111,8630.0,2,0
112,112,8630.0,2,0
113,113,8630.0,2,0
114,114,8630.0,2,0
115,115,8630.0,2,0
116,116,8630.0,2,0
117,117,8630.0,2,0
118,118,8630.0,2,0
119,119,8630.0,2,0
120,120,8630.0,2,0
121,121,8630.0,2,0
122,122,8630.0,2,0
123,123,8630.0,2,0
124,124,8630.0,2,0
125,125,8630.0,2,0
126,126,8630.0,2,0
127,127,8630.0,2,0
128,128,8630.0,2,0
