,Days,S,I,D
0,0,40796.0,0,0
1,1,40796.0,0,0
2,2,40796.0,0,0
3,3,40796.0,0,0
4,4,40796.0,0,0
5,5,40796.0,0,0
6,6,40796.0,0,0
7,7,40796.0,0,0
8,8,40796.0,0,0
9,9,40796.0,0,0
10,10,40796.0,0,0
11,11,40796.0,0,0
12,12,40796.0,0,0
13,13,40796.0,0,0
14,14,40796.0,0,0
15,15,40796.0,0,0
16,16,40796.0,0,0
17,17,40796.0,0,0
18,18,40796.0,0,0
19,19,40796.0,0,0
20,20,40796.0,0,0
21,21,40796.0,0,0
22,22,40796.0,0,0
23,23,40796.0,0,0
24,24,40796.0,0,0
25,25,40796.0,0,0
26,26,40796.0,0,0
27,27,40796.0,0,0
28,28,40796.0,0,0
29,29,40796.0,0,0
30,30,40796.0,0,0
31,31,40796.0,0,0
32,32,40796.0,0,0
33,33,40796.0,0,0
34,34,40796.0,0,0
35,35,40796.0,0,0
36,36,40796.0,0,0
37,37,40796.0,0,0
38,38,40796.0,0,0
39,39,40796.0,0,0
40,40,40796.0,0,0
41,41,40796.0,0,0
42,42,40796.0,0,0
43,43,40796.0,0,0
44,44,40796.0,0,0
45,45,40796.0,0,0
46,46,40796.0,0,0
47,47,40796.0,0,0
48,48,40796.0,0,0
49,49,40796.0,0,0
50,50,40796.0,0,0
51,51,40796.0,0,0
52,52,40796.0,0,0
53,53,40796.0,0,0
54,54,40796.0,0,0
55,55,40796.0,0,0
56,56,40796.0,0,0
57,57,40796.0,0,0
58,58,40796.0,0,0
59,59,40796.0,0,0
60,60,40796.0,0,0
61,61,40796.0,0,0
62,62,40796.0,0,0
63,63,40796.0,0,0
64,64,40796.0,0,0
65,65,40796.0,0,0
66,66,40796.0,0,0
67,67,40796.0,0,0
68,68,40796.0,0,0
69,69,40796.0,0,0
70,70,40796.0,0,0
71,71,40796.0,0,0
72,72,40796.0,0,0
73,73,40795.0,1,0
74,74,40795.0,1,0
75,75,40794.0,2,0
76,76,40793.0,3,0
77,77,40792.0,4,0
78,78,40792.0,4,0
79,79,40791.0,5,0
80,80,40791.0,5,0
81,81,40791.0,5,0
82,82,40791.0,5,0
83,83,40790.0,6,0
84,84,40790.0,6,0
85,85,40790.0,6,0
86,86,40790.0,6,0
87,87,40790.0,6,0
88,88,40790.0,6,0
89,89,40790.0,6,0
90,90,40790.0,6,0
91,91,40790.0,6,0
92,92,40790.0,6,0
93,93,40788.0,8,0
94,94,40788.0,8,0
95,95,40788.0,8,0
96,96,40788.0,8,0
97,97,40788.0,8,0
98,98,40786.0,10,0
99,99,40786.0,10,0
100,100,40781.0,15,0
101,101,40780.0,16,0
102,102,40780.0,16,0
103,103,40780.0,16,0
104,104,40779.0,17,0
105,105,40779.0,17,0
106,106,40779.0,17,0
107,107,40776.0,20,0
108,108,40776.0,20,0
109,109,40774.0,22,0
110,110,40771.0,25,0
111,111,40771.0,25,0
112,112,40769.0,27,0
113,113,40768.0,28,0
114,114,40767.0,29,0
115,115,40765.0,31,0
116,116,40765.0,31,0
117,117,40763.0,33,0
118,118,40763.0,33,0
119,119,40762.0,34,0
120,120,40760.0,36,0
121,121,40760.0,36,0
122,122,40759.0,37,0
123,123,40758.0,38,0
124,124,40758.0,38,0
125,125,40758.0,38,0
126,126,40755.0,41,0
127,127,40753.0,43,0
128,128,40751.0,45,0
