,Days,S,I,D
0,0,124672.0,0,0
1,1,124672.0,0,0
2,2,124672.0,0,0
3,3,124672.0,0,0
4,4,124672.0,0,0
5,5,124672.0,0,0
6,6,124672.0,0,0
7,7,124672.0,0,0
8,8,124672.0,0,0
9,9,124672.0,0,0
10,10,124672.0,0,0
11,11,124672.0,0,0
12,12,124672.0,0,0
13,13,124672.0,0,0
14,14,124672.0,0,0
15,15,124672.0,0,0
16,16,124672.0,0,0
17,17,124672.0,0,0
18,18,124672.0,0,0
19,19,124672.0,0,0
20,20,124672.0,0,0
21,21,124672.0,0,0
22,22,124672.0,0,0
23,23,124672.0,0,0
24,24,124672.0,0,0
25,25,124672.0,0,0
26,26,124672.0,0,0
27,27,124672.0,0,0
28,28,124672.0,0,0
29,29,124672.0,0,0
30,30,124672.0,0,0
31,31,124672.0,0,0
32,32,124672.0,0,0
33,33,124672.0,0,0
34,34,124672.0,0,0
35,35,124672.0,0,0
36,36,124672.0,0,0
37,37,124672.0,0,0
38,38,124672.0,0,0
39,39,124672.0,0,0
40,40,124672.0,0,0
41,41,124672.0,0,0
42,42,124672.0,0,0
43,43,124672.0,0,0
44,44,124672.0,0,0
45,45,124672.0,0,0
46,46,124672.0,0,0
47,47,124672.0,0,0
48,48,124672.0,0,0
49,49,124672.0,0,0
50,50,124672.0,0,0
51,51,124672.0,0,0
52,52,124672.0,0,0
53,53,124672.0,0,0
54,54,124671.0,1,0
55,55,124671.0,1,0
56,56,124671.0,1,0
57,57,124670.0,2,0
58,58,124669.0,3,0
59,59,124660.0,12,0
60,60,124655.0,17,0
61,61,124645.0,26,1
62,62,124635.0,36,1
63,63,124606.0,65,1
64,64,124581.0,90,1
65,65,124581.0,90,1
66,66,124564.0,107,1
67,67,124529.0,139,4
68,68,124514.0,153,5
69,69,124506.0,161,5
70,70,124478.0,189,5
71,71,124464.0,201,7
72,72,124443.0,222,7
73,73,124381.0,284,7
74,74,124375.0,286,11
75,75,124314.0,347,11
76,76,124303.0,358,11
77,77,124291.0,366,15
78,78,124285.0,370,17
79,79,124256.0,397,19
80,80,124237.0,415,20
81,81,124221.0,428,23
82,82,124217.0,432,23
83,83,124207.0,438,27
84,84,124205.0,440,27
85,85,124192.0,451,29
86,86,124174.0,468,30
87,87,124146.0,496,30
88,88,124134.0,508,30
89,89,124129.0,512,31
90,90,124126.0,515,31
91,91,124106.0,533,33
92,92,124103.0,536,33
93,93,124087.0,551,34
94,94,124080.0,557,35
95,95,124069.0,568,35
96,96,124063.0,574,35
97,97,124060.0,576,36
98,98,124047.0,587,38
99,99,124039.0,593,40
100,100,124005.0,627,40
101,101,123996.0,636,40
102,102,123988.0,644,40
103,103,123985.0,647,40
104,104,123975.0,657,40
105,105,123964.0,664,44
106,106,123954.0,672,46
107,107,123951.0,675,46
108,108,123937.0,689,46
109,109,123932.0,694,46
110,110,123929.0,695,48
111,111,123923.0,701,48
112,112,123920.0,704,48
113,113,123879.0,745,48
114,114,123875.0,749,48
115,115,123871.0,752,49
116,116,123867.0,756,49
117,117,123862.0,760,50
118,118,123860.0,762,50
119,119,123852.0,768,52
120,120,123838.0,782,52
121,121,123833.0,785,54
122,122,123833.0,785,54
123,123,123832.0,786,54
124,124,123829.0,788,55
125,125,123825.0,792,55
126,126,123812.0,805,55
127,127,123806.0,810,56
128,128,123799.0,817,56
