,Days,S,I,D
0,0,284081.0,0,0
1,1,284081.0,0,0
2,2,284081.0,0,0
3,3,284081.0,0,0
4,4,284081.0,0,0
5,5,284081.0,0,0
6,6,284081.0,0,0
7,7,284081.0,0,0
8,8,284081.0,0,0
9,9,284081.0,0,0
10,10,284081.0,0,0
11,11,284081.0,0,0
12,12,284081.0,0,0
13,13,284081.0,0,0
14,14,284081.0,0,0
15,15,284081.0,0,0
16,16,284081.0,0,0
17,17,284081.0,0,0
18,18,284081.0,0,0
19,19,284081.0,0,0
20,20,284081.0,0,0
21,21,284081.0,0,0
22,22,284081.0,0,0
23,23,284081.0,0,0
24,24,284081.0,0,0
25,25,284081.0,0,0
26,26,284081.0,0,0
27,27,284081.0,0,0
28,28,284081.0,0,0
29,29,284081.0,0,0
30,30,284081.0,0,0
31,31,284081.0,0,0
32,32,284081.0,0,0
33,33,284081.0,0,0
34,34,284081.0,0,0
35,35,284081.0,0,0
36,36,284081.0,0,0
37,37,284081.0,0,0
38,38,284081.0,0,0
39,39,284081.0,0,0
40,40,284081.0,0,0
41,41,284081.0,0,0
42,42,284081.0,0,0
43,43,284081.0,0,0
44,44,284081.0,0,0
45,45,284081.0,0,0
46,46,284081.0,0,0
47,47,284081.0,0,0
48,48,284081.0,0,0
49,49,284081.0,0,0
50,50,284081.0,0,0
51,51,284081.0,0,0
52,52,284081.0,0,0
53,53,284080.0,1,0
54,54,284080.0,1,0
55,55,284080.0,1,0
56,56,284080.0,1,0
57,57,284080.0,1,0
58,58,284079.0,2,0
59,59,284077.0,4,0
60,60,284076.0,5,0
61,61,284076.0,5,0
62,62,284076.0,5,0
63,63,284074.0,7,0
64,64,284073.0,8,0
65,65,284073.0,8,0
66,66,284072.0,9,0
67,67,284069.0,12,0
68,68,284068.0,13,0
69,69,284066.0,15,0
70,70,284062.0,18,1
71,71,284056.0,24,1
72,72,284052.0,28,1
73,73,284044.0,36,1
74,74,284038.0,42,1
75,75,284031.0,49,1
76,76,284019.0,59,3
77,77,284015.0,63,3
78,78,284012.0,66,3
79,79,284001.0,77,3
80,80,283997.0,80,4
81,81,283983.0,94,4
82,82,283978.0,99,4
83,83,283976.0,101,4
84,84,283965.0,112,4
85,85,283956.0,121,4
86,86,283932.0,145,4
87,87,283905.0,172,4
88,88,283899.0,178,4
89,89,283882.0,195,4
90,90,283869.0,207,5
91,91,283838.0,238,5
92,92,283822.0,252,7
93,93,283795.0,279,7
94,94,283771.0,302,8
95,95,283755.0,318,8
96,96,283730.0,343,8
97,97,283706.0,365,10
98,98,283679.0,392,10
99,99,283628.0,442,11
100,100,283585.0,485,11
101,101,283549.0,521,11
102,102,283486.0,579,16
103,103,283425.0,638,18
104,104,283413.0,649,19
105,105,283365.0,696,20
106,106,283301.0,759,21
107,107,283230.0,830,21
108,108,283180.0,877,24
109,109,283139.0,917,25
110,110,283124.0,932,25
111,111,282894.0,1159,28
112,112,282841.0,1208,32
113,113,282712.0,1337,32
114,114,282658.0,1390,33
115,115,282611.0,1436,34
116,116,282556.0,1490,35
117,117,282507.0,1537,37
118,118,282478.0,1564,39
119,119,282426.0,1615,40
120,120,282356.0,1681,44
121,121,282255.0,1780,46
122,122,282194.0,1838,49
123,123,282106.0,1925,50
124,124,282077.0,1953,51
125,125,282037.0,1993,51
126,126,282028.0,2001,52
127,127,281937.0,2091,53
128,128,281871.0,2156,54
