,Days,S,I,D
0,0,35470.0,0,0
1,1,35470.0,0,0
2,2,35470.0,0,0
3,3,35470.0,0,0
4,4,35470.0,0,0
5,5,35470.0,0,0
6,6,35470.0,0,0
7,7,35470.0,0,0
8,8,35470.0,0,0
9,9,35470.0,0,0
10,10,35470.0,0,0
11,11,35470.0,0,0
12,12,35470.0,0,0
13,13,35470.0,0,0
14,14,35470.0,0,0
15,15,35470.0,0,0
16,16,35470.0,0,0
17,17,35470.0,0,0
18,18,35470.0,0,0
19,19,35470.0,0,0
20,20,35470.0,0,0
21,21,35470.0,0,0
22,22,35470.0,0,0
23,23,35470.0,0,0
24,24,35470.0,0,0
25,25,35470.0,0,0
26,26,35470.0,0,0
27,27,35470.0,0,0
28,28,35470.0,0,0
29,29,35470.0,0,0
30,30,35470.0,0,0
31,31,35470.0,0,0
32,32,35470.0,0,0
33,33,35470.0,0,0
34,34,35470.0,0,0
35,35,35470.0,0,0
36,36,35470.0,0,0
37,37,35470.0,0,0
38,38,35470.0,0,0
39,39,35470.0,0,0
40,40,35470.0,0,0
41,41,35470.0,0,0
42,42,35470.0,0,0
43,43,35470.0,0,0
44,44,35470.0,0,0
45,45,35470.0,0,0
46,46,35470.0,0,0
47,47,35470.0,0,0
48,48,35470.0,0,0
49,49,35470.0,0,0
50,50,35470.0,0,0
51,51,35470.0,0,0
52,52,35470.0,0,0
53,53,35470.0,0,0
54,54,35470.0,0,0
55,55,35470.0,0,0
56,56,35470.0,0,0
57,57,35470.0,0,0
58,58,35470.0,0,0
59,59,35470.0,0,0
60,60,35470.0,0,0
61,61,35470.0,0,0
62,62,35470.0,0,0
63,63,35470.0,0,0
64,64,35470.0,0,0
65,65,35470.0,0,0
66,66,35469.0,1,0
67,67,35469.0,1,0
68,68,35467.0,3,0
69,69,35467.0,3,0
70,70,35467.0,3,0
71,71,35467.0,3,0
72,72,35467.0,3,0
73,73,35467.0,3,0
74,74,35467.0,3,0
75,75,35467.0,3,0
76,76,35465.0,5,0
77,77,35465.0,5,0
78,78,35465.0,5,0
79,79,35465.0,5,0
80,80,35465.0,5,0
81,81,35464.0,6,0
82,82,35464.0,6,0
83,83,35464.0,6,0
84,84,35464.0,6,0
85,85,35464.0,6,0
86,86,35464.0,6,0
87,87,35464.0,6,0
88,88,35464.0,6,0
89,89,35464.0,6,0
90,90,35464.0,6,0
91,91,35464.0,6,0
92,92,35464.0,6,0
93,93,35464.0,6,0
94,94,35464.0,6,0
95,95,35464.0,6,0
96,96,35464.0,6,0
97,97,35464.0,6,0
98,98,35464.0,6,0
99,99,35464.0,6,0
100,100,35464.0,6,0
101,101,35464.0,6,0
102,102,35464.0,6,0
103,103,35464.0,6,0
104,104,35464.0,6,0
105,105,35464.0,6,0
106,106,35464.0,6,0
107,107,35463.0,7,0
108,108,35463.0,7,0
109,109,35463.0,7,0
110,110,35463.0,7,0
111,111,35463.0,7,0
112,112,35463.0,7,0
113,113,35463.0,7,0
114,114,35463.0,7,0
115,115,35463.0,7,0
116,116,35463.0,7,0
117,117,35463.0,7,0
118,118,35463.0,7,0
119,119,35463.0,7,0
120,120,35463.0,7,0
121,121,35463.0,7,0
122,122,35463.0,7,0
123,123,35463.0,7,0
124,124,35463.0,7,0
125,125,35463.0,7,0
126,126,35462.0,8,0
127,127,35461.0,9,0
128,128,35461.0,9,0
