,Days,S,I,D
0,0,43051.0,0,0
1,1,43051.0,0,0
2,2,43051.0,0,0
3,3,43051.0,0,0
4,4,43051.0,0,0
5,5,43051.0,0,0
6,6,43051.0,0,0
7,7,43051.0,0,0
8,8,43051.0,0,0
9,9,43051.0,0,0
10,10,43051.0,0,0
11,11,43051.0,0,0
12,12,43051.0,0,0
13,13,43051.0,0,0
14,14,43051.0,0,0
15,15,43051.0,0,0
16,16,43051.0,0,0
17,17,43051.0,0,0
18,18,43051.0,0,0
19,19,43051.0,0,0
20,20,43051.0,0,0
21,21,43051.0,0,0
22,22,43051.0,0,0
23,23,43051.0,0,0
24,24,43051.0,0,0
25,25,43051.0,0,0
26,26,43051.0,0,0
27,27,43051.0,0,0
28,28,43051.0,0,0
29,29,43051.0,0,0
30,30,43051.0,0,0
31,31,43051.0,0,0
32,32,43051.0,0,0
33,33,43051.0,0,0
34,34,43051.0,0,0
35,35,43051.0,0,0
36,36,43051.0,0,0
37,37,43051.0,0,0
38,38,43051.0,0,0
39,39,43051.0,0,0
40,40,43051.0,0,0
41,41,43051.0,0,0
42,42,43051.0,0,0
43,43,43051.0,0,0
44,44,43051.0,0,0
45,45,43051.0,0,0
46,46,43051.0,0,0
47,47,43051.0,0,0
48,48,43051.0,0,0
49,49,43051.0,0,0
50,50,43051.0,0,0
51,51,43051.0,0,0
52,52,43051.0,0,0
53,53,43051.0,0,0
54,54,43051.0,0,0
55,55,43051.0,0,0
56,56,43051.0,0,0
57,57,43051.0,0,0
58,58,43051.0,0,0
59,59,43051.0,0,0
60,60,43051.0,0,0
61,61,43051.0,0,0
62,62,43050.0,1,0
63,63,43050.0,1,0
64,64,43050.0,1,0
65,65,43050.0,1,0
66,66,43050.0,1,0
67,67,43050.0,1,0
68,68,43049.0,2,0
69,69,43049.0,2,0
70,70,43048.0,3,0
71,71,43048.0,3,0
72,72,43048.0,3,0
73,73,43047.0,4,0
74,74,43046.0,5,0
75,75,43046.0,5,0
76,76,43045.0,6,0
77,77,43045.0,6,0
78,78,43045.0,6,0
79,79,43044.0,7,0
80,80,43044.0,7,0
81,81,43044.0,7,0
82,82,43042.0,9,0
83,83,43042.0,9,0
84,84,43041.0,10,0
85,85,43041.0,10,0
86,86,43041.0,10,0
87,87,43041.0,10,0
88,88,43041.0,10,0
89,89,43041.0,10,0
90,90,43041.0,10,0
91,91,43041.0,10,0
92,92,43041.0,10,0
93,93,43041.0,10,0
94,94,43041.0,10,0
95,95,43041.0,10,0
96,96,43041.0,10,0
97,97,43041.0,10,0
98,98,43041.0,10,0
99,99,43040.0,11,0
100,100,43040.0,11,0
101,101,43040.0,11,0
102,102,43040.0,11,0
103,103,43040.0,11,0
104,104,43040.0,11,0
105,105,43039.0,12,0
106,106,43039.0,12,0
107,107,43039.0,12,0
108,108,43039.0,12,0
109,109,43039.0,12,0
110,110,43038.0,13,0
111,111,43038.0,13,0
112,112,43038.0,13,0
113,113,43037.0,14,0
114,114,43036.0,15,0
115,115,43035.0,16,0
116,116,43035.0,16,0
117,117,43035.0,16,0
118,118,43027.0,24,0
119,119,43026.0,25,0
120,120,43026.0,25,0
121,121,43026.0,25,0
122,122,43026.0,25,0
123,123,43026.0,25,0
124,124,43026.0,25,0
125,125,43026.0,25,0
126,126,43026.0,25,0
127,127,43025.0,26,0
128,128,43025.0,26,0
