,Days,S,I,D
0,0,29324.0,0,0
1,1,29324.0,0,0
2,2,29324.0,0,0
3,3,29324.0,0,0
4,4,29324.0,0,0
5,5,29324.0,0,0
6,6,29324.0,0,0
7,7,29324.0,0,0
8,8,29324.0,0,0
9,9,29324.0,0,0
10,10,29324.0,0,0
11,11,29324.0,0,0
12,12,29324.0,0,0
13,13,29324.0,0,0
14,14,29324.0,0,0
15,15,29324.0,0,0
16,16,29324.0,0,0
17,17,29324.0,0,0
18,18,29324.0,0,0
19,19,29324.0,0,0
20,20,29324.0,0,0
21,21,29324.0,0,0
22,22,29324.0,0,0
23,23,29324.0,0,0
24,24,29324.0,0,0
25,25,29324.0,0,0
26,26,29324.0,0,0
27,27,29324.0,0,0
28,28,29324.0,0,0
29,29,29324.0,0,0
30,30,29324.0,0,0
31,31,29324.0,0,0
32,32,29324.0,0,0
33,33,29324.0,0,0
34,34,29324.0,0,0
35,35,29324.0,0,0
36,36,29324.0,0,0
37,37,29324.0,0,0
38,38,29324.0,0,0
39,39,29324.0,0,0
40,40,29324.0,0,0
41,41,29324.0,0,0
42,42,29324.0,0,0
43,43,29324.0,0,0
44,44,29324.0,0,0
45,45,29324.0,0,0
46,46,29324.0,0,0
47,47,29324.0,0,0
48,48,29324.0,0,0
49,49,29324.0,0,0
50,50,29324.0,0,0
51,51,29324.0,0,0
52,52,29324.0,0,0
53,53,29324.0,0,0
54,54,29324.0,0,0
55,55,29323.0,1,0
56,56,29323.0,1,0
57,57,29323.0,1,0
58,58,29323.0,1,0
59,59,29323.0,1,0
60,60,29323.0,1,0
61,61,29323.0,1,0
62,62,29323.0,1,0
63,63,29323.0,1,0
64,64,29323.0,1,0
65,65,29323.0,1,0
66,66,29323.0,1,0
67,67,29323.0,1,0
68,68,29323.0,1,0
69,69,29323.0,1,0
70,70,29323.0,1,0
71,71,29323.0,1,0
72,72,29323.0,1,0
73,73,29323.0,1,0
74,74,29323.0,1,0
75,75,29323.0,1,0
76,76,29323.0,1,0
77,77,29323.0,1,0
78,78,29323.0,1,0
79,79,29323.0,1,0
80,80,29323.0,1,0
81,81,29323.0,1,0
82,82,29323.0,1,0
83,83,29323.0,1,0
84,84,29323.0,1,0
85,85,29323.0,1,0
86,86,29323.0,1,0
87,87,29323.0,1,0
88,88,29323.0,1,0
89,89,29323.0,1,0
90,90,29323.0,1,0
91,91,29323.0,1,0
92,92,29323.0,1,0
93,93,29323.0,1,0
94,94,29323.0,1,0
95,95,29323.0,1,0
96,96,29323.0,1,0
97,97,29323.0,1,0
98,98,29323.0,1,0
99,99,29323.0,1,0
100,100,29323.0,1,0
101,101,29323.0,1,0
102,102,29323.0,1,0
103,103,29323.0,1,0
104,104,29323.0,1,0
105,105,29323.0,1,0
106,106,29323.0,1,0
107,107,29323.0,1,0
108,108,29323.0,1,0
109,109,29323.0,1,0
110,110,29323.0,1,0
111,111,29323.0,1,0
112,112,29323.0,1,0
113,113,29323.0,1,0
114,114,29323.0,1,0
115,115,29323.0,1,0
116,116,29323.0,1,0
117,117,29323.0,1,0
118,118,29323.0,1,0
119,119,29322.0,2,0
120,120,29322.0,2,0
121,121,29322.0,2,0
122,122,29322.0,2,0
123,123,29322.0,2,0
124,124,29322.0,2,0
125,125,29322.0,2,0
126,126,29322.0,2,0
127,127,29322.0,2,0
128,128,29322.0,2,0
