,Days,S,I,D
0,0,11881.0,0,0
1,1,11881.0,0,0
2,2,11881.0,0,0
3,3,11881.0,0,0
4,4,11881.0,0,0
5,5,11881.0,0,0
6,6,11881.0,0,0
7,7,11881.0,0,0
8,8,11881.0,0,0
9,9,11881.0,0,0
10,10,11881.0,0,0
11,11,11881.0,0,0
12,12,11881.0,0,0
13,13,11881.0,0,0
14,14,11881.0,0,0
15,15,11881.0,0,0
16,16,11881.0,0,0
17,17,11881.0,0,0
18,18,11881.0,0,0
19,19,11881.0,0,0
20,20,11881.0,0,0
21,21,11881.0,0,0
22,22,11881.0,0,0
23,23,11881.0,0,0
24,24,11881.0,0,0
25,25,11881.0,0,0
26,26,11881.0,0,0
27,27,11881.0,0,0
28,28,11881.0,0,0
29,29,11881.0,0,0
30,30,11881.0,0,0
31,31,11881.0,0,0
32,32,11881.0,0,0
33,33,11881.0,0,0
34,34,11881.0,0,0
35,35,11881.0,0,0
36,36,11881.0,0,0
37,37,11881.0,0,0
38,38,11881.0,0,0
39,39,11881.0,0,0
40,40,11881.0,0,0
41,41,11881.0,0,0
42,42,11881.0,0,0
43,43,11881.0,0,0
44,44,11881.0,0,0
45,45,11881.0,0,0
46,46,11881.0,0,0
47,47,11881.0,0,0
48,48,11881.0,0,0
49,49,11881.0,0,0
50,50,11881.0,0,0
51,51,11881.0,0,0
52,52,11881.0,0,0
53,53,11881.0,0,0
54,54,11881.0,0,0
55,55,11881.0,0,0
56,56,11881.0,0,0
57,57,11881.0,0,0
58,58,11881.0,0,0
59,59,11881.0,0,0
60,60,11881.0,0,0
61,61,11881.0,0,0
62,62,11881.0,0,0
63,63,11881.0,0,0
64,64,11881.0,0,0
65,65,11881.0,0,0
66,66,11881.0,0,0
67,67,11881.0,0,0
68,68,11881.0,0,0
69,69,11881.0,0,0
70,70,11881.0,0,0
71,71,11881.0,0,0
72,72,11881.0,0,0
73,73,11881.0,0,0
74,74,11881.0,0,0
75,75,11881.0,0,0
76,76,11881.0,0,0
77,77,11881.0,0,0
78,78,11881.0,0,0
79,79,11881.0,0,0
80,80,11881.0,0,0
81,81,11880.0,1,0
82,82,11880.0,1,0
83,83,11880.0,1,0
84,84,11880.0,1,0
85,85,11880.0,1,0
86,86,11880.0,1,0
87,87,11880.0,1,0
88,88,11880.0,1,0
89,89,11880.0,1,0
90,90,11880.0,1,0
91,91,11880.0,1,0
92,92,11880.0,1,0
93,93,11880.0,1,0
94,94,11880.0,1,0
95,95,11880.0,1,0
96,96,11880.0,1,0
97,97,11880.0,1,0
98,98,11879.0,2,0
99,99,11879.0,2,0
100,100,11879.0,2,0
101,101,11879.0,2,0
102,102,11879.0,2,0
103,103,11879.0,2,0
104,104,11879.0,2,0
105,105,11879.0,2,0
106,106,11879.0,2,0
107,107,11879.0,2,0
108,108,11879.0,2,0
109,109,11879.0,2,0
110,110,11879.0,2,0
111,111,11879.0,2,0
112,112,11879.0,2,0
113,113,11879.0,2,0
114,114,11879.0,2,0
115,115,11879.0,2,0
116,116,11879.0,2,0
117,117,11879.0,2,0
118,118,11878.0,3,0
119,119,11878.0,3,0
120,120,11878.0,3,0
121,121,11878.0,3,0
122,122,11878.0,3,0
123,123,11877.0,4,0
124,124,11876.0,5,0
125,125,11876.0,5,0
126,126,11876.0,5,0
127,127,11876.0,5,0
128,128,11876.0,5,0
