,Days,S,I,D
0,0,38601.0,0,0
1,1,38601.0,0,0
2,2,38601.0,0,0
3,3,38601.0,0,0
4,4,38601.0,0,0
5,5,38601.0,0,0
6,6,38601.0,0,0
7,7,38601.0,0,0
8,8,38601.0,0,0
9,9,38601.0,0,0
10,10,38601.0,0,0
11,11,38601.0,0,0
12,12,38601.0,0,0
13,13,38601.0,0,0
14,14,38601.0,0,0
15,15,38601.0,0,0
16,16,38601.0,0,0
17,17,38601.0,0,0
18,18,38601.0,0,0
19,19,38601.0,0,0
20,20,38601.0,0,0
21,21,38601.0,0,0
22,22,38601.0,0,0
23,23,38601.0,0,0
24,24,38601.0,0,0
25,25,38601.0,0,0
26,26,38601.0,0,0
27,27,38601.0,0,0
28,28,38601.0,0,0
29,29,38601.0,0,0
30,30,38601.0,0,0
31,31,38601.0,0,0
32,32,38601.0,0,0
33,33,38601.0,0,0
34,34,38601.0,0,0
35,35,38601.0,0,0
36,36,38601.0,0,0
37,37,38601.0,0,0
38,38,38601.0,0,0
39,39,38601.0,0,0
40,40,38601.0,0,0
41,41,38601.0,0,0
42,42,38601.0,0,0
43,43,38601.0,0,0
44,44,38601.0,0,0
45,45,38601.0,0,0
46,46,38601.0,0,0
47,47,38601.0,0,0
48,48,38601.0,0,0
49,49,38601.0,0,0
50,50,38601.0,0,0
51,51,38601.0,0,0
52,52,38601.0,0,0
53,53,38601.0,0,0
54,54,38601.0,0,0
55,55,38601.0,0,0
56,56,38601.0,0,0
57,57,38601.0,0,0
58,58,38601.0,0,0
59,59,38601.0,0,0
60,60,38601.0,0,0
61,61,38601.0,0,0
62,62,38601.0,0,0
63,63,38600.0,1,0
64,64,38600.0,1,0
65,65,38600.0,1,0
66,66,38600.0,1,0
67,67,38600.0,1,0
68,68,38600.0,1,0
69,69,38598.0,3,0
70,70,38598.0,3,0
71,71,38598.0,3,0
72,72,38597.0,4,0
73,73,38597.0,4,0
74,74,38597.0,4,0
75,75,38597.0,4,0
76,76,38597.0,4,0
77,77,38597.0,4,0
78,78,38597.0,4,0
79,79,38597.0,4,0
80,80,38596.0,5,0
81,81,38596.0,5,0
82,82,38596.0,5,0
83,83,38596.0,5,0
84,84,38596.0,5,0
85,85,38595.0,6,0
86,86,38595.0,6,0
87,87,38595.0,6,0
88,88,38595.0,6,0
89,89,38595.0,6,0
90,90,38595.0,6,0
91,91,38595.0,6,0
92,92,38595.0,6,0
93,93,38595.0,6,0
94,94,38595.0,6,0
95,95,38595.0,6,0
96,96,38594.0,7,0
97,97,38594.0,7,0
98,98,38593.0,8,0
99,99,38593.0,8,0
100,100,38593.0,8,0
101,101,38593.0,8,0
102,102,38593.0,8,0
103,103,38593.0,8,0
104,104,38593.0,8,0
105,105,38593.0,8,0
106,106,38593.0,8,0
107,107,38593.0,8,0
108,108,38593.0,8,0
109,109,38593.0,8,0
110,110,38593.0,8,0
111,111,38593.0,8,0
112,112,38593.0,8,0
113,113,38593.0,8,0
114,114,38593.0,8,0
115,115,38592.0,9,0
116,116,38592.0,9,0
117,117,38591.0,10,0
118,118,38591.0,10,0
119,119,38591.0,10,0
120,120,38591.0,10,0
121,121,38591.0,10,0
122,122,38587.0,14,0
123,123,38584.0,17,0
124,124,38581.0,20,0
125,125,38578.0,23,0
126,126,38578.0,23,0
127,127,38577.0,24,0
128,128,38576.0,25,0
