,Days,S,I,D
0,0,8026.0,0,0
1,1,8026.0,0,0
2,2,8026.0,0,0
3,3,8026.0,0,0
4,4,8026.0,0,0
5,5,8026.0,0,0
6,6,8026.0,0,0
7,7,8026.0,0,0
8,8,8026.0,0,0
9,9,8026.0,0,0
10,10,8026.0,0,0
11,11,8026.0,0,0
12,12,8026.0,0,0
13,13,8026.0,0,0
14,14,8026.0,0,0
15,15,8026.0,0,0
16,16,8026.0,0,0
17,17,8026.0,0,0
18,18,8026.0,0,0
19,19,8026.0,0,0
20,20,8026.0,0,0
21,21,8026.0,0,0
22,22,8026.0,0,0
23,23,8026.0,0,0
24,24,8026.0,0,0
25,25,8026.0,0,0
26,26,8026.0,0,0
27,27,8026.0,0,0
28,28,8026.0,0,0
29,29,8026.0,0,0
30,30,8026.0,0,0
31,31,8026.0,0,0
32,32,8026.0,0,0
33,33,8026.0,0,0
34,34,8026.0,0,0
35,35,8026.0,0,0
36,36,8026.0,0,0
37,37,8026.0,0,0
38,38,8026.0,0,0
39,39,8026.0,0,0
40,40,8026.0,0,0
41,41,8026.0,0,0
42,42,8026.0,0,0
43,43,8026.0,0,0
44,44,8026.0,0,0
45,45,8026.0,0,0
46,46,8026.0,0,0
47,47,8026.0,0,0
48,48,8026.0,0,0
49,49,8026.0,0,0
50,50,8026.0,0,0
51,51,8026.0,0,0
52,52,8026.0,0,0
53,53,8026.0,0,0
54,54,8026.0,0,0
55,55,8026.0,0,0
56,56,8026.0,0,0
57,57,8026.0,0,0
58,58,8026.0,0,0
59,59,8026.0,0,0
60,60,8026.0,0,0
61,61,8026.0,0,0
62,62,8026.0,0,0
63,63,8026.0,0,0
64,64,8026.0,0,0
65,65,8026.0,0,0
66,66,8026.0,0,0
67,67,8026.0,0,0
68,68,8026.0,0,0
69,69,8026.0,0,0
70,70,8026.0,0,0
71,71,8026.0,0,0
72,72,8026.0,0,0
73,73,8026.0,0,0
74,74,8026.0,0,0
75,75,8026.0,0,0
76,76,8026.0,0,0
77,77,8026.0,0,0
78,78,8026.0,0,0
79,79,8026.0,0,0
80,80,8026.0,0,0
81,81,8026.0,0,0
82,82,8026.0,0,0
83,83,8026.0,0,0
84,84,8026.0,0,0
85,85,8026.0,0,0
86,86,8026.0,0,0
87,87,8026.0,0,0
88,88,8026.0,0,0
89,89,8026.0,0,0
90,90,8026.0,0,0
91,91,8026.0,0,0
92,92,8026.0,0,0
93,93,8026.0,0,0
94,94,8025.0,1,0
95,95,8024.0,2,0
96,96,8024.0,2,0
97,97,8024.0,2,0
98,98,8024.0,2,0
99,99,8024.0,2,0
100,100,8024.0,2,0
101,101,8024.0,2,0
102,102,8024.0,2,0
103,103,8023.0,3,0
104,104,8023.0,3,0
105,105,8023.0,3,0
106,106,8022.0,4,0
107,107,8022.0,4,0
108,108,8018.0,8,0
109,109,8018.0,8,0
110,110,8018.0,8,0
111,111,8018.0,8,0
112,112,8018.0,8,0
113,113,8018.0,8,0
114,114,8018.0,8,0
115,115,8018.0,8,0
116,116,8018.0,8,0
117,117,8018.0,8,0
118,118,8018.0,8,0
119,119,8018.0,8,0
120,120,8017.0,9,0
121,121,8017.0,9,0
122,122,8017.0,9,0
123,123,8016.0,10,0
124,124,8016.0,10,0
125,125,8016.0,10,0
126,126,8016.0,10,0
127,127,8016.0,10,0
128,128,8016.0,10,0
