,Days,S,I,D
0,0,36929.0,0,0
1,1,36929.0,0,0
2,2,36929.0,0,0
3,3,36929.0,0,0
4,4,36929.0,0,0
5,5,36929.0,0,0
6,6,36929.0,0,0
7,7,36929.0,0,0
8,8,36929.0,0,0
9,9,36929.0,0,0
10,10,36929.0,0,0
11,11,36929.0,0,0
12,12,36929.0,0,0
13,13,36929.0,0,0
14,14,36929.0,0,0
15,15,36929.0,0,0
16,16,36929.0,0,0
17,17,36929.0,0,0
18,18,36929.0,0,0
19,19,36929.0,0,0
20,20,36929.0,0,0
21,21,36929.0,0,0
22,22,36929.0,0,0
23,23,36929.0,0,0
24,24,36929.0,0,0
25,25,36929.0,0,0
26,26,36929.0,0,0
27,27,36929.0,0,0
28,28,36929.0,0,0
29,29,36929.0,0,0
30,30,36929.0,0,0
31,31,36929.0,0,0
32,32,36929.0,0,0
33,33,36929.0,0,0
34,34,36929.0,0,0
35,35,36929.0,0,0
36,36,36929.0,0,0
37,37,36929.0,0,0
38,38,36929.0,0,0
39,39,36929.0,0,0
40,40,36929.0,0,0
41,41,36929.0,0,0
42,42,36929.0,0,0
43,43,36929.0,0,0
44,44,36929.0,0,0
45,45,36929.0,0,0
46,46,36929.0,0,0
47,47,36929.0,0,0
48,48,36929.0,0,0
49,49,36929.0,0,0
50,50,36929.0,0,0
51,51,36929.0,0,0
52,52,36929.0,0,0
53,53,36929.0,0,0
54,54,36929.0,0,0
55,55,36929.0,0,0
56,56,36929.0,0,0
57,57,36929.0,0,0
58,58,36928.0,1,0
59,59,36928.0,1,0
60,60,36928.0,1,0
61,61,36928.0,1,0
62,62,36928.0,1,0
63,63,36928.0,1,0
64,64,36928.0,1,0
65,65,36926.0,3,0
66,66,36925.0,4,0
67,67,36925.0,4,0
68,68,36924.0,5,0
69,69,36923.0,6,0
70,70,36922.0,7,0
71,71,36922.0,7,0
72,72,36921.0,8,0
73,73,36921.0,8,0
74,74,36920.0,9,0
75,75,36920.0,9,0
76,76,36920.0,9,0
77,77,36920.0,9,0
78,78,36920.0,9,0
79,79,36920.0,9,0
80,80,36920.0,9,0
81,81,36920.0,9,0
82,82,36920.0,9,0
83,83,36920.0,9,0
84,84,36920.0,9,0
85,85,36920.0,9,0
86,86,36920.0,9,0
87,87,36920.0,9,0
88,88,36920.0,9,0
89,89,36920.0,9,0
90,90,36920.0,9,0
91,91,36920.0,9,0
92,92,36919.0,10,0
93,93,36919.0,10,0
94,94,36918.0,11,0
95,95,36918.0,11,0
96,96,36918.0,11,0
97,97,36918.0,11,0
98,98,36918.0,11,0
99,99,36917.0,12,0
100,100,36916.0,13,0
101,101,36916.0,13,0
102,102,36914.0,15,0
103,103,36913.0,16,0
104,104,36909.0,20,0
105,105,36909.0,20,0
106,106,36908.0,21,0
107,107,36906.0,23,0
108,108,36896.0,33,0
109,109,36896.0,33,0
110,110,36896.0,33,0
111,111,36895.0,34,0
112,112,36893.0,36,0
113,113,36890.0,39,0
114,114,36890.0,39,0
115,115,36888.0,41,0
116,116,36885.0,44,0
117,117,36884.0,45,0
118,118,36883.0,46,0
119,119,36880.0,49,0
120,120,36880.0,49,0
121,121,36880.0,49,0
122,122,36877.0,52,0
123,123,36876.0,53,0
124,124,36875.0,54,0
125,125,36874.0,55,0
126,126,36871.0,58,0
127,127,36869.0,60,0
128,128,36864.0,65,0
