,Days,S,I,D
0,0,74254.0,0,0
1,1,74254.0,0,0
2,2,74254.0,0,0
3,3,74254.0,0,0
4,4,74254.0,0,0
5,5,74254.0,0,0
6,6,74254.0,0,0
7,7,74254.0,0,0
8,8,74254.0,0,0
9,9,74254.0,0,0
10,10,74254.0,0,0
11,11,74254.0,0,0
12,12,74254.0,0,0
13,13,74254.0,0,0
14,14,74254.0,0,0
15,15,74254.0,0,0
16,16,74254.0,0,0
17,17,74254.0,0,0
18,18,74254.0,0,0
19,19,74254.0,0,0
20,20,74254.0,0,0
21,21,74254.0,0,0
22,22,74254.0,0,0
23,23,74254.0,0,0
24,24,74254.0,0,0
25,25,74254.0,0,0
26,26,74254.0,0,0
27,27,74254.0,0,0
28,28,74254.0,0,0
29,29,74254.0,0,0
30,30,74254.0,0,0
31,31,74254.0,0,0
32,32,74254.0,0,0
33,33,74254.0,0,0
34,34,74254.0,0,0
35,35,74254.0,0,0
36,36,74254.0,0,0
37,37,74254.0,0,0
38,38,74254.0,0,0
39,39,74254.0,0,0
40,40,74254.0,0,0
41,41,74254.0,0,0
42,42,74254.0,0,0
43,43,74254.0,0,0
44,44,74254.0,0,0
45,45,74254.0,0,0
46,46,74254.0,0,0
47,47,74254.0,0,0
48,48,74254.0,0,0
49,49,74254.0,0,0
50,50,74254.0,0,0
51,51,74254.0,0,0
52,52,74254.0,0,0
53,53,74254.0,0,0
54,54,74254.0,0,0
55,55,74254.0,0,0
56,56,74254.0,0,0
57,57,74254.0,0,0
58,58,74254.0,0,0
59,59,74254.0,0,0
60,60,74254.0,0,0
61,61,74254.0,0,0
62,62,74254.0,0,0
63,63,74253.0,1,0
64,64,74253.0,1,0
65,65,74251.0,3,0
66,66,74251.0,3,0
67,67,74251.0,3,0
68,68,74251.0,3,0
69,69,74251.0,3,0
70,70,74251.0,3,0
71,71,74251.0,3,0
72,72,74251.0,3,0
73,73,74250.0,4,0
74,74,74250.0,4,0
75,75,74250.0,4,0
76,76,74250.0,4,0
77,77,74249.0,5,0
78,78,74249.0,5,0
79,79,74249.0,5,0
80,80,74249.0,5,0
81,81,74249.0,5,0
82,82,74248.0,6,0
83,83,74248.0,6,0
84,84,74248.0,6,0
85,85,74248.0,6,0
86,86,74247.0,7,0
87,87,74247.0,7,0
88,88,74247.0,7,0
89,89,74247.0,7,0
90,90,74247.0,7,0
91,91,74246.0,8,0
92,92,74246.0,8,0
93,93,74246.0,8,0
94,94,74246.0,8,0
95,95,74246.0,8,0
96,96,74246.0,8,0
97,97,74246.0,8,0
98,98,74246.0,8,0
99,99,74246.0,8,0
100,100,74245.0,9,0
101,101,74245.0,9,0
102,102,74245.0,9,0
103,103,74245.0,9,0
104,104,74245.0,9,0
105,105,74245.0,9,0
106,106,74245.0,9,0
107,107,74245.0,9,0
108,108,74245.0,9,0
109,109,74245.0,9,0
110,110,74244.0,10,0
111,111,74244.0,10,0
112,112,74244.0,10,0
113,113,74244.0,10,0
114,114,74244.0,10,0
115,115,74244.0,10,0
116,116,74244.0,10,0
117,117,74243.0,11,0
118,118,74242.0,12,0
119,119,74240.0,14,0
120,120,74240.0,14,0
121,121,74240.0,14,0
122,122,74239.0,15,0
123,123,74239.0,15,0
124,124,74239.0,15,0
125,125,74238.0,16,0
126,126,74238.0,16,0
127,127,74238.0,16,0
128,128,74238.0,16,0
