,Days,S,I,D
0,0,56682.0,0,0
1,1,56682.0,0,0
2,2,56682.0,0,0
3,3,56682.0,0,0
4,4,56682.0,0,0
5,5,56682.0,0,0
6,6,56682.0,0,0
7,7,56682.0,0,0
8,8,56682.0,0,0
9,9,56682.0,0,0
10,10,56682.0,0,0
11,11,56682.0,0,0
12,12,56682.0,0,0
13,13,56682.0,0,0
14,14,56682.0,0,0
15,15,56682.0,0,0
16,16,56682.0,0,0
17,17,56682.0,0,0
18,18,56682.0,0,0
19,19,56682.0,0,0
20,20,56682.0,0,0
21,21,56682.0,0,0
22,22,56682.0,0,0
23,23,56682.0,0,0
24,24,56682.0,0,0
25,25,56682.0,0,0
26,26,56682.0,0,0
27,27,56682.0,0,0
28,28,56682.0,0,0
29,29,56682.0,0,0
30,30,56682.0,0,0
31,31,56682.0,0,0
32,32,56682.0,0,0
33,33,56682.0,0,0
34,34,56682.0,0,0
35,35,56682.0,0,0
36,36,56682.0,0,0
37,37,56682.0,0,0
38,38,56682.0,0,0
39,39,56682.0,0,0
40,40,56682.0,0,0
41,41,56682.0,0,0
42,42,56682.0,0,0
43,43,56682.0,0,0
44,44,56682.0,0,0
45,45,56682.0,0,0
46,46,56682.0,0,0
47,47,56682.0,0,0
48,48,56682.0,0,0
49,49,56682.0,0,0
50,50,56682.0,0,0
51,51,56682.0,0,0
52,52,56682.0,0,0
53,53,56682.0,0,0
54,54,56682.0,0,0
55,55,56682.0,0,0
56,56,56682.0,0,0
57,57,56682.0,0,0
58,58,56682.0,0,0
59,59,56681.0,1,0
60,60,56681.0,1,0
61,61,56681.0,1,0
62,62,56681.0,1,0
63,63,56681.0,1,0
64,64,56681.0,1,0
65,65,56679.0,3,0
66,66,56679.0,3,0
67,67,56679.0,3,0
68,68,56678.0,4,0
69,69,56678.0,4,0
70,70,56677.0,5,0
71,71,56677.0,5,0
72,72,56677.0,5,0
73,73,56677.0,5,0
74,74,56676.0,6,0
75,75,56674.0,8,0
76,76,56672.0,10,0
77,77,56672.0,10,0
78,78,56672.0,10,0
79,79,56672.0,10,0
80,80,56671.0,11,0
81,81,56671.0,11,0
82,82,56670.0,12,0
83,83,56669.0,13,0
84,84,56669.0,13,0
85,85,56669.0,13,0
86,86,56668.0,14,0
87,87,56668.0,14,0
88,88,56668.0,14,0
89,89,56667.0,15,0
90,90,56666.0,16,0
91,91,56665.0,17,0
92,92,56665.0,17,0
93,93,56665.0,17,0
94,94,56665.0,17,0
95,95,56664.0,18,0
96,96,56661.0,21,0
97,97,56660.0,22,0
98,98,56657.0,25,0
99,99,56657.0,25,0
100,100,56655.0,27,0
101,101,56655.0,27,0
102,102,56655.0,27,0
103,103,56655.0,27,0
104,104,56655.0,27,0
105,105,56655.0,27,0
106,106,56655.0,27,0
107,107,56655.0,27,0
108,108,56655.0,27,0
109,109,56655.0,27,0
110,110,56654.0,28,0
111,111,56654.0,28,0
112,112,56653.0,29,0
113,113,56653.0,29,0
114,114,56653.0,29,0
115,115,56653.0,29,0
116,116,56653.0,29,0
117,117,56653.0,29,0
118,118,56653.0,29,0
119,119,56652.0,30,0
120,120,56652.0,30,0
121,121,56651.0,31,0
122,122,56651.0,31,0
123,123,56651.0,31,0
124,124,56650.0,32,0
125,125,56650.0,32,0
126,126,56650.0,32,0
127,127,56647.0,35,0
128,128,56647.0,35,0
