,Days,S,I,D
0,0,6997.0,0,0
1,1,6997.0,0,0
2,2,6997.0,0,0
3,3,6997.0,0,0
4,4,6997.0,0,0
5,5,6997.0,0,0
6,6,6997.0,0,0
7,7,6997.0,0,0
8,8,6997.0,0,0
9,9,6997.0,0,0
10,10,6997.0,0,0
11,11,6997.0,0,0
12,12,6997.0,0,0
13,13,6997.0,0,0
14,14,6997.0,0,0
15,15,6997.0,0,0
16,16,6997.0,0,0
17,17,6997.0,0,0
18,18,6997.0,0,0
19,19,6997.0,0,0
20,20,6997.0,0,0
21,21,6997.0,0,0
22,22,6997.0,0,0
23,23,6997.0,0,0
24,24,6997.0,0,0
25,25,6997.0,0,0
26,26,6997.0,0,0
27,27,6997.0,0,0
28,28,6997.0,0,0
29,29,6997.0,0,0
30,30,6997.0,0,0
31,31,6997.0,0,0
32,32,6997.0,0,0
33,33,6997.0,0,0
34,34,6997.0,0,0
35,35,6997.0,0,0
36,36,6997.0,0,0
37,37,6997.0,0,0
38,38,6997.0,0,0
39,39,6997.0,0,0
40,40,6997.0,0,0
41,41,6997.0,0,0
42,42,6997.0,0,0
43,43,6997.0,0,0
44,44,6997.0,0,0
45,45,6997.0,0,0
46,46,6997.0,0,0
47,47,6997.0,0,0
48,48,6997.0,0,0
49,49,6997.0,0,0
50,50,6997.0,0,0
51,51,6997.0,0,0
52,52,6997.0,0,0
53,53,6997.0,0,0
54,54,6997.0,0,0
55,55,6997.0,0,0
56,56,6997.0,0,0
57,57,6997.0,0,0
58,58,6997.0,0,0
59,59,6997.0,0,0
60,60,6997.0,0,0
61,61,6997.0,0,0
62,62,6997.0,0,0
63,63,6997.0,0,0
64,64,6997.0,0,0
65,65,6997.0,0,0
66,66,6997.0,0,0
67,67,6997.0,0,0
68,68,6997.0,0,0
69,69,6997.0,0,0
70,70,6997.0,0,0
71,71,6996.0,1,0
72,72,6996.0,1,0
73,73,6996.0,1,0
74,74,6996.0,1,0
75,75,6996.0,1,0
76,76,6996.0,1,0
77,77,6996.0,1,0
78,78,6996.0,1,0
79,79,6996.0,1,0
80,80,6996.0,1,0
81,81,6996.0,1,0
82,82,6996.0,1,0
83,83,6996.0,1,0
84,84,6996.0,1,0
85,85,6996.0,1,0
86,86,6996.0,1,0
87,87,6996.0,1,0
88,88,6996.0,1,0
89,89,6996.0,1,0
90,90,6996.0,1,0
91,91,6996.0,1,0
92,92,6994.0,3,0
93,93,6994.0,3,0
94,94,6994.0,3,0
95,95,6994.0,3,0
96,96,6994.0,3,0
97,97,6994.0,3,0
98,98,6994.0,3,0
99,99,6994.0,3,0
100,100,6994.0,3,0
101,101,6994.0,3,0
102,102,6994.0,3,0
103,103,6994.0,3,0
104,104,6992.0,5,0
105,105,6992.0,5,0
106,106,6992.0,5,0
107,107,6992.0,5,0
108,108,6992.0,5,0
109,109,6992.0,5,0
110,110,6992.0,5,0
111,111,6992.0,5,0
112,112,6992.0,5,0
113,113,6992.0,5,0
114,114,6992.0,5,0
115,115,6992.0,5,0
116,116,6992.0,5,0
117,117,6992.0,5,0
118,118,6992.0,5,0
119,119,6992.0,5,0
120,120,6992.0,5,0
121,121,6992.0,5,0
122,122,6989.0,8,0
123,123,6988.0,9,0
124,124,6988.0,9,0
125,125,6988.0,9,0
126,126,6988.0,9,0
127,127,6987.0,10,0
128,128,6986.0,11,0
