,Days,S,I,D
0,0,13280.0,0,0
1,1,13280.0,0,0
2,2,13280.0,0,0
3,3,13280.0,0,0
4,4,13280.0,0,0
5,5,13280.0,0,0
6,6,13280.0,0,0
7,7,13280.0,0,0
8,8,13280.0,0,0
9,9,13280.0,0,0
10,10,13280.0,0,0
11,11,13280.0,0,0
12,12,13280.0,0,0
13,13,13280.0,0,0
14,14,13280.0,0,0
15,15,13280.0,0,0
16,16,13280.0,0,0
17,17,13280.0,0,0
18,18,13280.0,0,0
19,19,13280.0,0,0
20,20,13280.0,0,0
21,21,13280.0,0,0
22,22,13280.0,0,0
23,23,13280.0,0,0
24,24,13280.0,0,0
25,25,13280.0,0,0
26,26,13280.0,0,0
27,27,13280.0,0,0
28,28,13280.0,0,0
29,29,13280.0,0,0
30,30,13280.0,0,0
31,31,13280.0,0,0
32,32,13280.0,0,0
33,33,13280.0,0,0
34,34,13280.0,0,0
35,35,13280.0,0,0
36,36,13280.0,0,0
37,37,13280.0,0,0
38,38,13280.0,0,0
39,39,13280.0,0,0
40,40,13280.0,0,0
41,41,13280.0,0,0
42,42,13280.0,0,0
43,43,13280.0,0,0
44,44,13280.0,0,0
45,45,13280.0,0,0
46,46,13280.0,0,0
47,47,13280.0,0,0
48,48,13280.0,0,0
49,49,13280.0,0,0
50,50,13280.0,0,0
51,51,13280.0,0,0
52,52,13280.0,0,0
53,53,13280.0,0,0
54,54,13280.0,0,0
55,55,13280.0,0,0
56,56,13280.0,0,0
57,57,13280.0,0,0
58,58,13280.0,0,0
59,59,13280.0,0,0
60,60,13280.0,0,0
61,61,13280.0,0,0
62,62,13280.0,0,0
63,63,13280.0,0,0
64,64,13280.0,0,0
65,65,13280.0,0,0
66,66,13280.0,0,0
67,67,13280.0,0,0
68,68,13280.0,0,0
69,69,13280.0,0,0
70,70,13280.0,0,0
71,71,13280.0,0,0
72,72,13280.0,0,0
73,73,13280.0,0,0
74,74,13280.0,0,0
75,75,13280.0,0,0
76,76,13280.0,0,0
77,77,13280.0,0,0
78,78,13280.0,0,0
79,79,13279.0,1,0
80,80,13279.0,1,0
81,81,13279.0,1,0
82,82,13279.0,1,0
83,83,13279.0,1,0
84,84,13279.0,1,0
85,85,13279.0,1,0
86,86,13278.0,2,0
87,87,13276.0,4,0
88,88,13275.0,5,0
89,89,13275.0,5,0
90,90,13275.0,5,0
91,91,13275.0,5,0
92,92,13275.0,5,0
93,93,13275.0,5,0
94,94,13275.0,5,0
95,95,13275.0,5,0
96,96,13275.0,5,0
97,97,13275.0,5,0
98,98,13275.0,5,0
99,99,13275.0,5,0
100,100,13275.0,5,0
101,101,13275.0,5,0
102,102,13275.0,5,0
103,103,13275.0,5,0
104,104,13274.0,6,0
105,105,13274.0,6,0
106,106,13274.0,6,0
107,107,13274.0,6,0
108,108,13274.0,6,0
109,109,13274.0,6,0
110,110,13274.0,6,0
111,111,13274.0,6,0
112,112,13274.0,6,0
113,113,13274.0,6,0
114,114,13274.0,6,0
115,115,13274.0,6,0
116,116,13274.0,6,0
117,117,13274.0,6,0
118,118,13274.0,6,0
119,119,13274.0,6,0
120,120,13274.0,6,0
121,121,13274.0,6,0
122,122,13273.0,7,0
123,123,13273.0,7,0
124,124,13273.0,7,0
125,125,13273.0,7,0
126,126,13273.0,7,0
127,127,13273.0,7,0
128,128,13273.0,7,0
