,Days,S,I,D
0,0,82764.0,0,0
1,1,82764.0,0,0
2,2,82764.0,0,0
3,3,82764.0,0,0
4,4,82764.0,0,0
5,5,82764.0,0,0
6,6,82764.0,0,0
7,7,82764.0,0,0
8,8,82764.0,0,0
9,9,82764.0,0,0
10,10,82764.0,0,0
11,11,82764.0,0,0
12,12,82764.0,0,0
13,13,82764.0,0,0
14,14,82764.0,0,0
15,15,82764.0,0,0
16,16,82764.0,0,0
17,17,82764.0,0,0
18,18,82764.0,0,0
19,19,82764.0,0,0
20,20,82764.0,0,0
21,21,82764.0,0,0
22,22,82764.0,0,0
23,23,82764.0,0,0
24,24,82764.0,0,0
25,25,82764.0,0,0
26,26,82764.0,0,0
27,27,82764.0,0,0
28,28,82764.0,0,0
29,29,82764.0,0,0
30,30,82764.0,0,0
31,31,82764.0,0,0
32,32,82764.0,0,0
33,33,82764.0,0,0
34,34,82764.0,0,0
35,35,82764.0,0,0
36,36,82764.0,0,0
37,37,82764.0,0,0
38,38,82764.0,0,0
39,39,82764.0,0,0
40,40,82764.0,0,0
41,41,82764.0,0,0
42,42,82764.0,0,0
43,43,82764.0,0,0
44,44,82764.0,0,0
45,45,82764.0,0,0
46,46,82764.0,0,0
47,47,82764.0,0,0
48,48,82764.0,0,0
49,49,82764.0,0,0
50,50,82764.0,0,0
51,51,82764.0,0,0
52,52,82764.0,0,0
53,53,82764.0,0,0
54,54,82764.0,0,0
55,55,82764.0,0,0
56,56,82764.0,0,0
57,57,82762.0,2,0
58,58,82762.0,2,0
59,59,82761.0,3,0
60,60,82761.0,3,0
61,61,82761.0,3,0
62,62,82761.0,3,0
63,63,82760.0,4,0
64,64,82759.0,5,0
65,65,82754.0,10,0
66,66,82754.0,10,0
67,67,82754.0,10,0
68,68,82748.0,15,1
69,69,82732.0,31,1
70,70,82718.0,45,1
71,71,82718.0,45,1
72,72,82717.0,45,2
73,73,82717.0,45,2
74,74,82713.0,47,4
75,75,82708.0,52,4
76,76,82700.0,60,4
77,77,82674.0,86,4
78,78,82670.0,90,4
79,79,82655.0,103,6
80,80,82644.0,109,11
81,81,82638.0,113,13
82,82,82637.0,114,13
83,83,82633.0,115,16
84,84,82632.0,116,16
85,85,82629.0,118,17
86,86,82627.0,119,18
87,87,82611.0,133,20
88,88,82610.0,134,20
89,89,82608.0,136,20
90,90,82602.0,136,26
91,91,82595.0,140,29
92,92,82579.0,154,31
93,93,82573.0,157,34
94,94,82567.0,163,34
95,95,82567.0,163,34
96,96,82562.0,167,35
97,97,82557.0,170,37
98,98,82553.0,172,39
99,99,82542.0,180,42
100,100,82539.0,181,44
101,101,82535.0,185,44
102,102,82533.0,186,45
103,103,82528.0,191,45
104,104,82519.0,198,47
105,105,82514.0,202,48
106,106,82512.0,203,49
107,107,82511.0,204,49
108,108,82504.0,211,49
109,109,82500.0,214,50
110,110,82500.0,214,50
111,111,82498.0,215,51
112,112,82483.0,230,51
113,113,82483.0,230,51
114,114,82483.0,230,51
115,115,82483.0,230,51
116,116,82482.0,231,51
117,117,82478.0,235,51
118,118,82476.0,237,51
119,119,82475.0,237,52
120,120,82468.0,244,52
121,121,82468.0,244,52
122,122,82465.0,247,52
123,123,82465.0,247,52
124,124,82464.0,248,52
125,125,82463.0,249,52
126,126,82459.0,252,53
127,127,82458.0,252,54
128,128,82455.0,255,54
