,Days,S,I,D
0,0,857620.0,0,0
1,1,857620.0,0,0
2,2,857620.0,0,0
3,3,857620.0,0,0
4,4,857620.0,0,0
5,5,857620.0,0,0
6,6,857620.0,0,0
7,7,857620.0,0,0
8,8,857620.0,0,0
9,9,857620.0,0,0
10,10,857620.0,0,0
11,11,857620.0,0,0
12,12,857620.0,0,0
13,13,857620.0,0,0
14,14,857620.0,0,0
15,15,857620.0,0,0
16,16,857620.0,0,0
17,17,857620.0,0,0
18,18,857620.0,0,0
19,19,857620.0,0,0
20,20,857620.0,0,0
21,21,857620.0,0,0
22,22,857620.0,0,0
23,23,857620.0,0,0
24,24,857620.0,0,0
25,25,857620.0,0,0
26,26,857620.0,0,0
27,27,857620.0,0,0
28,28,857620.0,0,0
29,29,857620.0,0,0
30,30,857620.0,0,0
31,31,857620.0,0,0
32,32,857620.0,0,0
33,33,857620.0,0,0
34,34,857620.0,0,0
35,35,857620.0,0,0
36,36,857620.0,0,0
37,37,857620.0,0,0
38,38,857620.0,0,0
39,39,857620.0,0,0
40,40,857620.0,0,0
41,41,857620.0,0,0
42,42,857620.0,0,0
43,43,857620.0,0,0
44,44,857620.0,0,0
45,45,857620.0,0,0
46,46,857620.0,0,0
47,47,857620.0,0,0
48,48,857620.0,0,0
49,49,857620.0,0,0
50,50,857620.0,0,0
51,51,857620.0,0,0
52,52,857619.0,1,0
53,53,857617.0,3,0
54,54,857616.0,4,0
55,55,857612.0,8,0
56,56,857610.0,10,0
57,57,857597.0,23,0
58,58,857597.0,23,0
59,59,857596.0,24,0
60,60,857591.0,29,0
61,61,857579.0,41,0
62,62,857531.0,89,0
63,63,857491.0,127,2
64,64,857462.0,156,2
65,65,857392.0,222,6
66,66,857378.0,236,6
67,67,857334.0,280,6
68,68,857241.0,373,6
69,69,857091.0,517,12
70,70,856994.0,611,15
71,71,856956.0,647,17
72,72,856711.0,891,18
73,73,856567.0,1024,29
74,74,856422.0,1162,36
75,75,856111.0,1468,41
76,76,855896.0,1664,60
77,77,855605.0,1945,70
78,78,855359.0,2183,78
79,79,855139.0,2383,98
80,80,854798.0,2715,107
81,81,854555.0,2946,119
82,82,854127.0,3358,135
83,83,853926.0,3543,151
84,84,853667.0,3758,195
85,85,853243.0,4163,214
86,86,852871.0,4520,229
87,87,852636.0,4743,241
88,88,852492.0,4871,257
89,89,852047.0,5272,301
90,90,851805.0,5493,322
91,91,851464.0,5811,345
92,92,851184.0,6064,372
93,93,850938.0,6286,396
94,94,850695.0,6509,416
95,95,850476.0,6715,429
96,96,850171.0,6993,456
97,97,850053.0,7089,478
98,98,849922.0,7205,493
99,99,849572.0,7536,512
100,100,849187.0,7900,533
101,101,849031.0,8024,565
102,102,849016.0,8024,580
103,103,848915.0,8110,595
104,104,848673.0,8337,610
105,105,848572.0,8419,629
106,106,848299.0,8678,643
107,107,848064.0,8887,669
108,108,847843.0,9091,686
109,109,847710.0,9209,701
110,110,847644.0,9260,716
111,111,847467.0,9430,723
112,112,847305.0,9570,745
113,113,847141.0,9712,767
114,114,846956.0,9881,783
115,115,846745.0,10075,800
116,116,846644.0,10159,817
117,117,846452.0,10338,830
118,118,846355.0,10427,838
119,119,846178.0,10587,855
120,120,846083.0,10663,874
121,121,845976.0,10756,888
122,122,845876.0,10847,897
123,123,845812.0,10905,903
124,124,845681.0,11017,922
125,125,845574.0,11121,925
126,126,845562.0,11124,934
127,127,845476.0,11198,946
128,128,845422.0,11241,957
