,Days,S,I,D
0,0,29094.0,0,0
1,1,29094.0,0,0
2,2,29094.0,0,0
3,3,29094.0,0,0
4,4,29094.0,0,0
5,5,29094.0,0,0
6,6,29094.0,0,0
7,7,29094.0,0,0
8,8,29094.0,0,0
9,9,29094.0,0,0
10,10,29094.0,0,0
11,11,29094.0,0,0
12,12,29094.0,0,0
13,13,29094.0,0,0
14,14,29094.0,0,0
15,15,29094.0,0,0
16,16,29094.0,0,0
17,17,29094.0,0,0
18,18,29094.0,0,0
19,19,29094.0,0,0
20,20,29094.0,0,0
21,21,29094.0,0,0
22,22,29094.0,0,0
23,23,29094.0,0,0
24,24,29094.0,0,0
25,25,29094.0,0,0
26,26,29094.0,0,0
27,27,29094.0,0,0
28,28,29094.0,0,0
29,29,29094.0,0,0
30,30,29094.0,0,0
31,31,29094.0,0,0
32,32,29094.0,0,0
33,33,29094.0,0,0
34,34,29094.0,0,0
35,35,29094.0,0,0
36,36,29094.0,0,0
37,37,29094.0,0,0
38,38,29094.0,0,0
39,39,29094.0,0,0
40,40,29094.0,0,0
41,41,29094.0,0,0
42,42,29094.0,0,0
43,43,29094.0,0,0
44,44,29094.0,0,0
45,45,29094.0,0,0
46,46,29094.0,0,0
47,47,29094.0,0,0
48,48,29094.0,0,0
49,49,29094.0,0,0
50,50,29094.0,0,0
51,51,29094.0,0,0
52,52,29094.0,0,0
53,53,29094.0,0,0
54,54,29094.0,0,0
55,55,29094.0,0,0
56,56,29094.0,0,0
57,57,29094.0,0,0
58,58,29094.0,0,0
59,59,29094.0,0,0
60,60,29094.0,0,0
61,61,29094.0,0,0
62,62,29094.0,0,0
63,63,29094.0,0,0
64,64,29094.0,0,0
65,65,29093.0,1,0
66,66,29091.0,3,0
67,67,29091.0,3,0
68,68,29091.0,3,0
69,69,29091.0,3,0
70,70,29089.0,5,0
71,71,29089.0,5,0
72,72,29089.0,5,0
73,73,29088.0,6,0
74,74,29088.0,6,0
75,75,29088.0,6,0
76,76,29087.0,7,0
77,77,29087.0,7,0
78,78,29087.0,7,0
79,79,29087.0,7,0
80,80,29087.0,7,0
81,81,29087.0,7,0
82,82,29087.0,7,0
83,83,29087.0,7,0
84,84,29087.0,7,0
85,85,29087.0,7,0
86,86,29087.0,7,0
87,87,29087.0,7,0
88,88,29087.0,7,0
89,89,29087.0,7,0
90,90,29087.0,7,0
91,91,29087.0,7,0
92,92,29087.0,7,0
93,93,29087.0,7,0
94,94,29087.0,7,0
95,95,29087.0,7,0
96,96,29087.0,7,0
97,97,29086.0,8,0
98,98,29085.0,9,0
99,99,29084.0,10,0
100,100,29084.0,10,0
101,101,29083.0,11,0
102,102,29083.0,11,0
103,103,29083.0,11,0
104,104,29083.0,11,0
105,105,29083.0,11,0
106,106,29083.0,11,0
107,107,29082.0,12,0
108,108,29082.0,12,0
109,109,29082.0,12,0
110,110,29082.0,12,0
111,111,29082.0,12,0
112,112,29082.0,12,0
113,113,29082.0,12,0
114,114,29082.0,12,0
115,115,29082.0,12,0
116,116,29082.0,12,0
117,117,29082.0,12,0
118,118,29082.0,12,0
119,119,29082.0,12,0
120,120,29081.0,13,0
121,121,29080.0,14,0
122,122,29077.0,17,0
123,123,29077.0,17,0
124,124,29077.0,17,0
125,125,29077.0,17,0
126,126,29077.0,17,0
127,127,29077.0,17,0
128,128,29077.0,17,0
