,Days,S,I,D
0,0,9721.0,0,0
1,1,9721.0,0,0
2,2,9721.0,0,0
3,3,9721.0,0,0
4,4,9721.0,0,0
5,5,9721.0,0,0
6,6,9721.0,0,0
7,7,9721.0,0,0
8,8,9721.0,0,0
9,9,9721.0,0,0
10,10,9721.0,0,0
11,11,9721.0,0,0
12,12,9721.0,0,0
13,13,9721.0,0,0
14,14,9721.0,0,0
15,15,9721.0,0,0
16,16,9721.0,0,0
17,17,9721.0,0,0
18,18,9721.0,0,0
19,19,9721.0,0,0
20,20,9721.0,0,0
21,21,9721.0,0,0
22,22,9721.0,0,0
23,23,9721.0,0,0
24,24,9721.0,0,0
25,25,9721.0,0,0
26,26,9721.0,0,0
27,27,9721.0,0,0
28,28,9721.0,0,0
29,29,9721.0,0,0
30,30,9721.0,0,0
31,31,9721.0,0,0
32,32,9721.0,0,0
33,33,9721.0,0,0
34,34,9721.0,0,0
35,35,9721.0,0,0
36,36,9721.0,0,0
37,37,9721.0,0,0
38,38,9721.0,0,0
39,39,9721.0,0,0
40,40,9721.0,0,0
41,41,9721.0,0,0
42,42,9721.0,0,0
43,43,9721.0,0,0
44,44,9721.0,0,0
45,45,9721.0,0,0
46,46,9721.0,0,0
47,47,9721.0,0,0
48,48,9721.0,0,0
49,49,9721.0,0,0
50,50,9721.0,0,0
51,51,9721.0,0,0
52,52,9721.0,0,0
53,53,9721.0,0,0
54,54,9721.0,0,0
55,55,9721.0,0,0
56,56,9721.0,0,0
57,57,9721.0,0,0
58,58,9721.0,0,0
59,59,9721.0,0,0
60,60,9721.0,0,0
61,61,9721.0,0,0
62,62,9721.0,0,0
63,63,9721.0,0,0
64,64,9721.0,0,0
65,65,9721.0,0,0
66,66,9721.0,0,0
67,67,9721.0,0,0
68,68,9721.0,0,0
69,69,9721.0,0,0
70,70,9721.0,0,0
71,71,9721.0,0,0
72,72,9721.0,0,0
73,73,9721.0,0,0
74,74,9721.0,0,0
75,75,9721.0,0,0
76,76,9721.0,0,0
77,77,9721.0,0,0
78,78,9721.0,0,0
79,79,9721.0,0,0
80,80,9721.0,0,0
81,81,9721.0,0,0
82,82,9721.0,0,0
83,83,9721.0,0,0
84,84,9721.0,0,0
85,85,9721.0,0,0
86,86,9721.0,0,0
87,87,9721.0,0,0
88,88,9721.0,0,0
89,89,9721.0,0,0
90,90,9721.0,0,0
91,91,9721.0,0,0
92,92,9721.0,0,0
93,93,9721.0,0,0
94,94,9721.0,0,0
95,95,9721.0,0,0
96,96,9721.0,0,0
97,97,9721.0,0,0
98,98,9721.0,0,0
99,99,9721.0,0,0
100,100,9721.0,0,0
101,101,9721.0,0,0
102,102,9720.0,1,0
103,103,9720.0,1,0
104,104,9720.0,1,0
105,105,9720.0,1,0
106,106,9720.0,1,0
107,107,9720.0,1,0
108,108,9720.0,1,0
109,109,9720.0,1,0
110,110,9720.0,1,0
111,111,9720.0,1,0
112,112,9720.0,1,0
113,113,9720.0,1,0
114,114,9720.0,1,0
115,115,9720.0,1,0
116,116,9720.0,1,0
117,117,9720.0,1,0
118,118,9720.0,1,0
119,119,9720.0,1,0
120,120,9720.0,1,0
121,121,9720.0,1,0
122,122,9720.0,1,0
123,123,9720.0,1,0
124,124,9720.0,1,0
125,125,9720.0,1,0
126,126,9720.0,1,0
127,127,9720.0,1,0
128,128,9720.0,1,0
