,Days,S,I,D
0,0,32957.0,0,0
1,1,32957.0,0,0
2,2,32957.0,0,0
3,3,32957.0,0,0
4,4,32957.0,0,0
5,5,32957.0,0,0
6,6,32957.0,0,0
7,7,32957.0,0,0
8,8,32957.0,0,0
9,9,32957.0,0,0
10,10,32957.0,0,0
11,11,32957.0,0,0
12,12,32957.0,0,0
13,13,32957.0,0,0
14,14,32957.0,0,0
15,15,32957.0,0,0
16,16,32957.0,0,0
17,17,32957.0,0,0
18,18,32957.0,0,0
19,19,32957.0,0,0
20,20,32957.0,0,0
21,21,32957.0,0,0
22,22,32957.0,0,0
23,23,32957.0,0,0
24,24,32957.0,0,0
25,25,32957.0,0,0
26,26,32957.0,0,0
27,27,32957.0,0,0
28,28,32957.0,0,0
29,29,32957.0,0,0
30,30,32957.0,0,0
31,31,32957.0,0,0
32,32,32957.0,0,0
33,33,32957.0,0,0
34,34,32957.0,0,0
35,35,32957.0,0,0
36,36,32957.0,0,0
37,37,32957.0,0,0
38,38,32957.0,0,0
39,39,32957.0,0,0
40,40,32957.0,0,0
41,41,32957.0,0,0
42,42,32957.0,0,0
43,43,32957.0,0,0
44,44,32957.0,0,0
45,45,32957.0,0,0
46,46,32957.0,0,0
47,47,32957.0,0,0
48,48,32957.0,0,0
49,49,32957.0,0,0
50,50,32957.0,0,0
51,51,32957.0,0,0
52,52,32957.0,0,0
53,53,32957.0,0,0
54,54,32957.0,0,0
55,55,32957.0,0,0
56,56,32957.0,0,0
57,57,32957.0,0,0
58,58,32957.0,0,0
59,59,32957.0,0,0
60,60,32957.0,0,0
61,61,32957.0,0,0
62,62,32957.0,0,0
63,63,32956.0,1,0
64,64,32954.0,3,0
65,65,32954.0,3,0
66,66,32954.0,3,0
67,67,32954.0,3,0
68,68,32954.0,3,0
69,69,32954.0,3,0
70,70,32954.0,3,0
71,71,32954.0,3,0
72,72,32953.0,4,0
73,73,32953.0,4,0
74,74,32951.0,6,0
75,75,32949.0,8,0
76,76,32949.0,8,0
77,77,32949.0,8,0
78,78,32949.0,8,0
79,79,32949.0,8,0
80,80,32949.0,8,0
81,81,32949.0,8,0
82,82,32949.0,8,0
83,83,32949.0,8,0
84,84,32949.0,8,0
85,85,32949.0,8,0
86,86,32949.0,8,0
87,87,32948.0,9,0
88,88,32948.0,9,0
89,89,32947.0,10,0
90,90,32947.0,10,0
91,91,32945.0,12,0
92,92,32945.0,12,0
93,93,32945.0,12,0
94,94,32945.0,12,0
95,95,32945.0,12,0
96,96,32945.0,12,0
97,97,32945.0,12,0
98,98,32945.0,12,0
99,99,32945.0,12,0
100,100,32944.0,13,0
101,101,32944.0,13,0
102,102,32943.0,14,0
103,103,32943.0,14,0
104,104,32941.0,16,0
105,105,32940.0,17,0
106,106,32938.0,19,0
107,107,32936.0,21,0
108,108,32935.0,22,0
109,109,32932.0,25,0
110,110,32931.0,26,0
111,111,32931.0,26,0
112,112,32931.0,26,0
113,113,32929.0,28,0
114,114,32928.0,29,0
115,115,32928.0,29,0
116,116,32928.0,29,0
117,117,32924.0,33,0
118,118,32922.0,35,0
119,119,32922.0,35,0
120,120,32917.0,40,0
121,121,32917.0,40,0
122,122,32916.0,41,0
123,123,32915.0,42,0
124,124,32913.0,44,0
125,125,32912.0,45,0
126,126,32911.0,46,0
127,127,32911.0,46,0
128,128,32909.0,48,0
