,Days,S,I,D
0,0,104534.0,0,0
1,1,104534.0,0,0
2,2,104534.0,0,0
3,3,104534.0,0,0
4,4,104534.0,0,0
5,5,104534.0,0,0
6,6,104534.0,0,0
7,7,104534.0,0,0
8,8,104534.0,0,0
9,9,104534.0,0,0
10,10,104534.0,0,0
11,11,104534.0,0,0
12,12,104534.0,0,0
13,13,104534.0,0,0
14,14,104534.0,0,0
15,15,104534.0,0,0
16,16,104534.0,0,0
17,17,104534.0,0,0
18,18,104534.0,0,0
19,19,104534.0,0,0
20,20,104534.0,0,0
21,21,104534.0,0,0
22,22,104534.0,0,0
23,23,104534.0,0,0
24,24,104534.0,0,0
25,25,104534.0,0,0
26,26,104534.0,0,0
27,27,104534.0,0,0
28,28,104534.0,0,0
29,29,104534.0,0,0
30,30,104534.0,0,0
31,31,104534.0,0,0
32,32,104534.0,0,0
33,33,104534.0,0,0
34,34,104534.0,0,0
35,35,104534.0,0,0
36,36,104534.0,0,0
37,37,104534.0,0,0
38,38,104534.0,0,0
39,39,104534.0,0,0
40,40,104534.0,0,0
41,41,104534.0,0,0
42,42,104534.0,0,0
43,43,104534.0,0,0
44,44,104534.0,0,0
45,45,104534.0,0,0
46,46,104534.0,0,0
47,47,104534.0,0,0
48,48,104534.0,0,0
49,49,104534.0,0,0
50,50,104534.0,0,0
51,51,104534.0,0,0
52,52,104534.0,0,0
53,53,104534.0,0,0
54,54,104534.0,0,0
55,55,104534.0,0,0
56,56,104534.0,0,0
57,57,104533.0,1,0
58,58,104533.0,1,0
59,59,104532.0,2,0
60,60,104530.0,4,0
61,61,104530.0,4,0
62,62,104530.0,4,0
63,63,104529.0,5,0
64,64,104528.0,6,0
65,65,104527.0,7,0
66,66,104527.0,7,0
67,67,104524.0,10,0
68,68,104524.0,10,0
69,69,104523.0,11,0
70,70,104522.0,12,0
71,71,104520.0,14,0
72,72,104518.0,16,0
73,73,104517.0,17,0
74,74,104513.0,21,0
75,75,104513.0,21,0
76,76,104513.0,21,0
77,77,104513.0,21,0
78,78,104513.0,21,0
79,79,104513.0,21,0
80,80,104513.0,21,0
81,81,104513.0,21,0
82,82,104513.0,21,0
83,83,104513.0,21,0
84,84,104513.0,21,0
85,85,104512.0,22,0
86,86,104512.0,22,0
87,87,104512.0,22,0
88,88,104512.0,22,0
89,89,104512.0,22,0
90,90,104512.0,22,0
91,91,104511.0,23,0
92,92,104511.0,23,0
93,93,104511.0,23,0
94,94,104510.0,24,0
95,95,104509.0,25,0
96,96,104509.0,25,0
97,97,104507.0,27,0
98,98,104507.0,27,0
99,99,104506.0,28,0
100,100,104506.0,28,0
101,101,104500.0,34,0
102,102,104498.0,36,0
103,103,104493.0,41,0
104,104,104492.0,42,0
105,105,104489.0,45,0
106,106,104487.0,47,0
107,107,104484.0,50,0
108,108,104480.0,54,0
109,109,104480.0,54,0
110,110,104477.0,57,0
111,111,104474.0,60,0
112,112,104473.0,61,0
113,113,104471.0,63,0
114,114,104469.0,65,0
115,115,104469.0,65,0
116,116,104468.0,66,0
117,117,104464.0,70,0
118,118,104459.0,75,0
119,119,104456.0,78,0
120,120,104452.0,82,0
121,121,104445.0,89,0
122,122,104441.0,93,0
123,123,104438.0,96,0
124,124,104436.0,98,0
125,125,104435.0,99,0
126,126,104435.0,99,0
127,127,104435.0,99,0
128,128,104427.0,107,0
