,Days,S,I,D
0,0,33338.0,0,0
1,1,33338.0,0,0
2,2,33338.0,0,0
3,3,33338.0,0,0
4,4,33338.0,0,0
5,5,33338.0,0,0
6,6,33338.0,0,0
7,7,33338.0,0,0
8,8,33338.0,0,0
9,9,33338.0,0,0
10,10,33338.0,0,0
11,11,33338.0,0,0
12,12,33338.0,0,0
13,13,33338.0,0,0
14,14,33338.0,0,0
15,15,33338.0,0,0
16,16,33338.0,0,0
17,17,33338.0,0,0
18,18,33338.0,0,0
19,19,33338.0,0,0
20,20,33338.0,0,0
21,21,33338.0,0,0
22,22,33338.0,0,0
23,23,33338.0,0,0
24,24,33338.0,0,0
25,25,33338.0,0,0
26,26,33338.0,0,0
27,27,33338.0,0,0
28,28,33338.0,0,0
29,29,33338.0,0,0
30,30,33338.0,0,0
31,31,33338.0,0,0
32,32,33338.0,0,0
33,33,33338.0,0,0
34,34,33338.0,0,0
35,35,33338.0,0,0
36,36,33338.0,0,0
37,37,33338.0,0,0
38,38,33338.0,0,0
39,39,33338.0,0,0
40,40,33338.0,0,0
41,41,33338.0,0,0
42,42,33338.0,0,0
43,43,33338.0,0,0
44,44,33338.0,0,0
45,45,33338.0,0,0
46,46,33338.0,0,0
47,47,33338.0,0,0
48,48,33338.0,0,0
49,49,33338.0,0,0
50,50,33338.0,0,0
51,51,33338.0,0,0
52,52,33338.0,0,0
53,53,33338.0,0,0
54,54,33338.0,0,0
55,55,33338.0,0,0
56,56,33338.0,0,0
57,57,33338.0,0,0
58,58,33338.0,0,0
59,59,33338.0,0,0
60,60,33338.0,0,0
61,61,33338.0,0,0
62,62,33338.0,0,0
63,63,33337.0,1,0
64,64,33336.0,2,0
65,65,33334.0,4,0
66,66,33334.0,4,0
67,67,33334.0,4,0
68,68,33334.0,4,0
69,69,33334.0,4,0
70,70,33331.0,7,0
71,71,33331.0,7,0
72,72,33328.0,10,0
73,73,33328.0,10,0
74,74,33324.0,14,0
75,75,33324.0,14,0
76,76,33324.0,14,0
77,77,33322.0,16,0
78,78,33320.0,18,0
79,79,33320.0,18,0
80,80,33320.0,18,0
81,81,33318.0,20,0
82,82,33317.0,21,0
83,83,33316.0,22,0
84,84,33311.0,27,0
85,85,33310.0,28,0
86,86,33309.0,29,0
87,87,33304.0,34,0
88,88,33301.0,37,0
89,89,33297.0,41,0
90,90,33292.0,46,0
91,91,33285.0,53,0
92,92,33281.0,57,0
93,93,33280.0,58,0
94,94,33280.0,58,0
95,95,33276.0,62,0
96,96,33273.0,65,0
97,97,33273.0,65,0
98,98,33272.0,66,0
99,99,33272.0,66,0
100,100,33269.0,69,0
101,101,33265.0,73,0
102,102,33263.0,75,0
103,103,33259.0,79,0
104,104,33256.0,82,0
105,105,33254.0,84,0
106,106,33253.0,85,0
107,107,33251.0,87,0
108,108,33249.0,89,0
109,109,33245.0,93,0
110,110,33239.0,99,0
111,111,33238.0,100,0
112,112,33236.0,102,0
113,113,33235.0,103,0
114,114,33233.0,105,0
115,115,33232.0,106,0
116,116,33232.0,106,0
117,117,33231.0,107,0
118,118,33228.0,110,0
119,119,33217.0,121,0
120,120,33213.0,125,0
121,121,33211.0,127,0
122,122,33208.0,130,0
123,123,33201.0,137,0
124,124,33187.0,151,0
125,125,33178.0,160,0
126,126,33165.0,173,0
127,127,33159.0,179,0
128,128,33147.0,191,0
