,Days,S,I,D
0,0,57781.0,0,0
1,1,57781.0,0,0
2,2,57781.0,0,0
3,3,57781.0,0,0
4,4,57781.0,0,0
5,5,57781.0,0,0
6,6,57781.0,0,0
7,7,57781.0,0,0
8,8,57781.0,0,0
9,9,57781.0,0,0
10,10,57781.0,0,0
11,11,57781.0,0,0
12,12,57781.0,0,0
13,13,57781.0,0,0
14,14,57781.0,0,0
15,15,57781.0,0,0
16,16,57781.0,0,0
17,17,57781.0,0,0
18,18,57781.0,0,0
19,19,57781.0,0,0
20,20,57781.0,0,0
21,21,57781.0,0,0
22,22,57781.0,0,0
23,23,57781.0,0,0
24,24,57781.0,0,0
25,25,57781.0,0,0
26,26,57781.0,0,0
27,27,57781.0,0,0
28,28,57781.0,0,0
29,29,57781.0,0,0
30,30,57781.0,0,0
31,31,57781.0,0,0
32,32,57781.0,0,0
33,33,57781.0,0,0
34,34,57781.0,0,0
35,35,57781.0,0,0
36,36,57781.0,0,0
37,37,57781.0,0,0
38,38,57781.0,0,0
39,39,57781.0,0,0
40,40,57781.0,0,0
41,41,57781.0,0,0
42,42,57781.0,0,0
43,43,57781.0,0,0
44,44,57781.0,0,0
45,45,57781.0,0,0
46,46,57781.0,0,0
47,47,57781.0,0,0
48,48,57781.0,0,0
49,49,57781.0,0,0
50,50,57781.0,0,0
51,51,57781.0,0,0
52,52,57781.0,0,0
53,53,57781.0,0,0
54,54,57781.0,0,0
55,55,57781.0,0,0
56,56,57781.0,0,0
57,57,57781.0,0,0
58,58,57781.0,0,0
59,59,57781.0,0,0
60,60,57781.0,0,0
61,61,57781.0,0,0
62,62,57781.0,0,0
63,63,57780.0,1,0
64,64,57780.0,1,0
65,65,57780.0,1,0
66,66,57780.0,1,0
67,67,57780.0,1,0
68,68,57780.0,1,0
69,69,57780.0,1,0
70,70,57779.0,2,0
71,71,57779.0,2,0
72,72,57777.0,4,0
73,73,57775.0,6,0
74,74,57771.0,10,0
75,75,57771.0,10,0
76,76,57769.0,12,0
77,77,57767.0,14,0
78,78,57763.0,18,0
79,79,57761.0,20,0
80,80,57759.0,22,0
81,81,57757.0,24,0
82,82,57753.0,28,0
83,83,57751.0,30,0
84,84,57750.0,31,0
85,85,57746.0,35,0
86,86,57746.0,35,0
87,87,57739.0,42,0
88,88,57738.0,43,0
89,89,57733.0,48,0
90,90,57733.0,48,0
91,91,57729.0,52,0
92,92,57728.0,53,0
93,93,57728.0,53,0
94,94,57728.0,53,0
95,95,57728.0,53,0
96,96,57728.0,53,0
97,97,57726.0,55,0
98,98,57726.0,55,0
99,99,57724.0,57,0
100,100,57721.0,60,0
101,101,57721.0,60,0
102,102,57720.0,61,0
103,103,57718.0,63,0
104,104,57718.0,63,0
105,105,57715.0,66,0
106,106,57712.0,69,0
107,107,57708.0,73,0
108,108,57704.0,77,0
109,109,57702.0,79,0
110,110,57700.0,81,0
111,111,57698.0,83,0
112,112,57693.0,88,0
113,113,57690.0,91,0
114,114,57685.0,96,0
115,115,57681.0,100,0
116,116,57681.0,100,0
117,117,57676.0,105,0
118,118,57672.0,109,0
119,119,57665.0,116,0
120,120,57663.0,118,0
121,121,57661.0,120,0
122,122,57656.0,125,0
123,123,57653.0,128,0
124,124,57641.0,140,0
125,125,57637.0,144,0
126,126,57633.0,148,0
127,127,57622.0,159,0
128,128,57619.0,162,0
