,Days,S,I,D
0,0,229577.0,0,0
1,1,229577.0,0,0
2,2,229577.0,0,0
3,3,229577.0,0,0
4,4,229577.0,0,0
5,5,229577.0,0,0
6,6,229577.0,0,0
7,7,229577.0,0,0
8,8,229577.0,0,0
9,9,229577.0,0,0
10,10,229577.0,0,0
11,11,229577.0,0,0
12,12,229577.0,0,0
13,13,229577.0,0,0
14,14,229577.0,0,0
15,15,229577.0,0,0
16,16,229577.0,0,0
17,17,229577.0,0,0
18,18,229577.0,0,0
19,19,229577.0,0,0
20,20,229577.0,0,0
21,21,229577.0,0,0
22,22,229577.0,0,0
23,23,229577.0,0,0
24,24,229577.0,0,0
25,25,229577.0,0,0
26,26,229577.0,0,0
27,27,229577.0,0,0
28,28,229577.0,0,0
29,29,229577.0,0,0
30,30,229577.0,0,0
31,31,229577.0,0,0
32,32,229577.0,0,0
33,33,229577.0,0,0
34,34,229577.0,0,0
35,35,229577.0,0,0
36,36,229577.0,0,0
37,37,229577.0,0,0
38,38,229577.0,0,0
39,39,229577.0,0,0
40,40,229577.0,0,0
41,41,229577.0,0,0
42,42,229577.0,0,0
43,43,229577.0,0,0
44,44,229577.0,0,0
45,45,229577.0,0,0
46,46,229577.0,0,0
47,47,229577.0,0,0
48,48,229577.0,0,0
49,49,229577.0,0,0
50,50,229577.0,0,0
51,51,229577.0,0,0
52,52,229577.0,0,0
53,53,229577.0,0,0
54,54,229577.0,0,0
55,55,229577.0,0,0
56,56,229577.0,0,0
57,57,229575.0,2,0
58,58,229575.0,2,0
59,59,229575.0,2,0
60,60,229572.0,5,0
61,61,229570.0,7,0
62,62,229569.0,8,0
63,63,229568.0,9,0
64,64,229564.0,13,0
65,65,229564.0,13,0
66,66,229554.0,23,0
67,67,229543.0,34,0
68,68,229543.0,34,0
69,69,229536.0,40,1
70,70,229526.0,50,1
71,71,229515.0,61,1
72,72,229504.0,71,2
73,73,229495.0,80,2
74,74,229488.0,87,2
75,75,229475.0,100,2
76,76,229457.0,118,2
77,77,229450.0,125,2
78,78,229417.0,158,2
79,79,229403.0,172,2
80,80,229394.0,181,2
81,81,229380.0,195,2
82,82,229369.0,206,2
83,83,229346.0,229,2
84,84,229328.0,246,3
85,85,229325.0,249,3
86,86,229313.0,261,3
87,87,229306.0,268,3
88,88,229298.0,275,4
89,89,229292.0,279,6
90,90,229287.0,284,6
91,91,229268.0,301,8
92,92,229252.0,317,8
93,93,229246.0,323,8
94,94,229205.0,364,8
95,95,229182.0,384,11
96,96,229169.0,397,11
97,97,229154.0,411,12
98,98,229141.0,422,14
99,99,229124.0,439,14
100,100,229112.0,451,14
101,101,229089.0,474,14
102,102,229072.0,489,16
103,103,229010.0,550,17
104,104,228986.0,574,17
105,105,228976.0,579,22
106,106,228946.0,609,22
107,107,228934.0,620,23
108,108,228915.0,638,24
109,109,228892.0,660,25
110,110,228883.0,669,25
111,111,228875.0,676,26
112,112,228865.0,686,26
113,113,228850.0,698,29
114,114,228834.0,713,30
115,115,228793.0,751,33
116,116,228782.0,760,35
117,117,228767.0,772,38
118,118,228754.0,785,38
119,119,228736.0,802,39
120,120,228721.0,817,39
121,121,228708.0,828,41
122,122,228672.0,864,41
123,123,228657.0,878,42
124,124,228630.0,905,42
125,125,228615.0,917,45
126,126,228601.0,929,47
127,127,228566.0,959,52
128,128,228535.0,988,54
