,Days,S,I,D
0,0,10783.0,0,0
1,1,10783.0,0,0
2,2,10783.0,0,0
3,3,10783.0,0,0
4,4,10783.0,0,0
5,5,10783.0,0,0
6,6,10783.0,0,0
7,7,10783.0,0,0
8,8,10783.0,0,0
9,9,10783.0,0,0
10,10,10783.0,0,0
11,11,10783.0,0,0
12,12,10783.0,0,0
13,13,10783.0,0,0
14,14,10783.0,0,0
15,15,10783.0,0,0
16,16,10783.0,0,0
17,17,10783.0,0,0
18,18,10783.0,0,0
19,19,10783.0,0,0
20,20,10783.0,0,0
21,21,10783.0,0,0
22,22,10783.0,0,0
23,23,10783.0,0,0
24,24,10783.0,0,0
25,25,10783.0,0,0
26,26,10783.0,0,0
27,27,10783.0,0,0
28,28,10783.0,0,0
29,29,10783.0,0,0
30,30,10783.0,0,0
31,31,10783.0,0,0
32,32,10783.0,0,0
33,33,10783.0,0,0
34,34,10783.0,0,0
35,35,10783.0,0,0
36,36,10783.0,0,0
37,37,10783.0,0,0
38,38,10783.0,0,0
39,39,10783.0,0,0
40,40,10783.0,0,0
41,41,10783.0,0,0
42,42,10783.0,0,0
43,43,10783.0,0,0
44,44,10783.0,0,0
45,45,10783.0,0,0
46,46,10783.0,0,0
47,47,10783.0,0,0
48,48,10783.0,0,0
49,49,10783.0,0,0
50,50,10783.0,0,0
51,51,10783.0,0,0
52,52,10783.0,0,0
53,53,10783.0,0,0
54,54,10783.0,0,0
55,55,10783.0,0,0
56,56,10783.0,0,0
57,57,10783.0,0,0
58,58,10783.0,0,0
59,59,10783.0,0,0
60,60,10783.0,0,0
61,61,10783.0,0,0
62,62,10783.0,0,0
63,63,10783.0,0,0
64,64,10783.0,0,0
65,65,10783.0,0,0
66,66,10782.0,1,0
67,67,10782.0,1,0
68,68,10782.0,1,0
69,69,10782.0,1,0
70,70,10782.0,1,0
71,71,10782.0,1,0
72,72,10782.0,1,0
73,73,10782.0,1,0
74,74,10782.0,1,0
75,75,10782.0,1,0
76,76,10782.0,1,0
77,77,10782.0,1,0
78,78,10782.0,1,0
79,79,10782.0,1,0
80,80,10782.0,1,0
81,81,10782.0,1,0
82,82,10782.0,1,0
83,83,10782.0,1,0
84,84,10782.0,1,0
85,85,10782.0,1,0
86,86,10782.0,1,0
87,87,10782.0,1,0
88,88,10782.0,1,0
89,89,10782.0,1,0
90,90,10782.0,1,0
91,91,10782.0,1,0
92,92,10782.0,1,0
93,93,10782.0,1,0
94,94,10782.0,1,0
95,95,10782.0,1,0
96,96,10782.0,1,0
97,97,10782.0,1,0
98,98,10782.0,1,0
99,99,10781.0,2,0
100,100,10780.0,3,0
101,101,10780.0,3,0
102,102,10779.0,4,0
103,103,10778.0,5,0
104,104,10778.0,5,0
105,105,10778.0,5,0
106,106,10777.0,6,0
107,107,10777.0,6,0
108,108,10777.0,6,0
109,109,10777.0,6,0
110,110,10777.0,6,0
111,111,10776.0,7,0
112,112,10776.0,7,0
113,113,10776.0,7,0
114,114,10776.0,7,0
115,115,10776.0,7,0
116,116,10776.0,7,0
117,117,10776.0,7,0
118,118,10776.0,7,0
119,119,10776.0,7,0
120,120,10775.0,8,0
121,121,10773.0,10,0
122,122,10773.0,10,0
123,123,10773.0,10,0
124,124,10773.0,10,0
125,125,10773.0,10,0
126,126,10773.0,10,0
127,127,10773.0,10,0
128,128,10773.0,10,0
