,Days,S,I,D
0,0,48021.0,0,0
1,1,48021.0,0,0
2,2,48021.0,0,0
3,3,48021.0,0,0
4,4,48021.0,0,0
5,5,48021.0,0,0
6,6,48021.0,0,0
7,7,48021.0,0,0
8,8,48021.0,0,0
9,9,48021.0,0,0
10,10,48021.0,0,0
11,11,48021.0,0,0
12,12,48021.0,0,0
13,13,48021.0,0,0
14,14,48021.0,0,0
15,15,48021.0,0,0
16,16,48021.0,0,0
17,17,48021.0,0,0
18,18,48021.0,0,0
19,19,48021.0,0,0
20,20,48021.0,0,0
21,21,48021.0,0,0
22,22,48021.0,0,0
23,23,48021.0,0,0
24,24,48021.0,0,0
25,25,48021.0,0,0
26,26,48021.0,0,0
27,27,48021.0,0,0
28,28,48021.0,0,0
29,29,48021.0,0,0
30,30,48021.0,0,0
31,31,48021.0,0,0
32,32,48021.0,0,0
33,33,48021.0,0,0
34,34,48021.0,0,0
35,35,48021.0,0,0
36,36,48021.0,0,0
37,37,48021.0,0,0
38,38,48021.0,0,0
39,39,48021.0,0,0
40,40,48021.0,0,0
41,41,48021.0,0,0
42,42,48021.0,0,0
43,43,48021.0,0,0
44,44,48021.0,0,0
45,45,48021.0,0,0
46,46,48021.0,0,0
47,47,48021.0,0,0
48,48,48021.0,0,0
49,49,48021.0,0,0
50,50,48021.0,0,0
51,51,48021.0,0,0
52,52,48021.0,0,0
53,53,48021.0,0,0
54,54,48021.0,0,0
55,55,48021.0,0,0
56,56,48021.0,0,0
57,57,48021.0,0,0
58,58,48021.0,0,0
59,59,48021.0,0,0
60,60,48021.0,0,0
61,61,48021.0,0,0
62,62,48020.0,1,0
63,63,48020.0,1,0
64,64,48020.0,1,0
65,65,48020.0,1,0
66,66,48020.0,1,0
67,67,48020.0,1,0
68,68,48019.0,2,0
69,69,48019.0,2,0
70,70,48019.0,2,0
71,71,48019.0,2,0
72,72,48019.0,2,0
73,73,48018.0,3,0
74,74,48018.0,3,0
75,75,48018.0,3,0
76,76,48017.0,4,0
77,77,48017.0,4,0
78,78,48016.0,5,0
79,79,48016.0,5,0
80,80,48015.0,6,0
81,81,48014.0,7,0
82,82,48013.0,8,0
83,83,48013.0,8,0
84,84,48012.0,9,0
85,85,48012.0,9,0
86,86,48012.0,9,0
87,87,48012.0,9,0
88,88,48011.0,10,0
89,89,48010.0,11,0
90,90,48010.0,11,0
91,91,48002.0,19,0
92,92,48002.0,19,0
93,93,48002.0,19,0
94,94,48001.0,20,0
95,95,47999.0,22,0
96,96,47999.0,22,0
97,97,47999.0,22,0
98,98,47999.0,22,0
99,99,47999.0,22,0
100,100,47999.0,22,0
101,101,47999.0,22,0
102,102,47999.0,22,0
103,103,47999.0,22,0
104,104,47999.0,22,0
105,105,47999.0,22,0
106,106,47998.0,23,0
107,107,47998.0,23,0
108,108,47998.0,23,0
109,109,47998.0,23,0
110,110,47998.0,23,0
111,111,47998.0,23,0
112,112,47998.0,23,0
113,113,47996.0,25,0
114,114,47996.0,25,0
115,115,47996.0,25,0
116,116,47996.0,25,0
117,117,47996.0,25,0
118,118,47996.0,25,0
119,119,47996.0,25,0
120,120,47995.0,26,0
121,121,47995.0,26,0
122,122,47995.0,26,0
123,123,47995.0,26,0
124,124,47995.0,26,0
125,125,47995.0,26,0
126,126,47995.0,26,0
127,127,47995.0,26,0
128,128,47995.0,26,0
