,Days,S,I,D
0,0,12339.0,0,0
1,1,12339.0,0,0
2,2,12339.0,0,0
3,3,12339.0,0,0
4,4,12339.0,0,0
5,5,12339.0,0,0
6,6,12339.0,0,0
7,7,12339.0,0,0
8,8,12339.0,0,0
9,9,12339.0,0,0
10,10,12339.0,0,0
11,11,12339.0,0,0
12,12,12339.0,0,0
13,13,12339.0,0,0
14,14,12339.0,0,0
15,15,12339.0,0,0
16,16,12339.0,0,0
17,17,12339.0,0,0
18,18,12339.0,0,0
19,19,12339.0,0,0
20,20,12339.0,0,0
21,21,12339.0,0,0
22,22,12339.0,0,0
23,23,12339.0,0,0
24,24,12339.0,0,0
25,25,12339.0,0,0
26,26,12339.0,0,0
27,27,12339.0,0,0
28,28,12339.0,0,0
29,29,12339.0,0,0
30,30,12339.0,0,0
31,31,12339.0,0,0
32,32,12339.0,0,0
33,33,12339.0,0,0
34,34,12339.0,0,0
35,35,12339.0,0,0
36,36,12339.0,0,0
37,37,12339.0,0,0
38,38,12339.0,0,0
39,39,12339.0,0,0
40,40,12339.0,0,0
41,41,12339.0,0,0
42,42,12339.0,0,0
43,43,12339.0,0,0
44,44,12339.0,0,0
45,45,12339.0,0,0
46,46,12339.0,0,0
47,47,12339.0,0,0
48,48,12339.0,0,0
49,49,12339.0,0,0
50,50,12339.0,0,0
51,51,12339.0,0,0
52,52,12339.0,0,0
53,53,12339.0,0,0
54,54,12339.0,0,0
55,55,12339.0,0,0
56,56,12339.0,0,0
57,57,12339.0,0,0
58,58,12339.0,0,0
59,59,12339.0,0,0
60,60,12339.0,0,0
61,61,12339.0,0,0
62,62,12339.0,0,0
63,63,12338.0,1,0
64,64,12338.0,1,0
65,65,12338.0,1,0
66,66,12338.0,1,0
67,67,12338.0,1,0
68,68,12338.0,1,0
69,69,12338.0,1,0
70,70,12338.0,1,0
71,71,12338.0,1,0
72,72,12338.0,1,0
73,73,12338.0,1,0
74,74,12338.0,1,0
75,75,12338.0,1,0
76,76,12338.0,1,0
77,77,12338.0,1,0
78,78,12337.0,2,0
79,79,12336.0,3,0
80,80,12336.0,3,0
81,81,12336.0,3,0
82,82,12336.0,3,0
83,83,12336.0,3,0
84,84,12336.0,3,0
85,85,12336.0,3,0
86,86,12335.0,4,0
87,87,12335.0,4,0
88,88,12334.0,5,0
89,89,12334.0,5,0
90,90,12334.0,5,0
91,91,12334.0,5,0
92,92,12334.0,5,0
93,93,12334.0,5,0
94,94,12334.0,5,0
95,95,12334.0,5,0
96,96,12334.0,5,0
97,97,12334.0,5,0
98,98,12334.0,5,0
99,99,12334.0,5,0
100,100,12334.0,5,0
101,101,12331.0,8,0
102,102,12330.0,9,0
103,103,12330.0,9,0
104,104,12330.0,9,0
105,105,12330.0,9,0
106,106,12330.0,9,0
107,107,12330.0,9,0
108,108,12330.0,9,0
109,109,12330.0,9,0
110,110,12330.0,9,0
111,111,12330.0,9,0
112,112,12330.0,9,0
113,113,12329.0,10,0
114,114,12329.0,10,0
115,115,12328.0,11,0
116,116,12328.0,11,0
117,117,12328.0,11,0
118,118,12326.0,13,0
119,119,12325.0,14,0
120,120,12324.0,15,0
121,121,12322.0,17,0
122,122,12322.0,17,0
123,123,12322.0,17,0
124,124,12322.0,17,0
125,125,12318.0,21,0
126,126,12317.0,22,0
127,127,12313.0,26,0
128,128,12313.0,26,0
