,Days,S,I,D
0,0,8200.0,0,0
1,1,8200.0,0,0
2,2,8200.0,0,0
3,3,8200.0,0,0
4,4,8200.0,0,0
5,5,8200.0,0,0
6,6,8200.0,0,0
7,7,8200.0,0,0
8,8,8200.0,0,0
9,9,8200.0,0,0
10,10,8200.0,0,0
11,11,8200.0,0,0
12,12,8200.0,0,0
13,13,8200.0,0,0
14,14,8200.0,0,0
15,15,8200.0,0,0
16,16,8200.0,0,0
17,17,8200.0,0,0
18,18,8200.0,0,0
19,19,8200.0,0,0
20,20,8200.0,0,0
21,21,8200.0,0,0
22,22,8200.0,0,0
23,23,8200.0,0,0
24,24,8200.0,0,0
25,25,8200.0,0,0
26,26,8200.0,0,0
27,27,8200.0,0,0
28,28,8200.0,0,0
29,29,8200.0,0,0
30,30,8200.0,0,0
31,31,8200.0,0,0
32,32,8200.0,0,0
33,33,8200.0,0,0
34,34,8200.0,0,0
35,35,8200.0,0,0
36,36,8200.0,0,0
37,37,8200.0,0,0
38,38,8200.0,0,0
39,39,8200.0,0,0
40,40,8200.0,0,0
41,41,8200.0,0,0
42,42,8200.0,0,0
43,43,8200.0,0,0
44,44,8200.0,0,0
45,45,8200.0,0,0
46,46,8200.0,0,0
47,47,8200.0,0,0
48,48,8200.0,0,0
49,49,8200.0,0,0
50,50,8200.0,0,0
51,51,8200.0,0,0
52,52,8200.0,0,0
53,53,8200.0,0,0
54,54,8200.0,0,0
55,55,8200.0,0,0
56,56,8200.0,0,0
57,57,8200.0,0,0
58,58,8200.0,0,0
59,59,8200.0,0,0
60,60,8200.0,0,0
61,61,8200.0,0,0
62,62,8200.0,0,0
63,63,8200.0,0,0
64,64,8200.0,0,0
65,65,8200.0,0,0
66,66,8200.0,0,0
67,67,8200.0,0,0
68,68,8200.0,0,0
69,69,8200.0,0,0
70,70,8200.0,0,0
71,71,8200.0,0,0
72,72,8200.0,0,0
73,73,8200.0,0,0
74,74,8200.0,0,0
75,75,8200.0,0,0
76,76,8200.0,0,0
77,77,8200.0,0,0
78,78,8200.0,0,0
79,79,8200.0,0,0
80,80,8200.0,0,0
81,81,8200.0,0,0
82,82,8200.0,0,0
83,83,8200.0,0,0
84,84,8200.0,0,0
85,85,8200.0,0,0
86,86,8200.0,0,0
87,87,8200.0,0,0
88,88,8200.0,0,0
89,89,8200.0,0,0
90,90,8200.0,0,0
91,91,8200.0,0,0
92,92,8200.0,0,0
93,93,8200.0,0,0
94,94,8200.0,0,0
95,95,8200.0,0,0
96,96,8200.0,0,0
97,97,8200.0,0,0
98,98,8200.0,0,0
99,99,8200.0,0,0
100,100,8200.0,0,0
101,101,8200.0,0,0
102,102,8200.0,0,0
103,103,8200.0,0,0
104,104,8200.0,0,0
105,105,8200.0,0,0
106,106,8199.0,1,0
107,107,8199.0,1,0
108,108,8199.0,1,0
109,109,8199.0,1,0
110,110,8199.0,1,0
111,111,8199.0,1,0
112,112,8199.0,1,0
113,113,8199.0,1,0
114,114,8199.0,1,0
115,115,8199.0,1,0
116,116,8199.0,1,0
117,117,8199.0,1,0
118,118,8199.0,1,0
119,119,8199.0,1,0
120,120,8199.0,1,0
121,121,8199.0,1,0
122,122,8199.0,1,0
123,123,8199.0,1,0
124,124,8199.0,1,0
125,125,8199.0,1,0
126,126,8199.0,1,0
127,127,8199.0,1,0
128,128,8199.0,1,0
