,Days,S,I,D
0,0,8145.0,0,0
1,1,8145.0,0,0
2,2,8145.0,0,0
3,3,8145.0,0,0
4,4,8145.0,0,0
5,5,8145.0,0,0
6,6,8145.0,0,0
7,7,8145.0,0,0
8,8,8145.0,0,0
9,9,8145.0,0,0
10,10,8145.0,0,0
11,11,8145.0,0,0
12,12,8145.0,0,0
13,13,8145.0,0,0
14,14,8145.0,0,0
15,15,8145.0,0,0
16,16,8145.0,0,0
17,17,8145.0,0,0
18,18,8145.0,0,0
19,19,8145.0,0,0
20,20,8145.0,0,0
21,21,8145.0,0,0
22,22,8145.0,0,0
23,23,8145.0,0,0
24,24,8145.0,0,0
25,25,8145.0,0,0
26,26,8145.0,0,0
27,27,8145.0,0,0
28,28,8145.0,0,0
29,29,8145.0,0,0
30,30,8145.0,0,0
31,31,8145.0,0,0
32,32,8145.0,0,0
33,33,8145.0,0,0
34,34,8145.0,0,0
35,35,8145.0,0,0
36,36,8145.0,0,0
37,37,8145.0,0,0
38,38,8145.0,0,0
39,39,8145.0,0,0
40,40,8145.0,0,0
41,41,8145.0,0,0
42,42,8145.0,0,0
43,43,8145.0,0,0
44,44,8145.0,0,0
45,45,8145.0,0,0
46,46,8145.0,0,0
47,47,8145.0,0,0
48,48,8145.0,0,0
49,49,8145.0,0,0
50,50,8145.0,0,0
51,51,8145.0,0,0
52,52,8145.0,0,0
53,53,8145.0,0,0
54,54,8145.0,0,0
55,55,8145.0,0,0
56,56,8145.0,0,0
57,57,8145.0,0,0
58,58,8145.0,0,0
59,59,8145.0,0,0
60,60,8145.0,0,0
61,61,8145.0,0,0
62,62,8145.0,0,0
63,63,8145.0,0,0
64,64,8145.0,0,0
65,65,8145.0,0,0
66,66,8145.0,0,0
67,67,8145.0,0,0
68,68,8145.0,0,0
69,69,8145.0,0,0
70,70,8145.0,0,0
71,71,8145.0,0,0
72,72,8145.0,0,0
73,73,8145.0,0,0
74,74,8145.0,0,0
75,75,8145.0,0,0
76,76,8144.0,1,0
77,77,8144.0,1,0
78,78,8144.0,1,0
79,79,8144.0,1,0
80,80,8144.0,1,0
81,81,8144.0,1,0
82,82,8144.0,1,0
83,83,8144.0,1,0
84,84,8144.0,1,0
85,85,8144.0,1,0
86,86,8144.0,1,0
87,87,8144.0,1,0
88,88,8144.0,1,0
89,89,8144.0,1,0
90,90,8144.0,1,0
91,91,8144.0,1,0
92,92,8144.0,1,0
93,93,8144.0,1,0
94,94,8144.0,1,0
95,95,8144.0,1,0
96,96,8144.0,1,0
97,97,8144.0,1,0
98,98,8144.0,1,0
99,99,8144.0,1,0
100,100,8144.0,1,0
101,101,8144.0,1,0
102,102,8144.0,1,0
103,103,8144.0,1,0
104,104,8144.0,1,0
105,105,8144.0,1,0
106,106,8144.0,1,0
107,107,8144.0,1,0
108,108,8144.0,1,0
109,109,8144.0,1,0
110,110,8144.0,1,0
111,111,8144.0,1,0
112,112,8144.0,1,0
113,113,8144.0,1,0
114,114,8144.0,1,0
115,115,8144.0,1,0
116,116,8144.0,1,0
117,117,8144.0,1,0
118,118,8144.0,1,0
119,119,8144.0,1,0
120,120,8144.0,1,0
121,121,8144.0,1,0
122,122,8144.0,1,0
123,123,8144.0,1,0
124,124,8144.0,1,0
125,125,8144.0,1,0
126,126,8144.0,1,0
127,127,8144.0,1,0
128,128,8144.0,1,0
