,Days,S,I,D
0,0,4921.0,0,0
1,1,4921.0,0,0
2,2,4921.0,0,0
3,3,4921.0,0,0
4,4,4921.0,0,0
5,5,4921.0,0,0
6,6,4921.0,0,0
7,7,4921.0,0,0
8,8,4921.0,0,0
9,9,4921.0,0,0
10,10,4921.0,0,0
11,11,4921.0,0,0
12,12,4921.0,0,0
13,13,4921.0,0,0
14,14,4921.0,0,0
15,15,4921.0,0,0
16,16,4921.0,0,0
17,17,4921.0,0,0
18,18,4921.0,0,0
19,19,4921.0,0,0
20,20,4921.0,0,0
21,21,4921.0,0,0
22,22,4921.0,0,0
23,23,4921.0,0,0
24,24,4921.0,0,0
25,25,4921.0,0,0
26,26,4921.0,0,0
27,27,4921.0,0,0
28,28,4921.0,0,0
29,29,4921.0,0,0
30,30,4921.0,0,0
31,31,4921.0,0,0
32,32,4921.0,0,0
33,33,4921.0,0,0
34,34,4921.0,0,0
35,35,4921.0,0,0
36,36,4921.0,0,0
37,37,4921.0,0,0
38,38,4921.0,0,0
39,39,4921.0,0,0
40,40,4921.0,0,0
41,41,4921.0,0,0
42,42,4921.0,0,0
43,43,4921.0,0,0
44,44,4921.0,0,0
45,45,4921.0,0,0
46,46,4921.0,0,0
47,47,4921.0,0,0
48,48,4921.0,0,0
49,49,4921.0,0,0
50,50,4921.0,0,0
51,51,4921.0,0,0
52,52,4921.0,0,0
53,53,4921.0,0,0
54,54,4921.0,0,0
55,55,4921.0,0,0
56,56,4921.0,0,0
57,57,4921.0,0,0
58,58,4921.0,0,0
59,59,4921.0,0,0
60,60,4921.0,0,0
61,61,4921.0,0,0
62,62,4921.0,0,0
63,63,4921.0,0,0
64,64,4921.0,0,0
65,65,4921.0,0,0
66,66,4921.0,0,0
67,67,4921.0,0,0
68,68,4921.0,0,0
69,69,4921.0,0,0
70,70,4921.0,0,0
71,71,4921.0,0,0
72,72,4921.0,0,0
73,73,4921.0,0,0
74,74,4921.0,0,0
75,75,4921.0,0,0
76,76,4921.0,0,0
77,77,4921.0,0,0
78,78,4921.0,0,0
79,79,4921.0,0,0
80,80,4921.0,0,0
81,81,4921.0,0,0
82,82,4921.0,0,0
83,83,4921.0,0,0
84,84,4921.0,0,0
85,85,4921.0,0,0
86,86,4921.0,0,0
87,87,4921.0,0,0
88,88,4921.0,0,0
89,89,4921.0,0,0
90,90,4921.0,0,0
91,91,4921.0,0,0
92,92,4921.0,0,0
93,93,4921.0,0,0
94,94,4921.0,0,0
95,95,4921.0,0,0
96,96,4921.0,0,0
97,97,4921.0,0,0
98,98,4921.0,0,0
99,99,4921.0,0,0
100,100,4921.0,0,0
101,101,4921.0,0,0
102,102,4921.0,0,0
103,103,4921.0,0,0
104,104,4921.0,0,0
105,105,4921.0,0,0
106,106,4921.0,0,0
107,107,4921.0,0,0
108,108,4921.0,0,0
109,109,4921.0,0,0
110,110,4921.0,0,0
111,111,4921.0,0,0
112,112,4921.0,0,0
113,113,4921.0,0,0
114,114,4921.0,0,0
115,115,4921.0,0,0
116,116,4921.0,0,0
117,117,4921.0,0,0
118,118,4920.0,1,0
119,119,4920.0,1,0
120,120,4920.0,1,0
121,121,4920.0,1,0
122,122,4920.0,1,0
123,123,4920.0,1,0
124,124,4920.0,1,0
125,125,4920.0,1,0
126,126,4920.0,1,0
127,127,4920.0,1,0
128,128,4920.0,1,0
