,Days,S,I,D
0,0,4954.0,0,0
1,1,4954.0,0,0
2,2,4954.0,0,0
3,3,4954.0,0,0
4,4,4954.0,0,0
5,5,4954.0,0,0
6,6,4954.0,0,0
7,7,4954.0,0,0
8,8,4954.0,0,0
9,9,4954.0,0,0
10,10,4954.0,0,0
11,11,4954.0,0,0
12,12,4954.0,0,0
13,13,4954.0,0,0
14,14,4954.0,0,0
15,15,4954.0,0,0
16,16,4954.0,0,0
17,17,4954.0,0,0
18,18,4954.0,0,0
19,19,4954.0,0,0
20,20,4954.0,0,0
21,21,4954.0,0,0
22,22,4954.0,0,0
23,23,4954.0,0,0
24,24,4954.0,0,0
25,25,4954.0,0,0
26,26,4954.0,0,0
27,27,4954.0,0,0
28,28,4954.0,0,0
29,29,4954.0,0,0
30,30,4954.0,0,0
31,31,4954.0,0,0
32,32,4954.0,0,0
33,33,4954.0,0,0
34,34,4954.0,0,0
35,35,4954.0,0,0
36,36,4954.0,0,0
37,37,4954.0,0,0
38,38,4954.0,0,0
39,39,4954.0,0,0
40,40,4954.0,0,0
41,41,4954.0,0,0
42,42,4954.0,0,0
43,43,4954.0,0,0
44,44,4954.0,0,0
45,45,4954.0,0,0
46,46,4954.0,0,0
47,47,4954.0,0,0
48,48,4954.0,0,0
49,49,4954.0,0,0
50,50,4954.0,0,0
51,51,4954.0,0,0
52,52,4954.0,0,0
53,53,4954.0,0,0
54,54,4954.0,0,0
55,55,4954.0,0,0
56,56,4954.0,0,0
57,57,4954.0,0,0
58,58,4954.0,0,0
59,59,4954.0,0,0
60,60,4954.0,0,0
61,61,4954.0,0,0
62,62,4954.0,0,0
63,63,4954.0,0,0
64,64,4954.0,0,0
65,65,4954.0,0,0
66,66,4954.0,0,0
67,67,4954.0,0,0
68,68,4954.0,0,0
69,69,4954.0,0,0
70,70,4954.0,0,0
71,71,4953.0,1,0
72,72,4952.0,2,0
73,73,4952.0,2,0
74,74,4952.0,2,0
75,75,4952.0,2,0
76,76,4952.0,2,0
77,77,4952.0,2,0
78,78,4952.0,2,0
79,79,4952.0,2,0
80,80,4952.0,2,0
81,81,4952.0,2,0
82,82,4952.0,2,0
83,83,4952.0,2,0
84,84,4952.0,2,0
85,85,4952.0,2,0
86,86,4952.0,2,0
87,87,4952.0,2,0
88,88,4952.0,2,0
89,89,4952.0,2,0
90,90,4952.0,2,0
91,91,4952.0,2,0
92,92,4952.0,2,0
93,93,4952.0,2,0
94,94,4952.0,2,0
95,95,4952.0,2,0
96,96,4952.0,2,0
97,97,4952.0,2,0
98,98,4952.0,2,0
99,99,4952.0,2,0
100,100,4952.0,2,0
101,101,4952.0,2,0
102,102,4952.0,2,0
103,103,4952.0,2,0
104,104,4952.0,2,0
105,105,4952.0,2,0
106,106,4952.0,2,0
107,107,4952.0,2,0
108,108,4952.0,2,0
109,109,4952.0,2,0
110,110,4952.0,2,0
111,111,4952.0,2,0
112,112,4952.0,2,0
113,113,4952.0,2,0
114,114,4952.0,2,0
115,115,4952.0,2,0
116,116,4952.0,2,0
117,117,4952.0,2,0
118,118,4952.0,2,0
119,119,4952.0,2,0
120,120,4952.0,2,0
121,121,4952.0,2,0
122,122,4952.0,2,0
123,123,4952.0,2,0
124,124,4952.0,2,0
125,125,4952.0,2,0
126,126,4952.0,2,0
127,127,4952.0,2,0
128,128,4952.0,2,0
