,Days,S,I,D
0,0,152.0,0,0
1,1,152.0,0,0
2,2,152.0,0,0
3,3,152.0,0,0
4,4,152.0,0,0
5,5,152.0,0,0
6,6,152.0,0,0
7,7,152.0,0,0
8,8,152.0,0,0
9,9,152.0,0,0
10,10,152.0,0,0
11,11,152.0,0,0
12,12,152.0,0,0
13,13,152.0,0,0
14,14,152.0,0,0
15,15,152.0,0,0
16,16,152.0,0,0
17,17,152.0,0,0
18,18,152.0,0,0
19,19,152.0,0,0
20,20,152.0,0,0
21,21,152.0,0,0
22,22,152.0,0,0
23,23,152.0,0,0
24,24,152.0,0,0
25,25,152.0,0,0
26,26,152.0,0,0
27,27,152.0,0,0
28,28,152.0,0,0
29,29,152.0,0,0
30,30,152.0,0,0
31,31,152.0,0,0
32,32,152.0,0,0
33,33,152.0,0,0
34,34,152.0,0,0
35,35,152.0,0,0
36,36,152.0,0,0
37,37,152.0,0,0
38,38,152.0,0,0
39,39,152.0,0,0
40,40,152.0,0,0
41,41,152.0,0,0
42,42,152.0,0,0
43,43,152.0,0,0
44,44,152.0,0,0
45,45,152.0,0,0
46,46,152.0,0,0
47,47,152.0,0,0
48,48,152.0,0,0
49,49,152.0,0,0
50,50,152.0,0,0
51,51,152.0,0,0
52,52,152.0,0,0
53,53,152.0,0,0
54,54,152.0,0,0
55,55,152.0,0,0
56,56,152.0,0,0
57,57,152.0,0,0
58,58,152.0,0,0
59,59,152.0,0,0
60,60,152.0,0,0
61,61,152.0,0,0
62,62,152.0,0,0
63,63,152.0,0,0
64,64,152.0,0,0
65,65,152.0,0,0
66,66,152.0,0,0
67,67,152.0,0,0
68,68,152.0,0,0
69,69,152.0,0,0
70,70,152.0,0,0
71,71,152.0,0,0
72,72,152.0,0,0
73,73,152.0,0,0
74,74,152.0,0,0
75,75,152.0,0,0
76,76,152.0,0,0
77,77,152.0,0,0
78,78,152.0,0,0
79,79,152.0,0,0
80,80,152.0,0,0
81,81,152.0,0,0
82,82,152.0,0,0
83,83,152.0,0,0
84,84,152.0,0,0
85,85,152.0,0,0
86,86,152.0,0,0
87,87,152.0,0,0
88,88,152.0,0,0
89,89,152.0,0,0
90,90,152.0,0,0
91,91,152.0,0,0
92,92,152.0,0,0
93,93,152.0,0,0
94,94,152.0,0,0
95,95,152.0,0,0
96,96,152.0,0,0
97,97,152.0,0,0
98,98,152.0,0,0
99,99,152.0,0,0
100,100,152.0,0,0
101,101,152.0,0,0
102,102,152.0,0,0
103,103,152.0,0,0
104,104,152.0,0,0
105,105,152.0,0,0
106,106,152.0,0,0
107,107,152.0,0,0
108,108,152.0,0,0
109,109,152.0,0,0
110,110,152.0,0,0
111,111,152.0,0,0
112,112,152.0,0,0
113,113,152.0,0,0
114,114,152.0,0,0
115,115,152.0,0,0
116,116,152.0,0,0
117,117,152.0,0,0
118,118,152.0,0,0
119,119,152.0,0,0
120,120,152.0,0,0
121,121,152.0,0,0
122,122,152.0,0,0
123,123,152.0,0,0
124,124,152.0,0,0
125,125,152.0,0,0
126,126,152.0,0,0
127,127,152.0,0,0
128,128,152.0,0,0
