,Days,S,I,D
0,0,163861.0,0,0
1,1,163861.0,0,0
2,2,163861.0,0,0
3,3,163861.0,0,0
4,4,163861.0,0,0
5,5,163861.0,0,0
6,6,163861.0,0,0
7,7,163861.0,0,0
8,8,163861.0,0,0
9,9,163861.0,0,0
10,10,163861.0,0,0
11,11,163861.0,0,0
12,12,163861.0,0,0
13,13,163861.0,0,0
14,14,163861.0,0,0
15,15,163861.0,0,0
16,16,163861.0,0,0
17,17,163861.0,0,0
18,18,163861.0,0,0
19,19,163861.0,0,0
20,20,163861.0,0,0
21,21,163861.0,0,0
22,22,163861.0,0,0
23,23,163861.0,0,0
24,24,163861.0,0,0
25,25,163861.0,0,0
26,26,163861.0,0,0
27,27,163861.0,0,0
28,28,163861.0,0,0
29,29,163861.0,0,0
30,30,163861.0,0,0
31,31,163861.0,0,0
32,32,163861.0,0,0
33,33,163861.0,0,0
34,34,163861.0,0,0
35,35,163861.0,0,0
36,36,163861.0,0,0
37,37,163861.0,0,0
38,38,163861.0,0,0
39,39,163861.0,0,0
40,40,163861.0,0,0
41,41,163861.0,0,0
42,42,163861.0,0,0
43,43,163861.0,0,0
44,44,163861.0,0,0
45,45,163861.0,0,0
46,46,163861.0,0,0
47,47,163861.0,0,0
48,48,163861.0,0,0
49,49,163861.0,0,0
50,50,163861.0,0,0
51,51,163861.0,0,0
52,52,163861.0,0,0
53,53,163861.0,0,0
54,54,163861.0,0,0
55,55,163861.0,0,0
56,56,163861.0,0,0
57,57,163861.0,0,0
58,58,163861.0,0,0
59,59,163861.0,0,0
60,60,163861.0,0,0
61,61,163861.0,0,0
62,62,163861.0,0,0
63,63,163854.0,7,0
64,64,163852.0,9,0
65,65,163849.0,12,0
66,66,163841.0,20,0
67,67,163838.0,23,0
68,68,163837.0,24,0
69,69,163829.0,32,0
70,70,163820.0,41,0
71,71,163820.0,41,0
72,72,163820.0,41,0
73,73,163820.0,41,0
74,74,163793.0,68,0
75,75,163771.0,90,0
76,76,163753.0,108,0
77,77,163735.0,126,0
78,78,163718.0,143,0
79,79,163710.0,151,0
80,80,163692.0,169,0
81,81,163692.0,169,0
82,82,163692.0,169,0
83,83,163617.0,244,0
84,84,163612.0,249,0
85,85,163589.0,272,0
86,86,163562.0,299,0
87,87,163545.0,316,0
88,88,163520.0,341,0
89,89,163495.0,366,0
90,90,163475.0,386,0
91,91,163449.0,412,0
92,92,163429.0,432,0
93,93,163395.0,466,0
94,94,163363.0,496,2
95,95,163333.0,526,2
96,96,163294.0,565,2
97,97,163285.0,574,2
98,98,163259.0,598,4
99,99,163235.0,622,4
100,100,163219.0,638,4
101,101,163182.0,675,4
102,102,163160.0,697,4
103,103,163154.0,703,4
104,104,163154.0,703,4
105,105,163134.0,703,24
106,106,163134.0,703,24
107,107,163134.0,703,24
108,108,163130.0,703,28
109,109,163130.0,703,28
110,110,162983.0,850,28
111,111,162983.0,850,28
112,112,162950.0,883,28
113,113,162950.0,883,28
114,114,162950.0,883,28
115,115,162941.0,883,37
116,116,162941.0,883,37
117,117,162941.0,883,37
118,118,162941.0,883,37
119,119,162866.0,958,37
120,120,162850.0,974,37
121,121,162830.0,985,46
122,122,162810.0,1005,46
123,123,162802.0,1013,46
124,124,162802.0,1013,46
125,125,162802.0,1013,46
126,126,162783.0,1032,46
127,127,162777.0,1038,46
128,128,162758.0,1052,51
