,Days,S,I,D
0,0,17270.0,0,0
1,1,17270.0,0,0
2,2,17270.0,0,0
3,3,17270.0,0,0
4,4,17270.0,0,0
5,5,17270.0,0,0
6,6,17270.0,0,0
7,7,17270.0,0,0
8,8,17270.0,0,0
9,9,17270.0,0,0
10,10,17270.0,0,0
11,11,17270.0,0,0
12,12,17270.0,0,0
13,13,17270.0,0,0
14,14,17270.0,0,0
15,15,17270.0,0,0
16,16,17270.0,0,0
17,17,17270.0,0,0
18,18,17270.0,0,0
19,19,17270.0,0,0
20,20,17270.0,0,0
21,21,17270.0,0,0
22,22,17270.0,0,0
23,23,17270.0,0,0
24,24,17270.0,0,0
25,25,17270.0,0,0
26,26,17270.0,0,0
27,27,17270.0,0,0
28,28,17270.0,0,0
29,29,17270.0,0,0
30,30,17270.0,0,0
31,31,17270.0,0,0
32,32,17270.0,0,0
33,33,17270.0,0,0
34,34,17270.0,0,0
35,35,17270.0,0,0
36,36,17270.0,0,0
37,37,17270.0,0,0
38,38,17270.0,0,0
39,39,17270.0,0,0
40,40,17270.0,0,0
41,41,17270.0,0,0
42,42,17270.0,0,0
43,43,17270.0,0,0
44,44,17270.0,0,0
45,45,17270.0,0,0
46,46,17270.0,0,0
47,47,17270.0,0,0
48,48,17270.0,0,0
49,49,17270.0,0,0
50,50,17270.0,0,0
51,51,17270.0,0,0
52,52,17270.0,0,0
53,53,17270.0,0,0
54,54,17270.0,0,0
55,55,17270.0,0,0
56,56,17270.0,0,0
57,57,17270.0,0,0
58,58,17270.0,0,0
59,59,17270.0,0,0
60,60,17270.0,0,0
61,61,17270.0,0,0
62,62,17270.0,0,0
63,63,17270.0,0,0
64,64,17270.0,0,0
65,65,17270.0,0,0
66,66,17270.0,0,0
67,67,17270.0,0,0
68,68,17269.0,1,0
69,69,17269.0,1,0
70,70,17268.0,2,0
71,71,17268.0,2,0
72,72,17268.0,2,0
73,73,17268.0,2,0
74,74,17268.0,2,0
75,75,17268.0,2,0
76,76,17268.0,2,0
77,77,17268.0,2,0
78,78,17268.0,2,0
79,79,17267.0,3,0
80,80,17267.0,3,0
81,81,17267.0,3,0
82,82,17267.0,3,0
83,83,17267.0,3,0
84,84,17266.0,4,0
85,85,17266.0,4,0
86,86,17265.0,5,0
87,87,17265.0,5,0
88,88,17265.0,5,0
89,89,17265.0,5,0
90,90,17265.0,5,0
91,91,17265.0,5,0
92,92,17265.0,5,0
93,93,17265.0,5,0
94,94,17265.0,5,0
95,95,17265.0,5,0
96,96,17265.0,5,0
97,97,17265.0,5,0
98,98,17265.0,5,0
99,99,17265.0,5,0
100,100,17264.0,6,0
101,101,17264.0,6,0
102,102,17264.0,6,0
103,103,17264.0,6,0
104,104,17263.0,7,0
105,105,17263.0,7,0
106,106,17263.0,7,0
107,107,17261.0,9,0
108,108,17261.0,9,0
109,109,17261.0,9,0
110,110,17261.0,9,0
111,111,17261.0,9,0
112,112,17261.0,9,0
113,113,17261.0,9,0
114,114,17261.0,9,0
115,115,17261.0,9,0
116,116,17261.0,9,0
117,117,17261.0,9,0
118,118,17261.0,9,0
119,119,17261.0,9,0
120,120,17261.0,9,0
121,121,17261.0,9,0
122,122,17261.0,9,0
123,123,17261.0,9,0
124,124,17261.0,9,0
125,125,17261.0,9,0
126,126,17261.0,9,0
127,127,17260.0,10,0
128,128,17260.0,10,0
