,Days,S,I,D
0,0,66893.0,0,0
1,1,66893.0,0,0
2,2,66893.0,0,0
3,3,66893.0,0,0
4,4,66893.0,0,0
5,5,66893.0,0,0
6,6,66893.0,0,0
7,7,66893.0,0,0
8,8,66893.0,0,0
9,9,66893.0,0,0
10,10,66893.0,0,0
11,11,66893.0,0,0
12,12,66893.0,0,0
13,13,66893.0,0,0
14,14,66893.0,0,0
15,15,66893.0,0,0
16,16,66893.0,0,0
17,17,66893.0,0,0
18,18,66893.0,0,0
19,19,66893.0,0,0
20,20,66893.0,0,0
21,21,66893.0,0,0
22,22,66893.0,0,0
23,23,66893.0,0,0
24,24,66893.0,0,0
25,25,66893.0,0,0
26,26,66893.0,0,0
27,27,66893.0,0,0
28,28,66893.0,0,0
29,29,66893.0,0,0
30,30,66893.0,0,0
31,31,66893.0,0,0
32,32,66893.0,0,0
33,33,66893.0,0,0
34,34,66893.0,0,0
35,35,66893.0,0,0
36,36,66893.0,0,0
37,37,66893.0,0,0
38,38,66893.0,0,0
39,39,66893.0,0,0
40,40,66893.0,0,0
41,41,66893.0,0,0
42,42,66893.0,0,0
43,43,66893.0,0,0
44,44,66893.0,0,0
45,45,66893.0,0,0
46,46,66893.0,0,0
47,47,66893.0,0,0
48,48,66893.0,0,0
49,49,66893.0,0,0
50,50,66893.0,0,0
51,51,66893.0,0,0
52,52,66893.0,0,0
53,53,66893.0,0,0
54,54,66893.0,0,0
55,55,66893.0,0,0
56,56,66893.0,0,0
57,57,66893.0,0,0
58,58,66893.0,0,0
59,59,66893.0,0,0
60,60,66893.0,0,0
61,61,66893.0,0,0
62,62,66893.0,0,0
63,63,66893.0,0,0
64,64,66892.0,1,0
65,65,66892.0,1,0
66,66,66892.0,1,0
67,67,66892.0,1,0
68,68,66892.0,1,0
69,69,66892.0,1,0
70,70,66891.0,2,0
71,71,66891.0,2,0
72,72,66891.0,2,0
73,73,66891.0,2,0
74,74,66891.0,2,0
75,75,66891.0,2,0
76,76,66891.0,2,0
77,77,66886.0,7,0
78,78,66886.0,7,0
79,79,66886.0,7,0
80,80,66886.0,7,0
81,81,66886.0,7,0
82,82,66886.0,7,0
83,83,66884.0,9,0
84,84,66885.0,8,0
85,85,66885.0,8,0
86,86,66885.0,8,0
87,87,66885.0,8,0
88,88,66885.0,8,0
89,89,66885.0,8,0
90,90,66885.0,8,0
91,91,66884.0,9,0
92,92,66882.0,11,0
93,93,66882.0,11,0
94,94,66881.0,12,0
95,95,66881.0,12,0
96,96,66881.0,12,0
97,97,66881.0,12,0
98,98,66881.0,12,0
99,99,66881.0,12,0
100,100,66881.0,12,0
101,101,66881.0,12,0
102,102,66881.0,12,0
103,103,66880.0,13,0
104,104,66880.0,13,0
105,105,66879.0,14,0
106,106,66877.0,16,0
107,107,66877.0,16,0
108,108,66875.0,18,0
109,109,66873.0,20,0
110,110,66871.0,22,0
111,111,66871.0,22,0
112,112,66871.0,22,0
113,113,66870.0,23,0
114,114,66868.0,25,0
115,115,66868.0,25,0
116,116,66867.0,26,0
117,117,66867.0,26,0
118,118,66867.0,26,0
119,119,66867.0,26,0
120,120,66865.0,28,0
121,121,66865.0,28,0
122,122,66865.0,28,0
123,123,66865.0,28,0
124,124,66865.0,28,0
125,125,66865.0,28,0
126,126,66864.0,29,0
127,127,66861.0,32,0
128,128,66860.0,33,0
