,Days,S,I,D
0,0,28719.0,0,0
1,1,28719.0,0,0
2,2,28719.0,0,0
3,3,28719.0,0,0
4,4,28719.0,0,0
5,5,28719.0,0,0
6,6,28719.0,0,0
7,7,28719.0,0,0
8,8,28719.0,0,0
9,9,28719.0,0,0
10,10,28719.0,0,0
11,11,28719.0,0,0
12,12,28719.0,0,0
13,13,28719.0,0,0
14,14,28719.0,0,0
15,15,28719.0,0,0
16,16,28719.0,0,0
17,17,28719.0,0,0
18,18,28719.0,0,0
19,19,28719.0,0,0
20,20,28719.0,0,0
21,21,28719.0,0,0
22,22,28719.0,0,0
23,23,28719.0,0,0
24,24,28719.0,0,0
25,25,28719.0,0,0
26,26,28719.0,0,0
27,27,28719.0,0,0
28,28,28719.0,0,0
29,29,28719.0,0,0
30,30,28719.0,0,0
31,31,28719.0,0,0
32,32,28719.0,0,0
33,33,28719.0,0,0
34,34,28719.0,0,0
35,35,28719.0,0,0
36,36,28719.0,0,0
37,37,28719.0,0,0
38,38,28719.0,0,0
39,39,28719.0,0,0
40,40,28719.0,0,0
41,41,28719.0,0,0
42,42,28719.0,0,0
43,43,28719.0,0,0
44,44,28719.0,0,0
45,45,28719.0,0,0
46,46,28719.0,0,0
47,47,28719.0,0,0
48,48,28719.0,0,0
49,49,28719.0,0,0
50,50,28719.0,0,0
51,51,28719.0,0,0
52,52,28719.0,0,0
53,53,28719.0,0,0
54,54,28719.0,0,0
55,55,28719.0,0,0
56,56,28719.0,0,0
57,57,28719.0,0,0
58,58,28719.0,0,0
59,59,28719.0,0,0
60,60,28719.0,0,0
61,61,28719.0,0,0
62,62,28719.0,0,0
63,63,28719.0,0,0
64,64,28719.0,0,0
65,65,28719.0,0,0
66,66,28719.0,0,0
67,67,28718.0,1,0
68,68,28718.0,1,0
69,69,28718.0,1,0
70,70,28718.0,1,0
71,71,28718.0,1,0
72,72,28718.0,1,0
73,73,28718.0,1,0
74,74,28718.0,1,0
75,75,28718.0,1,0
76,76,28718.0,1,0
77,77,28716.0,3,0
78,78,28716.0,3,0
79,79,28716.0,3,0
80,80,28714.0,5,0
81,81,28714.0,5,0
82,82,28712.0,7,0
83,83,28711.0,8,0
84,84,28712.0,7,0
85,85,28711.0,8,0
86,86,28711.0,8,0
87,87,28711.0,8,0
88,88,28711.0,8,0
89,89,28711.0,8,0
90,90,28711.0,8,0
91,91,28711.0,8,0
92,92,28711.0,8,0
93,93,28711.0,8,0
94,94,28711.0,8,0
95,95,28710.0,9,0
96,96,28710.0,9,0
97,97,28710.0,9,0
98,98,28710.0,9,0
99,99,28710.0,9,0
100,100,28710.0,9,0
101,101,28709.0,10,0
102,102,28709.0,10,0
103,103,28709.0,10,0
104,104,28709.0,10,0
105,105,28709.0,10,0
106,106,28709.0,10,0
107,107,28709.0,10,0
108,108,28709.0,10,0
109,109,28708.0,11,0
110,110,28708.0,11,0
111,111,28708.0,11,0
112,112,28708.0,11,0
113,113,28707.0,12,0
114,114,28707.0,12,0
115,115,28707.0,12,0
116,116,28707.0,12,0
117,117,28707.0,12,0
118,118,28707.0,12,0
119,119,28707.0,12,0
120,120,28706.0,13,0
121,121,28705.0,14,0
122,122,28705.0,14,0
123,123,28705.0,14,0
124,124,28705.0,14,0
125,125,28705.0,14,0
126,126,28705.0,14,0
127,127,28705.0,14,0
128,128,28705.0,14,0
