,Days,S,I,D
0,0,7032.0,0,0
1,1,7032.0,0,0
2,2,7032.0,0,0
3,3,7032.0,0,0
4,4,7032.0,0,0
5,5,7032.0,0,0
6,6,7032.0,0,0
7,7,7032.0,0,0
8,8,7032.0,0,0
9,9,7032.0,0,0
10,10,7032.0,0,0
11,11,7032.0,0,0
12,12,7032.0,0,0
13,13,7032.0,0,0
14,14,7032.0,0,0
15,15,7032.0,0,0
16,16,7032.0,0,0
17,17,7032.0,0,0
18,18,7032.0,0,0
19,19,7032.0,0,0
20,20,7032.0,0,0
21,21,7032.0,0,0
22,22,7032.0,0,0
23,23,7032.0,0,0
24,24,7032.0,0,0
25,25,7032.0,0,0
26,26,7032.0,0,0
27,27,7032.0,0,0
28,28,7032.0,0,0
29,29,7032.0,0,0
30,30,7032.0,0,0
31,31,7032.0,0,0
32,32,7032.0,0,0
33,33,7032.0,0,0
34,34,7032.0,0,0
35,35,7032.0,0,0
36,36,7032.0,0,0
37,37,7032.0,0,0
38,38,7032.0,0,0
39,39,7032.0,0,0
40,40,7032.0,0,0
41,41,7032.0,0,0
42,42,7032.0,0,0
43,43,7032.0,0,0
44,44,7032.0,0,0
45,45,7032.0,0,0
46,46,7032.0,0,0
47,47,7032.0,0,0
48,48,7032.0,0,0
49,49,7032.0,0,0
50,50,7032.0,0,0
51,51,7032.0,0,0
52,52,7032.0,0,0
53,53,7032.0,0,0
54,54,7032.0,0,0
55,55,7032.0,0,0
56,56,7032.0,0,0
57,57,7032.0,0,0
58,58,7032.0,0,0
59,59,7032.0,0,0
60,60,7032.0,0,0
61,61,7032.0,0,0
62,62,7032.0,0,0
63,63,7032.0,0,0
64,64,7032.0,0,0
65,65,7032.0,0,0
66,66,7032.0,0,0
67,67,7032.0,0,0
68,68,7032.0,0,0
69,69,7032.0,0,0
70,70,7032.0,0,0
71,71,7032.0,0,0
72,72,7032.0,0,0
73,73,7032.0,0,0
74,74,7032.0,0,0
75,75,7032.0,0,0
76,76,7032.0,0,0
77,77,7032.0,0,0
78,78,7032.0,0,0
79,79,7032.0,0,0
80,80,7032.0,0,0
81,81,7032.0,0,0
82,82,7032.0,0,0
83,83,7032.0,0,0
84,84,7032.0,0,0
85,85,7032.0,0,0
86,86,7032.0,0,0
87,87,7032.0,0,0
88,88,7032.0,0,0
89,89,7032.0,0,0
90,90,7032.0,0,0
91,91,7032.0,0,0
92,92,7032.0,0,0
93,93,7032.0,0,0
94,94,7032.0,0,0
95,95,7032.0,0,0
96,96,7032.0,0,0
97,97,7032.0,0,0
98,98,7032.0,0,0
99,99,7032.0,0,0
100,100,7032.0,0,0
101,101,7032.0,0,0
102,102,7032.0,0,0
103,103,7031.0,1,0
104,104,7031.0,1,0
105,105,7031.0,1,0
106,106,7031.0,1,0
107,107,7031.0,1,0
108,108,7031.0,1,0
109,109,7031.0,1,0
110,110,7031.0,1,0
111,111,7030.0,2,0
112,112,7029.0,3,0
113,113,7029.0,3,0
114,114,7029.0,3,0
115,115,7029.0,3,0
116,116,7029.0,3,0
117,117,7029.0,3,0
118,118,7029.0,3,0
119,119,7029.0,3,0
120,120,7029.0,3,0
121,121,7029.0,3,0
122,122,7029.0,3,0
123,123,7029.0,3,0
124,124,7029.0,3,0
125,125,7029.0,3,0
126,126,7029.0,3,0
127,127,7029.0,3,0
128,128,7029.0,3,0
