,Days,S,I,D
0,0,13158.0,0,0
1,1,13158.0,0,0
2,2,13158.0,0,0
3,3,13158.0,0,0
4,4,13158.0,0,0
5,5,13158.0,0,0
6,6,13158.0,0,0
7,7,13158.0,0,0
8,8,13158.0,0,0
9,9,13158.0,0,0
10,10,13158.0,0,0
11,11,13158.0,0,0
12,12,13158.0,0,0
13,13,13158.0,0,0
14,14,13158.0,0,0
15,15,13158.0,0,0
16,16,13158.0,0,0
17,17,13158.0,0,0
18,18,13158.0,0,0
19,19,13158.0,0,0
20,20,13158.0,0,0
21,21,13158.0,0,0
22,22,13158.0,0,0
23,23,13158.0,0,0
24,24,13158.0,0,0
25,25,13158.0,0,0
26,26,13158.0,0,0
27,27,13158.0,0,0
28,28,13158.0,0,0
29,29,13158.0,0,0
30,30,13158.0,0,0
31,31,13158.0,0,0
32,32,13158.0,0,0
33,33,13158.0,0,0
34,34,13158.0,0,0
35,35,13158.0,0,0
36,36,13158.0,0,0
37,37,13158.0,0,0
38,38,13158.0,0,0
39,39,13158.0,0,0
40,40,13158.0,0,0
41,41,13158.0,0,0
42,42,13158.0,0,0
43,43,13158.0,0,0
44,44,13158.0,0,0
45,45,13158.0,0,0
46,46,13158.0,0,0
47,47,13158.0,0,0
48,48,13158.0,0,0
49,49,13158.0,0,0
50,50,13158.0,0,0
51,51,13158.0,0,0
52,52,13158.0,0,0
53,53,13158.0,0,0
54,54,13158.0,0,0
55,55,13158.0,0,0
56,56,13158.0,0,0
57,57,13158.0,0,0
58,58,13158.0,0,0
59,59,13158.0,0,0
60,60,13158.0,0,0
61,61,13158.0,0,0
62,62,13158.0,0,0
63,63,13158.0,0,0
64,64,13158.0,0,0
65,65,13158.0,0,0
66,66,13157.0,1,0
67,67,13157.0,1,0
68,68,13157.0,1,0
69,69,13157.0,1,0
70,70,13157.0,1,0
71,71,13157.0,1,0
72,72,13157.0,1,0
73,73,13157.0,1,0
74,74,13157.0,1,0
75,75,13157.0,1,0
76,76,13157.0,1,0
77,77,13157.0,1,0
78,78,13157.0,1,0
79,79,13157.0,1,0
80,80,13157.0,1,0
81,81,13157.0,1,0
82,82,13157.0,1,0
83,83,13156.0,2,0
84,84,13156.0,2,0
85,85,13156.0,2,0
86,86,13156.0,2,0
87,87,13156.0,2,0
88,88,13156.0,2,0
89,89,13156.0,2,0
90,90,13156.0,2,0
91,91,13156.0,2,0
92,92,13156.0,2,0
93,93,13156.0,2,0
94,94,13156.0,2,0
95,95,13156.0,2,0
96,96,13155.0,3,0
97,97,13155.0,3,0
98,98,13155.0,3,0
99,99,13155.0,3,0
100,100,13155.0,3,0
101,101,13154.0,4,0
102,102,13154.0,4,0
103,103,13154.0,4,0
104,104,13154.0,4,0
105,105,13154.0,4,0
106,106,13153.0,5,0
107,107,13153.0,5,0
108,108,13153.0,5,0
109,109,13151.0,7,0
110,110,13151.0,7,0
111,111,13150.0,8,0
112,112,13150.0,8,0
113,113,13148.0,10,0
114,114,13148.0,10,0
115,115,13147.0,11,0
116,116,13147.0,11,0
117,117,13147.0,11,0
118,118,13147.0,11,0
119,119,13147.0,11,0
120,120,13147.0,11,0
121,121,13145.0,13,0
122,122,13143.0,15,0
123,123,13143.0,15,0
124,124,13143.0,15,0
125,125,13143.0,15,0
126,126,13142.0,16,0
127,127,13142.0,16,0
128,128,13142.0,16,0
