,Days,S,I,D
0,0,307412.0,0,0
1,1,307412.0,0,0
2,2,307412.0,0,0
3,3,307412.0,0,0
4,4,307412.0,0,0
5,5,307412.0,0,0
6,6,307412.0,0,0
7,7,307412.0,0,0
8,8,307412.0,0,0
9,9,307412.0,0,0
10,10,307412.0,0,0
11,11,307412.0,0,0
12,12,307412.0,0,0
13,13,307412.0,0,0
14,14,307412.0,0,0
15,15,307412.0,0,0
16,16,307412.0,0,0
17,17,307412.0,0,0
18,18,307412.0,0,0
19,19,307412.0,0,0
20,20,307412.0,0,0
21,21,307412.0,0,0
22,22,307412.0,0,0
23,23,307412.0,0,0
24,24,307412.0,0,0
25,25,307412.0,0,0
26,26,307412.0,0,0
27,27,307412.0,0,0
28,28,307412.0,0,0
29,29,307412.0,0,0
30,30,307412.0,0,0
31,31,307412.0,0,0
32,32,307412.0,0,0
33,33,307412.0,0,0
34,34,307412.0,0,0
35,35,307412.0,0,0
36,36,307412.0,0,0
37,37,307412.0,0,0
38,38,307412.0,0,0
39,39,307412.0,0,0
40,40,307412.0,0,0
41,41,307412.0,0,0
42,42,307412.0,0,0
43,43,307412.0,0,0
44,44,307412.0,0,0
45,45,307412.0,0,0
46,46,307412.0,0,0
47,47,307412.0,0,0
48,48,307412.0,0,0
49,49,307412.0,0,0
50,50,307412.0,0,0
51,51,307412.0,0,0
52,52,307412.0,0,0
53,53,307412.0,0,0
54,54,307412.0,0,0
55,55,307412.0,0,0
56,56,307412.0,0,0
57,57,307412.0,0,0
58,58,307411.0,1,0
59,59,307410.0,2,0
60,60,307410.0,2,0
61,61,307410.0,2,0
62,62,307401.0,11,0
63,63,307393.0,19,0
64,64,307389.0,23,0
65,65,307381.0,31,0
66,66,307371.0,41,0
67,67,307371.0,41,0
68,68,307361.0,51,0
69,69,307335.0,77,0
70,70,307310.0,100,2
71,71,307301.0,108,3
72,72,307292.0,117,3
73,73,307257.0,151,4
74,74,307254.0,154,4
75,75,307227.0,180,5
76,76,307215.0,191,6
77,77,307212.0,194,6
78,78,307191.0,214,7
79,79,307154.0,249,9
80,80,307129.0,270,13
81,81,307091.0,307,14
82,82,307081.0,317,14
83,83,307074.0,317,21
84,84,307020.0,367,25
85,85,306986.0,401,25
86,86,306977.0,407,28
87,87,306977.0,407,28
88,88,306954.0,430,28
89,89,306950.0,430,32
90,90,306931.0,445,36
91,91,306916.0,458,38
92,92,306903.0,470,39
93,93,306891.0,481,40
94,94,306878.0,494,40
95,95,306875.0,497,40
96,96,306873.0,499,40
97,97,306865.0,504,43
98,98,306862.0,507,43
99,99,306853.0,516,43
100,100,306834.0,535,43
101,101,306826.0,543,43
102,102,306819.0,549,44
103,103,306815.0,553,44
104,104,306807.0,560,45
105,105,306799.0,567,46
106,106,306790.0,575,47
107,107,306782.0,582,48
108,108,306780.0,583,49
109,109,306774.0,589,49
110,110,306771.0,592,49
111,111,306764.0,598,50
112,112,306757.0,605,50
113,113,306755.0,607,50
114,114,306748.0,614,50
115,115,306746.0,616,50
116,116,306743.0,619,50
117,117,306743.0,619,50
118,118,306738.0,624,50
119,119,306732.0,630,50
120,120,306723.0,639,50
121,121,306712.0,650,50
122,122,306706.0,656,50
123,123,306700.0,662,50
124,124,306698.0,664,50
125,125,306695.0,667,50
126,126,306688.0,674,50
127,127,306685.0,677,50
128,128,306682.0,680,50
