,Days,S,I,D
0,0,3767.0,0,0
1,1,3767.0,0,0
2,2,3767.0,0,0
3,3,3767.0,0,0
4,4,3767.0,0,0
5,5,3767.0,0,0
6,6,3767.0,0,0
7,7,3767.0,0,0
8,8,3767.0,0,0
9,9,3767.0,0,0
10,10,3767.0,0,0
11,11,3767.0,0,0
12,12,3767.0,0,0
13,13,3767.0,0,0
14,14,3767.0,0,0
15,15,3767.0,0,0
16,16,3767.0,0,0
17,17,3767.0,0,0
18,18,3767.0,0,0
19,19,3767.0,0,0
20,20,3767.0,0,0
21,21,3767.0,0,0
22,22,3767.0,0,0
23,23,3767.0,0,0
24,24,3767.0,0,0
25,25,3767.0,0,0
26,26,3767.0,0,0
27,27,3767.0,0,0
28,28,3767.0,0,0
29,29,3767.0,0,0
30,30,3767.0,0,0
31,31,3767.0,0,0
32,32,3767.0,0,0
33,33,3767.0,0,0
34,34,3767.0,0,0
35,35,3767.0,0,0
36,36,3767.0,0,0
37,37,3767.0,0,0
38,38,3767.0,0,0
39,39,3767.0,0,0
40,40,3767.0,0,0
41,41,3767.0,0,0
42,42,3767.0,0,0
43,43,3767.0,0,0
44,44,3767.0,0,0
45,45,3767.0,0,0
46,46,3767.0,0,0
47,47,3767.0,0,0
48,48,3767.0,0,0
49,49,3767.0,0,0
50,50,3767.0,0,0
51,51,3767.0,0,0
52,52,3767.0,0,0
53,53,3767.0,0,0
54,54,3767.0,0,0
55,55,3767.0,0,0
56,56,3767.0,0,0
57,57,3767.0,0,0
58,58,3767.0,0,0
59,59,3767.0,0,0
60,60,3767.0,0,0
61,61,3767.0,0,0
62,62,3767.0,0,0
63,63,3767.0,0,0
64,64,3767.0,0,0
65,65,3767.0,0,0
66,66,3767.0,0,0
67,67,3767.0,0,0
68,68,3767.0,0,0
69,69,3767.0,0,0
70,70,3767.0,0,0
71,71,3767.0,0,0
72,72,3767.0,0,0
73,73,3767.0,0,0
74,74,3767.0,0,0
75,75,3767.0,0,0
76,76,3767.0,0,0
77,77,3767.0,0,0
78,78,3767.0,0,0
79,79,3767.0,0,0
80,80,3767.0,0,0
81,81,3767.0,0,0
82,82,3767.0,0,0
83,83,3767.0,0,0
84,84,3767.0,0,0
85,85,3767.0,0,0
86,86,3767.0,0,0
87,87,3767.0,0,0
88,88,3767.0,0,0
89,89,3767.0,0,0
90,90,3767.0,0,0
91,91,3767.0,0,0
92,92,3767.0,0,0
93,93,3767.0,0,0
94,94,3767.0,0,0
95,95,3767.0,0,0
96,96,3767.0,0,0
97,97,3767.0,0,0
98,98,3767.0,0,0
99,99,3767.0,0,0
100,100,3767.0,0,0
101,101,3767.0,0,0
102,102,3767.0,0,0
103,103,3767.0,0,0
104,104,3767.0,0,0
105,105,3767.0,0,0
106,106,3767.0,0,0
107,107,3767.0,0,0
108,108,3767.0,0,0
109,109,3767.0,0,0
110,110,3767.0,0,0
111,111,3767.0,0,0
112,112,3767.0,0,0
113,113,3767.0,0,0
114,114,3767.0,0,0
115,115,3767.0,0,0
116,116,3767.0,0,0
117,117,3767.0,0,0
118,118,3767.0,0,0
119,119,3767.0,0,0
120,120,3767.0,0,0
121,121,3767.0,0,0
122,122,3767.0,0,0
123,123,3767.0,0,0
124,124,3767.0,0,0
125,125,3767.0,0,0
126,126,3767.0,0,0
127,127,3767.0,0,0
128,128,3767.0,0,0
