,Days,S,I,D
0,0,293557.0,0,0
1,1,293557.0,0,0
2,2,293557.0,0,0
3,3,293557.0,0,0
4,4,293557.0,0,0
5,5,293557.0,0,0
6,6,293557.0,0,0
7,7,293557.0,0,0
8,8,293557.0,0,0
9,9,293557.0,0,0
10,10,293557.0,0,0
11,11,293557.0,0,0
12,12,293557.0,0,0
13,13,293557.0,0,0
14,14,293557.0,0,0
15,15,293557.0,0,0
16,16,293557.0,0,0
17,17,293557.0,0,0
18,18,293557.0,0,0
19,19,293557.0,0,0
20,20,293557.0,0,0
21,21,293557.0,0,0
22,22,293557.0,0,0
23,23,293557.0,0,0
24,24,293557.0,0,0
25,25,293557.0,0,0
26,26,293557.0,0,0
27,27,293557.0,0,0
28,28,293557.0,0,0
29,29,293557.0,0,0
30,30,293557.0,0,0
31,31,293557.0,0,0
32,32,293557.0,0,0
33,33,293557.0,0,0
34,34,293557.0,0,0
35,35,293557.0,0,0
36,36,293557.0,0,0
37,37,293557.0,0,0
38,38,293557.0,0,0
39,39,293557.0,0,0
40,40,293557.0,0,0
41,41,293557.0,0,0
42,42,293557.0,0,0
43,43,293557.0,0,0
44,44,293557.0,0,0
45,45,293557.0,0,0
46,46,293557.0,0,0
47,47,293557.0,0,0
48,48,293557.0,0,0
49,49,293557.0,0,0
50,50,293557.0,0,0
51,51,293556.0,1,0
52,52,293556.0,1,0
53,53,293556.0,1,0
54,54,293544.0,13,0
55,55,293537.0,20,0
56,56,293533.0,24,0
57,57,293532.0,25,0
58,58,293522.0,35,0
59,59,293516.0,41,0
60,60,293504.0,53,0
61,61,293491.0,66,0
62,62,293483.0,74,0
63,63,293470.0,87,0
64,64,293467.0,90,0
65,65,293464.0,92,1
66,66,293436.0,120,1
67,67,293412.0,142,3
68,68,293400.0,154,3
69,69,293400.0,154,3
70,70,293360.0,192,5
71,71,293348.0,204,5
72,72,293328.0,222,7
73,73,293319.0,231,7
74,74,293312.0,238,7
75,75,293301.0,249,7
76,76,293295.0,253,9
77,77,293285.0,262,10
78,78,293277.0,269,11
79,79,293270.0,276,11
80,80,293261.0,284,12
81,81,293253.0,292,12
82,82,293246.0,299,12
83,83,293214.0,331,12
84,84,293204.0,339,14
85,85,293200.0,343,14
86,86,293183.0,360,14
87,87,293174.0,369,14
88,88,293163.0,378,16
89,89,293161.0,380,16
90,90,293154.0,386,17
91,91,293144.0,395,18
92,92,293120.0,414,23
93,93,293107.0,426,24
94,94,293099.0,434,24
95,95,293079.0,454,24
96,96,293074.0,459,24
97,97,293067.0,466,24
98,98,293060.0,472,25
99,99,293045.0,486,26
100,100,293026.0,504,27
101,101,293003.0,527,27
102,102,292980.0,549,28
103,103,292971.0,558,28
104,104,292956.0,571,30
105,105,292944.0,583,30
106,106,292896.0,631,30
107,107,292869.0,658,30
108,108,292842.0,685,30
109,109,292825.0,702,30
110,110,292812.0,714,31
111,111,292805.0,721,31
112,112,292781.0,744,32
113,113,292745.0,778,34
114,114,292725.0,798,34
115,115,292701.0,821,35
116,116,292685.0,837,35
117,117,292669.0,852,36
118,118,292656.0,863,38
119,119,292628.0,891,38
120,120,292600.0,919,38
121,121,292551.0,968,38
122,122,292549.0,968,40
123,123,292549.0,968,40
124,124,292549.0,968,40
125,125,292460.0,1056,41
126,126,292449.0,1065,43
127,127,292419.0,1092,46
128,128,292393.0,1117,47
