,Days,S,I,D
0,0,163694.0,0,0
1,1,163694.0,0,0
2,2,163694.0,0,0
3,3,163694.0,0,0
4,4,163694.0,0,0
5,5,163694.0,0,0
6,6,163694.0,0,0
7,7,163694.0,0,0
8,8,163694.0,0,0
9,9,163694.0,0,0
10,10,163694.0,0,0
11,11,163694.0,0,0
12,12,163694.0,0,0
13,13,163694.0,0,0
14,14,163694.0,0,0
15,15,163694.0,0,0
16,16,163694.0,0,0
17,17,163694.0,0,0
18,18,163694.0,0,0
19,19,163694.0,0,0
20,20,163694.0,0,0
21,21,163694.0,0,0
22,22,163694.0,0,0
23,23,163694.0,0,0
24,24,163694.0,0,0
25,25,163694.0,0,0
26,26,163694.0,0,0
27,27,163694.0,0,0
28,28,163694.0,0,0
29,29,163694.0,0,0
30,30,163694.0,0,0
31,31,163694.0,0,0
32,32,163694.0,0,0
33,33,163694.0,0,0
34,34,163694.0,0,0
35,35,163694.0,0,0
36,36,163694.0,0,0
37,37,163694.0,0,0
38,38,163694.0,0,0
39,39,163694.0,0,0
40,40,163694.0,0,0
41,41,163694.0,0,0
42,42,163694.0,0,0
43,43,163694.0,0,0
44,44,163694.0,0,0
45,45,163694.0,0,0
46,46,163694.0,0,0
47,47,163694.0,0,0
48,48,163694.0,0,0
49,49,163694.0,0,0
50,50,163694.0,0,0
51,51,163694.0,0,0
52,52,163694.0,0,0
53,53,163694.0,0,0
54,54,163694.0,0,0
55,55,163694.0,0,0
56,56,163694.0,0,0
57,57,163694.0,0,0
58,58,163694.0,0,0
59,59,163694.0,0,0
60,60,163692.0,2,0
61,61,163690.0,4,0
62,62,163690.0,4,0
63,63,163686.0,8,0
64,64,163686.0,8,0
65,65,163686.0,8,0
66,66,163686.0,8,0
67,67,163684.0,10,0
68,68,163681.0,13,0
69,69,163679.0,15,0
70,70,163677.0,17,0
71,71,163674.0,20,0
72,72,163671.0,23,0
73,73,163668.0,26,0
74,74,163666.0,28,0
75,75,163666.0,28,0
76,76,163655.0,39,0
77,77,163649.0,45,0
78,78,163648.0,46,0
79,79,163647.0,47,0
80,80,163647.0,47,0
81,81,163645.0,49,0
82,82,163645.0,49,0
83,83,163644.0,50,0
84,84,163644.0,50,0
85,85,163641.0,53,0
86,86,163641.0,53,0
87,87,163641.0,53,0
88,88,163637.0,57,0
89,89,163636.0,58,0
90,90,163634.0,60,0
91,91,163631.0,63,0
92,92,163630.0,64,0
93,93,163630.0,64,0
94,94,163627.0,67,0
95,95,163626.0,68,0
96,96,163625.0,69,0
97,97,163625.0,69,0
98,98,163614.0,80,0
99,99,163614.0,80,0
100,100,163613.0,81,0
101,101,163609.0,85,0
102,102,163609.0,85,0
103,103,163608.0,86,0
104,104,163607.0,87,0
105,105,163606.0,88,0
106,106,163604.0,90,0
107,107,163602.0,92,0
108,108,163602.0,92,0
109,109,163599.0,95,0
110,110,163597.0,97,0
111,111,163595.0,99,0
112,112,163595.0,99,0
113,113,163593.0,101,0
114,114,163588.0,106,0
115,115,163585.0,109,0
116,116,163584.0,110,0
117,117,163584.0,110,0
118,118,163584.0,110,0
119,119,163580.0,114,0
120,120,163578.0,116,0
121,121,163573.0,121,0
122,122,163572.0,122,0
123,123,163572.0,122,0
124,124,163572.0,122,0
125,125,163572.0,122,0
126,126,163570.0,124,0
127,127,163568.0,126,0
128,128,163565.0,129,0
