,Days,S,I,D
0,0,20901.0,0,0
1,1,20901.0,0,0
2,2,20901.0,0,0
3,3,20901.0,0,0
4,4,20901.0,0,0
5,5,20901.0,0,0
6,6,20901.0,0,0
7,7,20901.0,0,0
8,8,20901.0,0,0
9,9,20901.0,0,0
10,10,20901.0,0,0
11,11,20901.0,0,0
12,12,20901.0,0,0
13,13,20901.0,0,0
14,14,20901.0,0,0
15,15,20901.0,0,0
16,16,20901.0,0,0
17,17,20901.0,0,0
18,18,20901.0,0,0
19,19,20901.0,0,0
20,20,20901.0,0,0
21,21,20901.0,0,0
22,22,20901.0,0,0
23,23,20901.0,0,0
24,24,20901.0,0,0
25,25,20901.0,0,0
26,26,20901.0,0,0
27,27,20901.0,0,0
28,28,20901.0,0,0
29,29,20901.0,0,0
30,30,20901.0,0,0
31,31,20901.0,0,0
32,32,20901.0,0,0
33,33,20901.0,0,0
34,34,20901.0,0,0
35,35,20901.0,0,0
36,36,20901.0,0,0
37,37,20901.0,0,0
38,38,20901.0,0,0
39,39,20901.0,0,0
40,40,20901.0,0,0
41,41,20901.0,0,0
42,42,20901.0,0,0
43,43,20901.0,0,0
44,44,20901.0,0,0
45,45,20901.0,0,0
46,46,20901.0,0,0
47,47,20901.0,0,0
48,48,20901.0,0,0
49,49,20901.0,0,0
50,50,20901.0,0,0
51,51,20901.0,0,0
52,52,20901.0,0,0
53,53,20901.0,0,0
54,54,20901.0,0,0
55,55,20901.0,0,0
56,56,20901.0,0,0
57,57,20901.0,0,0
58,58,20901.0,0,0
59,59,20901.0,0,0
60,60,20901.0,0,0
61,61,20901.0,0,0
62,62,20901.0,0,0
63,63,20900.0,1,0
64,64,20900.0,1,0
65,65,20900.0,1,0
66,66,20900.0,1,0
67,67,20900.0,1,0
68,68,20900.0,1,0
69,69,20900.0,1,0
70,70,20900.0,1,0
71,71,20900.0,1,0
72,72,20900.0,1,0
73,73,20900.0,1,0
74,74,20900.0,1,0
75,75,20900.0,1,0
76,76,20900.0,1,0
77,77,20900.0,1,0
78,78,20900.0,1,0
79,79,20900.0,1,0
80,80,20900.0,1,0
81,81,20900.0,1,0
82,82,20899.0,2,0
83,83,20899.0,2,0
84,84,20899.0,2,0
85,85,20899.0,2,0
86,86,20899.0,2,0
87,87,20899.0,2,0
88,88,20899.0,2,0
89,89,20899.0,2,0
90,90,20899.0,2,0
91,91,20899.0,2,0
92,92,20899.0,2,0
93,93,20899.0,2,0
94,94,20899.0,2,0
95,95,20899.0,2,0
96,96,20899.0,2,0
97,97,20899.0,2,0
98,98,20899.0,2,0
99,99,20899.0,2,0
100,100,20899.0,2,0
101,101,20899.0,2,0
102,102,20899.0,2,0
103,103,20899.0,2,0
104,104,20898.0,3,0
105,105,20898.0,3,0
106,106,20898.0,3,0
107,107,20898.0,3,0
108,108,20898.0,3,0
109,109,20898.0,3,0
110,110,20898.0,3,0
111,111,20897.0,4,0
112,112,20897.0,4,0
113,113,20897.0,4,0
114,114,20896.0,5,0
115,115,20896.0,5,0
116,116,20896.0,5,0
117,117,20896.0,5,0
118,118,20895.0,6,0
119,119,20895.0,6,0
120,120,20895.0,6,0
121,121,20895.0,6,0
122,122,20895.0,6,0
123,123,20895.0,6,0
124,124,20895.0,6,0
125,125,20895.0,6,0
126,126,20894.0,7,0
127,127,20894.0,7,0
128,128,20894.0,7,0
