,Days,S,I,D
0,0,12164.0,0,0
1,1,12164.0,0,0
2,2,12164.0,0,0
3,3,12164.0,0,0
4,4,12164.0,0,0
5,5,12164.0,0,0
6,6,12164.0,0,0
7,7,12164.0,0,0
8,8,12164.0,0,0
9,9,12164.0,0,0
10,10,12164.0,0,0
11,11,12164.0,0,0
12,12,12164.0,0,0
13,13,12164.0,0,0
14,14,12164.0,0,0
15,15,12164.0,0,0
16,16,12164.0,0,0
17,17,12164.0,0,0
18,18,12164.0,0,0
19,19,12164.0,0,0
20,20,12164.0,0,0
21,21,12164.0,0,0
22,22,12164.0,0,0
23,23,12164.0,0,0
24,24,12164.0,0,0
25,25,12164.0,0,0
26,26,12164.0,0,0
27,27,12164.0,0,0
28,28,12164.0,0,0
29,29,12164.0,0,0
30,30,12164.0,0,0
31,31,12164.0,0,0
32,32,12164.0,0,0
33,33,12164.0,0,0
34,34,12164.0,0,0
35,35,12164.0,0,0
36,36,12164.0,0,0
37,37,12164.0,0,0
38,38,12164.0,0,0
39,39,12164.0,0,0
40,40,12164.0,0,0
41,41,12164.0,0,0
42,42,12164.0,0,0
43,43,12164.0,0,0
44,44,12164.0,0,0
45,45,12164.0,0,0
46,46,12164.0,0,0
47,47,12164.0,0,0
48,48,12164.0,0,0
49,49,12164.0,0,0
50,50,12164.0,0,0
51,51,12164.0,0,0
52,52,12164.0,0,0
53,53,12164.0,0,0
54,54,12164.0,0,0
55,55,12164.0,0,0
56,56,12164.0,0,0
57,57,12164.0,0,0
58,58,12164.0,0,0
59,59,12164.0,0,0
60,60,12164.0,0,0
61,61,12164.0,0,0
62,62,12164.0,0,0
63,63,12164.0,0,0
64,64,12164.0,0,0
65,65,12164.0,0,0
66,66,12164.0,0,0
67,67,12164.0,0,0
68,68,12164.0,0,0
69,69,12164.0,0,0
70,70,12164.0,0,0
71,71,12164.0,0,0
72,72,12164.0,0,0
73,73,12164.0,0,0
74,74,12164.0,0,0
75,75,12164.0,0,0
76,76,12164.0,0,0
77,77,12164.0,0,0
78,78,12163.0,1,0
79,79,12163.0,1,0
80,80,12163.0,1,0
81,81,12163.0,1,0
82,82,12163.0,1,0
83,83,12163.0,1,0
84,84,12163.0,1,0
85,85,12163.0,1,0
86,86,12163.0,1,0
87,87,12163.0,1,0
88,88,12163.0,1,0
89,89,12163.0,1,0
90,90,12163.0,1,0
91,91,12163.0,1,0
92,92,12163.0,1,0
93,93,12163.0,1,0
94,94,12163.0,1,0
95,95,12163.0,1,0
96,96,12163.0,1,0
97,97,12163.0,1,0
98,98,12163.0,1,0
99,99,12163.0,1,0
100,100,12163.0,1,0
101,101,12163.0,1,0
102,102,12163.0,1,0
103,103,12163.0,1,0
104,104,12161.0,3,0
105,105,12156.0,8,0
106,106,12156.0,8,0
107,107,12156.0,8,0
108,108,12156.0,8,0
109,109,12155.0,9,0
110,110,12155.0,9,0
111,111,12155.0,9,0
112,112,12155.0,9,0
113,113,12155.0,9,0
114,114,12154.0,10,0
115,115,12154.0,10,0
116,116,12154.0,10,0
117,117,12154.0,10,0
118,118,12153.0,11,0
119,119,12153.0,11,0
120,120,12153.0,11,0
121,121,12153.0,11,0
122,122,12152.0,12,0
123,123,12152.0,12,0
124,124,12152.0,12,0
125,125,12152.0,12,0
126,126,12151.0,13,0
127,127,12151.0,13,0
128,128,12151.0,13,0
