,Days,S,I,D
0,0,52405.0,0,0
1,1,52405.0,0,0
2,2,52405.0,0,0
3,3,52405.0,0,0
4,4,52405.0,0,0
5,5,52405.0,0,0
6,6,52405.0,0,0
7,7,52405.0,0,0
8,8,52405.0,0,0
9,9,52405.0,0,0
10,10,52405.0,0,0
11,11,52405.0,0,0
12,12,52405.0,0,0
13,13,52405.0,0,0
14,14,52405.0,0,0
15,15,52405.0,0,0
16,16,52405.0,0,0
17,17,52405.0,0,0
18,18,52405.0,0,0
19,19,52405.0,0,0
20,20,52405.0,0,0
21,21,52405.0,0,0
22,22,52405.0,0,0
23,23,52405.0,0,0
24,24,52405.0,0,0
25,25,52405.0,0,0
26,26,52405.0,0,0
27,27,52405.0,0,0
28,28,52405.0,0,0
29,29,52405.0,0,0
30,30,52405.0,0,0
31,31,52405.0,0,0
32,32,52405.0,0,0
33,33,52405.0,0,0
34,34,52405.0,0,0
35,35,52405.0,0,0
36,36,52405.0,0,0
37,37,52405.0,0,0
38,38,52405.0,0,0
39,39,52405.0,0,0
40,40,52405.0,0,0
41,41,52405.0,0,0
42,42,52405.0,0,0
43,43,52405.0,0,0
44,44,52405.0,0,0
45,45,52405.0,0,0
46,46,52405.0,0,0
47,47,52405.0,0,0
48,48,52405.0,0,0
49,49,52405.0,0,0
50,50,52405.0,0,0
51,51,52405.0,0,0
52,52,52405.0,0,0
53,53,52405.0,0,0
54,54,52405.0,0,0
55,55,52405.0,0,0
56,56,52405.0,0,0
57,57,52405.0,0,0
58,58,52405.0,0,0
59,59,52405.0,0,0
60,60,52405.0,0,0
61,61,52405.0,0,0
62,62,52405.0,0,0
63,63,52405.0,0,0
64,64,52405.0,0,0
65,65,52405.0,0,0
66,66,52405.0,0,0
67,67,52405.0,0,0
68,68,52405.0,0,0
69,69,52405.0,0,0
70,70,52404.0,1,0
71,71,52404.0,1,0
72,72,52403.0,2,0
73,73,52403.0,2,0
74,74,52403.0,2,0
75,75,52403.0,2,0
76,76,52403.0,2,0
77,77,52403.0,2,0
78,78,52403.0,2,0
79,79,52403.0,2,0
80,80,52403.0,2,0
81,81,52403.0,2,0
82,82,52403.0,2,0
83,83,52403.0,2,0
84,84,52402.0,3,0
85,85,52401.0,4,0
86,86,52401.0,4,0
87,87,52401.0,4,0
88,88,52401.0,4,0
89,89,52401.0,4,0
90,90,52401.0,4,0
91,91,52401.0,4,0
92,92,52400.0,5,0
93,93,52400.0,5,0
94,94,52400.0,5,0
95,95,52400.0,5,0
96,96,52400.0,5,0
97,97,52400.0,5,0
98,98,52400.0,5,0
99,99,52400.0,5,0
100,100,52400.0,5,0
101,101,52400.0,5,0
102,102,52400.0,5,0
103,103,52400.0,5,0
104,104,52400.0,5,0
105,105,52399.0,6,0
106,106,52399.0,6,0
107,107,52398.0,7,0
108,108,52396.0,9,0
109,109,52396.0,9,0
110,110,52396.0,9,0
111,111,52396.0,9,0
112,112,52396.0,9,0
113,113,52395.0,10,0
114,114,52395.0,10,0
115,115,52395.0,10,0
116,116,52395.0,10,0
117,117,52395.0,10,0
118,118,52395.0,10,0
119,119,52394.0,11,0
120,120,52394.0,11,0
121,121,52393.0,12,0
122,122,52392.0,13,0
123,123,52389.0,16,0
124,124,52389.0,16,0
125,125,52389.0,16,0
126,126,52388.0,17,0
127,127,52388.0,17,0
128,128,52387.0,18,0
