,Days,S,I,D
0,0,4795.0,0,0
1,1,4795.0,0,0
2,2,4795.0,0,0
3,3,4795.0,0,0
4,4,4795.0,0,0
5,5,4795.0,0,0
6,6,4795.0,0,0
7,7,4795.0,0,0
8,8,4795.0,0,0
9,9,4795.0,0,0
10,10,4795.0,0,0
11,11,4795.0,0,0
12,12,4795.0,0,0
13,13,4795.0,0,0
14,14,4795.0,0,0
15,15,4795.0,0,0
16,16,4795.0,0,0
17,17,4795.0,0,0
18,18,4795.0,0,0
19,19,4795.0,0,0
20,20,4795.0,0,0
21,21,4795.0,0,0
22,22,4795.0,0,0
23,23,4795.0,0,0
24,24,4795.0,0,0
25,25,4795.0,0,0
26,26,4795.0,0,0
27,27,4795.0,0,0
28,28,4795.0,0,0
29,29,4795.0,0,0
30,30,4795.0,0,0
31,31,4795.0,0,0
32,32,4795.0,0,0
33,33,4795.0,0,0
34,34,4795.0,0,0
35,35,4795.0,0,0
36,36,4795.0,0,0
37,37,4795.0,0,0
38,38,4795.0,0,0
39,39,4795.0,0,0
40,40,4795.0,0,0
41,41,4795.0,0,0
42,42,4795.0,0,0
43,43,4795.0,0,0
44,44,4795.0,0,0
45,45,4795.0,0,0
46,46,4795.0,0,0
47,47,4795.0,0,0
48,48,4795.0,0,0
49,49,4795.0,0,0
50,50,4795.0,0,0
51,51,4795.0,0,0
52,52,4795.0,0,0
53,53,4795.0,0,0
54,54,4795.0,0,0
55,55,4795.0,0,0
56,56,4795.0,0,0
57,57,4795.0,0,0
58,58,4795.0,0,0
59,59,4795.0,0,0
60,60,4795.0,0,0
61,61,4795.0,0,0
62,62,4795.0,0,0
63,63,4795.0,0,0
64,64,4795.0,0,0
65,65,4795.0,0,0
66,66,4795.0,0,0
67,67,4795.0,0,0
68,68,4795.0,0,0
69,69,4795.0,0,0
70,70,4795.0,0,0
71,71,4795.0,0,0
72,72,4795.0,0,0
73,73,4795.0,0,0
74,74,4795.0,0,0
75,75,4795.0,0,0
76,76,4795.0,0,0
77,77,4795.0,0,0
78,78,4795.0,0,0
79,79,4795.0,0,0
80,80,4795.0,0,0
81,81,4795.0,0,0
82,82,4795.0,0,0
83,83,4795.0,0,0
84,84,4795.0,0,0
85,85,4795.0,0,0
86,86,4795.0,0,0
87,87,4795.0,0,0
88,88,4795.0,0,0
89,89,4795.0,0,0
90,90,4795.0,0,0
91,91,4795.0,0,0
92,92,4795.0,0,0
93,93,4795.0,0,0
94,94,4795.0,0,0
95,95,4795.0,0,0
96,96,4795.0,0,0
97,97,4795.0,0,0
98,98,4795.0,0,0
99,99,4795.0,0,0
100,100,4795.0,0,0
101,101,4795.0,0,0
102,102,4795.0,0,0
103,103,4795.0,0,0
104,104,4795.0,0,0
105,105,4795.0,0,0
106,106,4795.0,0,0
107,107,4795.0,0,0
108,108,4795.0,0,0
109,109,4795.0,0,0
110,110,4795.0,0,0
111,111,4795.0,0,0
112,112,4795.0,0,0
113,113,4795.0,0,0
114,114,4795.0,0,0
115,115,4795.0,0,0
116,116,4795.0,0,0
117,117,4795.0,0,0
118,118,4795.0,0,0
119,119,4795.0,0,0
120,120,4795.0,0,0
121,121,4795.0,0,0
122,122,4795.0,0,0
123,123,4795.0,0,0
124,124,4795.0,0,0
125,125,4794.0,1,0
126,126,4794.0,1,0
127,127,4794.0,1,0
128,128,4794.0,1,0
