,Days,S,I,D
0,0,23169.0,0,0
1,1,23169.0,0,0
2,2,23169.0,0,0
3,3,23169.0,0,0
4,4,23169.0,0,0
5,5,23169.0,0,0
6,6,23169.0,0,0
7,7,23169.0,0,0
8,8,23169.0,0,0
9,9,23169.0,0,0
10,10,23169.0,0,0
11,11,23169.0,0,0
12,12,23169.0,0,0
13,13,23169.0,0,0
14,14,23169.0,0,0
15,15,23169.0,0,0
16,16,23169.0,0,0
17,17,23169.0,0,0
18,18,23169.0,0,0
19,19,23169.0,0,0
20,20,23169.0,0,0
21,21,23169.0,0,0
22,22,23169.0,0,0
23,23,23169.0,0,0
24,24,23169.0,0,0
25,25,23169.0,0,0
26,26,23169.0,0,0
27,27,23169.0,0,0
28,28,23169.0,0,0
29,29,23169.0,0,0
30,30,23169.0,0,0
31,31,23169.0,0,0
32,32,23169.0,0,0
33,33,23169.0,0,0
34,34,23169.0,0,0
35,35,23169.0,0,0
36,36,23169.0,0,0
37,37,23169.0,0,0
38,38,23169.0,0,0
39,39,23169.0,0,0
40,40,23169.0,0,0
41,41,23169.0,0,0
42,42,23169.0,0,0
43,43,23169.0,0,0
44,44,23169.0,0,0
45,45,23169.0,0,0
46,46,23169.0,0,0
47,47,23169.0,0,0
48,48,23169.0,0,0
49,49,23169.0,0,0
50,50,23169.0,0,0
51,51,23169.0,0,0
52,52,23169.0,0,0
53,53,23169.0,0,0
54,54,23169.0,0,0
55,55,23169.0,0,0
56,56,23169.0,0,0
57,57,23169.0,0,0
58,58,23169.0,0,0
59,59,23169.0,0,0
60,60,23169.0,0,0
61,61,23169.0,0,0
62,62,23169.0,0,0
63,63,23169.0,0,0
64,64,23169.0,0,0
65,65,23169.0,0,0
66,66,23169.0,0,0
67,67,23169.0,0,0
68,68,23169.0,0,0
69,69,23169.0,0,0
70,70,23169.0,0,0
71,71,23169.0,0,0
72,72,23169.0,0,0
73,73,23169.0,0,0
74,74,23169.0,0,0
75,75,23169.0,0,0
76,76,23169.0,0,0
77,77,23169.0,0,0
78,78,23169.0,0,0
79,79,23169.0,0,0
80,80,23169.0,0,0
81,81,23169.0,0,0
82,82,23169.0,0,0
83,83,23169.0,0,0
84,84,23169.0,0,0
85,85,23169.0,0,0
86,86,23169.0,0,0
87,87,23169.0,0,0
88,88,23168.0,1,0
89,89,23168.0,1,0
90,90,23168.0,1,0
91,91,23168.0,1,0
92,92,23165.0,4,0
93,93,23165.0,4,0
94,94,23165.0,4,0
95,95,23165.0,4,0
96,96,23165.0,4,0
97,97,23164.0,5,0
98,98,23164.0,5,0
99,99,23164.0,5,0
100,100,23163.0,6,0
101,101,23162.0,7,0
102,102,23162.0,7,0
103,103,23162.0,7,0
104,104,23161.0,8,0
105,105,23160.0,9,0
106,106,23159.0,10,0
107,107,23159.0,10,0
108,108,23159.0,10,0
109,109,23156.0,13,0
110,110,23156.0,13,0
111,111,23155.0,14,0
112,112,23148.0,21,0
113,113,23129.0,40,0
114,114,23129.0,40,0
115,115,23129.0,40,0
116,116,23129.0,40,0
117,117,23129.0,40,0
118,118,23129.0,40,0
119,119,23129.0,40,0
120,120,23129.0,40,0
121,121,23129.0,40,0
122,122,23129.0,40,0
123,123,23129.0,40,0
124,124,23129.0,40,0
125,125,23129.0,40,0
126,126,23129.0,40,0
127,127,23120.0,49,0
128,128,23117.0,52,0
