,Days,S,I,D
0,0,21627.0,0,0
1,1,21627.0,0,0
2,2,21627.0,0,0
3,3,21627.0,0,0
4,4,21627.0,0,0
5,5,21627.0,0,0
6,6,21627.0,0,0
7,7,21627.0,0,0
8,8,21627.0,0,0
9,9,21627.0,0,0
10,10,21627.0,0,0
11,11,21627.0,0,0
12,12,21627.0,0,0
13,13,21627.0,0,0
14,14,21627.0,0,0
15,15,21627.0,0,0
16,16,21627.0,0,0
17,17,21627.0,0,0
18,18,21627.0,0,0
19,19,21627.0,0,0
20,20,21627.0,0,0
21,21,21627.0,0,0
22,22,21627.0,0,0
23,23,21627.0,0,0
24,24,21627.0,0,0
25,25,21627.0,0,0
26,26,21627.0,0,0
27,27,21627.0,0,0
28,28,21627.0,0,0
29,29,21627.0,0,0
30,30,21627.0,0,0
31,31,21627.0,0,0
32,32,21627.0,0,0
33,33,21627.0,0,0
34,34,21627.0,0,0
35,35,21627.0,0,0
36,36,21627.0,0,0
37,37,21627.0,0,0
38,38,21627.0,0,0
39,39,21627.0,0,0
40,40,21627.0,0,0
41,41,21627.0,0,0
42,42,21627.0,0,0
43,43,21627.0,0,0
44,44,21627.0,0,0
45,45,21627.0,0,0
46,46,21627.0,0,0
47,47,21627.0,0,0
48,48,21627.0,0,0
49,49,21627.0,0,0
50,50,21627.0,0,0
51,51,21627.0,0,0
52,52,21627.0,0,0
53,53,21627.0,0,0
54,54,21627.0,0,0
55,55,21627.0,0,0
56,56,21627.0,0,0
57,57,21627.0,0,0
58,58,21627.0,0,0
59,59,21627.0,0,0
60,60,21627.0,0,0
61,61,21627.0,0,0
62,62,21627.0,0,0
63,63,21627.0,0,0
64,64,21627.0,0,0
65,65,21626.0,1,0
66,66,21626.0,1,0
67,67,21626.0,1,0
68,68,21626.0,1,0
69,69,21626.0,1,0
70,70,21626.0,1,0
71,71,21626.0,1,0
72,72,21625.0,2,0
73,73,21625.0,2,0
74,74,21625.0,2,0
75,75,21624.0,3,0
76,76,21624.0,3,0
77,77,21624.0,3,0
78,78,21624.0,3,0
79,79,21624.0,3,0
80,80,21624.0,3,0
81,81,21624.0,3,0
82,82,21624.0,3,0
83,83,21624.0,3,0
84,84,21624.0,3,0
85,85,21624.0,3,0
86,86,21624.0,3,0
87,87,21624.0,3,0
88,88,21624.0,3,0
89,89,21624.0,3,0
90,90,21624.0,3,0
91,91,21624.0,3,0
92,92,21624.0,3,0
93,93,21624.0,3,0
94,94,21624.0,3,0
95,95,21624.0,3,0
96,96,21624.0,3,0
97,97,21624.0,3,0
98,98,21624.0,3,0
99,99,21624.0,3,0
100,100,21624.0,3,0
101,101,21624.0,3,0
102,102,21624.0,3,0
103,103,21624.0,3,0
104,104,21624.0,3,0
105,105,21624.0,3,0
106,106,21624.0,3,0
107,107,21624.0,3,0
108,108,21624.0,3,0
109,109,21624.0,3,0
110,110,21624.0,3,0
111,111,21624.0,3,0
112,112,21624.0,3,0
113,113,21624.0,3,0
114,114,21624.0,3,0
115,115,21624.0,3,0
116,116,21624.0,3,0
117,117,21624.0,3,0
118,118,21624.0,3,0
119,119,21623.0,4,0
120,120,21623.0,4,0
121,121,21622.0,5,0
122,122,21622.0,5,0
123,123,21622.0,5,0
124,124,21622.0,5,0
125,125,21622.0,5,0
126,126,21622.0,5,0
127,127,21622.0,5,0
128,128,21622.0,5,0
