,Days,S,I,D
0,0,15841.0,0,0
1,1,15841.0,0,0
2,2,15841.0,0,0
3,3,15841.0,0,0
4,4,15841.0,0,0
5,5,15841.0,0,0
6,6,15841.0,0,0
7,7,15841.0,0,0
8,8,15841.0,0,0
9,9,15841.0,0,0
10,10,15841.0,0,0
11,11,15841.0,0,0
12,12,15841.0,0,0
13,13,15841.0,0,0
14,14,15841.0,0,0
15,15,15841.0,0,0
16,16,15841.0,0,0
17,17,15841.0,0,0
18,18,15841.0,0,0
19,19,15841.0,0,0
20,20,15841.0,0,0
21,21,15841.0,0,0
22,22,15841.0,0,0
23,23,15841.0,0,0
24,24,15841.0,0,0
25,25,15841.0,0,0
26,26,15841.0,0,0
27,27,15841.0,0,0
28,28,15841.0,0,0
29,29,15841.0,0,0
30,30,15841.0,0,0
31,31,15841.0,0,0
32,32,15841.0,0,0
33,33,15841.0,0,0
34,34,15841.0,0,0
35,35,15841.0,0,0
36,36,15841.0,0,0
37,37,15841.0,0,0
38,38,15841.0,0,0
39,39,15841.0,0,0
40,40,15841.0,0,0
41,41,15841.0,0,0
42,42,15841.0,0,0
43,43,15841.0,0,0
44,44,15841.0,0,0
45,45,15841.0,0,0
46,46,15841.0,0,0
47,47,15841.0,0,0
48,48,15841.0,0,0
49,49,15841.0,0,0
50,50,15841.0,0,0
51,51,15841.0,0,0
52,52,15841.0,0,0
53,53,15841.0,0,0
54,54,15841.0,0,0
55,55,15841.0,0,0
56,56,15841.0,0,0
57,57,15841.0,0,0
58,58,15841.0,0,0
59,59,15841.0,0,0
60,60,15841.0,0,0
61,61,15841.0,0,0
62,62,15841.0,0,0
63,63,15841.0,0,0
64,64,15841.0,0,0
65,65,15841.0,0,0
66,66,15841.0,0,0
67,67,15841.0,0,0
68,68,15841.0,0,0
69,69,15841.0,0,0
70,70,15841.0,0,0
71,71,15841.0,0,0
72,72,15841.0,0,0
73,73,15841.0,0,0
74,74,15841.0,0,0
75,75,15840.0,1,0
76,76,15838.0,3,0
77,77,15838.0,3,0
78,78,15837.0,4,0
79,79,15836.0,5,0
80,80,15834.0,7,0
81,81,15834.0,7,0
82,82,15834.0,7,0
83,83,15834.0,7,0
84,84,15834.0,7,0
85,85,15834.0,7,0
86,86,15834.0,7,0
87,87,15834.0,7,0
88,88,15834.0,7,0
89,89,15834.0,7,0
90,90,15834.0,7,0
91,91,15831.0,10,0
92,92,15829.0,12,0
93,93,15829.0,12,0
94,94,15824.0,17,0
95,95,15824.0,17,0
96,96,15824.0,17,0
97,97,15824.0,17,0
98,98,15823.0,18,0
99,99,15821.0,20,0
100,100,15821.0,20,0
101,101,15820.0,21,0
102,102,15820.0,21,0
103,103,15820.0,21,0
104,104,15820.0,21,0
105,105,15820.0,21,0
106,106,15820.0,21,0
107,107,15820.0,21,0
108,108,15819.0,22,0
109,109,15819.0,22,0
110,110,15819.0,22,0
111,111,15819.0,22,0
112,112,15819.0,22,0
113,113,15819.0,22,0
114,114,15818.0,23,0
115,115,15818.0,23,0
116,116,15818.0,23,0
117,117,15817.0,24,0
118,118,15817.0,24,0
119,119,15817.0,24,0
120,120,15816.0,25,0
121,121,15815.0,26,0
122,122,15815.0,26,0
123,123,15815.0,26,0
124,124,15815.0,26,0
125,125,15815.0,26,0
126,126,15810.0,31,0
127,127,15810.0,31,0
128,128,15810.0,31,0
