,Days,S,I,D
0,0,31666.0,0,0
1,1,31666.0,0,0
2,2,31666.0,0,0
3,3,31666.0,0,0
4,4,31666.0,0,0
5,5,31666.0,0,0
6,6,31666.0,0,0
7,7,31666.0,0,0
8,8,31666.0,0,0
9,9,31666.0,0,0
10,10,31666.0,0,0
11,11,31666.0,0,0
12,12,31666.0,0,0
13,13,31666.0,0,0
14,14,31666.0,0,0
15,15,31666.0,0,0
16,16,31666.0,0,0
17,17,31666.0,0,0
18,18,31666.0,0,0
19,19,31666.0,0,0
20,20,31666.0,0,0
21,21,31666.0,0,0
22,22,31666.0,0,0
23,23,31666.0,0,0
24,24,31666.0,0,0
25,25,31666.0,0,0
26,26,31666.0,0,0
27,27,31666.0,0,0
28,28,31666.0,0,0
29,29,31666.0,0,0
30,30,31666.0,0,0
31,31,31666.0,0,0
32,32,31666.0,0,0
33,33,31666.0,0,0
34,34,31666.0,0,0
35,35,31666.0,0,0
36,36,31666.0,0,0
37,37,31666.0,0,0
38,38,31666.0,0,0
39,39,31666.0,0,0
40,40,31666.0,0,0
41,41,31666.0,0,0
42,42,31666.0,0,0
43,43,31666.0,0,0
44,44,31666.0,0,0
45,45,31666.0,0,0
46,46,31666.0,0,0
47,47,31666.0,0,0
48,48,31666.0,0,0
49,49,31666.0,0,0
50,50,31666.0,0,0
51,51,31666.0,0,0
52,52,31666.0,0,0
53,53,31666.0,0,0
54,54,31666.0,0,0
55,55,31666.0,0,0
56,56,31666.0,0,0
57,57,31666.0,0,0
58,58,31666.0,0,0
59,59,31666.0,0,0
60,60,31665.0,1,0
61,61,31665.0,1,0
62,62,31665.0,1,0
63,63,31665.0,1,0
64,64,31665.0,1,0
65,65,31665.0,1,0
66,66,31664.0,2,0
67,67,31664.0,2,0
68,68,31663.0,3,0
69,69,31663.0,3,0
70,70,31661.0,5,0
71,71,31660.0,6,0
72,72,31660.0,6,0
73,73,31660.0,6,0
74,74,31660.0,6,0
75,75,31660.0,6,0
76,76,31658.0,8,0
77,77,31658.0,8,0
78,78,31657.0,9,0
79,79,31657.0,9,0
80,80,31657.0,9,0
81,81,31657.0,9,0
82,82,31657.0,9,0
83,83,31657.0,9,0
84,84,31657.0,9,0
85,85,31657.0,9,0
86,86,31657.0,9,0
87,87,31657.0,9,0
88,88,31657.0,9,0
89,89,31657.0,9,0
90,90,31657.0,9,0
91,91,31657.0,9,0
92,92,31657.0,9,0
93,93,31656.0,10,0
94,94,31657.0,9,0
95,95,31657.0,9,0
96,96,31656.0,10,0
97,97,31656.0,10,0
98,98,31655.0,11,0
99,99,31654.0,12,0
100,100,31653.0,13,0
101,101,31653.0,13,0
102,102,31652.0,14,0
103,103,31652.0,14,0
104,104,31651.0,15,0
105,105,31651.0,15,0
106,106,31651.0,15,0
107,107,31651.0,15,0
108,108,31651.0,15,0
109,109,31651.0,15,0
110,110,31650.0,16,0
111,111,31649.0,17,0
112,112,31646.0,20,0
113,113,31645.0,21,0
114,114,31644.0,22,0
115,115,31642.0,24,0
116,116,31641.0,25,0
117,117,31641.0,25,0
118,118,31641.0,25,0
119,119,31641.0,25,0
120,120,31641.0,25,0
121,121,31641.0,25,0
122,122,31641.0,25,0
123,123,31641.0,25,0
124,124,31640.0,26,0
125,125,31640.0,26,0
126,126,31639.0,27,0
127,127,31639.0,27,0
128,128,31639.0,27,0
