,Days,S,I,D
0,0,26907.0,0,0
1,1,26907.0,0,0
2,2,26907.0,0,0
3,3,26907.0,0,0
4,4,26907.0,0,0
5,5,26907.0,0,0
6,6,26907.0,0,0
7,7,26907.0,0,0
8,8,26907.0,0,0
9,9,26907.0,0,0
10,10,26907.0,0,0
11,11,26907.0,0,0
12,12,26907.0,0,0
13,13,26907.0,0,0
14,14,26907.0,0,0
15,15,26907.0,0,0
16,16,26907.0,0,0
17,17,26907.0,0,0
18,18,26907.0,0,0
19,19,26907.0,0,0
20,20,26907.0,0,0
21,21,26907.0,0,0
22,22,26907.0,0,0
23,23,26907.0,0,0
24,24,26907.0,0,0
25,25,26907.0,0,0
26,26,26907.0,0,0
27,27,26907.0,0,0
28,28,26907.0,0,0
29,29,26907.0,0,0
30,30,26907.0,0,0
31,31,26907.0,0,0
32,32,26907.0,0,0
33,33,26907.0,0,0
34,34,26907.0,0,0
35,35,26907.0,0,0
36,36,26907.0,0,0
37,37,26907.0,0,0
38,38,26907.0,0,0
39,39,26907.0,0,0
40,40,26907.0,0,0
41,41,26907.0,0,0
42,42,26907.0,0,0
43,43,26907.0,0,0
44,44,26907.0,0,0
45,45,26907.0,0,0
46,46,26907.0,0,0
47,47,26907.0,0,0
48,48,26907.0,0,0
49,49,26907.0,0,0
50,50,26907.0,0,0
51,51,26907.0,0,0
52,52,26907.0,0,0
53,53,26907.0,0,0
54,54,26907.0,0,0
55,55,26907.0,0,0
56,56,26907.0,0,0
57,57,26907.0,0,0
58,58,26907.0,0,0
59,59,26907.0,0,0
60,60,26907.0,0,0
61,61,26907.0,0,0
62,62,26905.0,2,0
63,63,26904.0,3,0
64,64,26904.0,3,0
65,65,26903.0,4,0
66,66,26902.0,5,0
67,67,26902.0,5,0
68,68,26902.0,5,0
69,69,26900.0,7,0
70,70,26900.0,7,0
71,71,26900.0,7,0
72,72,26899.0,8,0
73,73,26899.0,8,0
74,74,26899.0,8,0
75,75,26899.0,8,0
76,76,26899.0,8,0
77,77,26899.0,8,0
78,78,26899.0,8,0
79,79,26899.0,8,0
80,80,26899.0,8,0
81,81,26899.0,8,0
82,82,26899.0,8,0
83,83,26899.0,8,0
84,84,26899.0,8,0
85,85,26899.0,8,0
86,86,26899.0,8,0
87,87,26898.0,9,0
88,88,26898.0,9,0
89,89,26898.0,9,0
90,90,26898.0,9,0
91,91,26898.0,9,0
92,92,26898.0,9,0
93,93,26898.0,9,0
94,94,26898.0,9,0
95,95,26898.0,9,0
96,96,26898.0,9,0
97,97,26898.0,9,0
98,98,26898.0,9,0
99,99,26898.0,9,0
100,100,26898.0,9,0
101,101,26898.0,9,0
102,102,26898.0,9,0
103,103,26898.0,9,0
104,104,26898.0,9,0
105,105,26898.0,9,0
106,106,26898.0,9,0
107,107,26898.0,9,0
108,108,26898.0,9,0
109,109,26898.0,9,0
110,110,26898.0,9,0
111,111,26898.0,9,0
112,112,26898.0,9,0
113,113,26898.0,9,0
114,114,26898.0,9,0
115,115,26898.0,9,0
116,116,26898.0,9,0
117,117,26898.0,9,0
118,118,26898.0,9,0
119,119,26898.0,9,0
120,120,26898.0,9,0
121,121,26898.0,9,0
122,122,26898.0,9,0
123,123,26898.0,9,0
124,124,26898.0,9,0
125,125,26897.0,10,0
126,126,26897.0,10,0
127,127,26897.0,10,0
128,128,26897.0,10,0
