,Days,S,I,D
0,0,28999.0,0,0
1,1,28999.0,0,0
2,2,28999.0,0,0
3,3,28999.0,0,0
4,4,28999.0,0,0
5,5,28999.0,0,0
6,6,28999.0,0,0
7,7,28999.0,0,0
8,8,28999.0,0,0
9,9,28999.0,0,0
10,10,28999.0,0,0
11,11,28999.0,0,0
12,12,28999.0,0,0
13,13,28999.0,0,0
14,14,28999.0,0,0
15,15,28999.0,0,0
16,16,28999.0,0,0
17,17,28999.0,0,0
18,18,28999.0,0,0
19,19,28999.0,0,0
20,20,28999.0,0,0
21,21,28999.0,0,0
22,22,28999.0,0,0
23,23,28999.0,0,0
24,24,28999.0,0,0
25,25,28999.0,0,0
26,26,28999.0,0,0
27,27,28999.0,0,0
28,28,28999.0,0,0
29,29,28999.0,0,0
30,30,28999.0,0,0
31,31,28999.0,0,0
32,32,28999.0,0,0
33,33,28999.0,0,0
34,34,28999.0,0,0
35,35,28999.0,0,0
36,36,28999.0,0,0
37,37,28999.0,0,0
38,38,28999.0,0,0
39,39,28999.0,0,0
40,40,28999.0,0,0
41,41,28999.0,0,0
42,42,28999.0,0,0
43,43,28999.0,0,0
44,44,28999.0,0,0
45,45,28999.0,0,0
46,46,28999.0,0,0
47,47,28999.0,0,0
48,48,28999.0,0,0
49,49,28999.0,0,0
50,50,28999.0,0,0
51,51,28999.0,0,0
52,52,28999.0,0,0
53,53,28999.0,0,0
54,54,28998.0,1,0
55,55,28997.0,2,0
56,56,28997.0,2,0
57,57,28995.0,4,0
58,58,28995.0,4,0
59,59,28995.0,4,0
60,60,28996.0,3,0
61,61,28996.0,3,0
62,62,28996.0,3,0
63,63,28996.0,3,0
64,64,28996.0,3,0
65,65,28996.0,3,0
66,66,28996.0,3,0
67,67,28996.0,3,0
68,68,28995.0,4,0
69,69,28995.0,4,0
70,70,28995.0,4,0
71,71,28995.0,4,0
72,72,28995.0,4,0
73,73,28995.0,4,0
74,74,28995.0,4,0
75,75,28995.0,4,0
76,76,28995.0,4,0
77,77,28994.0,5,0
78,78,28994.0,5,0
79,79,28994.0,5,0
80,80,28994.0,5,0
81,81,28994.0,5,0
82,82,28994.0,5,0
83,83,28994.0,5,0
84,84,28994.0,5,0
85,85,28994.0,5,0
86,86,28994.0,5,0
87,87,28994.0,5,0
88,88,28994.0,5,0
89,89,28994.0,5,0
90,90,28993.0,6,0
91,91,28993.0,6,0
92,92,28993.0,6,0
93,93,28993.0,6,0
94,94,28993.0,6,0
95,95,28993.0,6,0
96,96,28992.0,7,0
97,97,28992.0,7,0
98,98,28992.0,7,0
99,99,28992.0,7,0
100,100,28992.0,7,0
101,101,28992.0,7,0
102,102,28992.0,7,0
103,103,28991.0,8,0
104,104,28991.0,8,0
105,105,28991.0,8,0
106,106,28991.0,8,0
107,107,28991.0,8,0
108,108,28991.0,8,0
109,109,28991.0,8,0
110,110,28991.0,8,0
111,111,28991.0,8,0
112,112,28991.0,8,0
113,113,28991.0,8,0
114,114,28991.0,8,0
115,115,28991.0,8,0
116,116,28991.0,8,0
117,117,28991.0,8,0
118,118,28991.0,8,0
119,119,28991.0,8,0
120,120,28991.0,8,0
121,121,28991.0,8,0
122,122,28991.0,8,0
123,123,28991.0,8,0
124,124,28991.0,8,0
125,125,28991.0,8,0
126,126,28991.0,8,0
127,127,28991.0,8,0
128,128,28991.0,8,0
