,Days,S,I,D
0,0,7090.0,0,0
1,1,7090.0,0,0
2,2,7090.0,0,0
3,3,7090.0,0,0
4,4,7090.0,0,0
5,5,7090.0,0,0
6,6,7090.0,0,0
7,7,7090.0,0,0
8,8,7090.0,0,0
9,9,7090.0,0,0
10,10,7090.0,0,0
11,11,7090.0,0,0
12,12,7090.0,0,0
13,13,7090.0,0,0
14,14,7090.0,0,0
15,15,7090.0,0,0
16,16,7090.0,0,0
17,17,7090.0,0,0
18,18,7090.0,0,0
19,19,7090.0,0,0
20,20,7090.0,0,0
21,21,7090.0,0,0
22,22,7090.0,0,0
23,23,7090.0,0,0
24,24,7090.0,0,0
25,25,7090.0,0,0
26,26,7090.0,0,0
27,27,7090.0,0,0
28,28,7090.0,0,0
29,29,7090.0,0,0
30,30,7090.0,0,0
31,31,7090.0,0,0
32,32,7090.0,0,0
33,33,7090.0,0,0
34,34,7090.0,0,0
35,35,7090.0,0,0
36,36,7090.0,0,0
37,37,7090.0,0,0
38,38,7090.0,0,0
39,39,7090.0,0,0
40,40,7090.0,0,0
41,41,7090.0,0,0
42,42,7090.0,0,0
43,43,7090.0,0,0
44,44,7090.0,0,0
45,45,7090.0,0,0
46,46,7090.0,0,0
47,47,7090.0,0,0
48,48,7090.0,0,0
49,49,7090.0,0,0
50,50,7090.0,0,0
51,51,7090.0,0,0
52,52,7090.0,0,0
53,53,7090.0,0,0
54,54,7090.0,0,0
55,55,7090.0,0,0
56,56,7090.0,0,0
57,57,7090.0,0,0
58,58,7090.0,0,0
59,59,7090.0,0,0
60,60,7090.0,0,0
61,61,7090.0,0,0
62,62,7090.0,0,0
63,63,7090.0,0,0
64,64,7090.0,0,0
65,65,7090.0,0,0
66,66,7090.0,0,0
67,67,7090.0,0,0
68,68,7090.0,0,0
69,69,7090.0,0,0
70,70,7090.0,0,0
71,71,7090.0,0,0
72,72,7090.0,0,0
73,73,7090.0,0,0
74,74,7090.0,0,0
75,75,7090.0,0,0
76,76,7089.0,1,0
77,77,7087.0,3,0
78,78,7087.0,3,0
79,79,7087.0,3,0
80,80,7087.0,3,0
81,81,7087.0,3,0
82,82,7087.0,3,0
83,83,7087.0,3,0
84,84,7087.0,3,0
85,85,7087.0,3,0
86,86,7087.0,3,0
87,87,7087.0,3,0
88,88,7087.0,3,0
89,89,7087.0,3,0
90,90,7087.0,3,0
91,91,7087.0,3,0
92,92,7087.0,3,0
93,93,7087.0,3,0
94,94,7087.0,3,0
95,95,7087.0,3,0
96,96,7087.0,3,0
97,97,7087.0,3,0
98,98,7087.0,3,0
99,99,7087.0,3,0
100,100,7087.0,3,0
101,101,7087.0,3,0
102,102,7086.0,4,0
103,103,7086.0,4,0
104,104,7086.0,4,0
105,105,7086.0,4,0
106,106,7086.0,4,0
107,107,7086.0,4,0
108,108,7086.0,4,0
109,109,7086.0,4,0
110,110,7086.0,4,0
111,111,7086.0,4,0
112,112,7086.0,4,0
113,113,7086.0,4,0
114,114,7086.0,4,0
115,115,7086.0,4,0
116,116,7086.0,4,0
117,117,7086.0,4,0
118,118,7086.0,4,0
119,119,7086.0,4,0
120,120,7085.0,5,0
121,121,7085.0,5,0
122,122,7084.0,6,0
123,123,7084.0,6,0
124,124,7083.0,7,0
125,125,7083.0,7,0
126,126,7083.0,7,0
127,127,7083.0,7,0
128,128,7083.0,7,0
