,Days,S,I,D
0,0,30302.0,0,0
1,1,30302.0,0,0
2,2,30302.0,0,0
3,3,30302.0,0,0
4,4,30302.0,0,0
5,5,30302.0,0,0
6,6,30302.0,0,0
7,7,30302.0,0,0
8,8,30302.0,0,0
9,9,30302.0,0,0
10,10,30302.0,0,0
11,11,30302.0,0,0
12,12,30302.0,0,0
13,13,30302.0,0,0
14,14,30302.0,0,0
15,15,30302.0,0,0
16,16,30302.0,0,0
17,17,30302.0,0,0
18,18,30302.0,0,0
19,19,30302.0,0,0
20,20,30302.0,0,0
21,21,30302.0,0,0
22,22,30302.0,0,0
23,23,30302.0,0,0
24,24,30302.0,0,0
25,25,30302.0,0,0
26,26,30302.0,0,0
27,27,30302.0,0,0
28,28,30302.0,0,0
29,29,30302.0,0,0
30,30,30302.0,0,0
31,31,30302.0,0,0
32,32,30302.0,0,0
33,33,30302.0,0,0
34,34,30302.0,0,0
35,35,30302.0,0,0
36,36,30302.0,0,0
37,37,30302.0,0,0
38,38,30302.0,0,0
39,39,30302.0,0,0
40,40,30302.0,0,0
41,41,30302.0,0,0
42,42,30302.0,0,0
43,43,30302.0,0,0
44,44,30302.0,0,0
45,45,30302.0,0,0
46,46,30302.0,0,0
47,47,30302.0,0,0
48,48,30302.0,0,0
49,49,30302.0,0,0
50,50,30302.0,0,0
51,51,30302.0,0,0
52,52,30302.0,0,0
53,53,30302.0,0,0
54,54,30302.0,0,0
55,55,30302.0,0,0
56,56,30302.0,0,0
57,57,30302.0,0,0
58,58,30302.0,0,0
59,59,30302.0,0,0
60,60,30301.0,1,0
61,61,30301.0,1,0
62,62,30301.0,1,0
63,63,30301.0,1,0
64,64,30301.0,1,0
65,65,30300.0,2,0
66,66,30300.0,2,0
67,67,30300.0,2,0
68,68,30300.0,2,0
69,69,30300.0,2,0
70,70,30299.0,3,0
71,71,30298.0,4,0
72,72,30298.0,4,0
73,73,30297.0,5,0
74,74,30296.0,6,0
75,75,30296.0,6,0
76,76,30294.0,8,0
77,77,30294.0,8,0
78,78,30294.0,8,0
79,79,30294.0,8,0
80,80,30294.0,8,0
81,81,30294.0,8,0
82,82,30293.0,9,0
83,83,30293.0,9,0
84,84,30293.0,9,0
85,85,30293.0,9,0
86,86,30292.0,10,0
87,87,30292.0,10,0
88,88,30290.0,12,0
89,89,30290.0,12,0
90,90,30290.0,12,0
91,91,30290.0,12,0
92,92,30290.0,12,0
93,93,30290.0,12,0
94,94,30289.0,13,0
95,95,30289.0,13,0
96,96,30289.0,13,0
97,97,30289.0,13,0
98,98,30289.0,13,0
99,99,30289.0,13,0
100,100,30288.0,14,0
101,101,30288.0,14,0
102,102,30288.0,14,0
103,103,30288.0,14,0
104,104,30288.0,14,0
105,105,30288.0,14,0
106,106,30288.0,14,0
107,107,30288.0,14,0
108,108,30288.0,14,0
109,109,30288.0,14,0
110,110,30288.0,14,0
111,111,30288.0,14,0
112,112,30288.0,14,0
113,113,30288.0,14,0
114,114,30288.0,14,0
115,115,30288.0,14,0
116,116,30288.0,14,0
117,117,30288.0,14,0
118,118,30288.0,14,0
119,119,30288.0,14,0
120,120,30288.0,14,0
121,121,30288.0,14,0
122,122,30287.0,15,0
123,123,30287.0,15,0
124,124,30287.0,15,0
125,125,30287.0,15,0
126,126,30287.0,15,0
127,127,30287.0,15,0
128,128,30287.0,15,0
