,Days,S,I,D
0,0,35438.0,0,0
1,1,35438.0,0,0
2,2,35438.0,0,0
3,3,35438.0,0,0
4,4,35438.0,0,0
5,5,35438.0,0,0
6,6,35438.0,0,0
7,7,35438.0,0,0
8,8,35438.0,0,0
9,9,35438.0,0,0
10,10,35438.0,0,0
11,11,35438.0,0,0
12,12,35438.0,0,0
13,13,35438.0,0,0
14,14,35438.0,0,0
15,15,35438.0,0,0
16,16,35438.0,0,0
17,17,35438.0,0,0
18,18,35438.0,0,0
19,19,35438.0,0,0
20,20,35438.0,0,0
21,21,35438.0,0,0
22,22,35438.0,0,0
23,23,35438.0,0,0
24,24,35438.0,0,0
25,25,35438.0,0,0
26,26,35438.0,0,0
27,27,35438.0,0,0
28,28,35438.0,0,0
29,29,35438.0,0,0
30,30,35438.0,0,0
31,31,35438.0,0,0
32,32,35438.0,0,0
33,33,35438.0,0,0
34,34,35438.0,0,0
35,35,35438.0,0,0
36,36,35438.0,0,0
37,37,35438.0,0,0
38,38,35438.0,0,0
39,39,35438.0,0,0
40,40,35438.0,0,0
41,41,35438.0,0,0
42,42,35438.0,0,0
43,43,35438.0,0,0
44,44,35438.0,0,0
45,45,35438.0,0,0
46,46,35438.0,0,0
47,47,35438.0,0,0
48,48,35438.0,0,0
49,49,35438.0,0,0
50,50,35438.0,0,0
51,51,35438.0,0,0
52,52,35438.0,0,0
53,53,35438.0,0,0
54,54,35438.0,0,0
55,55,35438.0,0,0
56,56,35438.0,0,0
57,57,35438.0,0,0
58,58,35438.0,0,0
59,59,35438.0,0,0
60,60,35438.0,0,0
61,61,35438.0,0,0
62,62,35438.0,0,0
63,63,35438.0,0,0
64,64,35438.0,0,0
65,65,35437.0,1,0
66,66,35437.0,1,0
67,67,35437.0,1,0
68,68,35437.0,1,0
69,69,35437.0,1,0
70,70,35437.0,1,0
71,71,35437.0,1,0
72,72,35437.0,1,0
73,73,35437.0,1,0
74,74,35437.0,1,0
75,75,35437.0,1,0
76,76,35435.0,3,0
77,77,35434.0,4,0
78,78,35433.0,5,0
79,79,35433.0,5,0
80,80,35432.0,6,0
81,81,35432.0,6,0
82,82,35432.0,6,0
83,83,35432.0,6,0
84,84,35432.0,6,0
85,85,35432.0,6,0
86,86,35432.0,6,0
87,87,35432.0,6,0
88,88,35432.0,6,0
89,89,35432.0,6,0
90,90,35432.0,6,0
91,91,35432.0,6,0
92,92,35432.0,6,0
93,93,35432.0,6,0
94,94,35432.0,6,0
95,95,35432.0,6,0
96,96,35432.0,6,0
97,97,35432.0,6,0
98,98,35432.0,6,0
99,99,35432.0,6,0
100,100,35432.0,6,0
101,101,35432.0,6,0
102,102,35432.0,6,0
103,103,35432.0,6,0
104,104,35432.0,6,0
105,105,35432.0,6,0
106,106,35432.0,6,0
107,107,35431.0,7,0
108,108,35431.0,7,0
109,109,35431.0,7,0
110,110,35431.0,7,0
111,111,35431.0,7,0
112,112,35431.0,7,0
113,113,35430.0,8,0
114,114,35430.0,8,0
115,115,35430.0,8,0
116,116,35430.0,8,0
117,117,35429.0,9,0
118,118,35429.0,9,0
119,119,35429.0,9,0
120,120,35429.0,9,0
121,121,35429.0,9,0
122,122,35429.0,9,0
123,123,35429.0,9,0
124,124,35429.0,9,0
125,125,35429.0,9,0
126,126,35429.0,9,0
127,127,35429.0,9,0
128,128,35429.0,9,0
