,Days,S,I,D
0,0,181516.0,0,0
1,1,181516.0,0,0
2,2,181516.0,0,0
3,3,181516.0,0,0
4,4,181516.0,0,0
5,5,181516.0,0,0
6,6,181516.0,0,0
7,7,181516.0,0,0
8,8,181516.0,0,0
9,9,181516.0,0,0
10,10,181516.0,0,0
11,11,181516.0,0,0
12,12,181516.0,0,0
13,13,181516.0,0,0
14,14,181516.0,0,0
15,15,181516.0,0,0
16,16,181516.0,0,0
17,17,181516.0,0,0
18,18,181516.0,0,0
19,19,181516.0,0,0
20,20,181516.0,0,0
21,21,181516.0,0,0
22,22,181516.0,0,0
23,23,181516.0,0,0
24,24,181516.0,0,0
25,25,181516.0,0,0
26,26,181516.0,0,0
27,27,181516.0,0,0
28,28,181516.0,0,0
29,29,181516.0,0,0
30,30,181516.0,0,0
31,31,181516.0,0,0
32,32,181516.0,0,0
33,33,181516.0,0,0
34,34,181516.0,0,0
35,35,181516.0,0,0
36,36,181516.0,0,0
37,37,181516.0,0,0
38,38,181516.0,0,0
39,39,181516.0,0,0
40,40,181516.0,0,0
41,41,181516.0,0,0
42,42,181516.0,0,0
43,43,181516.0,0,0
44,44,181516.0,0,0
45,45,181516.0,0,0
46,46,181516.0,0,0
47,47,181516.0,0,0
48,48,181516.0,0,0
49,49,181516.0,0,0
50,50,181516.0,0,0
51,51,181516.0,0,0
52,52,181516.0,0,0
53,53,181516.0,0,0
54,54,181516.0,0,0
55,55,181515.0,1,0
56,56,181515.0,1,0
57,57,181515.0,1,0
58,58,181515.0,1,0
59,59,181515.0,1,0
60,60,181515.0,1,0
61,61,181515.0,1,0
62,62,181513.0,3,0
63,63,181510.0,6,0
64,64,181508.0,8,0
65,65,181504.0,11,1
66,66,181497.0,18,1
67,67,181495.0,20,1
68,68,181492.0,23,1
69,69,181484.0,31,1
70,70,181478.0,37,1
71,71,181472.0,43,1
72,72,181469.0,46,1
73,73,181467.0,48,1
74,74,181461.0,54,1
75,75,181450.0,65,1
76,76,181445.0,70,1
77,77,181438.0,77,1
78,78,181432.0,83,1
79,79,181426.0,88,2
80,80,181419.0,95,2
81,81,181407.0,107,2
82,82,181398.0,116,2
83,83,181391.0,123,2
84,84,181379.0,135,2
85,85,181362.0,152,2
86,86,181362.0,152,2
87,87,181362.0,152,2
88,88,181361.0,152,3
89,89,181264.0,246,6
90,90,181255.0,255,6
91,91,181235.0,274,7
92,92,181218.0,290,8
93,93,181190.0,318,8
94,94,181150.0,357,9
95,95,181109.0,397,10
96,96,181073.0,431,12
97,97,181032.0,472,12
98,98,181012.0,492,12
99,99,180991.0,513,12
100,100,180958.0,542,16
101,101,180927.0,572,17
102,102,180893.0,605,18
103,103,180868.0,630,18
104,104,180855.0,643,18
105,105,180807.0,686,23
106,106,180784.0,709,23
107,107,180740.0,752,24
108,108,180710.0,781,25
109,109,180685.0,805,26
110,110,180668.0,821,27
111,111,180621.0,866,29
112,112,180550.0,935,31
113,113,180494.0,991,31
114,114,180452.0,1032,32
115,115,180378.0,1106,32
116,116,180336.0,1147,33
117,117,180310.0,1173,33
118,118,180253.0,1229,34
119,119,180201.0,1277,38
120,120,180106.0,1370,40
121,121,180033.0,1442,41
122,122,179988.0,1487,41
123,123,179946.0,1528,42
124,124,179909.0,1564,43
125,125,179893.0,1580,43
126,126,179875.0,1596,45
127,127,179838.0,1632,46
128,128,179807.0,1661,48
