,Days,S,I,D
0,0,41933.0,0,0
1,1,41933.0,0,0
2,2,41933.0,0,0
3,3,41933.0,0,0
4,4,41933.0,0,0
5,5,41933.0,0,0
6,6,41933.0,0,0
7,7,41933.0,0,0
8,8,41933.0,0,0
9,9,41933.0,0,0
10,10,41933.0,0,0
11,11,41933.0,0,0
12,12,41933.0,0,0
13,13,41933.0,0,0
14,14,41933.0,0,0
15,15,41933.0,0,0
16,16,41933.0,0,0
17,17,41933.0,0,0
18,18,41933.0,0,0
19,19,41933.0,0,0
20,20,41933.0,0,0
21,21,41933.0,0,0
22,22,41933.0,0,0
23,23,41933.0,0,0
24,24,41933.0,0,0
25,25,41933.0,0,0
26,26,41933.0,0,0
27,27,41933.0,0,0
28,28,41933.0,0,0
29,29,41933.0,0,0
30,30,41933.0,0,0
31,31,41933.0,0,0
32,32,41933.0,0,0
33,33,41933.0,0,0
34,34,41933.0,0,0
35,35,41933.0,0,0
36,36,41933.0,0,0
37,37,41933.0,0,0
38,38,41933.0,0,0
39,39,41933.0,0,0
40,40,41933.0,0,0
41,41,41933.0,0,0
42,42,41933.0,0,0
43,43,41933.0,0,0
44,44,41933.0,0,0
45,45,41933.0,0,0
46,46,41933.0,0,0
47,47,41933.0,0,0
48,48,41933.0,0,0
49,49,41933.0,0,0
50,50,41932.0,1,0
51,51,41932.0,1,0
52,52,41931.0,2,0
53,53,41931.0,2,0
54,54,41929.0,4,0
55,55,41918.0,15,0
56,56,41911.0,22,0
57,57,41907.0,26,0
58,58,41898.0,35,0
59,59,41894.0,39,0
60,60,41883.0,50,0
61,61,41860.0,73,0
62,62,41843.0,90,0
63,63,41836.0,97,0
64,64,41830.0,103,0
65,65,41823.0,110,0
66,66,41798.0,135,0
67,67,41774.0,159,0
68,68,41757.0,176,0
69,69,41752.0,181,0
70,70,41729.0,204,0
71,71,41729.0,204,0
72,72,41711.0,222,0
73,73,41703.0,230,0
74,74,41677.0,256,0
75,75,41673.0,260,0
76,76,41668.0,265,0
77,77,41660.0,273,0
78,78,41644.0,289,0
79,79,41637.0,296,0
80,80,41633.0,300,0
81,81,41629.0,304,0
82,82,41627.0,306,0
83,83,41627.0,306,0
84,84,41627.0,306,0
85,85,41625.0,308,0
86,86,41622.0,311,0
87,87,41617.0,316,0
88,88,41615.0,318,0
89,89,41602.0,331,0
90,90,41598.0,335,0
91,91,41592.0,341,0
92,92,41590.0,343,0
93,93,41582.0,351,0
94,94,41578.0,355,0
95,95,41576.0,357,0
96,96,41575.0,358,0
97,97,41575.0,358,0
98,98,41572.0,361,0
99,99,41564.0,369,0
100,100,41560.0,373,0
101,101,41558.0,375,0
102,102,41557.0,376,0
103,103,41556.0,377,0
104,104,41551.0,382,0
105,105,41551.0,382,0
106,106,41551.0,382,0
107,107,41549.0,384,0
108,108,41548.0,385,0
109,109,41548.0,385,0
110,110,41547.0,386,0
111,111,41545.0,388,0
112,112,41541.0,392,0
113,113,41540.0,393,0
114,114,41537.0,396,0
115,115,41533.0,400,0
116,116,41532.0,401,0
117,117,41532.0,401,0
118,118,41530.0,403,0
119,119,41530.0,403,0
120,120,41530.0,403,0
121,121,41530.0,403,0
122,122,41530.0,403,0
123,123,41528.0,405,0
124,124,41528.0,405,0
125,125,41528.0,405,0
126,126,41528.0,405,0
127,127,41524.0,409,0
128,128,41521.0,412,0
