,Days,S,I,D
0,0,21539.0,0,0
1,1,21539.0,0,0
2,2,21539.0,0,0
3,3,21539.0,0,0
4,4,21539.0,0,0
5,5,21539.0,0,0
6,6,21539.0,0,0
7,7,21539.0,0,0
8,8,21539.0,0,0
9,9,21539.0,0,0
10,10,21539.0,0,0
11,11,21539.0,0,0
12,12,21539.0,0,0
13,13,21539.0,0,0
14,14,21539.0,0,0
15,15,21539.0,0,0
16,16,21539.0,0,0
17,17,21539.0,0,0
18,18,21539.0,0,0
19,19,21539.0,0,0
20,20,21539.0,0,0
21,21,21539.0,0,0
22,22,21539.0,0,0
23,23,21539.0,0,0
24,24,21539.0,0,0
25,25,21539.0,0,0
26,26,21539.0,0,0
27,27,21539.0,0,0
28,28,21539.0,0,0
29,29,21539.0,0,0
30,30,21539.0,0,0
31,31,21539.0,0,0
32,32,21539.0,0,0
33,33,21539.0,0,0
34,34,21539.0,0,0
35,35,21539.0,0,0
36,36,21539.0,0,0
37,37,21539.0,0,0
38,38,21539.0,0,0
39,39,21539.0,0,0
40,40,21539.0,0,0
41,41,21539.0,0,0
42,42,21539.0,0,0
43,43,21539.0,0,0
44,44,21539.0,0,0
45,45,21539.0,0,0
46,46,21539.0,0,0
47,47,21539.0,0,0
48,48,21539.0,0,0
49,49,21539.0,0,0
50,50,21539.0,0,0
51,51,21539.0,0,0
52,52,21539.0,0,0
53,53,21539.0,0,0
54,54,21539.0,0,0
55,55,21539.0,0,0
56,56,21539.0,0,0
57,57,21539.0,0,0
58,58,21539.0,0,0
59,59,21539.0,0,0
60,60,21539.0,0,0
61,61,21539.0,0,0
62,62,21539.0,0,0
63,63,21539.0,0,0
64,64,21539.0,0,0
65,65,21539.0,0,0
66,66,21539.0,0,0
67,67,21539.0,0,0
68,68,21539.0,0,0
69,69,21539.0,0,0
70,70,21539.0,0,0
71,71,21539.0,0,0
72,72,21539.0,0,0
73,73,21539.0,0,0
74,74,21539.0,0,0
75,75,21539.0,0,0
76,76,21539.0,0,0
77,77,21539.0,0,0
78,78,21539.0,0,0
79,79,21539.0,0,0
80,80,21539.0,0,0
81,81,21539.0,0,0
82,82,21539.0,0,0
83,83,21539.0,0,0
84,84,21537.0,2,0
85,85,21537.0,2,0
86,86,21535.0,4,0
87,87,21535.0,4,0
88,88,21534.0,5,0
89,89,21534.0,5,0
90,90,21534.0,5,0
91,91,21534.0,5,0
92,92,21534.0,5,0
93,93,21534.0,5,0
94,94,21534.0,5,0
95,95,21534.0,5,0
96,96,21534.0,5,0
97,97,21534.0,5,0
98,98,21534.0,5,0
99,99,21533.0,6,0
100,100,21533.0,6,0
101,101,21533.0,6,0
102,102,21532.0,7,0
103,103,21532.0,7,0
104,104,21532.0,7,0
105,105,21532.0,7,0
106,106,21532.0,7,0
107,107,21531.0,8,0
108,108,21531.0,8,0
109,109,21531.0,8,0
110,110,21531.0,8,0
111,111,21531.0,8,0
112,112,21531.0,8,0
113,113,21531.0,8,0
114,114,21531.0,8,0
115,115,21531.0,8,0
116,116,21531.0,8,0
117,117,21531.0,8,0
118,118,21531.0,8,0
119,119,21531.0,8,0
120,120,21531.0,8,0
121,121,21531.0,8,0
122,122,21531.0,8,0
123,123,21531.0,8,0
124,124,21531.0,8,0
125,125,21531.0,8,0
126,126,21531.0,8,0
127,127,21531.0,8,0
128,128,21531.0,8,0
