,Days,S,I,D
0,0,34120.0,0,0
1,1,34120.0,0,0
2,2,34120.0,0,0
3,3,34120.0,0,0
4,4,34120.0,0,0
5,5,34120.0,0,0
6,6,34120.0,0,0
7,7,34120.0,0,0
8,8,34120.0,0,0
9,9,34120.0,0,0
10,10,34120.0,0,0
11,11,34120.0,0,0
12,12,34120.0,0,0
13,13,34120.0,0,0
14,14,34120.0,0,0
15,15,34120.0,0,0
16,16,34120.0,0,0
17,17,34120.0,0,0
18,18,34120.0,0,0
19,19,34120.0,0,0
20,20,34120.0,0,0
21,21,34120.0,0,0
22,22,34120.0,0,0
23,23,34120.0,0,0
24,24,34120.0,0,0
25,25,34120.0,0,0
26,26,34120.0,0,0
27,27,34120.0,0,0
28,28,34120.0,0,0
29,29,34120.0,0,0
30,30,34120.0,0,0
31,31,34120.0,0,0
32,32,34120.0,0,0
33,33,34120.0,0,0
34,34,34120.0,0,0
35,35,34120.0,0,0
36,36,34120.0,0,0
37,37,34120.0,0,0
38,38,34120.0,0,0
39,39,34120.0,0,0
40,40,34120.0,0,0
41,41,34120.0,0,0
42,42,34120.0,0,0
43,43,34120.0,0,0
44,44,34120.0,0,0
45,45,34120.0,0,0
46,46,34120.0,0,0
47,47,34120.0,0,0
48,48,34120.0,0,0
49,49,34120.0,0,0
50,50,34120.0,0,0
51,51,34120.0,0,0
52,52,34120.0,0,0
53,53,34120.0,0,0
54,54,34120.0,0,0
55,55,34120.0,0,0
56,56,34120.0,0,0
57,57,34120.0,0,0
58,58,34120.0,0,0
59,59,34120.0,0,0
60,60,34120.0,0,0
61,61,34120.0,0,0
62,62,34119.0,1,0
63,63,34119.0,1,0
64,64,34119.0,1,0
65,65,34119.0,1,0
66,66,34119.0,1,0
67,67,34119.0,1,0
68,68,34119.0,1,0
69,69,34119.0,1,0
70,70,34119.0,1,0
71,71,34119.0,1,0
72,72,34119.0,1,0
73,73,34119.0,1,0
74,74,34118.0,2,0
75,75,34118.0,2,0
76,76,34118.0,2,0
77,77,34118.0,2,0
78,78,34116.0,4,0
79,79,34115.0,5,0
80,80,34113.0,7,0
81,81,34113.0,7,0
82,82,34113.0,7,0
83,83,34113.0,7,0
84,84,34113.0,7,0
85,85,34113.0,7,0
86,86,34113.0,7,0
87,87,34112.0,8,0
88,88,34112.0,8,0
89,89,34110.0,10,0
90,90,34108.0,12,0
91,91,34108.0,12,0
92,92,34107.0,13,0
93,93,34104.0,16,0
94,94,34103.0,17,0
95,95,34103.0,17,0
96,96,34103.0,17,0
97,97,34103.0,17,0
98,98,34103.0,17,0
99,99,34102.0,18,0
100,100,34102.0,18,0
101,101,34101.0,19,0
102,102,34101.0,19,0
103,103,34101.0,19,0
104,104,34101.0,19,0
105,105,34101.0,19,0
106,106,34101.0,19,0
107,107,34100.0,20,0
108,108,34098.0,22,0
109,109,34098.0,22,0
110,110,34098.0,22,0
111,111,34096.0,24,0
112,112,34095.0,25,0
113,113,34093.0,27,0
114,114,34093.0,27,0
115,115,34093.0,27,0
116,116,34093.0,27,0
117,117,34093.0,27,0
118,118,34091.0,29,0
119,119,34091.0,29,0
120,120,34091.0,29,0
121,121,34091.0,29,0
122,122,34091.0,29,0
123,123,34091.0,29,0
124,124,34091.0,29,0
125,125,34090.0,30,0
126,126,34090.0,30,0
127,127,34090.0,30,0
128,128,34090.0,30,0
