,Days,S,I,D
0,0,20049.0,0,0
1,1,20049.0,0,0
2,2,20049.0,0,0
3,3,20049.0,0,0
4,4,20049.0,0,0
5,5,20049.0,0,0
6,6,20049.0,0,0
7,7,20049.0,0,0
8,8,20049.0,0,0
9,9,20049.0,0,0
10,10,20049.0,0,0
11,11,20049.0,0,0
12,12,20049.0,0,0
13,13,20049.0,0,0
14,14,20049.0,0,0
15,15,20049.0,0,0
16,16,20049.0,0,0
17,17,20049.0,0,0
18,18,20049.0,0,0
19,19,20049.0,0,0
20,20,20049.0,0,0
21,21,20049.0,0,0
22,22,20049.0,0,0
23,23,20049.0,0,0
24,24,20049.0,0,0
25,25,20049.0,0,0
26,26,20049.0,0,0
27,27,20049.0,0,0
28,28,20049.0,0,0
29,29,20049.0,0,0
30,30,20049.0,0,0
31,31,20049.0,0,0
32,32,20049.0,0,0
33,33,20049.0,0,0
34,34,20049.0,0,0
35,35,20049.0,0,0
36,36,20049.0,0,0
37,37,20049.0,0,0
38,38,20049.0,0,0
39,39,20049.0,0,0
40,40,20049.0,0,0
41,41,20049.0,0,0
42,42,20049.0,0,0
43,43,20049.0,0,0
44,44,20049.0,0,0
45,45,20049.0,0,0
46,46,20049.0,0,0
47,47,20049.0,0,0
48,48,20049.0,0,0
49,49,20049.0,0,0
50,50,20049.0,0,0
51,51,20049.0,0,0
52,52,20049.0,0,0
53,53,20049.0,0,0
54,54,20049.0,0,0
55,55,20049.0,0,0
56,56,20049.0,0,0
57,57,20049.0,0,0
58,58,20048.0,1,0
59,59,20048.0,1,0
60,60,20047.0,2,0
61,61,20047.0,2,0
62,62,20047.0,2,0
63,63,20047.0,2,0
64,64,20047.0,2,0
65,65,20047.0,2,0
66,66,20047.0,2,0
67,67,20047.0,2,0
68,68,20047.0,2,0
69,69,20045.0,4,0
70,70,20044.0,5,0
71,71,20044.0,5,0
72,72,20044.0,5,0
73,73,20044.0,5,0
74,74,20044.0,5,0
75,75,20044.0,5,0
76,76,20043.0,6,0
77,77,20043.0,6,0
78,78,20043.0,6,0
79,79,20043.0,6,0
80,80,20043.0,6,0
81,81,20043.0,6,0
82,82,20043.0,6,0
83,83,20043.0,6,0
84,84,20043.0,6,0
85,85,20043.0,6,0
86,86,20042.0,7,0
87,87,20042.0,7,0
88,88,20042.0,7,0
89,89,20042.0,7,0
90,90,20042.0,7,0
91,91,20042.0,7,0
92,92,20042.0,7,0
93,93,20042.0,7,0
94,94,20042.0,7,0
95,95,20042.0,7,0
96,96,20042.0,7,0
97,97,20042.0,7,0
98,98,20042.0,7,0
99,99,20042.0,7,0
100,100,20042.0,7,0
101,101,20042.0,7,0
102,102,20042.0,7,0
103,103,20042.0,7,0
104,104,20042.0,7,0
105,105,20042.0,7,0
106,106,20042.0,7,0
107,107,20042.0,7,0
108,108,20042.0,7,0
109,109,20042.0,7,0
110,110,20042.0,7,0
111,111,20042.0,7,0
112,112,20042.0,7,0
113,113,20042.0,7,0
114,114,20042.0,7,0
115,115,20042.0,7,0
116,116,20041.0,8,0
117,117,20041.0,8,0
118,118,20041.0,8,0
119,119,20040.0,9,0
120,120,20040.0,9,0
121,121,20040.0,9,0
122,122,20040.0,9,0
123,123,20039.0,10,0
124,124,20038.0,11,0
125,125,20038.0,11,0
126,126,20038.0,11,0
127,127,20037.0,12,0
128,128,20032.0,17,0
