,Days,S,I,D
0,0,45602.0,0,0
1,1,45602.0,0,0
2,2,45602.0,0,0
3,3,45602.0,0,0
4,4,45602.0,0,0
5,5,45602.0,0,0
6,6,45602.0,0,0
7,7,45602.0,0,0
8,8,45602.0,0,0
9,9,45602.0,0,0
10,10,45602.0,0,0
11,11,45602.0,0,0
12,12,45602.0,0,0
13,13,45602.0,0,0
14,14,45602.0,0,0
15,15,45602.0,0,0
16,16,45602.0,0,0
17,17,45602.0,0,0
18,18,45602.0,0,0
19,19,45602.0,0,0
20,20,45602.0,0,0
21,21,45602.0,0,0
22,22,45602.0,0,0
23,23,45602.0,0,0
24,24,45602.0,0,0
25,25,45602.0,0,0
26,26,45602.0,0,0
27,27,45602.0,0,0
28,28,45602.0,0,0
29,29,45602.0,0,0
30,30,45602.0,0,0
31,31,45602.0,0,0
32,32,45602.0,0,0
33,33,45602.0,0,0
34,34,45602.0,0,0
35,35,45602.0,0,0
36,36,45602.0,0,0
37,37,45602.0,0,0
38,38,45602.0,0,0
39,39,45602.0,0,0
40,40,45602.0,0,0
41,41,45602.0,0,0
42,42,45602.0,0,0
43,43,45602.0,0,0
44,44,45602.0,0,0
45,45,45602.0,0,0
46,46,45602.0,0,0
47,47,45602.0,0,0
48,48,45602.0,0,0
49,49,45602.0,0,0
50,50,45602.0,0,0
51,51,45600.0,2,0
52,52,45600.0,2,0
53,53,45600.0,2,0
54,54,45600.0,2,0
55,55,45600.0,2,0
56,56,45600.0,2,0
57,57,45600.0,2,0
58,58,45600.0,2,0
59,59,45600.0,2,0
60,60,45600.0,2,0
61,61,45600.0,2,0
62,62,45600.0,2,0
63,63,45600.0,2,0
64,64,45599.0,3,0
65,65,45599.0,3,0
66,66,45599.0,3,0
67,67,45599.0,3,0
68,68,45599.0,3,0
69,69,45599.0,3,0
70,70,45599.0,3,0
71,71,45599.0,3,0
72,72,45598.0,4,0
73,73,45598.0,4,0
74,74,45598.0,4,0
75,75,45597.0,5,0
76,76,45597.0,5,0
77,77,45597.0,5,0
78,78,45594.0,8,0
79,79,45594.0,8,0
80,80,45594.0,8,0
81,81,45594.0,8,0
82,82,45593.0,9,0
83,83,45593.0,9,0
84,84,45591.0,11,0
85,85,45591.0,11,0
86,86,45590.0,12,0
87,87,45590.0,12,0
88,88,45590.0,12,0
89,89,45590.0,12,0
90,90,45590.0,12,0
91,91,45590.0,12,0
92,92,45589.0,13,0
93,93,45589.0,13,0
94,94,45589.0,13,0
95,95,45589.0,13,0
96,96,45589.0,13,0
97,97,45589.0,13,0
98,98,45589.0,13,0
99,99,45589.0,13,0
100,100,45589.0,13,0
101,101,45589.0,13,0
102,102,45589.0,13,0
103,103,45589.0,13,0
104,104,45589.0,13,0
105,105,45589.0,13,0
106,106,45589.0,13,0
107,107,45589.0,13,0
108,108,45589.0,13,0
109,109,45589.0,13,0
110,110,45589.0,13,0
111,111,45589.0,13,0
112,112,45589.0,13,0
113,113,45589.0,13,0
114,114,45589.0,13,0
115,115,45589.0,13,0
116,116,45589.0,13,0
117,117,45589.0,13,0
118,118,45589.0,13,0
119,119,45589.0,13,0
120,120,45589.0,13,0
121,121,45589.0,13,0
122,122,45589.0,13,0
123,123,45589.0,13,0
124,124,45589.0,13,0
125,125,45587.0,15,0
126,126,45587.0,15,0
127,127,45587.0,15,0
128,128,45587.0,15,0
