,Days,S,I,D
0,0,87606.0,0,0
1,1,87606.0,0,0
2,2,87606.0,0,0
3,3,87606.0,0,0
4,4,87606.0,0,0
5,5,87606.0,0,0
6,6,87606.0,0,0
7,7,87606.0,0,0
8,8,87606.0,0,0
9,9,87606.0,0,0
10,10,87606.0,0,0
11,11,87606.0,0,0
12,12,87606.0,0,0
13,13,87606.0,0,0
14,14,87606.0,0,0
15,15,87606.0,0,0
16,16,87606.0,0,0
17,17,87606.0,0,0
18,18,87606.0,0,0
19,19,87606.0,0,0
20,20,87606.0,0,0
21,21,87606.0,0,0
22,22,87606.0,0,0
23,23,87606.0,0,0
24,24,87606.0,0,0
25,25,87606.0,0,0
26,26,87606.0,0,0
27,27,87606.0,0,0
28,28,87606.0,0,0
29,29,87606.0,0,0
30,30,87606.0,0,0
31,31,87606.0,0,0
32,32,87606.0,0,0
33,33,87606.0,0,0
34,34,87606.0,0,0
35,35,87606.0,0,0
36,36,87606.0,0,0
37,37,87606.0,0,0
38,38,87606.0,0,0
39,39,87606.0,0,0
40,40,87606.0,0,0
41,41,87606.0,0,0
42,42,87606.0,0,0
43,43,87606.0,0,0
44,44,87606.0,0,0
45,45,87606.0,0,0
46,46,87606.0,0,0
47,47,87606.0,0,0
48,48,87606.0,0,0
49,49,87606.0,0,0
50,50,87606.0,0,0
51,51,87606.0,0,0
52,52,87606.0,0,0
53,53,87606.0,0,0
54,54,87606.0,0,0
55,55,87606.0,0,0
56,56,87605.0,1,0
57,57,87605.0,1,0
58,58,87605.0,1,0
59,59,87605.0,1,0
60,60,87605.0,1,0
61,61,87605.0,1,0
62,62,87604.0,2,0
63,63,87604.0,2,0
64,64,87604.0,2,0
65,65,87604.0,2,0
66,66,87603.0,3,0
67,67,87602.0,4,0
68,68,87602.0,4,0
69,69,87602.0,4,0
70,70,87602.0,4,0
71,71,87602.0,4,0
72,72,87602.0,4,0
73,73,87602.0,4,0
74,74,87602.0,4,0
75,75,87602.0,4,0
76,76,87602.0,4,0
77,77,87602.0,4,0
78,78,87602.0,4,0
79,79,87602.0,4,0
80,80,87602.0,4,0
81,81,87602.0,4,0
82,82,87602.0,4,0
83,83,87602.0,4,0
84,84,87602.0,4,0
85,85,87602.0,4,0
86,86,87602.0,4,0
87,87,87602.0,4,0
88,88,87602.0,4,0
89,89,87602.0,4,0
90,90,87601.0,5,0
91,91,87601.0,5,0
92,92,87601.0,5,0
93,93,87595.0,11,0
94,94,87595.0,11,0
95,95,87595.0,11,0
96,96,87595.0,11,0
97,97,87595.0,11,0
98,98,87594.0,12,0
99,99,87594.0,12,0
100,100,87594.0,12,0
101,101,87594.0,12,0
102,102,87594.0,12,0
103,103,87594.0,12,0
104,104,87594.0,12,0
105,105,87594.0,12,0
106,106,87594.0,12,0
107,107,87594.0,12,0
108,108,87594.0,12,0
109,109,87594.0,12,0
110,110,87594.0,12,0
111,111,87594.0,12,0
112,112,87593.0,13,0
113,113,87593.0,13,0
114,114,87593.0,13,0
115,115,87593.0,13,0
116,116,87592.0,14,0
117,117,87592.0,14,0
118,118,87592.0,14,0
119,119,87591.0,15,0
120,120,87591.0,15,0
121,121,87585.0,21,0
122,122,87585.0,21,0
123,123,87585.0,21,0
124,124,87585.0,21,0
125,125,87583.0,23,0
126,126,87581.0,25,0
127,127,87576.0,30,0
128,128,87576.0,30,0
