,Days,S,I,D
0,0,49208.0,0,0
1,1,49208.0,0,0
2,2,49208.0,0,0
3,3,49208.0,0,0
4,4,49208.0,0,0
5,5,49208.0,0,0
6,6,49208.0,0,0
7,7,49208.0,0,0
8,8,49208.0,0,0
9,9,49208.0,0,0
10,10,49208.0,0,0
11,11,49208.0,0,0
12,12,49208.0,0,0
13,13,49208.0,0,0
14,14,49208.0,0,0
15,15,49208.0,0,0
16,16,49208.0,0,0
17,17,49208.0,0,0
18,18,49208.0,0,0
19,19,49208.0,0,0
20,20,49208.0,0,0
21,21,49208.0,0,0
22,22,49208.0,0,0
23,23,49208.0,0,0
24,24,49208.0,0,0
25,25,49208.0,0,0
26,26,49208.0,0,0
27,27,49208.0,0,0
28,28,49208.0,0,0
29,29,49208.0,0,0
30,30,49208.0,0,0
31,31,49208.0,0,0
32,32,49208.0,0,0
33,33,49208.0,0,0
34,34,49208.0,0,0
35,35,49208.0,0,0
36,36,49208.0,0,0
37,37,49208.0,0,0
38,38,49208.0,0,0
39,39,49208.0,0,0
40,40,49208.0,0,0
41,41,49208.0,0,0
42,42,49208.0,0,0
43,43,49208.0,0,0
44,44,49208.0,0,0
45,45,49208.0,0,0
46,46,49208.0,0,0
47,47,49208.0,0,0
48,48,49208.0,0,0
49,49,49208.0,0,0
50,50,49208.0,0,0
51,51,49208.0,0,0
52,52,49208.0,0,0
53,53,49208.0,0,0
54,54,49208.0,0,0
55,55,49208.0,0,0
56,56,49208.0,0,0
57,57,49208.0,0,0
58,58,49208.0,0,0
59,59,49208.0,0,0
60,60,49208.0,0,0
61,61,49208.0,0,0
62,62,49208.0,0,0
63,63,49208.0,0,0
64,64,49207.0,1,0
65,65,49206.0,2,0
66,66,49204.0,4,0
67,67,49203.0,5,0
68,68,49203.0,5,0
69,69,49203.0,5,0
70,70,49203.0,5,0
71,71,49203.0,5,0
72,72,49203.0,5,0
73,73,49203.0,5,0
74,74,49203.0,5,0
75,75,49203.0,5,0
76,76,49202.0,6,0
77,77,49202.0,6,0
78,78,49202.0,6,0
79,79,49202.0,6,0
80,80,49198.0,10,0
81,81,49198.0,10,0
82,82,49198.0,10,0
83,83,49196.0,12,0
84,84,49196.0,12,0
85,85,49196.0,12,0
86,86,49196.0,12,0
87,87,49196.0,12,0
88,88,49196.0,12,0
89,89,49196.0,12,0
90,90,49196.0,12,0
91,91,49196.0,12,0
92,92,49196.0,12,0
93,93,49196.0,12,0
94,94,49196.0,12,0
95,95,49196.0,12,0
96,96,49196.0,12,0
97,97,49196.0,12,0
98,98,49196.0,12,0
99,99,49196.0,12,0
100,100,49196.0,12,0
101,101,49195.0,13,0
102,102,49195.0,13,0
103,103,49195.0,13,0
104,104,49195.0,13,0
105,105,49195.0,13,0
106,106,49195.0,13,0
107,107,49195.0,13,0
108,108,49195.0,13,0
109,109,49195.0,13,0
110,110,49195.0,13,0
111,111,49195.0,13,0
112,112,49195.0,13,0
113,113,49195.0,13,0
114,114,49195.0,13,0
115,115,49195.0,13,0
116,116,49195.0,13,0
117,117,49195.0,13,0
118,118,49195.0,13,0
119,119,49195.0,13,0
120,120,49195.0,13,0
121,121,49195.0,13,0
122,122,49195.0,13,0
123,123,49195.0,13,0
124,124,49195.0,13,0
125,125,49194.0,14,0
126,126,49194.0,14,0
127,127,49194.0,14,0
128,128,49190.0,18,0
