,Days,S,I,D
0,0,21696.0,0,0
1,1,21696.0,0,0
2,2,21696.0,0,0
3,3,21696.0,0,0
4,4,21696.0,0,0
5,5,21696.0,0,0
6,6,21696.0,0,0
7,7,21696.0,0,0
8,8,21696.0,0,0
9,9,21696.0,0,0
10,10,21696.0,0,0
11,11,21696.0,0,0
12,12,21696.0,0,0
13,13,21696.0,0,0
14,14,21696.0,0,0
15,15,21696.0,0,0
16,16,21696.0,0,0
17,17,21696.0,0,0
18,18,21696.0,0,0
19,19,21696.0,0,0
20,20,21696.0,0,0
21,21,21696.0,0,0
22,22,21696.0,0,0
23,23,21696.0,0,0
24,24,21696.0,0,0
25,25,21696.0,0,0
26,26,21696.0,0,0
27,27,21696.0,0,0
28,28,21696.0,0,0
29,29,21696.0,0,0
30,30,21696.0,0,0
31,31,21696.0,0,0
32,32,21696.0,0,0
33,33,21696.0,0,0
34,34,21696.0,0,0
35,35,21696.0,0,0
36,36,21696.0,0,0
37,37,21696.0,0,0
38,38,21696.0,0,0
39,39,21696.0,0,0
40,40,21696.0,0,0
41,41,21696.0,0,0
42,42,21696.0,0,0
43,43,21696.0,0,0
44,44,21696.0,0,0
45,45,21696.0,0,0
46,46,21696.0,0,0
47,47,21696.0,0,0
48,48,21696.0,0,0
49,49,21696.0,0,0
50,50,21696.0,0,0
51,51,21696.0,0,0
52,52,21696.0,0,0
53,53,21696.0,0,0
54,54,21696.0,0,0
55,55,21696.0,0,0
56,56,21696.0,0,0
57,57,21696.0,0,0
58,58,21696.0,0,0
59,59,21696.0,0,0
60,60,21696.0,0,0
61,61,21696.0,0,0
62,62,21696.0,0,0
63,63,21696.0,0,0
64,64,21696.0,0,0
65,65,21696.0,0,0
66,66,21696.0,0,0
67,67,21696.0,0,0
68,68,21696.0,0,0
69,69,21696.0,0,0
70,70,21696.0,0,0
71,71,21696.0,0,0
72,72,21696.0,0,0
73,73,21695.0,1,0
74,74,21695.0,1,0
75,75,21695.0,1,0
76,76,21695.0,1,0
77,77,21695.0,1,0
78,78,21695.0,1,0
79,79,21695.0,1,0
80,80,21694.0,2,0
81,81,21694.0,2,0
82,82,21694.0,2,0
83,83,21694.0,2,0
84,84,21693.0,3,0
85,85,21692.0,4,0
86,86,21692.0,4,0
87,87,21691.0,5,0
88,88,21691.0,5,0
89,89,21690.0,6,0
90,90,21690.0,6,0
91,91,21690.0,6,0
92,92,21690.0,6,0
93,93,21690.0,6,0
94,94,21690.0,6,0
95,95,21690.0,6,0
96,96,21690.0,6,0
97,97,21690.0,6,0
98,98,21690.0,6,0
99,99,21690.0,6,0
100,100,21690.0,6,0
101,101,21690.0,6,0
102,102,21690.0,6,0
103,103,21690.0,6,0
104,104,21689.0,7,0
105,105,21689.0,7,0
106,106,21689.0,7,0
107,107,21689.0,7,0
108,108,21689.0,7,0
109,109,21689.0,7,0
110,110,21689.0,7,0
111,111,21689.0,7,0
112,112,21689.0,7,0
113,113,21689.0,7,0
114,114,21689.0,7,0
115,115,21687.0,9,0
116,116,21687.0,9,0
117,117,21687.0,9,0
118,118,21686.0,10,0
119,119,21686.0,10,0
120,120,21686.0,10,0
121,121,21686.0,10,0
122,122,21685.0,11,0
123,123,21685.0,11,0
124,124,21685.0,11,0
125,125,21685.0,11,0
126,126,21685.0,11,0
127,127,21685.0,11,0
128,128,21685.0,11,0
