,Days,S,I,D
0,0,18804.0,0,0
1,1,18804.0,0,0
2,2,18804.0,0,0
3,3,18804.0,0,0
4,4,18804.0,0,0
5,5,18804.0,0,0
6,6,18804.0,0,0
7,7,18804.0,0,0
8,8,18804.0,0,0
9,9,18804.0,0,0
10,10,18804.0,0,0
11,11,18804.0,0,0
12,12,18804.0,0,0
13,13,18804.0,0,0
14,14,18804.0,0,0
15,15,18804.0,0,0
16,16,18804.0,0,0
17,17,18804.0,0,0
18,18,18804.0,0,0
19,19,18804.0,0,0
20,20,18804.0,0,0
21,21,18804.0,0,0
22,22,18804.0,0,0
23,23,18804.0,0,0
24,24,18804.0,0,0
25,25,18804.0,0,0
26,26,18804.0,0,0
27,27,18804.0,0,0
28,28,18804.0,0,0
29,29,18804.0,0,0
30,30,18804.0,0,0
31,31,18804.0,0,0
32,32,18804.0,0,0
33,33,18804.0,0,0
34,34,18804.0,0,0
35,35,18804.0,0,0
36,36,18804.0,0,0
37,37,18804.0,0,0
38,38,18804.0,0,0
39,39,18804.0,0,0
40,40,18804.0,0,0
41,41,18804.0,0,0
42,42,18804.0,0,0
43,43,18804.0,0,0
44,44,18804.0,0,0
45,45,18804.0,0,0
46,46,18804.0,0,0
47,47,18804.0,0,0
48,48,18804.0,0,0
49,49,18804.0,0,0
50,50,18804.0,0,0
51,51,18804.0,0,0
52,52,18804.0,0,0
53,53,18804.0,0,0
54,54,18804.0,0,0
55,55,18804.0,0,0
56,56,18804.0,0,0
57,57,18804.0,0,0
58,58,18804.0,0,0
59,59,18804.0,0,0
60,60,18804.0,0,0
61,61,18804.0,0,0
62,62,18804.0,0,0
63,63,18804.0,0,0
64,64,18804.0,0,0
65,65,18804.0,0,0
66,66,18804.0,0,0
67,67,18804.0,0,0
68,68,18804.0,0,0
69,69,18803.0,1,0
70,70,18803.0,1,0
71,71,18802.0,2,0
72,72,18802.0,2,0
73,73,18801.0,3,0
74,74,18801.0,3,0
75,75,18801.0,3,0
76,76,18801.0,3,0
77,77,18801.0,3,0
78,78,18801.0,3,0
79,79,18800.0,4,0
80,80,18800.0,4,0
81,81,18800.0,4,0
82,82,18800.0,4,0
83,83,18800.0,4,0
84,84,18800.0,4,0
85,85,18800.0,4,0
86,86,18800.0,4,0
87,87,18800.0,4,0
88,88,18800.0,4,0
89,89,18800.0,4,0
90,90,18800.0,4,0
91,91,18800.0,4,0
92,92,18800.0,4,0
93,93,18800.0,4,0
94,94,18800.0,4,0
95,95,18800.0,4,0
96,96,18800.0,4,0
97,97,18800.0,4,0
98,98,18800.0,4,0
99,99,18800.0,4,0
100,100,18800.0,4,0
101,101,18800.0,4,0
102,102,18800.0,4,0
103,103,18800.0,4,0
104,104,18800.0,4,0
105,105,18800.0,4,0
106,106,18800.0,4,0
107,107,18800.0,4,0
108,108,18800.0,4,0
109,109,18800.0,4,0
110,110,18800.0,4,0
111,111,18800.0,4,0
112,112,18800.0,4,0
113,113,18800.0,4,0
114,114,18800.0,4,0
115,115,18800.0,4,0
116,116,18800.0,4,0
117,117,18800.0,4,0
118,118,18800.0,4,0
119,119,18800.0,4,0
120,120,18800.0,4,0
121,121,18800.0,4,0
122,122,18800.0,4,0
123,123,18800.0,4,0
124,124,18800.0,4,0
125,125,18800.0,4,0
126,126,18800.0,4,0
127,127,18800.0,4,0
128,128,18800.0,4,0
