,Days,S,I,D
0,0,7462.0,0,0
1,1,7462.0,0,0
2,2,7462.0,0,0
3,3,7462.0,0,0
4,4,7462.0,0,0
5,5,7462.0,0,0
6,6,7462.0,0,0
7,7,7462.0,0,0
8,8,7462.0,0,0
9,9,7462.0,0,0
10,10,7462.0,0,0
11,11,7462.0,0,0
12,12,7462.0,0,0
13,13,7462.0,0,0
14,14,7462.0,0,0
15,15,7462.0,0,0
16,16,7462.0,0,0
17,17,7462.0,0,0
18,18,7462.0,0,0
19,19,7462.0,0,0
20,20,7462.0,0,0
21,21,7462.0,0,0
22,22,7462.0,0,0
23,23,7462.0,0,0
24,24,7462.0,0,0
25,25,7462.0,0,0
26,26,7462.0,0,0
27,27,7462.0,0,0
28,28,7462.0,0,0
29,29,7462.0,0,0
30,30,7462.0,0,0
31,31,7462.0,0,0
32,32,7462.0,0,0
33,33,7462.0,0,0
34,34,7462.0,0,0
35,35,7462.0,0,0
36,36,7462.0,0,0
37,37,7462.0,0,0
38,38,7462.0,0,0
39,39,7462.0,0,0
40,40,7462.0,0,0
41,41,7462.0,0,0
42,42,7462.0,0,0
43,43,7462.0,0,0
44,44,7462.0,0,0
45,45,7462.0,0,0
46,46,7462.0,0,0
47,47,7462.0,0,0
48,48,7462.0,0,0
49,49,7462.0,0,0
50,50,7462.0,0,0
51,51,7462.0,0,0
52,52,7462.0,0,0
53,53,7462.0,0,0
54,54,7462.0,0,0
55,55,7462.0,0,0
56,56,7462.0,0,0
57,57,7462.0,0,0
58,58,7462.0,0,0
59,59,7462.0,0,0
60,60,7462.0,0,0
61,61,7462.0,0,0
62,62,7462.0,0,0
63,63,7462.0,0,0
64,64,7462.0,0,0
65,65,7462.0,0,0
66,66,7462.0,0,0
67,67,7461.0,1,0
68,68,7461.0,1,0
69,69,7461.0,1,0
70,70,7461.0,1,0
71,71,7461.0,1,0
72,72,7461.0,1,0
73,73,7461.0,1,0
74,74,7461.0,1,0
75,75,7461.0,1,0
76,76,7461.0,1,0
77,77,7460.0,2,0
78,78,7460.0,2,0
79,79,7459.0,3,0
80,80,7459.0,3,0
81,81,7458.0,4,0
82,82,7458.0,4,0
83,83,7458.0,4,0
84,84,7458.0,4,0
85,85,7458.0,4,0
86,86,7458.0,4,0
87,87,7458.0,4,0
88,88,7458.0,4,0
89,89,7457.0,5,0
90,90,7457.0,5,0
91,91,7456.0,6,0
92,92,7456.0,6,0
93,93,7455.0,7,0
94,94,7455.0,7,0
95,95,7453.0,9,0
96,96,7453.0,9,0
97,97,7453.0,9,0
98,98,7453.0,9,0
99,99,7453.0,9,0
100,100,7453.0,9,0
101,101,7453.0,9,0
102,102,7453.0,9,0
103,103,7453.0,9,0
104,104,7452.0,10,0
105,105,7451.0,11,0
106,106,7451.0,11,0
107,107,7451.0,11,0
108,108,7451.0,11,0
109,109,7450.0,12,0
110,110,7450.0,12,0
111,111,7449.0,13,0
112,112,7449.0,13,0
113,113,7449.0,13,0
114,114,7448.0,14,0
115,115,7448.0,14,0
116,116,7448.0,14,0
117,117,7447.0,15,0
118,118,7447.0,15,0
119,119,7447.0,15,0
120,120,7447.0,15,0
121,121,7447.0,15,0
122,122,7445.0,17,0
123,123,7445.0,17,0
124,124,7445.0,17,0
125,125,7445.0,17,0
126,126,7445.0,17,0
127,127,7445.0,17,0
128,128,7445.0,17,0
