,Days,S,I,D
0,0,9433.0,0,0
1,1,9433.0,0,0
2,2,9433.0,0,0
3,3,9433.0,0,0
4,4,9433.0,0,0
5,5,9433.0,0,0
6,6,9433.0,0,0
7,7,9433.0,0,0
8,8,9433.0,0,0
9,9,9433.0,0,0
10,10,9433.0,0,0
11,11,9433.0,0,0
12,12,9433.0,0,0
13,13,9433.0,0,0
14,14,9433.0,0,0
15,15,9433.0,0,0
16,16,9433.0,0,0
17,17,9433.0,0,0
18,18,9433.0,0,0
19,19,9433.0,0,0
20,20,9433.0,0,0
21,21,9433.0,0,0
22,22,9433.0,0,0
23,23,9433.0,0,0
24,24,9433.0,0,0
25,25,9433.0,0,0
26,26,9433.0,0,0
27,27,9433.0,0,0
28,28,9433.0,0,0
29,29,9433.0,0,0
30,30,9433.0,0,0
31,31,9433.0,0,0
32,32,9433.0,0,0
33,33,9433.0,0,0
34,34,9433.0,0,0
35,35,9433.0,0,0
36,36,9433.0,0,0
37,37,9433.0,0,0
38,38,9433.0,0,0
39,39,9433.0,0,0
40,40,9433.0,0,0
41,41,9433.0,0,0
42,42,9433.0,0,0
43,43,9433.0,0,0
44,44,9433.0,0,0
45,45,9433.0,0,0
46,46,9433.0,0,0
47,47,9433.0,0,0
48,48,9433.0,0,0
49,49,9433.0,0,0
50,50,9433.0,0,0
51,51,9433.0,0,0
52,52,9433.0,0,0
53,53,9433.0,0,0
54,54,9433.0,0,0
55,55,9433.0,0,0
56,56,9433.0,0,0
57,57,9433.0,0,0
58,58,9433.0,0,0
59,59,9433.0,0,0
60,60,9433.0,0,0
61,61,9433.0,0,0
62,62,9433.0,0,0
63,63,9433.0,0,0
64,64,9433.0,0,0
65,65,9433.0,0,0
66,66,9433.0,0,0
67,67,9433.0,0,0
68,68,9433.0,0,0
69,69,9433.0,0,0
70,70,9433.0,0,0
71,71,9433.0,0,0
72,72,9433.0,0,0
73,73,9433.0,0,0
74,74,9433.0,0,0
75,75,9433.0,0,0
76,76,9433.0,0,0
77,77,9433.0,0,0
78,78,9433.0,0,0
79,79,9432.0,1,0
80,80,9432.0,1,0
81,81,9432.0,1,0
82,82,9432.0,1,0
83,83,9432.0,1,0
84,84,9432.0,1,0
85,85,9432.0,1,0
86,86,9432.0,1,0
87,87,9432.0,1,0
88,88,9432.0,1,0
89,89,9432.0,1,0
90,90,9432.0,1,0
91,91,9432.0,1,0
92,92,9432.0,1,0
93,93,9432.0,1,0
94,94,9432.0,1,0
95,95,9432.0,1,0
96,96,9432.0,1,0
97,97,9432.0,1,0
98,98,9432.0,1,0
99,99,9432.0,1,0
100,100,9432.0,1,0
101,101,9432.0,1,0
102,102,9432.0,1,0
103,103,9432.0,1,0
104,104,9432.0,1,0
105,105,9432.0,1,0
106,106,9432.0,1,0
107,107,9432.0,1,0
108,108,9432.0,1,0
109,109,9432.0,1,0
110,110,9432.0,1,0
111,111,9432.0,1,0
112,112,9431.0,2,0
113,113,9431.0,2,0
114,114,9431.0,2,0
115,115,9431.0,2,0
116,116,9431.0,2,0
117,117,9431.0,2,0
118,118,9431.0,2,0
119,119,9431.0,2,0
120,120,9431.0,2,0
121,121,9431.0,2,0
122,122,9431.0,2,0
123,123,9431.0,2,0
124,124,9431.0,2,0
125,125,9429.0,4,0
126,126,9429.0,4,0
127,127,9429.0,4,0
128,128,9429.0,4,0
