,Days,S,I,D
0,0,70963.0,0,0
1,1,70963.0,0,0
2,2,70963.0,0,0
3,3,70963.0,0,0
4,4,70963.0,0,0
5,5,70963.0,0,0
6,6,70963.0,0,0
7,7,70963.0,0,0
8,8,70963.0,0,0
9,9,70963.0,0,0
10,10,70963.0,0,0
11,11,70963.0,0,0
12,12,70963.0,0,0
13,13,70963.0,0,0
14,14,70963.0,0,0
15,15,70963.0,0,0
16,16,70963.0,0,0
17,17,70963.0,0,0
18,18,70963.0,0,0
19,19,70963.0,0,0
20,20,70963.0,0,0
21,21,70963.0,0,0
22,22,70963.0,0,0
23,23,70963.0,0,0
24,24,70963.0,0,0
25,25,70963.0,0,0
26,26,70963.0,0,0
27,27,70963.0,0,0
28,28,70963.0,0,0
29,29,70963.0,0,0
30,30,70963.0,0,0
31,31,70963.0,0,0
32,32,70963.0,0,0
33,33,70963.0,0,0
34,34,70963.0,0,0
35,35,70963.0,0,0
36,36,70963.0,0,0
37,37,70963.0,0,0
38,38,70963.0,0,0
39,39,70963.0,0,0
40,40,70963.0,0,0
41,41,70963.0,0,0
42,42,70963.0,0,0
43,43,70963.0,0,0
44,44,70963.0,0,0
45,45,70963.0,0,0
46,46,70963.0,0,0
47,47,70963.0,0,0
48,48,70963.0,0,0
49,49,70963.0,0,0
50,50,70962.0,1,0
51,51,70962.0,1,0
52,52,70963.0,0,0
53,53,70963.0,0,0
54,54,70963.0,0,0
55,55,70963.0,0,0
56,56,70962.0,1,0
57,57,70962.0,1,0
58,58,70962.0,1,0
59,59,70961.0,2,0
60,60,70961.0,2,0
61,61,70961.0,2,0
62,62,70958.0,5,0
63,63,70949.0,14,0
64,64,70946.0,16,1
65,65,70937.0,24,2
66,66,70922.0,39,2
67,67,70920.0,41,2
68,68,70912.0,49,2
69,69,70898.0,61,4
70,70,70884.0,72,7
71,71,70870.0,85,8
72,72,70863.0,89,11
73,73,70856.0,95,12
74,74,70851.0,100,12
75,75,70843.0,107,13
76,76,70829.0,117,17
77,77,70825.0,117,21
78,78,70813.0,128,22
79,79,70806.0,135,22
80,80,70802.0,138,23
81,81,70795.0,143,25
82,82,70790.0,148,25
83,83,70783.0,155,25
84,84,70778.0,160,25
85,85,70768.0,170,25
86,86,70765.0,173,25
87,87,70761.0,177,25
88,88,70756.0,181,26
89,89,70750.0,187,26
90,90,70742.0,192,29
91,91,70737.0,196,30
92,92,70730.0,203,30
93,93,70715.0,217,31
94,94,70706.0,225,32
95,95,70704.0,226,33
96,96,70699.0,231,33
97,97,70693.0,237,33
98,98,70676.0,252,35
99,99,70669.0,257,37
100,100,70666.0,260,37
101,101,70663.0,263,37
102,102,70657.0,269,37
103,103,70653.0,273,37
104,104,70651.0,275,37
105,105,70647.0,278,38
106,106,70639.0,285,39
107,107,70633.0,289,41
108,108,70627.0,294,42
109,109,70627.0,294,42
110,110,70625.0,296,42
111,111,70624.0,297,42
112,112,70618.0,302,43
113,113,70618.0,302,43
114,114,70616.0,304,43
115,115,70615.0,304,44
116,116,70611.0,308,44
117,117,70610.0,308,45
118,118,70610.0,308,45
119,119,70608.0,309,46
120,120,70607.0,310,46
121,121,70607.0,310,46
122,122,70605.0,312,46
123,123,70603.0,313,47
124,124,70602.0,314,47
125,125,70601.0,315,47
126,126,70599.0,317,47
127,127,70597.0,319,47
128,128,70597.0,319,47
