,Days,S,I,D
0,0,3079.0,0,0
1,1,3079.0,0,0
2,2,3079.0,0,0
3,3,3079.0,0,0
4,4,3079.0,0,0
5,5,3079.0,0,0
6,6,3079.0,0,0
7,7,3079.0,0,0
8,8,3079.0,0,0
9,9,3079.0,0,0
10,10,3079.0,0,0
11,11,3079.0,0,0
12,12,3079.0,0,0
13,13,3079.0,0,0
14,14,3079.0,0,0
15,15,3079.0,0,0
16,16,3079.0,0,0
17,17,3079.0,0,0
18,18,3079.0,0,0
19,19,3079.0,0,0
20,20,3079.0,0,0
21,21,3079.0,0,0
22,22,3079.0,0,0
23,23,3079.0,0,0
24,24,3079.0,0,0
25,25,3079.0,0,0
26,26,3079.0,0,0
27,27,3079.0,0,0
28,28,3079.0,0,0
29,29,3079.0,0,0
30,30,3079.0,0,0
31,31,3079.0,0,0
32,32,3079.0,0,0
33,33,3079.0,0,0
34,34,3079.0,0,0
35,35,3079.0,0,0
36,36,3079.0,0,0
37,37,3079.0,0,0
38,38,3079.0,0,0
39,39,3079.0,0,0
40,40,3079.0,0,0
41,41,3079.0,0,0
42,42,3079.0,0,0
43,43,3079.0,0,0
44,44,3079.0,0,0
45,45,3079.0,0,0
46,46,3079.0,0,0
47,47,3079.0,0,0
48,48,3079.0,0,0
49,49,3079.0,0,0
50,50,3079.0,0,0
51,51,3079.0,0,0
52,52,3079.0,0,0
53,53,3079.0,0,0
54,54,3079.0,0,0
55,55,3079.0,0,0
56,56,3079.0,0,0
57,57,3079.0,0,0
58,58,3079.0,0,0
59,59,3079.0,0,0
60,60,3079.0,0,0
61,61,3079.0,0,0
62,62,3079.0,0,0
63,63,3079.0,0,0
64,64,3079.0,0,0
65,65,3079.0,0,0
66,66,3079.0,0,0
67,67,3079.0,0,0
68,68,3079.0,0,0
69,69,3079.0,0,0
70,70,3079.0,0,0
71,71,3079.0,0,0
72,72,3079.0,0,0
73,73,3079.0,0,0
74,74,3079.0,0,0
75,75,3079.0,0,0
76,76,3079.0,0,0
77,77,3079.0,0,0
78,78,3079.0,0,0
79,79,3079.0,0,0
80,80,3079.0,0,0
81,81,3079.0,0,0
82,82,3079.0,0,0
83,83,3079.0,0,0
84,84,3079.0,0,0
85,85,3075.0,4,0
86,86,3073.0,6,0
87,87,3072.0,7,0
88,88,3072.0,7,0
89,89,3072.0,7,0
90,90,3072.0,7,0
91,91,3070.0,9,0
92,92,3069.0,10,0
93,93,3069.0,10,0
94,94,3068.0,11,0
95,95,3067.0,12,0
96,96,3065.0,14,0
97,97,3065.0,14,0
98,98,3065.0,14,0
99,99,3064.0,15,0
100,100,3062.0,17,0
101,101,3062.0,17,0
102,102,3061.0,18,0
103,103,3061.0,18,0
104,104,3061.0,18,0
105,105,3061.0,18,0
106,106,3060.0,19,0
107,107,3059.0,20,0
108,108,3059.0,20,0
109,109,3058.0,21,0
110,110,3058.0,21,0
111,111,3058.0,21,0
112,112,3058.0,21,0
113,113,3058.0,21,0
114,114,3058.0,21,0
115,115,3058.0,21,0
116,116,3058.0,21,0
117,117,3058.0,21,0
118,118,3058.0,21,0
119,119,3058.0,21,0
120,120,3058.0,21,0
121,121,3058.0,21,0
122,122,3058.0,21,0
123,123,3058.0,21,0
124,124,3058.0,21,0
125,125,3058.0,21,0
126,126,3057.0,22,0
127,127,3056.0,23,0
128,128,3055.0,24,0
