,Days,S,I,D
0,0,41619.0,0,0
1,1,41619.0,0,0
2,2,41619.0,0,0
3,3,41619.0,0,0
4,4,41619.0,0,0
5,5,41619.0,0,0
6,6,41619.0,0,0
7,7,41619.0,0,0
8,8,41619.0,0,0
9,9,41619.0,0,0
10,10,41619.0,0,0
11,11,41619.0,0,0
12,12,41619.0,0,0
13,13,41619.0,0,0
14,14,41619.0,0,0
15,15,41619.0,0,0
16,16,41619.0,0,0
17,17,41619.0,0,0
18,18,41619.0,0,0
19,19,41619.0,0,0
20,20,41619.0,0,0
21,21,41619.0,0,0
22,22,41619.0,0,0
23,23,41619.0,0,0
24,24,41619.0,0,0
25,25,41619.0,0,0
26,26,41619.0,0,0
27,27,41619.0,0,0
28,28,41619.0,0,0
29,29,41619.0,0,0
30,30,41619.0,0,0
31,31,41619.0,0,0
32,32,41619.0,0,0
33,33,41619.0,0,0
34,34,41619.0,0,0
35,35,41619.0,0,0
36,36,41619.0,0,0
37,37,41619.0,0,0
38,38,41619.0,0,0
39,39,41619.0,0,0
40,40,41619.0,0,0
41,41,41619.0,0,0
42,42,41619.0,0,0
43,43,41619.0,0,0
44,44,41619.0,0,0
45,45,41619.0,0,0
46,46,41619.0,0,0
47,47,41619.0,0,0
48,48,41619.0,0,0
49,49,41619.0,0,0
50,50,41619.0,0,0
51,51,41619.0,0,0
52,52,41619.0,0,0
53,53,41619.0,0,0
54,54,41619.0,0,0
55,55,41619.0,0,0
56,56,41619.0,0,0
57,57,41619.0,0,0
58,58,41619.0,0,0
59,59,41619.0,0,0
60,60,41619.0,0,0
61,61,41619.0,0,0
62,62,41619.0,0,0
63,63,41616.0,3,0
64,64,41616.0,3,0
65,65,41616.0,3,0
66,66,41616.0,3,0
67,67,41613.0,6,0
68,68,41613.0,6,0
69,69,41613.0,6,0
70,70,41612.0,7,0
71,71,41610.0,9,0
72,72,41610.0,9,0
73,73,41610.0,9,0
74,74,41610.0,9,0
75,75,41607.0,12,0
76,76,41602.0,17,0
77,77,41602.0,17,0
78,78,41601.0,18,0
79,79,41599.0,20,0
80,80,41596.0,23,0
81,81,41593.0,26,0
82,82,41592.0,27,0
83,83,41591.0,28,0
84,84,41588.0,31,0
85,85,41587.0,32,0
86,86,41587.0,32,0
87,87,41585.0,34,0
88,88,41585.0,34,0
89,89,41585.0,34,0
90,90,41583.0,36,0
91,91,41583.0,36,0
92,92,41583.0,36,0
93,93,41583.0,36,0
94,94,41583.0,36,0
95,95,41583.0,36,0
96,96,41583.0,36,0
97,97,41583.0,36,0
98,98,41583.0,36,0
99,99,41582.0,37,0
100,100,41582.0,37,0
101,101,41582.0,37,0
102,102,41582.0,37,0
103,103,41580.0,39,0
104,104,41579.0,40,0
105,105,41579.0,40,0
106,106,41579.0,40,0
107,107,41578.0,41,0
108,108,41578.0,41,0
109,109,41578.0,41,0
110,110,41578.0,41,0
111,111,41577.0,42,0
112,112,41577.0,42,0
113,113,41577.0,42,0
114,114,41577.0,42,0
115,115,41577.0,42,0
116,116,41577.0,42,0
117,117,41576.0,43,0
118,118,41575.0,44,0
119,119,41575.0,44,0
120,120,41575.0,44,0
121,121,41575.0,44,0
122,122,41575.0,44,0
123,123,41574.0,45,0
124,124,41569.0,50,0
125,125,41564.0,55,0
126,126,41563.0,56,0
127,127,41562.0,57,0
128,128,41562.0,57,0
