,Days,S,I,D
0,0,12045.0,0,0
1,1,12045.0,0,0
2,2,12045.0,0,0
3,3,12045.0,0,0
4,4,12045.0,0,0
5,5,12045.0,0,0
6,6,12045.0,0,0
7,7,12045.0,0,0
8,8,12045.0,0,0
9,9,12045.0,0,0
10,10,12045.0,0,0
11,11,12045.0,0,0
12,12,12045.0,0,0
13,13,12045.0,0,0
14,14,12045.0,0,0
15,15,12045.0,0,0
16,16,12045.0,0,0
17,17,12045.0,0,0
18,18,12045.0,0,0
19,19,12045.0,0,0
20,20,12045.0,0,0
21,21,12045.0,0,0
22,22,12045.0,0,0
23,23,12045.0,0,0
24,24,12045.0,0,0
25,25,12045.0,0,0
26,26,12045.0,0,0
27,27,12045.0,0,0
28,28,12045.0,0,0
29,29,12045.0,0,0
30,30,12045.0,0,0
31,31,12045.0,0,0
32,32,12045.0,0,0
33,33,12045.0,0,0
34,34,12045.0,0,0
35,35,12045.0,0,0
36,36,12045.0,0,0
37,37,12045.0,0,0
38,38,12045.0,0,0
39,39,12045.0,0,0
40,40,12045.0,0,0
41,41,12045.0,0,0
42,42,12045.0,0,0
43,43,12045.0,0,0
44,44,12045.0,0,0
45,45,12045.0,0,0
46,46,12045.0,0,0
47,47,12045.0,0,0
48,48,12045.0,0,0
49,49,12045.0,0,0
50,50,12045.0,0,0
51,51,12045.0,0,0
52,52,12045.0,0,0
53,53,12045.0,0,0
54,54,12045.0,0,0
55,55,12045.0,0,0
56,56,12045.0,0,0
57,57,12045.0,0,0
58,58,12045.0,0,0
59,59,12045.0,0,0
60,60,12045.0,0,0
61,61,12045.0,0,0
62,62,12045.0,0,0
63,63,12045.0,0,0
64,64,12043.0,2,0
65,65,12043.0,2,0
66,66,12043.0,2,0
67,67,12043.0,2,0
68,68,12043.0,2,0
69,69,12043.0,2,0
70,70,12043.0,2,0
71,71,12043.0,2,0
72,72,12040.0,5,0
73,73,12040.0,5,0
74,74,12040.0,5,0
75,75,12039.0,6,0
76,76,12039.0,6,0
77,77,12039.0,6,0
78,78,12039.0,6,0
79,79,12039.0,6,0
80,80,12039.0,6,0
81,81,12038.0,7,0
82,82,12038.0,7,0
83,83,12038.0,7,0
84,84,12038.0,7,0
85,85,12038.0,7,0
86,86,12038.0,7,0
87,87,12038.0,7,0
88,88,12038.0,7,0
89,89,12038.0,7,0
90,90,12038.0,7,0
91,91,12036.0,9,0
92,92,12036.0,9,0
93,93,12036.0,9,0
94,94,12036.0,9,0
95,95,12036.0,9,0
96,96,12036.0,9,0
97,97,12036.0,9,0
98,98,12036.0,9,0
99,99,12036.0,9,0
100,100,12036.0,9,0
101,101,12036.0,9,0
102,102,12036.0,9,0
103,103,12036.0,9,0
104,104,12036.0,9,0
105,105,12036.0,9,0
106,106,12036.0,9,0
107,107,12036.0,9,0
108,108,12035.0,10,0
109,109,12035.0,10,0
110,110,12035.0,10,0
111,111,12035.0,10,0
112,112,12035.0,10,0
113,113,12035.0,10,0
114,114,12035.0,10,0
115,115,12035.0,10,0
116,116,12035.0,10,0
117,117,12035.0,10,0
118,118,12035.0,10,0
119,119,12035.0,10,0
120,120,12035.0,10,0
121,121,12035.0,10,0
122,122,12035.0,10,0
123,123,12035.0,10,0
124,124,12035.0,10,0
125,125,12034.0,11,0
126,126,12034.0,11,0
127,127,12034.0,11,0
128,128,12034.0,11,0
