,Days,S,I,D
0,0,11555.0,0,0
1,1,11555.0,0,0
2,2,11555.0,0,0
3,3,11555.0,0,0
4,4,11555.0,0,0
5,5,11555.0,0,0
6,6,11555.0,0,0
7,7,11555.0,0,0
8,8,11555.0,0,0
9,9,11555.0,0,0
10,10,11555.0,0,0
11,11,11555.0,0,0
12,12,11555.0,0,0
13,13,11555.0,0,0
14,14,11555.0,0,0
15,15,11555.0,0,0
16,16,11555.0,0,0
17,17,11555.0,0,0
18,18,11555.0,0,0
19,19,11555.0,0,0
20,20,11555.0,0,0
21,21,11555.0,0,0
22,22,11555.0,0,0
23,23,11555.0,0,0
24,24,11555.0,0,0
25,25,11555.0,0,0
26,26,11555.0,0,0
27,27,11555.0,0,0
28,28,11555.0,0,0
29,29,11555.0,0,0
30,30,11555.0,0,0
31,31,11555.0,0,0
32,32,11555.0,0,0
33,33,11555.0,0,0
34,34,11555.0,0,0
35,35,11555.0,0,0
36,36,11555.0,0,0
37,37,11555.0,0,0
38,38,11555.0,0,0
39,39,11555.0,0,0
40,40,11555.0,0,0
41,41,11555.0,0,0
42,42,11555.0,0,0
43,43,11555.0,0,0
44,44,11555.0,0,0
45,45,11555.0,0,0
46,46,11555.0,0,0
47,47,11555.0,0,0
48,48,11555.0,0,0
49,49,11555.0,0,0
50,50,11555.0,0,0
51,51,11555.0,0,0
52,52,11555.0,0,0
53,53,11555.0,0,0
54,54,11555.0,0,0
55,55,11555.0,0,0
56,56,11555.0,0,0
57,57,11555.0,0,0
58,58,11555.0,0,0
59,59,11555.0,0,0
60,60,11555.0,0,0
61,61,11555.0,0,0
62,62,11555.0,0,0
63,63,11555.0,0,0
64,64,11555.0,0,0
65,65,11555.0,0,0
66,66,11555.0,0,0
67,67,11555.0,0,0
68,68,11555.0,0,0
69,69,11555.0,0,0
70,70,11555.0,0,0
71,71,11554.0,1,0
72,72,11554.0,1,0
73,73,11554.0,1,0
74,74,11554.0,1,0
75,75,11553.0,2,0
76,76,11553.0,2,0
77,77,11553.0,2,0
78,78,11553.0,2,0
79,79,11553.0,2,0
80,80,11553.0,2,0
81,81,11553.0,2,0
82,82,11553.0,2,0
83,83,11553.0,2,0
84,84,11553.0,2,0
85,85,11553.0,2,0
86,86,11553.0,2,0
87,87,11553.0,2,0
88,88,11551.0,4,0
89,89,11551.0,4,0
90,90,11551.0,4,0
91,91,11549.0,6,0
92,92,11549.0,6,0
93,93,11549.0,6,0
94,94,11549.0,6,0
95,95,11548.0,7,0
96,96,11548.0,7,0
97,97,11548.0,7,0
98,98,11548.0,7,0
99,99,11548.0,7,0
100,100,11548.0,7,0
101,101,11548.0,7,0
102,102,11548.0,7,0
103,103,11548.0,7,0
104,104,11548.0,7,0
105,105,11548.0,7,0
106,106,11548.0,7,0
107,107,11548.0,7,0
108,108,11547.0,8,0
109,109,11547.0,8,0
110,110,11547.0,8,0
111,111,11547.0,8,0
112,112,11547.0,8,0
113,113,11547.0,8,0
114,114,11547.0,8,0
115,115,11547.0,8,0
116,116,11547.0,8,0
117,117,11547.0,8,0
118,118,11547.0,8,0
119,119,11546.0,9,0
120,120,11545.0,10,0
121,121,11545.0,10,0
122,122,11545.0,10,0
123,123,11545.0,10,0
124,124,11545.0,10,0
125,125,11545.0,10,0
126,126,11545.0,10,0
127,127,11545.0,10,0
128,128,11545.0,10,0
