,Days,S,I,D
0,0,5080.0,0,0
1,1,5080.0,0,0
2,2,5080.0,0,0
3,3,5080.0,0,0
4,4,5080.0,0,0
5,5,5080.0,0,0
6,6,5080.0,0,0
7,7,5080.0,0,0
8,8,5080.0,0,0
9,9,5080.0,0,0
10,10,5080.0,0,0
11,11,5080.0,0,0
12,12,5080.0,0,0
13,13,5080.0,0,0
14,14,5080.0,0,0
15,15,5080.0,0,0
16,16,5080.0,0,0
17,17,5080.0,0,0
18,18,5080.0,0,0
19,19,5080.0,0,0
20,20,5080.0,0,0
21,21,5080.0,0,0
22,22,5080.0,0,0
23,23,5080.0,0,0
24,24,5080.0,0,0
25,25,5080.0,0,0
26,26,5080.0,0,0
27,27,5080.0,0,0
28,28,5080.0,0,0
29,29,5080.0,0,0
30,30,5080.0,0,0
31,31,5080.0,0,0
32,32,5080.0,0,0
33,33,5080.0,0,0
34,34,5080.0,0,0
35,35,5080.0,0,0
36,36,5080.0,0,0
37,37,5080.0,0,0
38,38,5080.0,0,0
39,39,5080.0,0,0
40,40,5080.0,0,0
41,41,5080.0,0,0
42,42,5080.0,0,0
43,43,5080.0,0,0
44,44,5080.0,0,0
45,45,5080.0,0,0
46,46,5080.0,0,0
47,47,5080.0,0,0
48,48,5080.0,0,0
49,49,5080.0,0,0
50,50,5080.0,0,0
51,51,5080.0,0,0
52,52,5080.0,0,0
53,53,5080.0,0,0
54,54,5080.0,0,0
55,55,5080.0,0,0
56,56,5080.0,0,0
57,57,5080.0,0,0
58,58,5080.0,0,0
59,59,5080.0,0,0
60,60,5080.0,0,0
61,61,5080.0,0,0
62,62,5080.0,0,0
63,63,5080.0,0,0
64,64,5080.0,0,0
65,65,5079.0,1,0
66,66,5079.0,1,0
67,67,5079.0,1,0
68,68,5079.0,1,0
69,69,5079.0,1,0
70,70,5079.0,1,0
71,71,5079.0,1,0
72,72,5079.0,1,0
73,73,5079.0,1,0
74,74,5079.0,1,0
75,75,5079.0,1,0
76,76,5079.0,1,0
77,77,5079.0,1,0
78,78,5079.0,1,0
79,79,5079.0,1,0
80,80,5079.0,1,0
81,81,5079.0,1,0
82,82,5079.0,1,0
83,83,5079.0,1,0
84,84,5079.0,1,0
85,85,5079.0,1,0
86,86,5079.0,1,0
87,87,5079.0,1,0
88,88,5079.0,1,0
89,89,5079.0,1,0
90,90,5079.0,1,0
91,91,5079.0,1,0
92,92,5079.0,1,0
93,93,5079.0,1,0
94,94,5079.0,1,0
95,95,5079.0,1,0
96,96,5077.0,3,0
97,97,5077.0,3,0
98,98,5077.0,3,0
99,99,5077.0,3,0
100,100,5077.0,3,0
101,101,5077.0,3,0
102,102,5077.0,3,0
103,103,5077.0,3,0
104,104,5077.0,3,0
105,105,5077.0,3,0
106,106,5077.0,3,0
107,107,5077.0,3,0
108,108,5077.0,3,0
109,109,5077.0,3,0
110,110,5077.0,3,0
111,111,5077.0,3,0
112,112,5077.0,3,0
113,113,5077.0,3,0
114,114,5077.0,3,0
115,115,5077.0,3,0
116,116,5077.0,3,0
117,117,5077.0,3,0
118,118,5077.0,3,0
119,119,5077.0,3,0
120,120,5077.0,3,0
121,121,5077.0,3,0
122,122,5077.0,3,0
123,123,5077.0,3,0
124,124,5077.0,3,0
125,125,5077.0,3,0
126,126,5077.0,3,0
127,127,5077.0,3,0
128,128,5077.0,3,0
