,Days,S,I,D
0,0,5191.0,0,0
1,1,5191.0,0,0
2,2,5191.0,0,0
3,3,5191.0,0,0
4,4,5191.0,0,0
5,5,5191.0,0,0
6,6,5191.0,0,0
7,7,5191.0,0,0
8,8,5191.0,0,0
9,9,5191.0,0,0
10,10,5191.0,0,0
11,11,5191.0,0,0
12,12,5191.0,0,0
13,13,5191.0,0,0
14,14,5191.0,0,0
15,15,5191.0,0,0
16,16,5191.0,0,0
17,17,5191.0,0,0
18,18,5191.0,0,0
19,19,5191.0,0,0
20,20,5191.0,0,0
21,21,5191.0,0,0
22,22,5191.0,0,0
23,23,5191.0,0,0
24,24,5191.0,0,0
25,25,5191.0,0,0
26,26,5191.0,0,0
27,27,5191.0,0,0
28,28,5191.0,0,0
29,29,5191.0,0,0
30,30,5191.0,0,0
31,31,5191.0,0,0
32,32,5191.0,0,0
33,33,5191.0,0,0
34,34,5191.0,0,0
35,35,5191.0,0,0
36,36,5191.0,0,0
37,37,5191.0,0,0
38,38,5191.0,0,0
39,39,5191.0,0,0
40,40,5191.0,0,0
41,41,5191.0,0,0
42,42,5191.0,0,0
43,43,5191.0,0,0
44,44,5191.0,0,0
45,45,5191.0,0,0
46,46,5191.0,0,0
47,47,5191.0,0,0
48,48,5191.0,0,0
49,49,5191.0,0,0
50,50,5191.0,0,0
51,51,5191.0,0,0
52,52,5191.0,0,0
53,53,5191.0,0,0
54,54,5191.0,0,0
55,55,5191.0,0,0
56,56,5191.0,0,0
57,57,5191.0,0,0
58,58,5191.0,0,0
59,59,5191.0,0,0
60,60,5191.0,0,0
61,61,5191.0,0,0
62,62,5191.0,0,0
63,63,5191.0,0,0
64,64,5191.0,0,0
65,65,5191.0,0,0
66,66,5191.0,0,0
67,67,5191.0,0,0
68,68,5191.0,0,0
69,69,5191.0,0,0
70,70,5191.0,0,0
71,71,5191.0,0,0
72,72,5191.0,0,0
73,73,5191.0,0,0
74,74,5191.0,0,0
75,75,5191.0,0,0
76,76,5191.0,0,0
77,77,5191.0,0,0
78,78,5191.0,0,0
79,79,5191.0,0,0
80,80,5191.0,0,0
81,81,5191.0,0,0
82,82,5191.0,0,0
83,83,5191.0,0,0
84,84,5191.0,0,0
85,85,5191.0,0,0
86,86,5191.0,0,0
87,87,5191.0,0,0
88,88,5191.0,0,0
89,89,5191.0,0,0
90,90,5191.0,0,0
91,91,5190.0,1,0
92,92,5190.0,1,0
93,93,5188.0,3,0
94,94,5188.0,3,0
95,95,5186.0,5,0
96,96,5186.0,5,0
97,97,5186.0,5,0
98,98,5184.0,7,0
99,99,5184.0,7,0
100,100,5184.0,7,0
101,101,5183.0,8,0
102,102,5182.0,9,0
103,103,5182.0,9,0
104,104,5180.0,11,0
105,105,5179.0,12,0
106,106,5179.0,12,0
107,107,5178.0,13,0
108,108,5178.0,13,0
109,109,5177.0,14,0
110,110,5177.0,14,0
111,111,5177.0,14,0
112,112,5177.0,14,0
113,113,5177.0,14,0
114,114,5177.0,14,0
115,115,5177.0,14,0
116,116,5177.0,14,0
117,117,5177.0,14,0
118,118,5177.0,14,0
119,119,5176.0,15,0
120,120,5176.0,15,0
121,121,5176.0,15,0
122,122,5176.0,15,0
123,123,5176.0,15,0
124,124,5176.0,15,0
125,125,5176.0,15,0
126,126,5176.0,15,0
127,127,5176.0,15,0
128,128,5176.0,15,0
