,Days,S,I,D
0,0,253956.0,0,0
1,1,253956.0,0,0
2,2,253956.0,0,0
3,3,253956.0,0,0
4,4,253956.0,0,0
5,5,253956.0,0,0
6,6,253956.0,0,0
7,7,253956.0,0,0
8,8,253956.0,0,0
9,9,253956.0,0,0
10,10,253956.0,0,0
11,11,253956.0,0,0
12,12,253956.0,0,0
13,13,253956.0,0,0
14,14,253956.0,0,0
15,15,253956.0,0,0
16,16,253956.0,0,0
17,17,253956.0,0,0
18,18,253956.0,0,0
19,19,253956.0,0,0
20,20,253956.0,0,0
21,21,253956.0,0,0
22,22,253956.0,0,0
23,23,253956.0,0,0
24,24,253956.0,0,0
25,25,253956.0,0,0
26,26,253956.0,0,0
27,27,253956.0,0,0
28,28,253956.0,0,0
29,29,253956.0,0,0
30,30,253956.0,0,0
31,31,253956.0,0,0
32,32,253956.0,0,0
33,33,253956.0,0,0
34,34,253956.0,0,0
35,35,253956.0,0,0
36,36,253956.0,0,0
37,37,253956.0,0,0
38,38,253956.0,0,0
39,39,253956.0,0,0
40,40,253956.0,0,0
41,41,253956.0,0,0
42,42,253956.0,0,0
43,43,253956.0,0,0
44,44,253956.0,0,0
45,45,253956.0,0,0
46,46,253955.0,1,0
47,47,253955.0,1,0
48,48,253955.0,1,0
49,49,253955.0,1,0
50,50,253955.0,1,0
51,51,253955.0,1,0
52,52,253954.0,2,0
53,53,253954.0,2,0
54,54,253954.0,2,0
55,55,253954.0,2,0
56,56,253953.0,3,0
57,57,253953.0,3,0
58,58,253951.0,5,0
59,59,253951.0,5,0
60,60,253951.0,5,0
61,61,253951.0,5,0
62,62,253951.0,5,0
63,63,253951.0,5,0
64,64,253947.0,9,0
65,65,253938.0,18,0
66,66,253935.0,21,0
67,67,253933.0,23,0
68,68,253932.0,24,0
69,69,253931.0,25,0
70,70,253922.0,34,0
71,71,253919.0,37,0
72,72,253915.0,41,0
73,73,253912.0,44,0
74,74,253904.0,52,0
75,75,253901.0,55,0
76,76,253897.0,59,0
77,77,253870.0,86,0
78,78,253855.0,101,0
79,79,253846.0,110,0
80,80,253835.0,120,1
81,81,253827.0,129,0
82,82,253814.0,142,0
83,83,253809.0,147,0
84,84,253801.0,152,3
85,85,253791.0,161,4
86,86,253780.0,176,0
87,87,253761.0,195,0
88,88,253745.0,210,1
89,89,253729.0,226,1
90,90,253723.0,232,1
91,91,253687.0,267,2
92,92,253674.0,280,2
93,93,253665.0,289,2
94,94,253650.0,302,4
95,95,253633.0,319,4
96,96,253600.0,352,4
97,97,253592.0,358,6
98,98,253579.0,371,6
99,99,253536.0,414,6
100,100,253510.0,437,9
101,101,253478.0,468,10
102,102,253467.0,479,10
103,103,253455.0,491,10
104,104,253442.0,499,15
105,105,253407.0,532,17
106,106,253386.0,552,18
107,107,253364.0,572,20
108,108,253346.0,589,21
109,109,253330.0,605,21
110,110,253330.0,605,21
111,111,253319.0,614,23
112,112,253303.0,629,24
113,113,253265.0,663,28
114,114,253257.0,671,28
115,115,253248.0,678,30
116,116,253238.0,687,31
117,117,253230.0,695,31
118,118,253215.0,709,32
119,119,253199.0,721,36
120,120,253182.0,737,37
121,121,253167.0,746,43
122,122,253149.0,764,43
123,123,253122.0,789,45
124,124,253115.0,795,46
125,125,253115.0,795,46
126,126,253109.0,801,46
127,127,253083.0,827,46
128,128,253056.0,854,46
