,Days,S,I,D
0,0,28047.0,0,0
1,1,28047.0,0,0
2,2,28047.0,0,0
3,3,28047.0,0,0
4,4,28047.0,0,0
5,5,28047.0,0,0
6,6,28047.0,0,0
7,7,28047.0,0,0
8,8,28047.0,0,0
9,9,28047.0,0,0
10,10,28047.0,0,0
11,11,28047.0,0,0
12,12,28047.0,0,0
13,13,28047.0,0,0
14,14,28047.0,0,0
15,15,28047.0,0,0
16,16,28047.0,0,0
17,17,28047.0,0,0
18,18,28047.0,0,0
19,19,28047.0,0,0
20,20,28047.0,0,0
21,21,28047.0,0,0
22,22,28047.0,0,0
23,23,28047.0,0,0
24,24,28047.0,0,0
25,25,28047.0,0,0
26,26,28047.0,0,0
27,27,28047.0,0,0
28,28,28047.0,0,0
29,29,28047.0,0,0
30,30,28047.0,0,0
31,31,28047.0,0,0
32,32,28047.0,0,0
33,33,28047.0,0,0
34,34,28047.0,0,0
35,35,28047.0,0,0
36,36,28047.0,0,0
37,37,28047.0,0,0
38,38,28047.0,0,0
39,39,28047.0,0,0
40,40,28047.0,0,0
41,41,28047.0,0,0
42,42,28047.0,0,0
43,43,28047.0,0,0
44,44,28047.0,0,0
45,45,28047.0,0,0
46,46,28047.0,0,0
47,47,28047.0,0,0
48,48,28047.0,0,0
49,49,28047.0,0,0
50,50,28047.0,0,0
51,51,28047.0,0,0
52,52,28047.0,0,0
53,53,28047.0,0,0
54,54,28047.0,0,0
55,55,28047.0,0,0
56,56,28047.0,0,0
57,57,28047.0,0,0
58,58,28047.0,0,0
59,59,28047.0,0,0
60,60,28047.0,0,0
61,61,28047.0,0,0
62,62,28047.0,0,0
63,63,28047.0,0,0
64,64,28047.0,0,0
65,65,28046.0,1,0
66,66,28046.0,1,0
67,67,28046.0,1,0
68,68,28045.0,2,0
69,69,28045.0,2,0
70,70,28045.0,2,0
71,71,28045.0,2,0
72,72,28045.0,2,0
73,73,28045.0,2,0
74,74,28045.0,2,0
75,75,28045.0,2,0
76,76,28045.0,2,0
77,77,28045.0,2,0
78,78,28045.0,2,0
79,79,28044.0,3,0
80,80,28044.0,3,0
81,81,28044.0,3,0
82,82,28043.0,4,0
83,83,28043.0,4,0
84,84,28043.0,4,0
85,85,28043.0,4,0
86,86,28043.0,4,0
87,87,28043.0,4,0
88,88,28043.0,4,0
89,89,28043.0,4,0
90,90,28043.0,4,0
91,91,28043.0,4,0
92,92,28042.0,5,0
93,93,28042.0,5,0
94,94,28042.0,5,0
95,95,28042.0,5,0
96,96,28042.0,5,0
97,97,28042.0,5,0
98,98,28042.0,5,0
99,99,28042.0,5,0
100,100,28042.0,5,0
101,101,28042.0,5,0
102,102,28042.0,5,0
103,103,28042.0,5,0
104,104,28042.0,5,0
105,105,28042.0,5,0
106,106,28041.0,6,0
107,107,28041.0,6,0
108,108,28041.0,6,0
109,109,28041.0,6,0
110,110,28041.0,6,0
111,111,28041.0,6,0
112,112,28040.0,7,0
113,113,28038.0,9,0
114,114,28038.0,9,0
115,115,28038.0,9,0
116,116,28038.0,9,0
117,117,28035.0,12,0
118,118,28035.0,12,0
119,119,28035.0,12,0
120,120,28035.0,12,0
121,121,28035.0,12,0
122,122,28035.0,12,0
123,123,28035.0,12,0
124,124,28035.0,12,0
125,125,28034.0,13,0
126,126,28034.0,13,0
127,127,28033.0,14,0
128,128,28033.0,14,0
