,Days,S,I,D
0,0,12820.0,0,0
1,1,12820.0,0,0
2,2,12820.0,0,0
3,3,12820.0,0,0
4,4,12820.0,0,0
5,5,12820.0,0,0
6,6,12820.0,0,0
7,7,12820.0,0,0
8,8,12820.0,0,0
9,9,12820.0,0,0
10,10,12820.0,0,0
11,11,12820.0,0,0
12,12,12820.0,0,0
13,13,12820.0,0,0
14,14,12820.0,0,0
15,15,12820.0,0,0
16,16,12820.0,0,0
17,17,12820.0,0,0
18,18,12820.0,0,0
19,19,12820.0,0,0
20,20,12820.0,0,0
21,21,12820.0,0,0
22,22,12820.0,0,0
23,23,12820.0,0,0
24,24,12820.0,0,0
25,25,12820.0,0,0
26,26,12820.0,0,0
27,27,12820.0,0,0
28,28,12820.0,0,0
29,29,12820.0,0,0
30,30,12820.0,0,0
31,31,12820.0,0,0
32,32,12820.0,0,0
33,33,12820.0,0,0
34,34,12820.0,0,0
35,35,12820.0,0,0
36,36,12820.0,0,0
37,37,12820.0,0,0
38,38,12820.0,0,0
39,39,12820.0,0,0
40,40,12820.0,0,0
41,41,12820.0,0,0
42,42,12820.0,0,0
43,43,12820.0,0,0
44,44,12820.0,0,0
45,45,12820.0,0,0
46,46,12820.0,0,0
47,47,12820.0,0,0
48,48,12820.0,0,0
49,49,12820.0,0,0
50,50,12820.0,0,0
51,51,12820.0,0,0
52,52,12820.0,0,0
53,53,12820.0,0,0
54,54,12820.0,0,0
55,55,12820.0,0,0
56,56,12820.0,0,0
57,57,12820.0,0,0
58,58,12820.0,0,0
59,59,12820.0,0,0
60,60,12820.0,0,0
61,61,12820.0,0,0
62,62,12820.0,0,0
63,63,12820.0,0,0
64,64,12820.0,0,0
65,65,12820.0,0,0
66,66,12820.0,0,0
67,67,12820.0,0,0
68,68,12820.0,0,0
69,69,12820.0,0,0
70,70,12820.0,0,0
71,71,12820.0,0,0
72,72,12820.0,0,0
73,73,12820.0,0,0
74,74,12820.0,0,0
75,75,12820.0,0,0
76,76,12820.0,0,0
77,77,12820.0,0,0
78,78,12820.0,0,0
79,79,12820.0,0,0
80,80,12820.0,0,0
81,81,12820.0,0,0
82,82,12820.0,0,0
83,83,12819.0,1,0
84,84,12819.0,1,0
85,85,12819.0,1,0
86,86,12819.0,1,0
87,87,12819.0,1,0
88,88,12819.0,1,0
89,89,12819.0,1,0
90,90,12819.0,1,0
91,91,12819.0,1,0
92,92,12819.0,1,0
93,93,12819.0,1,0
94,94,12819.0,1,0
95,95,12819.0,1,0
96,96,12819.0,1,0
97,97,12819.0,1,0
98,98,12819.0,1,0
99,99,12819.0,1,0
100,100,12819.0,1,0
101,101,12819.0,1,0
102,102,12819.0,1,0
103,103,12819.0,1,0
104,104,12819.0,1,0
105,105,12818.0,2,0
106,106,12818.0,2,0
107,107,12818.0,2,0
108,108,12818.0,2,0
109,109,12818.0,2,0
110,110,12818.0,2,0
111,111,12818.0,2,0
112,112,12818.0,2,0
113,113,12818.0,2,0
114,114,12815.0,5,0
115,115,12815.0,5,0
116,116,12815.0,5,0
117,117,12815.0,5,0
118,118,12814.0,6,0
119,119,12814.0,6,0
120,120,12814.0,6,0
121,121,12814.0,6,0
122,122,12814.0,6,0
123,123,12814.0,6,0
124,124,12814.0,6,0
125,125,12814.0,6,0
126,126,12814.0,6,0
127,127,12814.0,6,0
128,128,12813.0,7,0
