,Days,S,I,D
0,0,64382.0,0,0
1,1,64382.0,0,0
2,2,64382.0,0,0
3,3,64382.0,0,0
4,4,64382.0,0,0
5,5,64382.0,0,0
6,6,64382.0,0,0
7,7,64382.0,0,0
8,8,64382.0,0,0
9,9,64382.0,0,0
10,10,64382.0,0,0
11,11,64382.0,0,0
12,12,64382.0,0,0
13,13,64382.0,0,0
14,14,64382.0,0,0
15,15,64382.0,0,0
16,16,64382.0,0,0
17,17,64382.0,0,0
18,18,64382.0,0,0
19,19,64382.0,0,0
20,20,64382.0,0,0
21,21,64382.0,0,0
22,22,64382.0,0,0
23,23,64382.0,0,0
24,24,64382.0,0,0
25,25,64382.0,0,0
26,26,64382.0,0,0
27,27,64382.0,0,0
28,28,64382.0,0,0
29,29,64382.0,0,0
30,30,64382.0,0,0
31,31,64382.0,0,0
32,32,64382.0,0,0
33,33,64382.0,0,0
34,34,64382.0,0,0
35,35,64382.0,0,0
36,36,64382.0,0,0
37,37,64382.0,0,0
38,38,64382.0,0,0
39,39,64382.0,0,0
40,40,64382.0,0,0
41,41,64382.0,0,0
42,42,64382.0,0,0
43,43,64382.0,0,0
44,44,64382.0,0,0
45,45,64382.0,0,0
46,46,64382.0,0,0
47,47,64382.0,0,0
48,48,64382.0,0,0
49,49,64382.0,0,0
50,50,64382.0,0,0
51,51,64382.0,0,0
52,52,64382.0,0,0
53,53,64382.0,0,0
54,54,64382.0,0,0
55,55,64382.0,0,0
56,56,64382.0,0,0
57,57,64382.0,0,0
58,58,64382.0,0,0
59,59,64382.0,0,0
60,60,64382.0,0,0
61,61,64382.0,0,0
62,62,64382.0,0,0
63,63,64382.0,0,0
64,64,64382.0,0,0
65,65,64382.0,0,0
66,66,64382.0,0,0
67,67,64382.0,0,0
68,68,64382.0,0,0
69,69,64382.0,0,0
70,70,64382.0,0,0
71,71,64382.0,0,0
72,72,64382.0,0,0
73,73,64382.0,0,0
74,74,64382.0,0,0
75,75,64380.0,2,0
76,76,64380.0,2,0
77,77,64379.0,3,0
78,78,64379.0,3,0
79,79,64378.0,4,0
80,80,64378.0,4,0
81,81,64378.0,4,0
82,82,64378.0,4,0
83,83,64377.0,5,0
84,84,64377.0,5,0
85,85,64376.0,6,0
86,86,64376.0,6,0
87,87,64376.0,6,0
88,88,64376.0,6,0
89,89,64376.0,6,0
90,90,64376.0,6,0
91,91,64376.0,6,0
92,92,64376.0,6,0
93,93,64376.0,6,0
94,94,64376.0,6,0
95,95,64376.0,6,0
96,96,64376.0,6,0
97,97,64376.0,6,0
98,98,64376.0,6,0
99,99,64375.0,7,0
100,100,64375.0,7,0
101,101,64375.0,7,0
102,102,64375.0,7,0
103,103,64375.0,7,0
104,104,64374.0,8,0
105,105,64374.0,8,0
106,106,64374.0,8,0
107,107,64374.0,8,0
108,108,64374.0,8,0
109,109,64374.0,8,0
110,110,64374.0,8,0
111,111,64374.0,8,0
112,112,64374.0,8,0
113,113,64374.0,8,0
114,114,64374.0,8,0
115,115,64374.0,8,0
116,116,64374.0,8,0
117,117,64372.0,10,0
118,118,64371.0,11,0
119,119,64370.0,12,0
120,120,64370.0,12,0
121,121,64370.0,12,0
122,122,64370.0,12,0
123,123,64370.0,12,0
124,124,64370.0,12,0
125,125,64368.0,14,0
126,126,64363.0,19,0
127,127,64361.0,21,0
128,128,64361.0,21,0
