,Days,S,I,D
0,0,1238.0,0,0
1,1,1238.0,0,0
2,2,1238.0,0,0
3,3,1238.0,0,0
4,4,1238.0,0,0
5,5,1238.0,0,0
6,6,1238.0,0,0
7,7,1238.0,0,0
8,8,1238.0,0,0
9,9,1238.0,0,0
10,10,1238.0,0,0
11,11,1238.0,0,0
12,12,1238.0,0,0
13,13,1238.0,0,0
14,14,1238.0,0,0
15,15,1238.0,0,0
16,16,1238.0,0,0
17,17,1238.0,0,0
18,18,1238.0,0,0
19,19,1238.0,0,0
20,20,1238.0,0,0
21,21,1238.0,0,0
22,22,1238.0,0,0
23,23,1238.0,0,0
24,24,1238.0,0,0
25,25,1238.0,0,0
26,26,1238.0,0,0
27,27,1238.0,0,0
28,28,1238.0,0,0
29,29,1238.0,0,0
30,30,1238.0,0,0
31,31,1238.0,0,0
32,32,1238.0,0,0
33,33,1238.0,0,0
34,34,1238.0,0,0
35,35,1238.0,0,0
36,36,1238.0,0,0
37,37,1238.0,0,0
38,38,1238.0,0,0
39,39,1238.0,0,0
40,40,1238.0,0,0
41,41,1238.0,0,0
42,42,1238.0,0,0
43,43,1238.0,0,0
44,44,1238.0,0,0
45,45,1238.0,0,0
46,46,1238.0,0,0
47,47,1238.0,0,0
48,48,1238.0,0,0
49,49,1238.0,0,0
50,50,1238.0,0,0
51,51,1238.0,0,0
52,52,1238.0,0,0
53,53,1238.0,0,0
54,54,1238.0,0,0
55,55,1238.0,0,0
56,56,1238.0,0,0
57,57,1238.0,0,0
58,58,1238.0,0,0
59,59,1238.0,0,0
60,60,1238.0,0,0
61,61,1238.0,0,0
62,62,1238.0,0,0
63,63,1238.0,0,0
64,64,1238.0,0,0
65,65,1238.0,0,0
66,66,1238.0,0,0
67,67,1238.0,0,0
68,68,1238.0,0,0
69,69,1238.0,0,0
70,70,1238.0,0,0
71,71,1238.0,0,0
72,72,1238.0,0,0
73,73,1238.0,0,0
74,74,1238.0,0,0
75,75,1238.0,0,0
76,76,1238.0,0,0
77,77,1238.0,0,0
78,78,1238.0,0,0
79,79,1238.0,0,0
80,80,1238.0,0,0
81,81,1238.0,0,0
82,82,1238.0,0,0
83,83,1238.0,0,0
84,84,1238.0,0,0
85,85,1238.0,0,0
86,86,1238.0,0,0
87,87,1238.0,0,0
88,88,1238.0,0,0
89,89,1238.0,0,0
90,90,1238.0,0,0
91,91,1238.0,0,0
92,92,1238.0,0,0
93,93,1238.0,0,0
94,94,1238.0,0,0
95,95,1238.0,0,0
96,96,1238.0,0,0
97,97,1238.0,0,0
98,98,1238.0,0,0
99,99,1238.0,0,0
100,100,1238.0,0,0
101,101,1238.0,0,0
102,102,1238.0,0,0
103,103,1238.0,0,0
104,104,1238.0,0,0
105,105,1238.0,0,0
106,106,1238.0,0,0
107,107,1238.0,0,0
108,108,1238.0,0,0
109,109,1238.0,0,0
110,110,1238.0,0,0
111,111,1238.0,0,0
112,112,1238.0,0,0
113,113,1238.0,0,0
114,114,1238.0,0,0
115,115,1238.0,0,0
116,116,1238.0,0,0
117,117,1238.0,0,0
118,118,1238.0,0,0
119,119,1238.0,0,0
120,120,1238.0,0,0
121,121,1238.0,0,0
122,122,1238.0,0,0
123,123,1238.0,0,0
124,124,1238.0,0,0
125,125,1238.0,0,0
126,126,1238.0,0,0
127,127,1238.0,0,0
128,128,1238.0,0,0
