,Days,S,I,D
0,0,9131.0,0,0
1,1,9131.0,0,0
2,2,9131.0,0,0
3,3,9131.0,0,0
4,4,9131.0,0,0
5,5,9131.0,0,0
6,6,9131.0,0,0
7,7,9131.0,0,0
8,8,9131.0,0,0
9,9,9131.0,0,0
10,10,9131.0,0,0
11,11,9131.0,0,0
12,12,9131.0,0,0
13,13,9131.0,0,0
14,14,9131.0,0,0
15,15,9131.0,0,0
16,16,9131.0,0,0
17,17,9131.0,0,0
18,18,9131.0,0,0
19,19,9131.0,0,0
20,20,9131.0,0,0
21,21,9131.0,0,0
22,22,9131.0,0,0
23,23,9131.0,0,0
24,24,9131.0,0,0
25,25,9131.0,0,0
26,26,9131.0,0,0
27,27,9131.0,0,0
28,28,9131.0,0,0
29,29,9131.0,0,0
30,30,9131.0,0,0
31,31,9131.0,0,0
32,32,9131.0,0,0
33,33,9131.0,0,0
34,34,9131.0,0,0
35,35,9131.0,0,0
36,36,9131.0,0,0
37,37,9131.0,0,0
38,38,9131.0,0,0
39,39,9131.0,0,0
40,40,9131.0,0,0
41,41,9131.0,0,0
42,42,9131.0,0,0
43,43,9131.0,0,0
44,44,9131.0,0,0
45,45,9131.0,0,0
46,46,9131.0,0,0
47,47,9131.0,0,0
48,48,9131.0,0,0
49,49,9131.0,0,0
50,50,9131.0,0,0
51,51,9131.0,0,0
52,52,9131.0,0,0
53,53,9131.0,0,0
54,54,9131.0,0,0
55,55,9131.0,0,0
56,56,9131.0,0,0
57,57,9131.0,0,0
58,58,9131.0,0,0
59,59,9131.0,0,0
60,60,9131.0,0,0
61,61,9131.0,0,0
62,62,9131.0,0,0
63,63,9131.0,0,0
64,64,9131.0,0,0
65,65,9131.0,0,0
66,66,9131.0,0,0
67,67,9130.0,1,0
68,68,9128.0,3,0
69,69,9128.0,3,0
70,70,9128.0,3,0
71,71,9128.0,3,0
72,72,9128.0,3,0
73,73,9128.0,3,0
74,74,9128.0,3,0
75,75,9128.0,3,0
76,76,9128.0,3,0
77,77,9128.0,3,0
78,78,9128.0,3,0
79,79,9128.0,3,0
80,80,9128.0,3,0
81,81,9128.0,3,0
82,82,9128.0,3,0
83,83,9128.0,3,0
84,84,9128.0,3,0
85,85,9128.0,3,0
86,86,9128.0,3,0
87,87,9128.0,3,0
88,88,9128.0,3,0
89,89,9128.0,3,0
90,90,9128.0,3,0
91,91,9128.0,3,0
92,92,9128.0,3,0
93,93,9128.0,3,0
94,94,9128.0,3,0
95,95,9128.0,3,0
96,96,9128.0,3,0
97,97,9128.0,3,0
98,98,9128.0,3,0
99,99,9128.0,3,0
100,100,9128.0,3,0
101,101,9128.0,3,0
102,102,9128.0,3,0
103,103,9128.0,3,0
104,104,9128.0,3,0
105,105,9128.0,3,0
106,106,9128.0,3,0
107,107,9128.0,3,0
108,108,9128.0,3,0
109,109,9128.0,3,0
110,110,9128.0,3,0
111,111,9128.0,3,0
112,112,9128.0,3,0
113,113,9128.0,3,0
114,114,9128.0,3,0
115,115,9128.0,3,0
116,116,9128.0,3,0
117,117,9128.0,3,0
118,118,9128.0,3,0
119,119,9128.0,3,0
120,120,9128.0,3,0
121,121,9128.0,3,0
122,122,9127.0,4,0
123,123,9127.0,4,0
124,124,9127.0,4,0
125,125,9127.0,4,0
126,126,9127.0,4,0
127,127,9127.0,4,0
128,128,9127.0,4,0
