,Days,S,I,D
0,0,6085.0,0,0
1,1,6085.0,0,0
2,2,6085.0,0,0
3,3,6085.0,0,0
4,4,6085.0,0,0
5,5,6085.0,0,0
6,6,6085.0,0,0
7,7,6085.0,0,0
8,8,6085.0,0,0
9,9,6085.0,0,0
10,10,6085.0,0,0
11,11,6085.0,0,0
12,12,6085.0,0,0
13,13,6085.0,0,0
14,14,6085.0,0,0
15,15,6085.0,0,0
16,16,6085.0,0,0
17,17,6085.0,0,0
18,18,6085.0,0,0
19,19,6085.0,0,0
20,20,6085.0,0,0
21,21,6085.0,0,0
22,22,6085.0,0,0
23,23,6085.0,0,0
24,24,6085.0,0,0
25,25,6085.0,0,0
26,26,6085.0,0,0
27,27,6085.0,0,0
28,28,6085.0,0,0
29,29,6085.0,0,0
30,30,6085.0,0,0
31,31,6085.0,0,0
32,32,6085.0,0,0
33,33,6085.0,0,0
34,34,6085.0,0,0
35,35,6085.0,0,0
36,36,6085.0,0,0
37,37,6085.0,0,0
38,38,6085.0,0,0
39,39,6085.0,0,0
40,40,6085.0,0,0
41,41,6085.0,0,0
42,42,6085.0,0,0
43,43,6085.0,0,0
44,44,6085.0,0,0
45,45,6085.0,0,0
46,46,6085.0,0,0
47,47,6085.0,0,0
48,48,6085.0,0,0
49,49,6085.0,0,0
50,50,6085.0,0,0
51,51,6084.0,1,0
52,52,6084.0,1,0
53,53,6084.0,1,0
54,54,6084.0,1,0
55,55,6084.0,1,0
56,56,6084.0,1,0
57,57,6084.0,1,0
58,58,6084.0,1,0
59,59,6084.0,1,0
60,60,6084.0,1,0
61,61,6084.0,1,0
62,62,6084.0,1,0
63,63,6083.0,2,0
64,64,6083.0,2,0
65,65,6083.0,2,0
66,66,6082.0,3,0
67,67,6082.0,3,0
68,68,6082.0,3,0
69,69,6082.0,3,0
70,70,6082.0,3,0
71,71,6082.0,3,0
72,72,6081.0,4,0
73,73,6081.0,4,0
74,74,6081.0,4,0
75,75,6081.0,4,0
76,76,6081.0,4,0
77,77,6081.0,4,0
78,78,6081.0,4,0
79,79,6081.0,4,0
80,80,6081.0,4,0
81,81,6081.0,4,0
82,82,6081.0,4,0
83,83,6081.0,4,0
84,84,6081.0,4,0
85,85,6081.0,4,0
86,86,6081.0,4,0
87,87,6081.0,4,0
88,88,6081.0,4,0
89,89,6081.0,4,0
90,90,6081.0,4,0
91,91,6081.0,4,0
92,92,6081.0,4,0
93,93,6081.0,4,0
94,94,6081.0,4,0
95,95,6081.0,4,0
96,96,6081.0,4,0
97,97,6081.0,4,0
98,98,6081.0,4,0
99,99,6081.0,4,0
100,100,6081.0,4,0
101,101,6081.0,4,0
102,102,6081.0,4,0
103,103,6081.0,4,0
104,104,6081.0,4,0
105,105,6081.0,4,0
106,106,6081.0,4,0
107,107,6081.0,4,0
108,108,6081.0,4,0
109,109,6081.0,4,0
110,110,6081.0,4,0
111,111,6081.0,4,0
112,112,6081.0,4,0
113,113,6081.0,4,0
114,114,6081.0,4,0
115,115,6081.0,4,0
116,116,6081.0,4,0
117,117,6081.0,4,0
118,118,6081.0,4,0
119,119,6081.0,4,0
120,120,6081.0,4,0
121,121,6081.0,4,0
122,122,6081.0,4,0
123,123,6081.0,4,0
124,124,6081.0,4,0
125,125,6081.0,4,0
126,126,6081.0,4,0
127,127,6081.0,4,0
128,128,6081.0,4,0
