,Days,S,I,D
0,0,39109.0,0,0
1,1,39109.0,0,0
2,2,39109.0,0,0
3,3,39109.0,0,0
4,4,39109.0,0,0
5,5,39109.0,0,0
6,6,39109.0,0,0
7,7,39109.0,0,0
8,8,39109.0,0,0
9,9,39109.0,0,0
10,10,39109.0,0,0
11,11,39109.0,0,0
12,12,39109.0,0,0
13,13,39109.0,0,0
14,14,39109.0,0,0
15,15,39109.0,0,0
16,16,39109.0,0,0
17,17,39109.0,0,0
18,18,39109.0,0,0
19,19,39109.0,0,0
20,20,39109.0,0,0
21,21,39109.0,0,0
22,22,39109.0,0,0
23,23,39109.0,0,0
24,24,39109.0,0,0
25,25,39109.0,0,0
26,26,39109.0,0,0
27,27,39109.0,0,0
28,28,39109.0,0,0
29,29,39109.0,0,0
30,30,39109.0,0,0
31,31,39109.0,0,0
32,32,39109.0,0,0
33,33,39109.0,0,0
34,34,39109.0,0,0
35,35,39109.0,0,0
36,36,39109.0,0,0
37,37,39109.0,0,0
38,38,39109.0,0,0
39,39,39109.0,0,0
40,40,39109.0,0,0
41,41,39109.0,0,0
42,42,39109.0,0,0
43,43,39109.0,0,0
44,44,39109.0,0,0
45,45,39109.0,0,0
46,46,39109.0,0,0
47,47,39109.0,0,0
48,48,39109.0,0,0
49,49,39109.0,0,0
50,50,39109.0,0,0
51,51,39109.0,0,0
52,52,39109.0,0,0
53,53,39109.0,0,0
54,54,39109.0,0,0
55,55,39109.0,0,0
56,56,39109.0,0,0
57,57,39109.0,0,0
58,58,39109.0,0,0
59,59,39109.0,0,0
60,60,39109.0,0,0
61,61,39109.0,0,0
62,62,39109.0,0,0
63,63,39109.0,0,0
64,64,39109.0,0,0
65,65,39109.0,0,0
66,66,39109.0,0,0
67,67,39109.0,0,0
68,68,39108.0,1,0
69,69,39107.0,2,0
70,70,39107.0,2,0
71,71,39107.0,2,0
72,72,39107.0,2,0
73,73,39106.0,3,0
74,74,39106.0,3,0
75,75,39106.0,3,0
76,76,39106.0,3,0
77,77,39106.0,3,0
78,78,39106.0,3,0
79,79,39106.0,3,0
80,80,39105.0,4,0
81,81,39105.0,4,0
82,82,39105.0,4,0
83,83,39104.0,5,0
84,84,39104.0,5,0
85,85,39104.0,5,0
86,86,39103.0,6,0
87,87,39101.0,8,0
88,88,39101.0,8,0
89,89,39099.0,10,0
90,90,39099.0,10,0
91,91,39096.0,13,0
92,92,39096.0,13,0
93,93,39096.0,13,0
94,94,39096.0,13,0
95,95,39096.0,13,0
96,96,39096.0,13,0
97,97,39096.0,13,0
98,98,39094.0,15,0
99,99,39094.0,15,0
100,100,39094.0,15,0
101,101,39094.0,15,0
102,102,39094.0,15,0
103,103,39094.0,15,0
104,104,39094.0,15,0
105,105,39094.0,15,0
106,106,39094.0,15,0
107,107,39093.0,16,0
108,108,39093.0,16,0
109,109,39093.0,16,0
110,110,39093.0,16,0
111,111,39093.0,16,0
112,112,39093.0,16,0
113,113,39093.0,16,0
114,114,39093.0,16,0
115,115,39093.0,16,0
116,116,39093.0,16,0
117,117,39092.0,17,0
118,118,39092.0,17,0
119,119,39092.0,17,0
120,120,39092.0,17,0
121,121,39092.0,17,0
122,122,39092.0,17,0
123,123,39092.0,17,0
124,124,39092.0,17,0
125,125,39092.0,17,0
126,126,39092.0,17,0
127,127,39092.0,17,0
128,128,39092.0,17,0
