,Days,S,I,D
0,0,700307.0,0,0
1,1,700307.0,0,0
2,2,700307.0,0,0
3,3,700307.0,0,0
4,4,700307.0,0,0
5,5,700307.0,0,0
6,6,700307.0,0,0
7,7,700307.0,0,0
8,8,700307.0,0,0
9,9,700307.0,0,0
10,10,700307.0,0,0
11,11,700307.0,0,0
12,12,700307.0,0,0
13,13,700307.0,0,0
14,14,700307.0,0,0
15,15,700307.0,0,0
16,16,700307.0,0,0
17,17,700307.0,0,0
18,18,700307.0,0,0
19,19,700307.0,0,0
20,20,700307.0,0,0
21,21,700307.0,0,0
22,22,700307.0,0,0
23,23,700307.0,0,0
24,24,700307.0,0,0
25,25,700307.0,0,0
26,26,700307.0,0,0
27,27,700307.0,0,0
28,28,700307.0,0,0
29,29,700307.0,0,0
30,30,700307.0,0,0
31,31,700307.0,0,0
32,32,700307.0,0,0
33,33,700307.0,0,0
34,34,700307.0,0,0
35,35,700307.0,0,0
36,36,700307.0,0,0
37,37,700307.0,0,0
38,38,700307.0,0,0
39,39,700307.0,0,0
40,40,700307.0,0,0
41,41,700307.0,0,0
42,42,700307.0,0,0
43,43,700307.0,0,0
44,44,700307.0,0,0
45,45,700307.0,0,0
46,46,700307.0,0,0
47,47,700307.0,0,0
48,48,700307.0,0,0
49,49,700307.0,0,0
50,50,700307.0,0,0
51,51,700307.0,0,0
52,52,700307.0,0,0
53,53,700307.0,0,0
54,54,700307.0,0,0
55,55,700307.0,0,0
56,56,700306.0,1,0
57,57,700306.0,1,0
58,58,700289.0,17,1
59,59,700288.0,18,1
60,60,700287.0,19,1
61,61,700279.0,27,1
62,62,700271.0,35,1
63,63,700246.0,60,1
64,64,700211.0,95,1
65,65,700187.0,119,1
66,66,700169.0,137,1
67,67,700156.0,150,1
68,68,700150.0,156,1
69,69,700110.0,196,1
70,70,700092.0,214,1
71,71,700064.0,242,1
72,72,700033.0,273,1
73,73,699999.0,307,1
74,74,699992.0,314,1
75,75,699945.0,361,1
76,76,699928.0,373,6
77,77,699884.0,416,7
78,78,699863.0,434,10
79,79,699820.0,476,11
80,80,699788.0,506,13
81,81,699773.0,521,13
82,82,699742.0,552,13
83,83,699707.0,583,17
84,84,699675.0,614,18
85,85,699642.0,646,19
86,86,699618.0,668,21
87,87,699606.0,680,21
88,88,699600.0,686,21
89,89,699595.0,691,21
90,90,699569.0,717,21
91,91,699550.0,736,21
92,92,699528.0,757,22
93,93,699512.0,772,23
94,94,699494.0,789,24
95,95,699483.0,800,24
96,96,699474.0,809,24
97,97,699465.0,817,25
98,98,699447.0,833,27
99,99,699411.0,868,28
100,100,699372.0,907,28
101,101,699343.0,936,28
102,102,699327.0,951,29
103,103,699268.0,1010,29
104,104,699238.0,1040,29
105,105,699210.0,1068,29
106,106,699182.0,1096,29
107,107,699158.0,1119,30
108,108,699135.0,1142,30
109,109,699112.0,1165,30
110,110,699093.0,1184,30
111,111,699084.0,1193,30
112,112,699067.0,1209,31
113,113,699030.0,1245,32
114,114,699001.0,1273,33
115,115,698979.0,1295,33
116,116,698932.0,1341,34
117,117,698917.0,1355,35
118,118,698912.0,1359,36
119,119,698881.0,1389,37
120,120,698873.0,1396,38
121,121,698816.0,1452,39
122,122,698782.0,1486,39
123,123,698727.0,1541,39
124,124,698697.0,1570,40
125,125,698668.0,1599,40
126,126,698640.0,1626,41
127,127,698605.0,1659,43
128,128,698587.0,1677,43
