,Days,S,I,D
0,0,12097.0,0,0
1,1,12097.0,0,0
2,2,12097.0,0,0
3,3,12097.0,0,0
4,4,12097.0,0,0
5,5,12097.0,0,0
6,6,12097.0,0,0
7,7,12097.0,0,0
8,8,12097.0,0,0
9,9,12097.0,0,0
10,10,12097.0,0,0
11,11,12097.0,0,0
12,12,12097.0,0,0
13,13,12097.0,0,0
14,14,12097.0,0,0
15,15,12097.0,0,0
16,16,12097.0,0,0
17,17,12097.0,0,0
18,18,12097.0,0,0
19,19,12097.0,0,0
20,20,12097.0,0,0
21,21,12097.0,0,0
22,22,12097.0,0,0
23,23,12097.0,0,0
24,24,12097.0,0,0
25,25,12097.0,0,0
26,26,12097.0,0,0
27,27,12097.0,0,0
28,28,12097.0,0,0
29,29,12097.0,0,0
30,30,12097.0,0,0
31,31,12097.0,0,0
32,32,12097.0,0,0
33,33,12097.0,0,0
34,34,12097.0,0,0
35,35,12097.0,0,0
36,36,12097.0,0,0
37,37,12097.0,0,0
38,38,12097.0,0,0
39,39,12097.0,0,0
40,40,12097.0,0,0
41,41,12097.0,0,0
42,42,12097.0,0,0
43,43,12097.0,0,0
44,44,12097.0,0,0
45,45,12097.0,0,0
46,46,12097.0,0,0
47,47,12097.0,0,0
48,48,12097.0,0,0
49,49,12097.0,0,0
50,50,12097.0,0,0
51,51,12097.0,0,0
52,52,12097.0,0,0
53,53,12097.0,0,0
54,54,12097.0,0,0
55,55,12097.0,0,0
56,56,12097.0,0,0
57,57,12097.0,0,0
58,58,12097.0,0,0
59,59,12097.0,0,0
60,60,12097.0,0,0
61,61,12097.0,0,0
62,62,12096.0,1,0
63,63,12096.0,1,0
64,64,12096.0,1,0
65,65,12095.0,2,0
66,66,12095.0,2,0
67,67,12095.0,2,0
68,68,12095.0,2,0
69,69,12095.0,2,0
70,70,12095.0,2,0
71,71,12095.0,2,0
72,72,12095.0,2,0
73,73,12095.0,2,0
74,74,12095.0,2,0
75,75,12095.0,2,0
76,76,12095.0,2,0
77,77,12095.0,2,0
78,78,12095.0,2,0
79,79,12095.0,2,0
80,80,12095.0,2,0
81,81,12095.0,2,0
82,82,12095.0,2,0
83,83,12095.0,2,0
84,84,12095.0,2,0
85,85,12095.0,2,0
86,86,12095.0,2,0
87,87,12095.0,2,0
88,88,12095.0,2,0
89,89,12095.0,2,0
90,90,12095.0,2,0
91,91,12095.0,2,0
92,92,12095.0,2,0
93,93,12095.0,2,0
94,94,12095.0,2,0
95,95,12095.0,2,0
96,96,12095.0,2,0
97,97,12095.0,2,0
98,98,12095.0,2,0
99,99,12095.0,2,0
100,100,12095.0,2,0
101,101,12095.0,2,0
102,102,12095.0,2,0
103,103,12095.0,2,0
104,104,12095.0,2,0
105,105,12095.0,2,0
106,106,12095.0,2,0
107,107,12095.0,2,0
108,108,12095.0,2,0
109,109,12095.0,2,0
110,110,12094.0,3,0
111,111,12094.0,3,0
112,112,12094.0,3,0
113,113,12094.0,3,0
114,114,12094.0,3,0
115,115,12094.0,3,0
116,116,12094.0,3,0
117,117,12094.0,3,0
118,118,12094.0,3,0
119,119,12094.0,3,0
120,120,12094.0,3,0
121,121,12094.0,3,0
122,122,12094.0,3,0
123,123,12094.0,3,0
124,124,12094.0,3,0
125,125,12094.0,3,0
126,126,12094.0,3,0
127,127,12094.0,3,0
128,128,12094.0,3,0
