,Days,S,I,D
0,0,1716.0,0,0
1,1,1716.0,0,0
2,2,1716.0,0,0
3,3,1716.0,0,0
4,4,1716.0,0,0
5,5,1716.0,0,0
6,6,1716.0,0,0
7,7,1716.0,0,0
8,8,1716.0,0,0
9,9,1716.0,0,0
10,10,1716.0,0,0
11,11,1716.0,0,0
12,12,1716.0,0,0
13,13,1716.0,0,0
14,14,1716.0,0,0
15,15,1716.0,0,0
16,16,1716.0,0,0
17,17,1716.0,0,0
18,18,1716.0,0,0
19,19,1716.0,0,0
20,20,1716.0,0,0
21,21,1716.0,0,0
22,22,1716.0,0,0
23,23,1716.0,0,0
24,24,1716.0,0,0
25,25,1716.0,0,0
26,26,1716.0,0,0
27,27,1716.0,0,0
28,28,1716.0,0,0
29,29,1716.0,0,0
30,30,1716.0,0,0
31,31,1716.0,0,0
32,32,1716.0,0,0
33,33,1716.0,0,0
34,34,1716.0,0,0
35,35,1716.0,0,0
36,36,1716.0,0,0
37,37,1716.0,0,0
38,38,1716.0,0,0
39,39,1716.0,0,0
40,40,1716.0,0,0
41,41,1716.0,0,0
42,42,1716.0,0,0
43,43,1716.0,0,0
44,44,1716.0,0,0
45,45,1716.0,0,0
46,46,1716.0,0,0
47,47,1716.0,0,0
48,48,1716.0,0,0
49,49,1716.0,0,0
50,50,1716.0,0,0
51,51,1716.0,0,0
52,52,1716.0,0,0
53,53,1716.0,0,0
54,54,1716.0,0,0
55,55,1716.0,0,0
56,56,1716.0,0,0
57,57,1716.0,0,0
58,58,1716.0,0,0
59,59,1716.0,0,0
60,60,1716.0,0,0
61,61,1716.0,0,0
62,62,1716.0,0,0
63,63,1716.0,0,0
64,64,1716.0,0,0
65,65,1716.0,0,0
66,66,1716.0,0,0
67,67,1716.0,0,0
68,68,1716.0,0,0
69,69,1716.0,0,0
70,70,1716.0,0,0
71,71,1716.0,0,0
72,72,1716.0,0,0
73,73,1716.0,0,0
74,74,1716.0,0,0
75,75,1716.0,0,0
76,76,1716.0,0,0
77,77,1716.0,0,0
78,78,1716.0,0,0
79,79,1716.0,0,0
80,80,1716.0,0,0
81,81,1716.0,0,0
82,82,1716.0,0,0
83,83,1716.0,0,0
84,84,1716.0,0,0
85,85,1716.0,0,0
86,86,1716.0,0,0
87,87,1716.0,0,0
88,88,1716.0,0,0
89,89,1716.0,0,0
90,90,1716.0,0,0
91,91,1716.0,0,0
92,92,1716.0,0,0
93,93,1716.0,0,0
94,94,1716.0,0,0
95,95,1716.0,0,0
96,96,1716.0,0,0
97,97,1716.0,0,0
98,98,1716.0,0,0
99,99,1716.0,0,0
100,100,1716.0,0,0
101,101,1716.0,0,0
102,102,1716.0,0,0
103,103,1716.0,0,0
104,104,1716.0,0,0
105,105,1716.0,0,0
106,106,1716.0,0,0
107,107,1716.0,0,0
108,108,1716.0,0,0
109,109,1716.0,0,0
110,110,1716.0,0,0
111,111,1716.0,0,0
112,112,1716.0,0,0
113,113,1716.0,0,0
114,114,1716.0,0,0
115,115,1716.0,0,0
116,116,1716.0,0,0
117,117,1716.0,0,0
118,118,1716.0,0,0
119,119,1716.0,0,0
120,120,1716.0,0,0
121,121,1716.0,0,0
122,122,1716.0,0,0
123,123,1716.0,0,0
124,124,1716.0,0,0
125,125,1716.0,0,0
126,126,1716.0,0,0
127,127,1716.0,0,0
128,128,1716.0,0,0
