,Days,S,I,D
0,0,5972.0,0,0
1,1,5972.0,0,0
2,2,5972.0,0,0
3,3,5972.0,0,0
4,4,5972.0,0,0
5,5,5972.0,0,0
6,6,5972.0,0,0
7,7,5972.0,0,0
8,8,5972.0,0,0
9,9,5972.0,0,0
10,10,5972.0,0,0
11,11,5972.0,0,0
12,12,5972.0,0,0
13,13,5972.0,0,0
14,14,5972.0,0,0
15,15,5972.0,0,0
16,16,5972.0,0,0
17,17,5972.0,0,0
18,18,5972.0,0,0
19,19,5972.0,0,0
20,20,5972.0,0,0
21,21,5972.0,0,0
22,22,5972.0,0,0
23,23,5972.0,0,0
24,24,5972.0,0,0
25,25,5972.0,0,0
26,26,5972.0,0,0
27,27,5972.0,0,0
28,28,5972.0,0,0
29,29,5972.0,0,0
30,30,5972.0,0,0
31,31,5972.0,0,0
32,32,5972.0,0,0
33,33,5972.0,0,0
34,34,5972.0,0,0
35,35,5972.0,0,0
36,36,5972.0,0,0
37,37,5972.0,0,0
38,38,5972.0,0,0
39,39,5972.0,0,0
40,40,5972.0,0,0
41,41,5972.0,0,0
42,42,5972.0,0,0
43,43,5972.0,0,0
44,44,5972.0,0,0
45,45,5972.0,0,0
46,46,5972.0,0,0
47,47,5972.0,0,0
48,48,5972.0,0,0
49,49,5972.0,0,0
50,50,5972.0,0,0
51,51,5972.0,0,0
52,52,5972.0,0,0
53,53,5972.0,0,0
54,54,5972.0,0,0
55,55,5972.0,0,0
56,56,5972.0,0,0
57,57,5972.0,0,0
58,58,5972.0,0,0
59,59,5972.0,0,0
60,60,5972.0,0,0
61,61,5972.0,0,0
62,62,5972.0,0,0
63,63,5972.0,0,0
64,64,5972.0,0,0
65,65,5972.0,0,0
66,66,5972.0,0,0
67,67,5972.0,0,0
68,68,5972.0,0,0
69,69,5972.0,0,0
70,70,5972.0,0,0
71,71,5972.0,0,0
72,72,5972.0,0,0
73,73,5972.0,0,0
74,74,5972.0,0,0
75,75,5972.0,0,0
76,76,5972.0,0,0
77,77,5972.0,0,0
78,78,5972.0,0,0
79,79,5972.0,0,0
80,80,5972.0,0,0
81,81,5972.0,0,0
82,82,5972.0,0,0
83,83,5972.0,0,0
84,84,5972.0,0,0
85,85,5971.0,1,0
86,86,5971.0,1,0
87,87,5971.0,1,0
88,88,5970.0,2,0
89,89,5970.0,2,0
90,90,5970.0,2,0
91,91,5970.0,2,0
92,92,5970.0,2,0
93,93,5970.0,2,0
94,94,5970.0,2,0
95,95,5970.0,2,0
96,96,5970.0,2,0
97,97,5970.0,2,0
98,98,5970.0,2,0
99,99,5970.0,2,0
100,100,5970.0,2,0
101,101,5970.0,2,0
102,102,5970.0,2,0
103,103,5970.0,2,0
104,104,5970.0,2,0
105,105,5970.0,2,0
106,106,5970.0,2,0
107,107,5970.0,2,0
108,108,5970.0,2,0
109,109,5970.0,2,0
110,110,5970.0,2,0
111,111,5970.0,2,0
112,112,5970.0,2,0
113,113,5970.0,2,0
114,114,5970.0,2,0
115,115,5970.0,2,0
116,116,5970.0,2,0
117,117,5970.0,2,0
118,118,5970.0,2,0
119,119,5970.0,2,0
120,120,5970.0,2,0
121,121,5970.0,2,0
122,122,5970.0,2,0
123,123,5970.0,2,0
124,124,5970.0,2,0
125,125,5970.0,2,0
126,126,5970.0,2,0
127,127,5970.0,2,0
128,128,5970.0,2,0
