,Days,S,I,D
0,0,68700.0,0,0
1,1,68700.0,0,0
2,2,68700.0,0,0
3,3,68700.0,0,0
4,4,68700.0,0,0
5,5,68700.0,0,0
6,6,68700.0,0,0
7,7,68700.0,0,0
8,8,68700.0,0,0
9,9,68700.0,0,0
10,10,68700.0,0,0
11,11,68700.0,0,0
12,12,68700.0,0,0
13,13,68700.0,0,0
14,14,68700.0,0,0
15,15,68700.0,0,0
16,16,68700.0,0,0
17,17,68700.0,0,0
18,18,68700.0,0,0
19,19,68700.0,0,0
20,20,68700.0,0,0
21,21,68700.0,0,0
22,22,68700.0,0,0
23,23,68700.0,0,0
24,24,68700.0,0,0
25,25,68700.0,0,0
26,26,68700.0,0,0
27,27,68700.0,0,0
28,28,68700.0,0,0
29,29,68700.0,0,0
30,30,68700.0,0,0
31,31,68700.0,0,0
32,32,68700.0,0,0
33,33,68700.0,0,0
34,34,68700.0,0,0
35,35,68700.0,0,0
36,36,68700.0,0,0
37,37,68700.0,0,0
38,38,68700.0,0,0
39,39,68700.0,0,0
40,40,68700.0,0,0
41,41,68700.0,0,0
42,42,68700.0,0,0
43,43,68700.0,0,0
44,44,68700.0,0,0
45,45,68700.0,0,0
46,46,68700.0,0,0
47,47,68700.0,0,0
48,48,68700.0,0,0
49,49,68700.0,0,0
50,50,68700.0,0,0
51,51,68700.0,0,0
52,52,68700.0,0,0
53,53,68700.0,0,0
54,54,68700.0,0,0
55,55,68700.0,0,0
56,56,68700.0,0,0
57,57,68700.0,0,0
58,58,68697.0,3,0
59,59,68697.0,3,0
60,60,68697.0,3,0
61,61,68697.0,3,0
62,62,68697.0,3,0
63,63,68697.0,3,0
64,64,68695.0,5,0
65,65,68693.0,7,0
66,66,68690.0,10,0
67,67,68690.0,10,0
68,68,68689.0,11,0
69,69,68688.0,12,0
70,70,68687.0,13,0
71,71,68687.0,13,0
72,72,68687.0,13,0
73,73,68686.0,14,0
74,74,68686.0,14,0
75,75,68685.0,15,0
76,76,68685.0,15,0
77,77,68684.0,16,0
78,78,68684.0,16,0
79,79,68684.0,16,0
80,80,68684.0,16,0
81,81,68684.0,16,0
82,82,68684.0,16,0
83,83,68684.0,16,0
84,84,68684.0,16,0
85,85,68684.0,16,0
86,86,68684.0,16,0
87,87,68684.0,16,0
88,88,68684.0,16,0
89,89,68684.0,16,0
90,90,68684.0,16,0
91,91,68684.0,16,0
92,92,68684.0,16,0
93,93,68684.0,16,0
94,94,68684.0,16,0
95,95,68684.0,16,0
96,96,68684.0,16,0
97,97,68684.0,16,0
98,98,68684.0,16,0
99,99,68684.0,16,0
100,100,68684.0,16,0
101,101,68684.0,16,0
102,102,68684.0,16,0
103,103,68684.0,16,0
104,104,68684.0,16,0
105,105,68684.0,16,0
106,106,68684.0,16,0
107,107,68684.0,16,0
108,108,68684.0,16,0
109,109,68684.0,16,0
110,110,68684.0,16,0
111,111,68684.0,16,0
112,112,68684.0,16,0
113,113,68684.0,16,0
114,114,68684.0,16,0
115,115,68684.0,16,0
116,116,68684.0,16,0
117,117,68684.0,16,0
118,118,68684.0,16,0
119,119,68684.0,16,0
120,120,68684.0,16,0
121,121,68684.0,16,0
122,122,68683.0,17,0
123,123,68683.0,17,0
124,124,68683.0,17,0
125,125,68683.0,17,0
126,126,68683.0,17,0
127,127,68683.0,17,0
128,128,68683.0,17,0
