,Days,S,I,D
0,0,20528.0,0,0
1,1,20528.0,0,0
2,2,20528.0,0,0
3,3,20528.0,0,0
4,4,20528.0,0,0
5,5,20528.0,0,0
6,6,20528.0,0,0
7,7,20528.0,0,0
8,8,20528.0,0,0
9,9,20528.0,0,0
10,10,20528.0,0,0
11,11,20528.0,0,0
12,12,20528.0,0,0
13,13,20528.0,0,0
14,14,20528.0,0,0
15,15,20528.0,0,0
16,16,20528.0,0,0
17,17,20528.0,0,0
18,18,20528.0,0,0
19,19,20528.0,0,0
20,20,20528.0,0,0
21,21,20528.0,0,0
22,22,20528.0,0,0
23,23,20528.0,0,0
24,24,20528.0,0,0
25,25,20528.0,0,0
26,26,20528.0,0,0
27,27,20528.0,0,0
28,28,20528.0,0,0
29,29,20528.0,0,0
30,30,20528.0,0,0
31,31,20528.0,0,0
32,32,20528.0,0,0
33,33,20528.0,0,0
34,34,20528.0,0,0
35,35,20528.0,0,0
36,36,20528.0,0,0
37,37,20528.0,0,0
38,38,20528.0,0,0
39,39,20528.0,0,0
40,40,20528.0,0,0
41,41,20528.0,0,0
42,42,20528.0,0,0
43,43,20528.0,0,0
44,44,20528.0,0,0
45,45,20528.0,0,0
46,46,20528.0,0,0
47,47,20528.0,0,0
48,48,20528.0,0,0
49,49,20528.0,0,0
50,50,20528.0,0,0
51,51,20528.0,0,0
52,52,20528.0,0,0
53,53,20528.0,0,0
54,54,20528.0,0,0
55,55,20528.0,0,0
56,56,20528.0,0,0
57,57,20528.0,0,0
58,58,20528.0,0,0
59,59,20528.0,0,0
60,60,20528.0,0,0
61,61,20528.0,0,0
62,62,20528.0,0,0
63,63,20528.0,0,0
64,64,20528.0,0,0
65,65,20528.0,0,0
66,66,20528.0,0,0
67,67,20528.0,0,0
68,68,20528.0,0,0
69,69,20528.0,0,0
70,70,20528.0,0,0
71,71,20528.0,0,0
72,72,20528.0,0,0
73,73,20528.0,0,0
74,74,20528.0,0,0
75,75,20528.0,0,0
76,76,20528.0,0,0
77,77,20528.0,0,0
78,78,20527.0,1,0
79,79,20525.0,3,0
80,80,20525.0,3,0
81,81,20525.0,3,0
82,82,20525.0,3,0
83,83,20525.0,3,0
84,84,20525.0,3,0
85,85,20525.0,3,0
86,86,20525.0,3,0
87,87,20525.0,3,0
88,88,20525.0,3,0
89,89,20525.0,3,0
90,90,20525.0,3,0
91,91,20524.0,4,0
92,92,20524.0,4,0
93,93,20524.0,4,0
94,94,20524.0,4,0
95,95,20524.0,4,0
96,96,20524.0,4,0
97,97,20524.0,4,0
98,98,20524.0,4,0
99,99,20524.0,4,0
100,100,20524.0,4,0
101,101,20524.0,4,0
102,102,20524.0,4,0
103,103,20524.0,4,0
104,104,20524.0,4,0
105,105,20524.0,4,0
106,106,20524.0,4,0
107,107,20524.0,4,0
108,108,20524.0,4,0
109,109,20524.0,4,0
110,110,20524.0,4,0
111,111,20524.0,4,0
112,112,20524.0,4,0
113,113,20524.0,4,0
114,114,20524.0,4,0
115,115,20523.0,5,0
116,116,20523.0,5,0
117,117,20523.0,5,0
118,118,20523.0,5,0
119,119,20522.0,6,0
120,120,20521.0,7,0
121,121,20521.0,7,0
122,122,20521.0,7,0
123,123,20521.0,7,0
124,124,20521.0,7,0
125,125,20519.0,9,0
126,126,20519.0,9,0
127,127,20519.0,9,0
128,128,20519.0,9,0
