,Days,S,I,D
0,0,116748.0,0,0
1,1,116748.0,0,0
2,2,116748.0,0,0
3,3,116748.0,0,0
4,4,116748.0,0,0
5,5,116748.0,0,0
6,6,116748.0,0,0
7,7,116748.0,0,0
8,8,116748.0,0,0
9,9,116748.0,0,0
10,10,116748.0,0,0
11,11,116748.0,0,0
12,12,116748.0,0,0
13,13,116748.0,0,0
14,14,116748.0,0,0
15,15,116748.0,0,0
16,16,116748.0,0,0
17,17,116748.0,0,0
18,18,116748.0,0,0
19,19,116748.0,0,0
20,20,116748.0,0,0
21,21,116748.0,0,0
22,22,116748.0,0,0
23,23,116748.0,0,0
24,24,116748.0,0,0
25,25,116748.0,0,0
26,26,116748.0,0,0
27,27,116748.0,0,0
28,28,116748.0,0,0
29,29,116748.0,0,0
30,30,116748.0,0,0
31,31,116748.0,0,0
32,32,116748.0,0,0
33,33,116748.0,0,0
34,34,116748.0,0,0
35,35,116748.0,0,0
36,36,116748.0,0,0
37,37,116748.0,0,0
38,38,116748.0,0,0
39,39,116748.0,0,0
40,40,116748.0,0,0
41,41,116748.0,0,0
42,42,116748.0,0,0
43,43,116748.0,0,0
44,44,116748.0,0,0
45,45,116748.0,0,0
46,46,116748.0,0,0
47,47,116748.0,0,0
48,48,116748.0,0,0
49,49,116748.0,0,0
50,50,116748.0,0,0
51,51,116748.0,0,0
52,52,116748.0,0,0
53,53,116748.0,0,0
54,54,116748.0,0,0
55,55,116748.0,0,0
56,56,116748.0,0,0
57,57,116748.0,0,0
58,58,116748.0,0,0
59,59,116748.0,0,0
60,60,116747.0,1,0
61,61,116747.0,1,0
62,62,116746.0,2,0
63,63,116746.0,2,0
64,64,116744.0,4,0
65,65,116742.0,6,0
66,66,116739.0,9,0
67,67,116735.0,13,0
68,68,116732.0,16,0
69,69,116730.0,18,0
70,70,116730.0,18,0
71,71,116726.0,22,0
72,72,116726.0,22,0
73,73,116723.0,25,0
74,74,116698.0,50,0
75,75,116697.0,51,0
76,76,116696.0,51,1
77,77,116696.0,50,2
78,78,116691.0,55,2
79,79,116691.0,55,2
80,80,116678.0,68,2
81,81,116670.0,76,2
82,82,116649.0,97,2
83,83,116648.0,97,3
84,84,116647.0,97,4
85,85,116637.0,106,5
86,86,116637.0,106,5
87,87,116634.0,108,6
88,88,116620.0,120,8
89,89,116611.0,128,9
90,90,116606.0,129,13
91,91,116606.0,129,13
92,92,116605.0,129,14
93,93,116587.0,147,14
94,94,116582.0,152,14
95,95,116579.0,155,14
96,96,116579.0,155,14
97,97,116577.0,155,16
98,98,116571.0,159,18
99,99,116551.0,177,20
100,100,116532.0,195,21
101,101,116526.0,201,21
102,102,116526.0,201,21
103,103,116524.0,203,21
104,104,116517.0,210,21
105,105,116513.0,213,22
106,106,116509.0,216,23
107,107,116506.0,218,24
108,108,116497.0,224,27
109,109,116495.0,226,27
110,110,116493.0,227,28
111,111,116483.0,237,28
112,112,116468.0,250,30
113,113,116456.0,257,35
114,114,116439.0,273,36
115,115,116431.0,279,38
116,116,116428.0,282,38
117,117,116423.0,287,38
118,118,116412.0,295,41
119,119,116409.0,298,41
120,120,116405.0,302,41
121,121,116402.0,305,41
122,122,116394.0,312,42
123,123,116391.0,315,42
124,124,116388.0,318,42
125,125,116388.0,318,42
126,126,116384.0,319,45
127,127,116377.0,326,45
128,128,116375.0,328,45
