,Days,S,I,D
0,0,20358.0,0,0
1,1,20358.0,0,0
2,2,20358.0,0,0
3,3,20358.0,0,0
4,4,20358.0,0,0
5,5,20358.0,0,0
6,6,20358.0,0,0
7,7,20358.0,0,0
8,8,20358.0,0,0
9,9,20358.0,0,0
10,10,20358.0,0,0
11,11,20358.0,0,0
12,12,20358.0,0,0
13,13,20358.0,0,0
14,14,20358.0,0,0
15,15,20358.0,0,0
16,16,20358.0,0,0
17,17,20358.0,0,0
18,18,20358.0,0,0
19,19,20358.0,0,0
20,20,20358.0,0,0
21,21,20358.0,0,0
22,22,20358.0,0,0
23,23,20358.0,0,0
24,24,20358.0,0,0
25,25,20358.0,0,0
26,26,20358.0,0,0
27,27,20358.0,0,0
28,28,20358.0,0,0
29,29,20358.0,0,0
30,30,20358.0,0,0
31,31,20358.0,0,0
32,32,20358.0,0,0
33,33,20358.0,0,0
34,34,20358.0,0,0
35,35,20358.0,0,0
36,36,20358.0,0,0
37,37,20358.0,0,0
38,38,20358.0,0,0
39,39,20358.0,0,0
40,40,20358.0,0,0
41,41,20358.0,0,0
42,42,20358.0,0,0
43,43,20358.0,0,0
44,44,20358.0,0,0
45,45,20358.0,0,0
46,46,20358.0,0,0
47,47,20358.0,0,0
48,48,20358.0,0,0
49,49,20358.0,0,0
50,50,20358.0,0,0
51,51,20358.0,0,0
52,52,20358.0,0,0
53,53,20358.0,0,0
54,54,20358.0,0,0
55,55,20358.0,0,0
56,56,20358.0,0,0
57,57,20358.0,0,0
58,58,20358.0,0,0
59,59,20358.0,0,0
60,60,20358.0,0,0
61,61,20358.0,0,0
62,62,20358.0,0,0
63,63,20358.0,0,0
64,64,20358.0,0,0
65,65,20358.0,0,0
66,66,20358.0,0,0
67,67,20358.0,0,0
68,68,20357.0,1,0
69,69,20357.0,1,0
70,70,20357.0,1,0
71,71,20357.0,1,0
72,72,20357.0,1,0
73,73,20357.0,1,0
74,74,20357.0,1,0
75,75,20357.0,1,0
76,76,20357.0,1,0
77,77,20357.0,1,0
78,78,20357.0,1,0
79,79,20357.0,1,0
80,80,20357.0,1,0
81,81,20357.0,1,0
82,82,20357.0,1,0
83,83,20357.0,1,0
84,84,20357.0,1,0
85,85,20356.0,2,0
86,86,20356.0,2,0
87,87,20356.0,2,0
88,88,20356.0,2,0
89,89,20356.0,2,0
90,90,20356.0,2,0
91,91,20355.0,3,0
92,92,20355.0,3,0
93,93,20355.0,3,0
94,94,20355.0,3,0
95,95,20355.0,3,0
96,96,20355.0,3,0
97,97,20355.0,3,0
98,98,20355.0,3,0
99,99,20355.0,3,0
100,100,20354.0,4,0
101,101,20353.0,5,0
102,102,20353.0,5,0
103,103,20353.0,5,0
104,104,20353.0,5,0
105,105,20352.0,6,0
106,106,20352.0,6,0
107,107,20351.0,7,0
108,108,20351.0,7,0
109,109,20351.0,7,0
110,110,20351.0,7,0
111,111,20351.0,7,0
112,112,20351.0,7,0
113,113,20351.0,7,0
114,114,20351.0,7,0
115,115,20351.0,7,0
116,116,20351.0,7,0
117,117,20351.0,7,0
118,118,20351.0,7,0
119,119,20351.0,7,0
120,120,20350.0,8,0
121,121,20350.0,8,0
122,122,20350.0,8,0
123,123,20350.0,8,0
124,124,20349.0,9,0
125,125,20349.0,9,0
126,126,20349.0,9,0
127,127,20349.0,9,0
128,128,20349.0,9,0
