,Days,S,I,D
0,0,13336.0,0,0
1,1,13336.0,0,0
2,2,13336.0,0,0
3,3,13336.0,0,0
4,4,13336.0,0,0
5,5,13336.0,0,0
6,6,13336.0,0,0
7,7,13336.0,0,0
8,8,13336.0,0,0
9,9,13336.0,0,0
10,10,13336.0,0,0
11,11,13336.0,0,0
12,12,13336.0,0,0
13,13,13336.0,0,0
14,14,13336.0,0,0
15,15,13336.0,0,0
16,16,13336.0,0,0
17,17,13336.0,0,0
18,18,13336.0,0,0
19,19,13336.0,0,0
20,20,13336.0,0,0
21,21,13336.0,0,0
22,22,13336.0,0,0
23,23,13336.0,0,0
24,24,13336.0,0,0
25,25,13336.0,0,0
26,26,13336.0,0,0
27,27,13336.0,0,0
28,28,13336.0,0,0
29,29,13336.0,0,0
30,30,13336.0,0,0
31,31,13336.0,0,0
32,32,13336.0,0,0
33,33,13336.0,0,0
34,34,13336.0,0,0
35,35,13336.0,0,0
36,36,13336.0,0,0
37,37,13336.0,0,0
38,38,13336.0,0,0
39,39,13336.0,0,0
40,40,13336.0,0,0
41,41,13336.0,0,0
42,42,13336.0,0,0
43,43,13336.0,0,0
44,44,13336.0,0,0
45,45,13336.0,0,0
46,46,13336.0,0,0
47,47,13336.0,0,0
48,48,13336.0,0,0
49,49,13336.0,0,0
50,50,13336.0,0,0
51,51,13336.0,0,0
52,52,13336.0,0,0
53,53,13336.0,0,0
54,54,13336.0,0,0
55,55,13336.0,0,0
56,56,13336.0,0,0
57,57,13336.0,0,0
58,58,13336.0,0,0
59,59,13336.0,0,0
60,60,13336.0,0,0
61,61,13336.0,0,0
62,62,13336.0,0,0
63,63,13336.0,0,0
64,64,13336.0,0,0
65,65,13336.0,0,0
66,66,13336.0,0,0
67,67,13336.0,0,0
68,68,13336.0,0,0
69,69,13336.0,0,0
70,70,13336.0,0,0
71,71,13336.0,0,0
72,72,13336.0,0,0
73,73,13336.0,0,0
74,74,13336.0,0,0
75,75,13336.0,0,0
76,76,13336.0,0,0
77,77,13336.0,0,0
78,78,13336.0,0,0
79,79,13336.0,0,0
80,80,13336.0,0,0
81,81,13336.0,0,0
82,82,13336.0,0,0
83,83,13336.0,0,0
84,84,13336.0,0,0
85,85,13336.0,0,0
86,86,13336.0,0,0
87,87,13336.0,0,0
88,88,13336.0,0,0
89,89,13336.0,0,0
90,90,13336.0,0,0
91,91,13336.0,0,0
92,92,13336.0,0,0
93,93,13336.0,0,0
94,94,13336.0,0,0
95,95,13336.0,0,0
96,96,13336.0,0,0
97,97,13336.0,0,0
98,98,13336.0,0,0
99,99,13336.0,0,0
100,100,13336.0,0,0
101,101,13336.0,0,0
102,102,13336.0,0,0
103,103,13336.0,0,0
104,104,13336.0,0,0
105,105,13336.0,0,0
106,106,13336.0,0,0
107,107,13336.0,0,0
108,108,13336.0,0,0
109,109,13336.0,0,0
110,110,13336.0,0,0
111,111,13336.0,0,0
112,112,13336.0,0,0
113,113,13336.0,0,0
114,114,13336.0,0,0
115,115,13336.0,0,0
116,116,13336.0,0,0
117,117,13336.0,0,0
118,118,13336.0,0,0
119,119,13287.0,49,0
120,120,13286.0,50,0
121,121,13283.0,53,0
122,122,13283.0,53,0
123,123,13283.0,53,0
124,124,13283.0,53,0
125,125,13283.0,53,0
126,126,13282.0,54,0
127,127,13281.0,55,0
128,128,13281.0,55,0
