,Days,S,I,D
0,0,25336.0,0,0
1,1,25336.0,0,0
2,2,25336.0,0,0
3,3,25336.0,0,0
4,4,25336.0,0,0
5,5,25336.0,0,0
6,6,25336.0,0,0
7,7,25336.0,0,0
8,8,25336.0,0,0
9,9,25336.0,0,0
10,10,25336.0,0,0
11,11,25336.0,0,0
12,12,25336.0,0,0
13,13,25336.0,0,0
14,14,25336.0,0,0
15,15,25336.0,0,0
16,16,25336.0,0,0
17,17,25336.0,0,0
18,18,25336.0,0,0
19,19,25336.0,0,0
20,20,25336.0,0,0
21,21,25336.0,0,0
22,22,25336.0,0,0
23,23,25336.0,0,0
24,24,25336.0,0,0
25,25,25336.0,0,0
26,26,25336.0,0,0
27,27,25336.0,0,0
28,28,25336.0,0,0
29,29,25336.0,0,0
30,30,25336.0,0,0
31,31,25336.0,0,0
32,32,25336.0,0,0
33,33,25336.0,0,0
34,34,25336.0,0,0
35,35,25336.0,0,0
36,36,25336.0,0,0
37,37,25336.0,0,0
38,38,25336.0,0,0
39,39,25336.0,0,0
40,40,25336.0,0,0
41,41,25336.0,0,0
42,42,25336.0,0,0
43,43,25336.0,0,0
44,44,25336.0,0,0
45,45,25336.0,0,0
46,46,25336.0,0,0
47,47,25336.0,0,0
48,48,25336.0,0,0
49,49,25336.0,0,0
50,50,25336.0,0,0
51,51,25336.0,0,0
52,52,25336.0,0,0
53,53,25336.0,0,0
54,54,25336.0,0,0
55,55,25336.0,0,0
56,56,25336.0,0,0
57,57,25336.0,0,0
58,58,25336.0,0,0
59,59,25336.0,0,0
60,60,25336.0,0,0
61,61,25336.0,0,0
62,62,25336.0,0,0
63,63,25336.0,0,0
64,64,25336.0,0,0
65,65,25336.0,0,0
66,66,25336.0,0,0
67,67,25336.0,0,0
68,68,25336.0,0,0
69,69,25336.0,0,0
70,70,25336.0,0,0
71,71,25336.0,0,0
72,72,25336.0,0,0
73,73,25336.0,0,0
74,74,25336.0,0,0
75,75,25336.0,0,0
76,76,25336.0,0,0
77,77,25336.0,0,0
78,78,25336.0,0,0
79,79,25336.0,0,0
80,80,25336.0,0,0
81,81,25336.0,0,0
82,82,25336.0,0,0
83,83,25336.0,0,0
84,84,25335.0,1,0
85,85,25335.0,1,0
86,86,25335.0,1,0
87,87,25335.0,1,0
88,88,25335.0,1,0
89,89,25335.0,1,0
90,90,25335.0,1,0
91,91,25335.0,1,0
92,92,25335.0,1,0
93,93,25335.0,1,0
94,94,25335.0,1,0
95,95,25335.0,1,0
96,96,25335.0,1,0
97,97,25335.0,1,0
98,98,25335.0,1,0
99,99,25335.0,1,0
100,100,25335.0,1,0
101,101,25334.0,2,0
102,102,25334.0,2,0
103,103,25334.0,2,0
104,104,25334.0,2,0
105,105,25334.0,2,0
106,106,25333.0,3,0
107,107,25333.0,3,0
108,108,25333.0,3,0
109,109,25333.0,3,0
110,110,25333.0,3,0
111,111,25332.0,4,0
112,112,25332.0,4,0
113,113,25332.0,4,0
114,114,25332.0,4,0
115,115,25332.0,4,0
116,116,25332.0,4,0
117,117,25332.0,4,0
118,118,25332.0,4,0
119,119,25332.0,4,0
120,120,25332.0,4,0
121,121,25332.0,4,0
122,122,25332.0,4,0
123,123,25332.0,4,0
124,124,25332.0,4,0
125,125,25332.0,4,0
126,126,25332.0,4,0
127,127,25332.0,4,0
128,128,25332.0,4,0
