,Days,S,I,D
0,0,28592.0,0,0
1,1,28592.0,0,0
2,2,28592.0,0,0
3,3,28592.0,0,0
4,4,28592.0,0,0
5,5,28592.0,0,0
6,6,28592.0,0,0
7,7,28592.0,0,0
8,8,28592.0,0,0
9,9,28592.0,0,0
10,10,28592.0,0,0
11,11,28592.0,0,0
12,12,28592.0,0,0
13,13,28592.0,0,0
14,14,28592.0,0,0
15,15,28592.0,0,0
16,16,28592.0,0,0
17,17,28592.0,0,0
18,18,28592.0,0,0
19,19,28592.0,0,0
20,20,28592.0,0,0
21,21,28592.0,0,0
22,22,28592.0,0,0
23,23,28592.0,0,0
24,24,28592.0,0,0
25,25,28592.0,0,0
26,26,28592.0,0,0
27,27,28592.0,0,0
28,28,28592.0,0,0
29,29,28592.0,0,0
30,30,28592.0,0,0
31,31,28592.0,0,0
32,32,28592.0,0,0
33,33,28592.0,0,0
34,34,28592.0,0,0
35,35,28592.0,0,0
36,36,28592.0,0,0
37,37,28592.0,0,0
38,38,28592.0,0,0
39,39,28592.0,0,0
40,40,28592.0,0,0
41,41,28592.0,0,0
42,42,28592.0,0,0
43,43,28592.0,0,0
44,44,28592.0,0,0
45,45,28592.0,0,0
46,46,28592.0,0,0
47,47,28592.0,0,0
48,48,28592.0,0,0
49,49,28592.0,0,0
50,50,28592.0,0,0
51,51,28592.0,0,0
52,52,28592.0,0,0
53,53,28592.0,0,0
54,54,28592.0,0,0
55,55,28592.0,0,0
56,56,28592.0,0,0
57,57,28592.0,0,0
58,58,28592.0,0,0
59,59,28592.0,0,0
60,60,28592.0,0,0
61,61,28592.0,0,0
62,62,28592.0,0,0
63,63,28592.0,0,0
64,64,28592.0,0,0
65,65,28592.0,0,0
66,66,28592.0,0,0
67,67,28592.0,0,0
68,68,28592.0,0,0
69,69,28592.0,0,0
70,70,28592.0,0,0
71,71,28592.0,0,0
72,72,28592.0,0,0
73,73,28592.0,0,0
74,74,28592.0,0,0
75,75,28592.0,0,0
76,76,28592.0,0,0
77,77,28592.0,0,0
78,78,28592.0,0,0
79,79,28592.0,0,0
80,80,28592.0,0,0
81,81,28592.0,0,0
82,82,28592.0,0,0
83,83,28592.0,0,0
84,84,28592.0,0,0
85,85,28592.0,0,0
86,86,28592.0,0,0
87,87,28591.0,1,0
88,88,28591.0,1,0
89,89,28589.0,3,0
90,90,28589.0,3,0
91,91,28588.0,4,0
92,92,28588.0,4,0
93,93,28588.0,4,0
94,94,28588.0,4,0
95,95,28588.0,4,0
96,96,28588.0,4,0
97,97,28588.0,4,0
98,98,28588.0,4,0
99,99,28588.0,4,0
100,100,28588.0,4,0
101,101,28588.0,4,0
102,102,28588.0,4,0
103,103,28588.0,4,0
104,104,28588.0,4,0
105,105,28587.0,5,0
106,106,28587.0,5,0
107,107,28587.0,5,0
108,108,28587.0,5,0
109,109,28587.0,5,0
110,110,28587.0,5,0
111,111,28587.0,5,0
112,112,28587.0,5,0
113,113,28587.0,5,0
114,114,28587.0,5,0
115,115,28587.0,5,0
116,116,28587.0,5,0
117,117,28587.0,5,0
118,118,28587.0,5,0
119,119,28587.0,5,0
120,120,28587.0,5,0
121,121,28587.0,5,0
122,122,28587.0,5,0
123,123,28587.0,5,0
124,124,28587.0,5,0
125,125,28587.0,5,0
126,126,28587.0,5,0
127,127,28587.0,5,0
128,128,28587.0,5,0
