,Days,S,I,D
0,0,15146.0,0,0
1,1,15146.0,0,0
2,2,15146.0,0,0
3,3,15146.0,0,0
4,4,15146.0,0,0
5,5,15146.0,0,0
6,6,15146.0,0,0
7,7,15146.0,0,0
8,8,15146.0,0,0
9,9,15146.0,0,0
10,10,15146.0,0,0
11,11,15146.0,0,0
12,12,15146.0,0,0
13,13,15146.0,0,0
14,14,15146.0,0,0
15,15,15146.0,0,0
16,16,15146.0,0,0
17,17,15146.0,0,0
18,18,15146.0,0,0
19,19,15146.0,0,0
20,20,15146.0,0,0
21,21,15146.0,0,0
22,22,15146.0,0,0
23,23,15146.0,0,0
24,24,15146.0,0,0
25,25,15146.0,0,0
26,26,15146.0,0,0
27,27,15146.0,0,0
28,28,15146.0,0,0
29,29,15146.0,0,0
30,30,15146.0,0,0
31,31,15146.0,0,0
32,32,15146.0,0,0
33,33,15146.0,0,0
34,34,15146.0,0,0
35,35,15146.0,0,0
36,36,15146.0,0,0
37,37,15146.0,0,0
38,38,15146.0,0,0
39,39,15146.0,0,0
40,40,15146.0,0,0
41,41,15146.0,0,0
42,42,15146.0,0,0
43,43,15146.0,0,0
44,44,15146.0,0,0
45,45,15146.0,0,0
46,46,15146.0,0,0
47,47,15146.0,0,0
48,48,15146.0,0,0
49,49,15146.0,0,0
50,50,15146.0,0,0
51,51,15146.0,0,0
52,52,15146.0,0,0
53,53,15146.0,0,0
54,54,15146.0,0,0
55,55,15146.0,0,0
56,56,15146.0,0,0
57,57,15146.0,0,0
58,58,15146.0,0,0
59,59,15146.0,0,0
60,60,15146.0,0,0
61,61,15146.0,0,0
62,62,15146.0,0,0
63,63,15146.0,0,0
64,64,15146.0,0,0
65,65,15146.0,0,0
66,66,15146.0,0,0
67,67,15146.0,0,0
68,68,15145.0,1,0
69,69,15145.0,1,0
70,70,15145.0,1,0
71,71,15145.0,1,0
72,72,15145.0,1,0
73,73,15145.0,1,0
74,74,15145.0,1,0
75,75,15145.0,1,0
76,76,15145.0,1,0
77,77,15145.0,1,0
78,78,15145.0,1,0
79,79,15145.0,1,0
80,80,15145.0,1,0
81,81,15145.0,1,0
82,82,15145.0,1,0
83,83,15144.0,2,0
84,84,15144.0,2,0
85,85,15144.0,2,0
86,86,15144.0,2,0
87,87,15144.0,2,0
88,88,15144.0,2,0
89,89,15144.0,2,0
90,90,15144.0,2,0
91,91,15144.0,2,0
92,92,15144.0,2,0
93,93,15144.0,2,0
94,94,15144.0,2,0
95,95,15144.0,2,0
96,96,15144.0,2,0
97,97,15144.0,2,0
98,98,15144.0,2,0
99,99,15144.0,2,0
100,100,15144.0,2,0
101,101,15144.0,2,0
102,102,15144.0,2,0
103,103,15144.0,2,0
104,104,15143.0,3,0
105,105,15143.0,3,0
106,106,15143.0,3,0
107,107,15143.0,3,0
108,108,15143.0,3,0
109,109,15143.0,3,0
110,110,15143.0,3,0
111,111,15143.0,3,0
112,112,15143.0,3,0
113,113,15143.0,3,0
114,114,15143.0,3,0
115,115,15143.0,3,0
116,116,15143.0,3,0
117,117,15143.0,3,0
118,118,15143.0,3,0
119,119,15143.0,3,0
120,120,15143.0,3,0
121,121,15143.0,3,0
122,122,15143.0,3,0
123,123,15143.0,3,0
124,124,15143.0,3,0
125,125,15143.0,3,0
126,126,15143.0,3,0
127,127,15143.0,3,0
128,128,15143.0,3,0
