,Days,S,I,D
0,0,31749.0,0,0
1,1,31749.0,0,0
2,2,31749.0,0,0
3,3,31749.0,0,0
4,4,31749.0,0,0
5,5,31749.0,0,0
6,6,31749.0,0,0
7,7,31749.0,0,0
8,8,31749.0,0,0
9,9,31749.0,0,0
10,10,31749.0,0,0
11,11,31749.0,0,0
12,12,31749.0,0,0
13,13,31749.0,0,0
14,14,31749.0,0,0
15,15,31749.0,0,0
16,16,31749.0,0,0
17,17,31749.0,0,0
18,18,31749.0,0,0
19,19,31749.0,0,0
20,20,31749.0,0,0
21,21,31749.0,0,0
22,22,31749.0,0,0
23,23,31749.0,0,0
24,24,31749.0,0,0
25,25,31749.0,0,0
26,26,31749.0,0,0
27,27,31749.0,0,0
28,28,31749.0,0,0
29,29,31749.0,0,0
30,30,31749.0,0,0
31,31,31749.0,0,0
32,32,31749.0,0,0
33,33,31749.0,0,0
34,34,31749.0,0,0
35,35,31749.0,0,0
36,36,31749.0,0,0
37,37,31749.0,0,0
38,38,31749.0,0,0
39,39,31749.0,0,0
40,40,31749.0,0,0
41,41,31749.0,0,0
42,42,31749.0,0,0
43,43,31749.0,0,0
44,44,31749.0,0,0
45,45,31749.0,0,0
46,46,31749.0,0,0
47,47,31749.0,0,0
48,48,31749.0,0,0
49,49,31749.0,0,0
50,50,31749.0,0,0
51,51,31749.0,0,0
52,52,31749.0,0,0
53,53,31749.0,0,0
54,54,31749.0,0,0
55,55,31749.0,0,0
56,56,31749.0,0,0
57,57,31749.0,0,0
58,58,31749.0,0,0
59,59,31749.0,0,0
60,60,31749.0,0,0
61,61,31749.0,0,0
62,62,31749.0,0,0
63,63,31749.0,0,0
64,64,31749.0,0,0
65,65,31749.0,0,0
66,66,31749.0,0,0
67,67,31749.0,0,0
68,68,31748.0,1,0
69,69,31748.0,1,0
70,70,31747.0,2,0
71,71,31747.0,2,0
72,72,31747.0,2,0
73,73,31747.0,2,0
74,74,31746.0,3,0
75,75,31746.0,3,0
76,76,31746.0,3,0
77,77,31746.0,3,0
78,78,31745.0,4,0
79,79,31746.0,3,0
80,80,31746.0,3,0
81,81,31746.0,3,0
82,82,31746.0,3,0
83,83,31746.0,3,0
84,84,31746.0,3,0
85,85,31746.0,3,0
86,86,31746.0,3,0
87,87,31746.0,3,0
88,88,31746.0,3,0
89,89,31746.0,3,0
90,90,31746.0,3,0
91,91,31746.0,3,0
92,92,31746.0,3,0
93,93,31746.0,3,0
94,94,31746.0,3,0
95,95,31746.0,3,0
96,96,31746.0,3,0
97,97,31746.0,3,0
98,98,31746.0,3,0
99,99,31746.0,3,0
100,100,31746.0,3,0
101,101,31746.0,3,0
102,102,31746.0,3,0
103,103,31746.0,3,0
104,104,31746.0,3,0
105,105,31746.0,3,0
106,106,31746.0,3,0
107,107,31746.0,3,0
108,108,31746.0,3,0
109,109,31746.0,3,0
110,110,31746.0,3,0
111,111,31746.0,3,0
112,112,31746.0,3,0
113,113,31746.0,3,0
114,114,31746.0,3,0
115,115,31746.0,3,0
116,116,31746.0,3,0
117,117,31745.0,4,0
118,118,31745.0,4,0
119,119,31745.0,4,0
120,120,31745.0,4,0
121,121,31745.0,4,0
122,122,31745.0,4,0
123,123,31745.0,4,0
124,124,31745.0,4,0
125,125,31745.0,4,0
126,126,31745.0,4,0
127,127,31745.0,4,0
128,128,31745.0,4,0
