,Days,S,I,D
0,0,132408.0,0,0
1,1,132408.0,0,0
2,2,132408.0,0,0
3,3,132408.0,0,0
4,4,132408.0,0,0
5,5,132408.0,0,0
6,6,132408.0,0,0
7,7,132408.0,0,0
8,8,132408.0,0,0
9,9,132408.0,0,0
10,10,132408.0,0,0
11,11,132408.0,0,0
12,12,132408.0,0,0
13,13,132408.0,0,0
14,14,132408.0,0,0
15,15,132408.0,0,0
16,16,132408.0,0,0
17,17,132408.0,0,0
18,18,132408.0,0,0
19,19,132408.0,0,0
20,20,132408.0,0,0
21,21,132408.0,0,0
22,22,132408.0,0,0
23,23,132408.0,0,0
24,24,132408.0,0,0
25,25,132408.0,0,0
26,26,132408.0,0,0
27,27,132408.0,0,0
28,28,132408.0,0,0
29,29,132408.0,0,0
30,30,132408.0,0,0
31,31,132408.0,0,0
32,32,132408.0,0,0
33,33,132408.0,0,0
34,34,132408.0,0,0
35,35,132408.0,0,0
36,36,132408.0,0,0
37,37,132408.0,0,0
38,38,132408.0,0,0
39,39,132408.0,0,0
40,40,132408.0,0,0
41,41,132408.0,0,0
42,42,132408.0,0,0
43,43,132408.0,0,0
44,44,132408.0,0,0
45,45,132408.0,0,0
46,46,132408.0,0,0
47,47,132408.0,0,0
48,48,132408.0,0,0
49,49,132408.0,0,0
50,50,132408.0,0,0
51,51,132408.0,0,0
52,52,132408.0,0,0
53,53,132408.0,0,0
54,54,132408.0,0,0
55,55,132407.0,1,0
56,56,132407.0,1,0
57,57,132407.0,1,0
58,58,132407.0,1,0
59,59,132405.0,3,0
60,60,132405.0,3,0
61,61,132405.0,3,0
62,62,132404.0,4,0
63,63,132404.0,4,0
64,64,132403.0,5,0
65,65,132401.0,7,0
66,66,132402.0,6,0
67,67,132402.0,6,0
68,68,132402.0,6,0
69,69,132401.0,7,0
70,70,132401.0,7,0
71,71,132400.0,8,0
72,72,132400.0,8,0
73,73,132398.0,10,0
74,74,132396.0,12,0
75,75,132396.0,12,0
76,76,132393.0,15,0
77,77,132389.0,19,0
78,78,132387.0,21,0
79,79,132373.0,35,0
80,80,132367.0,41,0
81,81,132361.0,47,0
82,82,132346.0,62,0
83,83,132330.0,78,0
84,84,132323.0,85,0
85,85,132299.0,109,0
86,86,132269.0,138,1
87,87,132241.0,166,1
88,88,132215.0,192,1
89,89,132147.0,259,2
90,90,132040.0,366,2
91,91,132025.0,379,4
92,92,131984.0,420,4
93,93,131871.0,530,7
94,94,131709.0,691,8
95,95,131685.0,714,9
96,96,131553.0,844,11
97,97,131455.0,941,12
98,98,131313.0,1082,13
99,99,131255.0,1140,13
100,100,131200.0,1195,13
101,101,131140.0,1255,13
102,102,131087.0,1306,15
103,103,131032.0,1361,15
104,104,131012.0,1378,18
105,105,130993.0,1396,19
106,106,130939.0,1450,19
107,107,130925.0,1463,20
108,108,130911.0,1477,20
109,109,130892.0,1493,23
110,110,130871.0,1512,25
111,111,130859.0,1521,28
112,112,130852.0,1528,28
113,113,130846.0,1533,29
114,114,130831.0,1548,29
115,115,130808.0,1571,29
116,116,130791.0,1587,30
117,117,130775.0,1603,30
118,118,130749.0,1628,31
119,119,130740.0,1634,34
120,120,130726.0,1645,37
121,121,130710.0,1661,37
122,122,130704.0,1666,38
123,123,130695.0,1675,38
124,124,130687.0,1682,39
125,125,130678.0,1690,40
126,126,130667.0,1699,42
127,127,130651.0,1714,43
128,128,130637.0,1727,44
