,Days,S,I,D
0,0,10177.0,0,0
1,1,10177.0,0,0
2,2,10177.0,0,0
3,3,10177.0,0,0
4,4,10177.0,0,0
5,5,10177.0,0,0
6,6,10177.0,0,0
7,7,10177.0,0,0
8,8,10177.0,0,0
9,9,10177.0,0,0
10,10,10177.0,0,0
11,11,10177.0,0,0
12,12,10177.0,0,0
13,13,10177.0,0,0
14,14,10177.0,0,0
15,15,10177.0,0,0
16,16,10177.0,0,0
17,17,10177.0,0,0
18,18,10177.0,0,0
19,19,10177.0,0,0
20,20,10177.0,0,0
21,21,10177.0,0,0
22,22,10177.0,0,0
23,23,10177.0,0,0
24,24,10177.0,0,0
25,25,10177.0,0,0
26,26,10177.0,0,0
27,27,10177.0,0,0
28,28,10177.0,0,0
29,29,10177.0,0,0
30,30,10177.0,0,0
31,31,10177.0,0,0
32,32,10177.0,0,0
33,33,10177.0,0,0
34,34,10177.0,0,0
35,35,10177.0,0,0
36,36,10177.0,0,0
37,37,10177.0,0,0
38,38,10177.0,0,0
39,39,10177.0,0,0
40,40,10177.0,0,0
41,41,10177.0,0,0
42,42,10177.0,0,0
43,43,10177.0,0,0
44,44,10177.0,0,0
45,45,10177.0,0,0
46,46,10177.0,0,0
47,47,10177.0,0,0
48,48,10177.0,0,0
49,49,10177.0,0,0
50,50,10177.0,0,0
51,51,10177.0,0,0
52,52,10177.0,0,0
53,53,10177.0,0,0
54,54,10177.0,0,0
55,55,10177.0,0,0
56,56,10177.0,0,0
57,57,10177.0,0,0
58,58,10177.0,0,0
59,59,10177.0,0,0
60,60,10177.0,0,0
61,61,10177.0,0,0
62,62,10177.0,0,0
63,63,10177.0,0,0
64,64,10177.0,0,0
65,65,10177.0,0,0
66,66,10177.0,0,0
67,67,10177.0,0,0
68,68,10177.0,0,0
69,69,10177.0,0,0
70,70,10177.0,0,0
71,71,10177.0,0,0
72,72,10177.0,0,0
73,73,10177.0,0,0
74,74,10177.0,0,0
75,75,10177.0,0,0
76,76,10177.0,0,0
77,77,10177.0,0,0
78,78,10177.0,0,0
79,79,10177.0,0,0
80,80,10176.0,1,0
81,81,10176.0,1,0
82,82,10176.0,1,0
83,83,10176.0,1,0
84,84,10176.0,1,0
85,85,10176.0,1,0
86,86,10176.0,1,0
87,87,10176.0,1,0
88,88,10175.0,2,0
89,89,10175.0,2,0
90,90,10175.0,2,0
91,91,10175.0,2,0
92,92,10175.0,2,0
93,93,10175.0,2,0
94,94,10175.0,2,0
95,95,10175.0,2,0
96,96,10175.0,2,0
97,97,10175.0,2,0
98,98,10175.0,2,0
99,99,10175.0,2,0
100,100,10175.0,2,0
101,101,10175.0,2,0
102,102,10175.0,2,0
103,103,10175.0,2,0
104,104,10175.0,2,0
105,105,10175.0,2,0
106,106,10175.0,2,0
107,107,10175.0,2,0
108,108,10175.0,2,0
109,109,10175.0,2,0
110,110,10175.0,2,0
111,111,10175.0,2,0
112,112,10175.0,2,0
113,113,10175.0,2,0
114,114,10175.0,2,0
115,115,10175.0,2,0
116,116,10175.0,2,0
117,117,10175.0,2,0
118,118,10175.0,2,0
119,119,10175.0,2,0
120,120,10175.0,2,0
121,121,10175.0,2,0
122,122,10175.0,2,0
123,123,10175.0,2,0
124,124,10175.0,2,0
125,125,10175.0,2,0
126,126,10175.0,2,0
127,127,10175.0,2,0
128,128,10175.0,2,0
