,Days,S,I,D
0,0,40076.0,0,0
1,1,40076.0,0,0
2,2,40076.0,0,0
3,3,40076.0,0,0
4,4,40076.0,0,0
5,5,40076.0,0,0
6,6,40076.0,0,0
7,7,40076.0,0,0
8,8,40076.0,0,0
9,9,40076.0,0,0
10,10,40076.0,0,0
11,11,40076.0,0,0
12,12,40076.0,0,0
13,13,40076.0,0,0
14,14,40076.0,0,0
15,15,40076.0,0,0
16,16,40076.0,0,0
17,17,40076.0,0,0
18,18,40076.0,0,0
19,19,40076.0,0,0
20,20,40076.0,0,0
21,21,40076.0,0,0
22,22,40076.0,0,0
23,23,40076.0,0,0
24,24,40076.0,0,0
25,25,40076.0,0,0
26,26,40076.0,0,0
27,27,40076.0,0,0
28,28,40076.0,0,0
29,29,40076.0,0,0
30,30,40076.0,0,0
31,31,40076.0,0,0
32,32,40076.0,0,0
33,33,40076.0,0,0
34,34,40076.0,0,0
35,35,40076.0,0,0
36,36,40076.0,0,0
37,37,40076.0,0,0
38,38,40076.0,0,0
39,39,40076.0,0,0
40,40,40076.0,0,0
41,41,40076.0,0,0
42,42,40076.0,0,0
43,43,40076.0,0,0
44,44,40076.0,0,0
45,45,40076.0,0,0
46,46,40076.0,0,0
47,47,40076.0,0,0
48,48,40076.0,0,0
49,49,40076.0,0,0
50,50,40076.0,0,0
51,51,40076.0,0,0
52,52,40076.0,0,0
53,53,40076.0,0,0
54,54,40076.0,0,0
55,55,40076.0,0,0
56,56,40076.0,0,0
57,57,40076.0,0,0
58,58,40076.0,0,0
59,59,40076.0,0,0
60,60,40076.0,0,0
61,61,40076.0,0,0
62,62,40076.0,0,0
63,63,40076.0,0,0
64,64,40076.0,0,0
65,65,40076.0,0,0
66,66,40076.0,0,0
67,67,40076.0,0,0
68,68,40076.0,0,0
69,69,40076.0,0,0
70,70,40076.0,0,0
71,71,40075.0,1,0
72,72,40075.0,1,0
73,73,40075.0,1,0
74,74,40075.0,1,0
75,75,40075.0,1,0
76,76,40072.0,4,0
77,77,40072.0,4,0
78,78,40072.0,4,0
79,79,40072.0,4,0
80,80,40072.0,4,0
81,81,40072.0,4,0
82,82,40072.0,4,0
83,83,40072.0,4,0
84,84,40072.0,4,0
85,85,40071.0,5,0
86,86,40071.0,5,0
87,87,40071.0,5,0
88,88,40071.0,5,0
89,89,40071.0,5,0
90,90,40071.0,5,0
91,91,40071.0,5,0
92,92,40071.0,5,0
93,93,40071.0,5,0
94,94,40071.0,5,0
95,95,40071.0,5,0
96,96,40071.0,5,0
97,97,40071.0,5,0
98,98,40071.0,5,0
99,99,40071.0,5,0
100,100,40071.0,5,0
101,101,40071.0,5,0
102,102,40071.0,5,0
103,103,40071.0,5,0
104,104,40071.0,5,0
105,105,40071.0,5,0
106,106,40071.0,5,0
107,107,40071.0,5,0
108,108,40071.0,5,0
109,109,40071.0,5,0
110,110,40071.0,5,0
111,111,40071.0,5,0
112,112,40071.0,5,0
113,113,40071.0,5,0
114,114,40071.0,5,0
115,115,40071.0,5,0
116,116,40071.0,5,0
117,117,40071.0,5,0
118,118,40071.0,5,0
119,119,40071.0,5,0
120,120,40071.0,5,0
121,121,40071.0,5,0
122,122,40071.0,5,0
123,123,40071.0,5,0
124,124,40071.0,5,0
125,125,40071.0,5,0
126,126,40071.0,5,0
127,127,40070.0,6,0
128,128,40070.0,6,0
