,Days,S,I,D
0,0,22304.0,0,0
1,1,22304.0,0,0
2,2,22304.0,0,0
3,3,22304.0,0,0
4,4,22304.0,0,0
5,5,22304.0,0,0
6,6,22304.0,0,0
7,7,22304.0,0,0
8,8,22304.0,0,0
9,9,22304.0,0,0
10,10,22304.0,0,0
11,11,22304.0,0,0
12,12,22304.0,0,0
13,13,22304.0,0,0
14,14,22304.0,0,0
15,15,22304.0,0,0
16,16,22304.0,0,0
17,17,22304.0,0,0
18,18,22304.0,0,0
19,19,22304.0,0,0
20,20,22304.0,0,0
21,21,22304.0,0,0
22,22,22304.0,0,0
23,23,22304.0,0,0
24,24,22304.0,0,0
25,25,22304.0,0,0
26,26,22304.0,0,0
27,27,22304.0,0,0
28,28,22304.0,0,0
29,29,22304.0,0,0
30,30,22304.0,0,0
31,31,22304.0,0,0
32,32,22304.0,0,0
33,33,22304.0,0,0
34,34,22304.0,0,0
35,35,22304.0,0,0
36,36,22304.0,0,0
37,37,22304.0,0,0
38,38,22304.0,0,0
39,39,22304.0,0,0
40,40,22304.0,0,0
41,41,22304.0,0,0
42,42,22304.0,0,0
43,43,22304.0,0,0
44,44,22304.0,0,0
45,45,22304.0,0,0
46,46,22304.0,0,0
47,47,22304.0,0,0
48,48,22304.0,0,0
49,49,22304.0,0,0
50,50,22304.0,0,0
51,51,22304.0,0,0
52,52,22304.0,0,0
53,53,22304.0,0,0
54,54,22304.0,0,0
55,55,22304.0,0,0
56,56,22304.0,0,0
57,57,22304.0,0,0
58,58,22304.0,0,0
59,59,22304.0,0,0
60,60,22304.0,0,0
61,61,22304.0,0,0
62,62,22304.0,0,0
63,63,22304.0,0,0
64,64,22304.0,0,0
65,65,22304.0,0,0
66,66,22304.0,0,0
67,67,22304.0,0,0
68,68,22304.0,0,0
69,69,22304.0,0,0
70,70,22304.0,0,0
71,71,22304.0,0,0
72,72,22304.0,0,0
73,73,22303.0,1,0
74,74,22303.0,1,0
75,75,22302.0,2,0
76,76,22302.0,2,0
77,77,22302.0,2,0
78,78,22302.0,2,0
79,79,22302.0,2,0
80,80,22302.0,2,0
81,81,22302.0,2,0
82,82,22302.0,2,0
83,83,22301.0,3,0
84,84,22301.0,3,0
85,85,22301.0,3,0
86,86,22301.0,3,0
87,87,22301.0,3,0
88,88,22301.0,3,0
89,89,22301.0,3,0
90,90,22301.0,3,0
91,91,22301.0,3,0
92,92,22301.0,3,0
93,93,22301.0,3,0
94,94,22301.0,3,0
95,95,22301.0,3,0
96,96,22301.0,3,0
97,97,22301.0,3,0
98,98,22301.0,3,0
99,99,22301.0,3,0
100,100,22301.0,3,0
101,101,22300.0,4,0
102,102,22300.0,4,0
103,103,22300.0,4,0
104,104,22300.0,4,0
105,105,22299.0,5,0
106,106,22299.0,5,0
107,107,22299.0,5,0
108,108,22299.0,5,0
109,109,22299.0,5,0
110,110,22299.0,5,0
111,111,22299.0,5,0
112,112,22299.0,5,0
113,113,22299.0,5,0
114,114,22299.0,5,0
115,115,22299.0,5,0
116,116,22299.0,5,0
117,117,22299.0,5,0
118,118,22298.0,6,0
119,119,22296.0,8,0
120,120,22296.0,8,0
121,121,22296.0,8,0
122,122,22296.0,8,0
123,123,22295.0,9,0
124,124,22295.0,9,0
125,125,22295.0,9,0
126,126,22295.0,9,0
127,127,22295.0,9,0
128,128,22295.0,9,0
