,Days,S,I,D
0,0,5899.0,0,0
1,1,5899.0,0,0
2,2,5899.0,0,0
3,3,5899.0,0,0
4,4,5899.0,0,0
5,5,5899.0,0,0
6,6,5899.0,0,0
7,7,5899.0,0,0
8,8,5899.0,0,0
9,9,5899.0,0,0
10,10,5899.0,0,0
11,11,5899.0,0,0
12,12,5899.0,0,0
13,13,5899.0,0,0
14,14,5899.0,0,0
15,15,5899.0,0,0
16,16,5899.0,0,0
17,17,5899.0,0,0
18,18,5899.0,0,0
19,19,5899.0,0,0
20,20,5899.0,0,0
21,21,5899.0,0,0
22,22,5899.0,0,0
23,23,5899.0,0,0
24,24,5899.0,0,0
25,25,5899.0,0,0
26,26,5899.0,0,0
27,27,5899.0,0,0
28,28,5899.0,0,0
29,29,5899.0,0,0
30,30,5899.0,0,0
31,31,5899.0,0,0
32,32,5899.0,0,0
33,33,5899.0,0,0
34,34,5899.0,0,0
35,35,5899.0,0,0
36,36,5899.0,0,0
37,37,5899.0,0,0
38,38,5899.0,0,0
39,39,5899.0,0,0
40,40,5899.0,0,0
41,41,5899.0,0,0
42,42,5899.0,0,0
43,43,5899.0,0,0
44,44,5899.0,0,0
45,45,5899.0,0,0
46,46,5899.0,0,0
47,47,5899.0,0,0
48,48,5899.0,0,0
49,49,5899.0,0,0
50,50,5899.0,0,0
51,51,5899.0,0,0
52,52,5899.0,0,0
53,53,5899.0,0,0
54,54,5899.0,0,0
55,55,5899.0,0,0
56,56,5899.0,0,0
57,57,5899.0,0,0
58,58,5899.0,0,0
59,59,5899.0,0,0
60,60,5899.0,0,0
61,61,5899.0,0,0
62,62,5899.0,0,0
63,63,5899.0,0,0
64,64,5899.0,0,0
65,65,5899.0,0,0
66,66,5899.0,0,0
67,67,5899.0,0,0
68,68,5899.0,0,0
69,69,5899.0,0,0
70,70,5899.0,0,0
71,71,5899.0,0,0
72,72,5899.0,0,0
73,73,5899.0,0,0
74,74,5899.0,0,0
75,75,5899.0,0,0
76,76,5899.0,0,0
77,77,5899.0,0,0
78,78,5899.0,0,0
79,79,5899.0,0,0
80,80,5899.0,0,0
81,81,5899.0,0,0
82,82,5899.0,0,0
83,83,5899.0,0,0
84,84,5899.0,0,0
85,85,5899.0,0,0
86,86,5898.0,1,0
87,87,5898.0,1,0
88,88,5898.0,1,0
89,89,5898.0,1,0
90,90,5898.0,1,0
91,91,5898.0,1,0
92,92,5898.0,1,0
93,93,5896.0,3,0
94,94,5896.0,3,0
95,95,5896.0,3,0
96,96,5896.0,3,0
97,97,5896.0,3,0
98,98,5896.0,3,0
99,99,5895.0,4,0
100,100,5895.0,4,0
101,101,5894.0,5,0
102,102,5894.0,5,0
103,103,5894.0,5,0
104,104,5894.0,5,0
105,105,5894.0,5,0
106,106,5894.0,5,0
107,107,5894.0,5,0
108,108,5894.0,5,0
109,109,5894.0,5,0
110,110,5894.0,5,0
111,111,5894.0,5,0
112,112,5894.0,5,0
113,113,5894.0,5,0
114,114,5894.0,5,0
115,115,5894.0,5,0
116,116,5894.0,5,0
117,117,5893.0,6,0
118,118,5893.0,6,0
119,119,5893.0,6,0
120,120,5893.0,6,0
121,121,5893.0,6,0
122,122,5893.0,6,0
123,123,5893.0,6,0
124,124,5893.0,6,0
125,125,5893.0,6,0
126,126,5893.0,6,0
127,127,5893.0,6,0
128,128,5892.0,7,0
