,Days,S,I,D
0,0,4178.0,0,0
1,1,4178.0,0,0
2,2,4178.0,0,0
3,3,4178.0,0,0
4,4,4178.0,0,0
5,5,4178.0,0,0
6,6,4178.0,0,0
7,7,4178.0,0,0
8,8,4178.0,0,0
9,9,4178.0,0,0
10,10,4178.0,0,0
11,11,4178.0,0,0
12,12,4178.0,0,0
13,13,4178.0,0,0
14,14,4178.0,0,0
15,15,4178.0,0,0
16,16,4178.0,0,0
17,17,4178.0,0,0
18,18,4178.0,0,0
19,19,4178.0,0,0
20,20,4178.0,0,0
21,21,4178.0,0,0
22,22,4178.0,0,0
23,23,4178.0,0,0
24,24,4178.0,0,0
25,25,4178.0,0,0
26,26,4178.0,0,0
27,27,4178.0,0,0
28,28,4178.0,0,0
29,29,4178.0,0,0
30,30,4178.0,0,0
31,31,4178.0,0,0
32,32,4178.0,0,0
33,33,4178.0,0,0
34,34,4178.0,0,0
35,35,4178.0,0,0
36,36,4178.0,0,0
37,37,4178.0,0,0
38,38,4178.0,0,0
39,39,4178.0,0,0
40,40,4178.0,0,0
41,41,4178.0,0,0
42,42,4178.0,0,0
43,43,4178.0,0,0
44,44,4178.0,0,0
45,45,4178.0,0,0
46,46,4178.0,0,0
47,47,4178.0,0,0
48,48,4178.0,0,0
49,49,4178.0,0,0
50,50,4178.0,0,0
51,51,4178.0,0,0
52,52,4178.0,0,0
53,53,4178.0,0,0
54,54,4178.0,0,0
55,55,4178.0,0,0
56,56,4178.0,0,0
57,57,4178.0,0,0
58,58,4178.0,0,0
59,59,4178.0,0,0
60,60,4178.0,0,0
61,61,4178.0,0,0
62,62,4178.0,0,0
63,63,4178.0,0,0
64,64,4178.0,0,0
65,65,4178.0,0,0
66,66,4178.0,0,0
67,67,4177.0,1,0
68,68,4177.0,1,0
69,69,4177.0,1,0
70,70,4177.0,1,0
71,71,4177.0,1,0
72,72,4177.0,1,0
73,73,4177.0,1,0
74,74,4177.0,1,0
75,75,4177.0,1,0
76,76,4177.0,1,0
77,77,4177.0,1,0
78,78,4177.0,1,0
79,79,4177.0,1,0
80,80,4177.0,1,0
81,81,4177.0,1,0
82,82,4177.0,1,0
83,83,4177.0,1,0
84,84,4177.0,1,0
85,85,4177.0,1,0
86,86,4177.0,1,0
87,87,4177.0,1,0
88,88,4177.0,1,0
89,89,4177.0,1,0
90,90,4177.0,1,0
91,91,4177.0,1,0
92,92,4177.0,1,0
93,93,4177.0,1,0
94,94,4177.0,1,0
95,95,4177.0,1,0
96,96,4177.0,1,0
97,97,4177.0,1,0
98,98,4177.0,1,0
99,99,4177.0,1,0
100,100,4177.0,1,0
101,101,4177.0,1,0
102,102,4177.0,1,0
103,103,4177.0,1,0
104,104,4177.0,1,0
105,105,4177.0,1,0
106,106,4177.0,1,0
107,107,4177.0,1,0
108,108,4177.0,1,0
109,109,4177.0,1,0
110,110,4177.0,1,0
111,111,4177.0,1,0
112,112,4177.0,1,0
113,113,4177.0,1,0
114,114,4177.0,1,0
115,115,4177.0,1,0
116,116,4177.0,1,0
117,117,4177.0,1,0
118,118,4177.0,1,0
119,119,4177.0,1,0
120,120,4177.0,1,0
121,121,4177.0,1,0
122,122,4177.0,1,0
123,123,4177.0,1,0
124,124,4177.0,1,0
125,125,4177.0,1,0
126,126,4177.0,1,0
127,127,4177.0,1,0
128,128,4177.0,1,0
