,Days,S,I,D
0,0,6254.0,0,0
1,1,6254.0,0,0
2,2,6254.0,0,0
3,3,6254.0,0,0
4,4,6254.0,0,0
5,5,6254.0,0,0
6,6,6254.0,0,0
7,7,6254.0,0,0
8,8,6254.0,0,0
9,9,6254.0,0,0
10,10,6254.0,0,0
11,11,6254.0,0,0
12,12,6254.0,0,0
13,13,6254.0,0,0
14,14,6254.0,0,0
15,15,6254.0,0,0
16,16,6254.0,0,0
17,17,6254.0,0,0
18,18,6254.0,0,0
19,19,6254.0,0,0
20,20,6254.0,0,0
21,21,6254.0,0,0
22,22,6254.0,0,0
23,23,6254.0,0,0
24,24,6254.0,0,0
25,25,6254.0,0,0
26,26,6254.0,0,0
27,27,6254.0,0,0
28,28,6254.0,0,0
29,29,6254.0,0,0
30,30,6254.0,0,0
31,31,6254.0,0,0
32,32,6254.0,0,0
33,33,6254.0,0,0
34,34,6254.0,0,0
35,35,6254.0,0,0
36,36,6254.0,0,0
37,37,6254.0,0,0
38,38,6254.0,0,0
39,39,6254.0,0,0
40,40,6254.0,0,0
41,41,6254.0,0,0
42,42,6254.0,0,0
43,43,6254.0,0,0
44,44,6254.0,0,0
45,45,6254.0,0,0
46,46,6254.0,0,0
47,47,6254.0,0,0
48,48,6254.0,0,0
49,49,6254.0,0,0
50,50,6254.0,0,0
51,51,6254.0,0,0
52,52,6254.0,0,0
53,53,6254.0,0,0
54,54,6254.0,0,0
55,55,6254.0,0,0
56,56,6254.0,0,0
57,57,6254.0,0,0
58,58,6254.0,0,0
59,59,6254.0,0,0
60,60,6254.0,0,0
61,61,6254.0,0,0
62,62,6254.0,0,0
63,63,6254.0,0,0
64,64,6254.0,0,0
65,65,6254.0,0,0
66,66,6254.0,0,0
67,67,6254.0,0,0
68,68,6252.0,2,0
69,69,6252.0,2,0
70,70,6252.0,2,0
71,71,6252.0,2,0
72,72,6252.0,2,0
73,73,6252.0,2,0
74,74,6252.0,2,0
75,75,6252.0,2,0
76,76,6252.0,2,0
77,77,6252.0,2,0
78,78,6252.0,2,0
79,79,6252.0,2,0
80,80,6252.0,2,0
81,81,6252.0,2,0
82,82,6252.0,2,0
83,83,6252.0,2,0
84,84,6252.0,2,0
85,85,6252.0,2,0
86,86,6252.0,2,0
87,87,6252.0,2,0
88,88,6252.0,2,0
89,89,6252.0,2,0
90,90,6252.0,2,0
91,91,6252.0,2,0
92,92,6252.0,2,0
93,93,6252.0,2,0
94,94,6252.0,2,0
95,95,6252.0,2,0
96,96,6252.0,2,0
97,97,6252.0,2,0
98,98,6252.0,2,0
99,99,6252.0,2,0
100,100,6252.0,2,0
101,101,6252.0,2,0
102,102,6252.0,2,0
103,103,6252.0,2,0
104,104,6252.0,2,0
105,105,6252.0,2,0
106,106,6252.0,2,0
107,107,6252.0,2,0
108,108,6252.0,2,0
109,109,6252.0,2,0
110,110,6252.0,2,0
111,111,6252.0,2,0
112,112,6252.0,2,0
113,113,6252.0,2,0
114,114,6252.0,2,0
115,115,6252.0,2,0
116,116,6252.0,2,0
117,117,6252.0,2,0
118,118,6252.0,2,0
119,119,6252.0,2,0
120,120,6252.0,2,0
121,121,6252.0,2,0
122,122,6252.0,2,0
123,123,6252.0,2,0
124,124,6252.0,2,0
125,125,6252.0,2,0
126,126,6252.0,2,0
127,127,6252.0,2,0
128,128,6252.0,2,0
