,Days,S,I,D
0,0,52879.0,0,0
1,1,52879.0,0,0
2,2,52879.0,0,0
3,3,52879.0,0,0
4,4,52879.0,0,0
5,5,52879.0,0,0
6,6,52879.0,0,0
7,7,52879.0,0,0
8,8,52879.0,0,0
9,9,52879.0,0,0
10,10,52879.0,0,0
11,11,52879.0,0,0
12,12,52879.0,0,0
13,13,52879.0,0,0
14,14,52879.0,0,0
15,15,52879.0,0,0
16,16,52879.0,0,0
17,17,52879.0,0,0
18,18,52879.0,0,0
19,19,52879.0,0,0
20,20,52879.0,0,0
21,21,52879.0,0,0
22,22,52879.0,0,0
23,23,52879.0,0,0
24,24,52879.0,0,0
25,25,52879.0,0,0
26,26,52879.0,0,0
27,27,52879.0,0,0
28,28,52879.0,0,0
29,29,52879.0,0,0
30,30,52879.0,0,0
31,31,52879.0,0,0
32,32,52879.0,0,0
33,33,52879.0,0,0
34,34,52879.0,0,0
35,35,52879.0,0,0
36,36,52879.0,0,0
37,37,52879.0,0,0
38,38,52879.0,0,0
39,39,52879.0,0,0
40,40,52879.0,0,0
41,41,52879.0,0,0
42,42,52879.0,0,0
43,43,52879.0,0,0
44,44,52879.0,0,0
45,45,52879.0,0,0
46,46,52879.0,0,0
47,47,52879.0,0,0
48,48,52879.0,0,0
49,49,52879.0,0,0
50,50,52879.0,0,0
51,51,52878.0,1,0
52,52,52877.0,2,0
53,53,52876.0,3,0
54,54,52876.0,3,0
55,55,52876.0,3,0
56,56,52876.0,3,0
57,57,52875.0,4,0
58,58,52872.0,7,0
59,59,52872.0,7,0
60,60,52871.0,8,0
61,61,52864.0,15,0
62,62,52864.0,15,0
63,63,52861.0,17,1
64,64,52855.0,22,2
65,65,52854.0,23,2
66,66,52847.0,30,2
67,67,52846.0,31,2
68,68,52840.0,36,3
69,69,52802.0,71,6
70,70,52790.0,82,7
71,71,52691.0,180,8
72,72,52658.0,210,11
73,73,52615.0,252,12
74,74,52606.0,260,13
75,75,52579.0,285,15
76,76,52550.0,310,19
77,77,52532.0,328,19
78,78,52495.0,362,22
79,79,52480.0,376,23
80,80,52454.0,401,24
81,81,52451.0,404,24
82,82,52445.0,410,24
83,83,52395.0,460,24
84,84,52382.0,471,26
85,85,52382.0,471,26
86,86,52382.0,471,26
87,87,52365.0,487,27
88,88,52363.0,488,28
89,89,52343.0,508,28
90,90,52334.0,516,29
91,91,52326.0,522,31
92,92,52317.0,529,33
93,93,52309.0,536,34
94,94,52304.0,540,35
95,95,52301.0,542,36
96,96,52294.0,549,36
97,97,52288.0,554,37
98,98,52279.0,563,37
99,99,52271.0,570,38
100,100,52268.0,573,38
101,101,52263.0,577,39
102,102,52257.0,582,40
103,103,52254.0,584,41
104,104,52249.0,589,41
105,105,52248.0,590,41
106,106,52245.0,593,41
107,107,52245.0,593,41
108,108,52245.0,593,41
109,109,52244.0,594,41
110,110,52243.0,595,41
111,111,52242.0,596,41
112,112,52238.0,600,41
113,113,52236.0,602,41
114,114,52232.0,606,41
115,115,52225.0,613,41
116,116,52224.0,613,42
117,117,52222.0,615,42
118,118,52222.0,615,42
119,119,52222.0,615,42
120,120,52218.0,618,43
121,121,52218.0,618,43
122,122,52214.0,622,43
123,123,52213.0,623,43
124,124,52210.0,625,44
125,125,52210.0,625,44
126,126,52204.0,631,44
127,127,52202.0,633,44
128,128,52198.0,637,44
