,Days,S,I,D
0,0,24763.0,0,0
1,1,24763.0,0,0
2,2,24763.0,0,0
3,3,24763.0,0,0
4,4,24763.0,0,0
5,5,24763.0,0,0
6,6,24763.0,0,0
7,7,24763.0,0,0
8,8,24763.0,0,0
9,9,24763.0,0,0
10,10,24763.0,0,0
11,11,24763.0,0,0
12,12,24763.0,0,0
13,13,24763.0,0,0
14,14,24763.0,0,0
15,15,24763.0,0,0
16,16,24763.0,0,0
17,17,24763.0,0,0
18,18,24763.0,0,0
19,19,24763.0,0,0
20,20,24763.0,0,0
21,21,24763.0,0,0
22,22,24763.0,0,0
23,23,24763.0,0,0
24,24,24763.0,0,0
25,25,24763.0,0,0
26,26,24763.0,0,0
27,27,24763.0,0,0
28,28,24763.0,0,0
29,29,24763.0,0,0
30,30,24763.0,0,0
31,31,24763.0,0,0
32,32,24763.0,0,0
33,33,24763.0,0,0
34,34,24763.0,0,0
35,35,24763.0,0,0
36,36,24763.0,0,0
37,37,24763.0,0,0
38,38,24763.0,0,0
39,39,24763.0,0,0
40,40,24763.0,0,0
41,41,24763.0,0,0
42,42,24763.0,0,0
43,43,24763.0,0,0
44,44,24763.0,0,0
45,45,24763.0,0,0
46,46,24763.0,0,0
47,47,24763.0,0,0
48,48,24763.0,0,0
49,49,24763.0,0,0
50,50,24763.0,0,0
51,51,24763.0,0,0
52,52,24763.0,0,0
53,53,24763.0,0,0
54,54,24763.0,0,0
55,55,24763.0,0,0
56,56,24763.0,0,0
57,57,24763.0,0,0
58,58,24763.0,0,0
59,59,24763.0,0,0
60,60,24763.0,0,0
61,61,24763.0,0,0
62,62,24763.0,0,0
63,63,24762.0,1,0
64,64,24762.0,1,0
65,65,24762.0,1,0
66,66,24762.0,1,0
67,67,24762.0,1,0
68,68,24762.0,1,0
69,69,24761.0,2,0
70,70,24761.0,2,0
71,71,24761.0,2,0
72,72,24759.0,4,0
73,73,24756.0,7,0
74,74,24756.0,7,0
75,75,24756.0,7,0
76,76,24756.0,7,0
77,77,24756.0,7,0
78,78,24756.0,7,0
79,79,24755.0,8,0
80,80,24755.0,8,0
81,81,24755.0,8,0
82,82,24755.0,8,0
83,83,24755.0,8,0
84,84,24755.0,8,0
85,85,24755.0,8,0
86,86,24755.0,8,0
87,87,24755.0,8,0
88,88,24755.0,8,0
89,89,24755.0,8,0
90,90,24755.0,8,0
91,91,24755.0,8,0
92,92,24755.0,8,0
93,93,24755.0,8,0
94,94,24755.0,8,0
95,95,24755.0,8,0
96,96,24755.0,8,0
97,97,24755.0,8,0
98,98,24755.0,8,0
99,99,24755.0,8,0
100,100,24755.0,8,0
101,101,24755.0,8,0
102,102,24755.0,8,0
103,103,24755.0,8,0
104,104,24755.0,8,0
105,105,24755.0,8,0
106,106,24755.0,8,0
107,107,24755.0,8,0
108,108,24755.0,8,0
109,109,24755.0,8,0
110,110,24755.0,8,0
111,111,24755.0,8,0
112,112,24755.0,8,0
113,113,24755.0,8,0
114,114,24755.0,8,0
115,115,24755.0,8,0
116,116,24755.0,8,0
117,117,24755.0,8,0
118,118,24755.0,8,0
119,119,24755.0,8,0
120,120,24755.0,8,0
121,121,24755.0,8,0
122,122,24755.0,8,0
123,123,24754.0,9,0
124,124,24754.0,9,0
125,125,24754.0,9,0
126,126,24754.0,9,0
127,127,24754.0,9,0
128,128,24754.0,9,0
