,Days,S,I,D
0,0,10212.0,0,0
1,1,10212.0,0,0
2,2,10212.0,0,0
3,3,10212.0,0,0
4,4,10212.0,0,0
5,5,10212.0,0,0
6,6,10212.0,0,0
7,7,10212.0,0,0
8,8,10212.0,0,0
9,9,10212.0,0,0
10,10,10212.0,0,0
11,11,10212.0,0,0
12,12,10212.0,0,0
13,13,10212.0,0,0
14,14,10212.0,0,0
15,15,10212.0,0,0
16,16,10212.0,0,0
17,17,10212.0,0,0
18,18,10212.0,0,0
19,19,10212.0,0,0
20,20,10212.0,0,0
21,21,10212.0,0,0
22,22,10212.0,0,0
23,23,10212.0,0,0
24,24,10212.0,0,0
25,25,10212.0,0,0
26,26,10212.0,0,0
27,27,10212.0,0,0
28,28,10212.0,0,0
29,29,10212.0,0,0
30,30,10212.0,0,0
31,31,10212.0,0,0
32,32,10212.0,0,0
33,33,10212.0,0,0
34,34,10212.0,0,0
35,35,10212.0,0,0
36,36,10212.0,0,0
37,37,10212.0,0,0
38,38,10212.0,0,0
39,39,10212.0,0,0
40,40,10212.0,0,0
41,41,10212.0,0,0
42,42,10212.0,0,0
43,43,10212.0,0,0
44,44,10212.0,0,0
45,45,10212.0,0,0
46,46,10212.0,0,0
47,47,10212.0,0,0
48,48,10212.0,0,0
49,49,10212.0,0,0
50,50,10212.0,0,0
51,51,10212.0,0,0
52,52,10212.0,0,0
53,53,10212.0,0,0
54,54,10212.0,0,0
55,55,10212.0,0,0
56,56,10212.0,0,0
57,57,10212.0,0,0
58,58,10212.0,0,0
59,59,10212.0,0,0
60,60,10212.0,0,0
61,61,10212.0,0,0
62,62,10212.0,0,0
63,63,10211.0,1,0
64,64,10211.0,1,0
65,65,10211.0,1,0
66,66,10211.0,1,0
67,67,10211.0,1,0
68,68,10211.0,1,0
69,69,10211.0,1,0
70,70,10211.0,1,0
71,71,10211.0,1,0
72,72,10211.0,1,0
73,73,10211.0,1,0
74,74,10211.0,1,0
75,75,10211.0,1,0
76,76,10211.0,1,0
77,77,10211.0,1,0
78,78,10211.0,1,0
79,79,10211.0,1,0
80,80,10211.0,1,0
81,81,10211.0,1,0
82,82,10211.0,1,0
83,83,10211.0,1,0
84,84,10211.0,1,0
85,85,10211.0,1,0
86,86,10211.0,1,0
87,87,10211.0,1,0
88,88,10211.0,1,0
89,89,10211.0,1,0
90,90,10211.0,1,0
91,91,10211.0,1,0
92,92,10211.0,1,0
93,93,10211.0,1,0
94,94,10211.0,1,0
95,95,10211.0,1,0
96,96,10211.0,1,0
97,97,10211.0,1,0
98,98,10211.0,1,0
99,99,10211.0,1,0
100,100,10211.0,1,0
101,101,10211.0,1,0
102,102,10211.0,1,0
103,103,10211.0,1,0
104,104,10211.0,1,0
105,105,10211.0,1,0
106,106,10211.0,1,0
107,107,10211.0,1,0
108,108,10211.0,1,0
109,109,10211.0,1,0
110,110,10211.0,1,0
111,111,10210.0,2,0
112,112,10210.0,2,0
113,113,10210.0,2,0
114,114,10210.0,2,0
115,115,10210.0,2,0
116,116,10210.0,2,0
117,117,10210.0,2,0
118,118,10210.0,2,0
119,119,10210.0,2,0
120,120,10210.0,2,0
121,121,10210.0,2,0
122,122,10210.0,2,0
123,123,10210.0,2,0
124,124,10210.0,2,0
125,125,10209.0,3,0
126,126,10209.0,3,0
127,127,10209.0,3,0
128,128,10209.0,3,0
