,Days,S,I,D
0,0,44732.0,0,0
1,1,44732.0,0,0
2,2,44732.0,0,0
3,3,44732.0,0,0
4,4,44732.0,0,0
5,5,44732.0,0,0
6,6,44732.0,0,0
7,7,44732.0,0,0
8,8,44732.0,0,0
9,9,44732.0,0,0
10,10,44732.0,0,0
11,11,44732.0,0,0
12,12,44732.0,0,0
13,13,44732.0,0,0
14,14,44732.0,0,0
15,15,44732.0,0,0
16,16,44732.0,0,0
17,17,44732.0,0,0
18,18,44732.0,0,0
19,19,44732.0,0,0
20,20,44732.0,0,0
21,21,44732.0,0,0
22,22,44732.0,0,0
23,23,44732.0,0,0
24,24,44732.0,0,0
25,25,44732.0,0,0
26,26,44732.0,0,0
27,27,44732.0,0,0
28,28,44732.0,0,0
29,29,44732.0,0,0
30,30,44732.0,0,0
31,31,44732.0,0,0
32,32,44732.0,0,0
33,33,44732.0,0,0
34,34,44732.0,0,0
35,35,44732.0,0,0
36,36,44732.0,0,0
37,37,44732.0,0,0
38,38,44732.0,0,0
39,39,44732.0,0,0
40,40,44732.0,0,0
41,41,44732.0,0,0
42,42,44732.0,0,0
43,43,44732.0,0,0
44,44,44732.0,0,0
45,45,44732.0,0,0
46,46,44732.0,0,0
47,47,44732.0,0,0
48,48,44732.0,0,0
49,49,44732.0,0,0
50,50,44732.0,0,0
51,51,44732.0,0,0
52,52,44732.0,0,0
53,53,44732.0,0,0
54,54,44732.0,0,0
55,55,44732.0,0,0
56,56,44732.0,0,0
57,57,44732.0,0,0
58,58,44732.0,0,0
59,59,44732.0,0,0
60,60,44732.0,0,0
61,61,44732.0,0,0
62,62,44732.0,0,0
63,63,44732.0,0,0
64,64,44732.0,0,0
65,65,44732.0,0,0
66,66,44732.0,0,0
67,67,44732.0,0,0
68,68,44732.0,0,0
69,69,44732.0,0,0
70,70,44732.0,0,0
71,71,44732.0,0,0
72,72,44732.0,0,0
73,73,44732.0,0,0
74,74,44732.0,0,0
75,75,44731.0,1,0
76,76,44731.0,1,0
77,77,44731.0,1,0
78,78,44731.0,1,0
79,79,44731.0,1,0
80,80,44731.0,1,0
81,81,44731.0,1,0
82,82,44731.0,1,0
83,83,44731.0,1,0
84,84,44731.0,1,0
85,85,44731.0,1,0
86,86,44731.0,1,0
87,87,44731.0,1,0
88,88,44731.0,1,0
89,89,44731.0,1,0
90,90,44731.0,1,0
91,91,44731.0,1,0
92,92,44731.0,1,0
93,93,44731.0,1,0
94,94,44731.0,1,0
95,95,44730.0,2,0
96,96,44730.0,2,0
97,97,44730.0,2,0
98,98,44730.0,2,0
99,99,44730.0,2,0
100,100,44730.0,2,0
101,101,44730.0,2,0
102,102,44730.0,2,0
103,103,44730.0,2,0
104,104,44730.0,2,0
105,105,44730.0,2,0
106,106,44730.0,2,0
107,107,44730.0,2,0
108,108,44730.0,2,0
109,109,44730.0,2,0
110,110,44730.0,2,0
111,111,44730.0,2,0
112,112,44730.0,2,0
113,113,44730.0,2,0
114,114,44730.0,2,0
115,115,44730.0,2,0
116,116,44730.0,2,0
117,117,44730.0,2,0
118,118,44729.0,3,0
119,119,44729.0,3,0
120,120,44729.0,3,0
121,121,44728.0,4,0
122,122,44728.0,4,0
123,123,44728.0,4,0
124,124,44728.0,4,0
125,125,44728.0,4,0
126,126,44728.0,4,0
127,127,44728.0,4,0
128,128,44728.0,4,0
