,Days,S,I,D
0,0,19150.0,0,0
1,1,19150.0,0,0
2,2,19150.0,0,0
3,3,19150.0,0,0
4,4,19150.0,0,0
5,5,19150.0,0,0
6,6,19150.0,0,0
7,7,19150.0,0,0
8,8,19150.0,0,0
9,9,19150.0,0,0
10,10,19150.0,0,0
11,11,19150.0,0,0
12,12,19150.0,0,0
13,13,19150.0,0,0
14,14,19150.0,0,0
15,15,19150.0,0,0
16,16,19150.0,0,0
17,17,19150.0,0,0
18,18,19150.0,0,0
19,19,19150.0,0,0
20,20,19150.0,0,0
21,21,19150.0,0,0
22,22,19150.0,0,0
23,23,19150.0,0,0
24,24,19150.0,0,0
25,25,19150.0,0,0
26,26,19150.0,0,0
27,27,19150.0,0,0
28,28,19150.0,0,0
29,29,19150.0,0,0
30,30,19150.0,0,0
31,31,19150.0,0,0
32,32,19150.0,0,0
33,33,19150.0,0,0
34,34,19150.0,0,0
35,35,19150.0,0,0
36,36,19150.0,0,0
37,37,19150.0,0,0
38,38,19150.0,0,0
39,39,19150.0,0,0
40,40,19150.0,0,0
41,41,19150.0,0,0
42,42,19150.0,0,0
43,43,19150.0,0,0
44,44,19150.0,0,0
45,45,19150.0,0,0
46,46,19150.0,0,0
47,47,19150.0,0,0
48,48,19150.0,0,0
49,49,19150.0,0,0
50,50,19150.0,0,0
51,51,19150.0,0,0
52,52,19150.0,0,0
53,53,19150.0,0,0
54,54,19150.0,0,0
55,55,19150.0,0,0
56,56,19150.0,0,0
57,57,19150.0,0,0
58,58,19150.0,0,0
59,59,19150.0,0,0
60,60,19149.0,1,0
61,61,19149.0,1,0
62,62,19148.0,2,0
63,63,19148.0,2,0
64,64,19146.0,4,0
65,65,19144.0,6,0
66,66,19143.0,7,0
67,67,19143.0,7,0
68,68,19138.0,12,0
69,69,19136.0,14,0
70,70,19132.0,18,0
71,71,19131.0,19,0
72,72,19129.0,21,0
73,73,19128.0,22,0
74,74,19125.0,25,0
75,75,19122.0,28,0
76,76,19122.0,28,0
77,77,19120.0,30,0
78,78,19119.0,31,0
79,79,19119.0,31,0
80,80,19116.0,34,0
81,81,19115.0,35,0
82,82,19114.0,36,0
83,83,19112.0,38,0
84,84,19112.0,38,0
85,85,19112.0,38,0
86,86,19111.0,39,0
87,87,19111.0,39,0
88,88,19112.0,38,0
89,89,19112.0,38,0
90,90,19112.0,38,0
91,91,19112.0,38,0
92,92,19112.0,38,0
93,93,19111.0,39,0
94,94,19111.0,39,0
95,95,19109.0,41,0
96,96,19109.0,41,0
97,97,19109.0,41,0
98,98,19107.0,43,0
99,99,19107.0,43,0
100,100,19107.0,43,0
101,101,19107.0,43,0
102,102,19107.0,43,0
103,103,19107.0,43,0
104,104,19107.0,43,0
105,105,19106.0,44,0
106,106,19106.0,44,0
107,107,19105.0,45,0
108,108,19105.0,45,0
109,109,19105.0,45,0
110,110,19105.0,45,0
111,111,19105.0,45,0
112,112,19104.0,46,0
113,113,19104.0,46,0
114,114,19104.0,46,0
115,115,19104.0,46,0
116,116,19104.0,46,0
117,117,19103.0,47,0
118,118,19103.0,47,0
119,119,19103.0,47,0
120,120,19102.0,48,0
121,121,19102.0,48,0
122,122,19101.0,49,0
123,123,19101.0,49,0
124,124,19101.0,49,0
125,125,19101.0,49,0
126,126,19100.0,50,0
127,127,19100.0,50,0
128,128,19095.0,55,0
