,Days,S,I,D
0,0,7142.0,0,0
1,1,7142.0,0,0
2,2,7142.0,0,0
3,3,7142.0,0,0
4,4,7142.0,0,0
5,5,7142.0,0,0
6,6,7142.0,0,0
7,7,7142.0,0,0
8,8,7142.0,0,0
9,9,7142.0,0,0
10,10,7142.0,0,0
11,11,7142.0,0,0
12,12,7142.0,0,0
13,13,7142.0,0,0
14,14,7142.0,0,0
15,15,7142.0,0,0
16,16,7142.0,0,0
17,17,7142.0,0,0
18,18,7142.0,0,0
19,19,7142.0,0,0
20,20,7142.0,0,0
21,21,7142.0,0,0
22,22,7142.0,0,0
23,23,7142.0,0,0
24,24,7142.0,0,0
25,25,7142.0,0,0
26,26,7142.0,0,0
27,27,7142.0,0,0
28,28,7142.0,0,0
29,29,7142.0,0,0
30,30,7142.0,0,0
31,31,7142.0,0,0
32,32,7142.0,0,0
33,33,7142.0,0,0
34,34,7142.0,0,0
35,35,7142.0,0,0
36,36,7142.0,0,0
37,37,7142.0,0,0
38,38,7142.0,0,0
39,39,7142.0,0,0
40,40,7142.0,0,0
41,41,7142.0,0,0
42,42,7142.0,0,0
43,43,7142.0,0,0
44,44,7142.0,0,0
45,45,7142.0,0,0
46,46,7142.0,0,0
47,47,7142.0,0,0
48,48,7142.0,0,0
49,49,7142.0,0,0
50,50,7142.0,0,0
51,51,7142.0,0,0
52,52,7142.0,0,0
53,53,7142.0,0,0
54,54,7142.0,0,0
55,55,7142.0,0,0
56,56,7142.0,0,0
57,57,7142.0,0,0
58,58,7142.0,0,0
59,59,7142.0,0,0
60,60,7142.0,0,0
61,61,7142.0,0,0
62,62,7142.0,0,0
63,63,7142.0,0,0
64,64,7142.0,0,0
65,65,7142.0,0,0
66,66,7142.0,0,0
67,67,7142.0,0,0
68,68,7142.0,0,0
69,69,7142.0,0,0
70,70,7142.0,0,0
71,71,7142.0,0,0
72,72,7142.0,0,0
73,73,7142.0,0,0
74,74,7142.0,0,0
75,75,7142.0,0,0
76,76,7142.0,0,0
77,77,7142.0,0,0
78,78,7142.0,0,0
79,79,7142.0,0,0
80,80,7141.0,1,0
81,81,7141.0,1,0
82,82,7141.0,1,0
83,83,7141.0,1,0
84,84,7141.0,1,0
85,85,7141.0,1,0
86,86,7141.0,1,0
87,87,7141.0,1,0
88,88,7141.0,1,0
89,89,7141.0,1,0
90,90,7141.0,1,0
91,91,7141.0,1,0
92,92,7141.0,1,0
93,93,7141.0,1,0
94,94,7141.0,1,0
95,95,7141.0,1,0
96,96,7141.0,1,0
97,97,7141.0,1,0
98,98,7141.0,1,0
99,99,7141.0,1,0
100,100,7141.0,1,0
101,101,7141.0,1,0
102,102,7141.0,1,0
103,103,7141.0,1,0
104,104,7141.0,1,0
105,105,7141.0,1,0
106,106,7141.0,1,0
107,107,7141.0,1,0
108,108,7141.0,1,0
109,109,7141.0,1,0
110,110,7141.0,1,0
111,111,7141.0,1,0
112,112,7141.0,1,0
113,113,7141.0,1,0
114,114,7141.0,1,0
115,115,7141.0,1,0
116,116,7141.0,1,0
117,117,7141.0,1,0
118,118,7141.0,1,0
119,119,7141.0,1,0
120,120,7140.0,2,0
121,121,7140.0,2,0
122,122,7140.0,2,0
123,123,7140.0,2,0
124,124,7140.0,2,0
125,125,7139.0,3,0
126,126,7139.0,3,0
127,127,7137.0,5,0
128,128,7137.0,5,0
