,Days,S,I,D
0,0,3532.0,0,0
1,1,3532.0,0,0
2,2,3532.0,0,0
3,3,3532.0,0,0
4,4,3532.0,0,0
5,5,3532.0,0,0
6,6,3532.0,0,0
7,7,3532.0,0,0
8,8,3532.0,0,0
9,9,3532.0,0,0
10,10,3532.0,0,0
11,11,3532.0,0,0
12,12,3532.0,0,0
13,13,3532.0,0,0
14,14,3532.0,0,0
15,15,3532.0,0,0
16,16,3532.0,0,0
17,17,3532.0,0,0
18,18,3532.0,0,0
19,19,3532.0,0,0
20,20,3532.0,0,0
21,21,3532.0,0,0
22,22,3532.0,0,0
23,23,3532.0,0,0
24,24,3532.0,0,0
25,25,3532.0,0,0
26,26,3532.0,0,0
27,27,3532.0,0,0
28,28,3532.0,0,0
29,29,3532.0,0,0
30,30,3532.0,0,0
31,31,3532.0,0,0
32,32,3532.0,0,0
33,33,3532.0,0,0
34,34,3532.0,0,0
35,35,3532.0,0,0
36,36,3532.0,0,0
37,37,3532.0,0,0
38,38,3532.0,0,0
39,39,3532.0,0,0
40,40,3532.0,0,0
41,41,3532.0,0,0
42,42,3532.0,0,0
43,43,3532.0,0,0
44,44,3532.0,0,0
45,45,3532.0,0,0
46,46,3532.0,0,0
47,47,3532.0,0,0
48,48,3532.0,0,0
49,49,3532.0,0,0
50,50,3532.0,0,0
51,51,3532.0,0,0
52,52,3532.0,0,0
53,53,3532.0,0,0
54,54,3532.0,0,0
55,55,3532.0,0,0
56,56,3532.0,0,0
57,57,3532.0,0,0
58,58,3532.0,0,0
59,59,3532.0,0,0
60,60,3532.0,0,0
61,61,3532.0,0,0
62,62,3532.0,0,0
63,63,3532.0,0,0
64,64,3532.0,0,0
65,65,3532.0,0,0
66,66,3532.0,0,0
67,67,3532.0,0,0
68,68,3532.0,0,0
69,69,3532.0,0,0
70,70,3532.0,0,0
71,71,3532.0,0,0
72,72,3532.0,0,0
73,73,3532.0,0,0
74,74,3532.0,0,0
75,75,3532.0,0,0
76,76,3532.0,0,0
77,77,3532.0,0,0
78,78,3532.0,0,0
79,79,3532.0,0,0
80,80,3532.0,0,0
81,81,3532.0,0,0
82,82,3532.0,0,0
83,83,3532.0,0,0
84,84,3532.0,0,0
85,85,3531.0,1,0
86,86,3531.0,1,0
87,87,3531.0,1,0
88,88,3531.0,1,0
89,89,3531.0,1,0
90,90,3531.0,1,0
91,91,3531.0,1,0
92,92,3531.0,1,0
93,93,3531.0,1,0
94,94,3531.0,1,0
95,95,3531.0,1,0
96,96,3531.0,1,0
97,97,3531.0,1,0
98,98,3531.0,1,0
99,99,3530.0,2,0
100,100,3530.0,2,0
101,101,3529.0,3,0
102,102,3529.0,3,0
103,103,3528.0,4,0
104,104,3528.0,4,0
105,105,3528.0,4,0
106,106,3528.0,4,0
107,107,3528.0,4,0
108,108,3528.0,4,0
109,109,3528.0,4,0
110,110,3528.0,4,0
111,111,3528.0,4,0
112,112,3528.0,4,0
113,113,3528.0,4,0
114,114,3528.0,4,0
115,115,3528.0,4,0
116,116,3528.0,4,0
117,117,3528.0,4,0
118,118,3528.0,4,0
119,119,3528.0,4,0
120,120,3528.0,4,0
121,121,3528.0,4,0
122,122,3528.0,4,0
123,123,3528.0,4,0
124,124,3528.0,4,0
125,125,3528.0,4,0
126,126,3528.0,4,0
127,127,3528.0,4,0
128,128,3528.0,4,0
