,Days,S,I,D
0,0,492.0,0,0
1,1,492.0,0,0
2,2,492.0,0,0
3,3,492.0,0,0
4,4,492.0,0,0
5,5,492.0,0,0
6,6,492.0,0,0
7,7,492.0,0,0
8,8,492.0,0,0
9,9,492.0,0,0
10,10,492.0,0,0
11,11,492.0,0,0
12,12,492.0,0,0
13,13,492.0,0,0
14,14,492.0,0,0
15,15,492.0,0,0
16,16,492.0,0,0
17,17,492.0,0,0
18,18,492.0,0,0
19,19,492.0,0,0
20,20,492.0,0,0
21,21,492.0,0,0
22,22,492.0,0,0
23,23,492.0,0,0
24,24,492.0,0,0
25,25,492.0,0,0
26,26,492.0,0,0
27,27,492.0,0,0
28,28,492.0,0,0
29,29,492.0,0,0
30,30,492.0,0,0
31,31,492.0,0,0
32,32,492.0,0,0
33,33,492.0,0,0
34,34,492.0,0,0
35,35,492.0,0,0
36,36,492.0,0,0
37,37,492.0,0,0
38,38,492.0,0,0
39,39,492.0,0,0
40,40,492.0,0,0
41,41,492.0,0,0
42,42,492.0,0,0
43,43,492.0,0,0
44,44,492.0,0,0
45,45,492.0,0,0
46,46,492.0,0,0
47,47,492.0,0,0
48,48,492.0,0,0
49,49,492.0,0,0
50,50,492.0,0,0
51,51,492.0,0,0
52,52,492.0,0,0
53,53,492.0,0,0
54,54,492.0,0,0
55,55,492.0,0,0
56,56,492.0,0,0
57,57,492.0,0,0
58,58,492.0,0,0
59,59,492.0,0,0
60,60,492.0,0,0
61,61,492.0,0,0
62,62,492.0,0,0
63,63,492.0,0,0
64,64,492.0,0,0
65,65,492.0,0,0
66,66,492.0,0,0
67,67,492.0,0,0
68,68,492.0,0,0
69,69,492.0,0,0
70,70,492.0,0,0
71,71,492.0,0,0
72,72,492.0,0,0
73,73,492.0,0,0
74,74,492.0,0,0
75,75,492.0,0,0
76,76,492.0,0,0
77,77,492.0,0,0
78,78,492.0,0,0
79,79,492.0,0,0
80,80,492.0,0,0
81,81,492.0,0,0
82,82,492.0,0,0
83,83,492.0,0,0
84,84,492.0,0,0
85,85,492.0,0,0
86,86,492.0,0,0
87,87,492.0,0,0
88,88,492.0,0,0
89,89,492.0,0,0
90,90,492.0,0,0
91,91,492.0,0,0
92,92,492.0,0,0
93,93,492.0,0,0
94,94,492.0,0,0
95,95,492.0,0,0
96,96,492.0,0,0
97,97,492.0,0,0
98,98,492.0,0,0
99,99,492.0,0,0
100,100,492.0,0,0
101,101,492.0,0,0
102,102,492.0,0,0
103,103,492.0,0,0
104,104,492.0,0,0
105,105,492.0,0,0
106,106,492.0,0,0
107,107,492.0,0,0
108,108,492.0,0,0
109,109,492.0,0,0
110,110,492.0,0,0
111,111,492.0,0,0
112,112,492.0,0,0
113,113,492.0,0,0
114,114,492.0,0,0
115,115,492.0,0,0
116,116,492.0,0,0
117,117,492.0,0,0
118,118,492.0,0,0
119,119,492.0,0,0
120,120,492.0,0,0
121,121,492.0,0,0
122,122,492.0,0,0
123,123,492.0,0,0
124,124,492.0,0,0
125,125,492.0,0,0
126,126,492.0,0,0
127,127,492.0,0,0
128,128,492.0,0,0
