,Days,S,I,D
0,0,3618.0,0,0
1,1,3618.0,0,0
2,2,3618.0,0,0
3,3,3618.0,0,0
4,4,3618.0,0,0
5,5,3618.0,0,0
6,6,3618.0,0,0
7,7,3618.0,0,0
8,8,3618.0,0,0
9,9,3618.0,0,0
10,10,3618.0,0,0
11,11,3618.0,0,0
12,12,3618.0,0,0
13,13,3618.0,0,0
14,14,3618.0,0,0
15,15,3618.0,0,0
16,16,3618.0,0,0
17,17,3618.0,0,0
18,18,3618.0,0,0
19,19,3618.0,0,0
20,20,3618.0,0,0
21,21,3618.0,0,0
22,22,3618.0,0,0
23,23,3618.0,0,0
24,24,3618.0,0,0
25,25,3618.0,0,0
26,26,3618.0,0,0
27,27,3618.0,0,0
28,28,3618.0,0,0
29,29,3618.0,0,0
30,30,3618.0,0,0
31,31,3618.0,0,0
32,32,3618.0,0,0
33,33,3618.0,0,0
34,34,3618.0,0,0
35,35,3618.0,0,0
36,36,3618.0,0,0
37,37,3618.0,0,0
38,38,3618.0,0,0
39,39,3618.0,0,0
40,40,3618.0,0,0
41,41,3618.0,0,0
42,42,3618.0,0,0
43,43,3618.0,0,0
44,44,3618.0,0,0
45,45,3618.0,0,0
46,46,3618.0,0,0
47,47,3618.0,0,0
48,48,3618.0,0,0
49,49,3618.0,0,0
50,50,3618.0,0,0
51,51,3618.0,0,0
52,52,3618.0,0,0
53,53,3618.0,0,0
54,54,3618.0,0,0
55,55,3618.0,0,0
56,56,3618.0,0,0
57,57,3618.0,0,0
58,58,3618.0,0,0
59,59,3618.0,0,0
60,60,3618.0,0,0
61,61,3618.0,0,0
62,62,3618.0,0,0
63,63,3618.0,0,0
64,64,3618.0,0,0
65,65,3618.0,0,0
66,66,3618.0,0,0
67,67,3618.0,0,0
68,68,3618.0,0,0
69,69,3617.0,1,0
70,70,3617.0,1,0
71,71,3615.0,3,0
72,72,3613.0,5,0
73,73,3613.0,5,0
74,74,3613.0,5,0
75,75,3610.0,8,0
76,76,3610.0,8,0
77,77,3610.0,8,0
78,78,3610.0,8,0
79,79,3610.0,8,0
80,80,3610.0,8,0
81,81,3610.0,8,0
82,82,3610.0,8,0
83,83,3610.0,8,0
84,84,3610.0,8,0
85,85,3610.0,8,0
86,86,3610.0,8,0
87,87,3610.0,8,0
88,88,3610.0,8,0
89,89,3610.0,8,0
90,90,3610.0,8,0
91,91,3610.0,8,0
92,92,3610.0,8,0
93,93,3610.0,8,0
94,94,3610.0,8,0
95,95,3610.0,8,0
96,96,3610.0,8,0
97,97,3610.0,8,0
98,98,3610.0,8,0
99,99,3610.0,8,0
100,100,3610.0,8,0
101,101,3610.0,8,0
102,102,3610.0,8,0
103,103,3610.0,8,0
104,104,3610.0,8,0
105,105,3610.0,8,0
106,106,3610.0,8,0
107,107,3610.0,8,0
108,108,3610.0,8,0
109,109,3610.0,8,0
110,110,3610.0,8,0
111,111,3610.0,8,0
112,112,3610.0,8,0
113,113,3610.0,8,0
114,114,3610.0,8,0
115,115,3610.0,8,0
116,116,3610.0,8,0
117,117,3610.0,8,0
118,118,3610.0,8,0
119,119,3610.0,8,0
120,120,3610.0,8,0
121,121,3610.0,8,0
122,122,3610.0,8,0
123,123,3610.0,8,0
124,124,3610.0,8,0
125,125,3610.0,8,0
126,126,3610.0,8,0
127,127,3610.0,8,0
128,128,3610.0,8,0
