,Days,S,I,D
0,0,29733.0,0,0
1,1,29733.0,0,0
2,2,29733.0,0,0
3,3,29733.0,0,0
4,4,29733.0,0,0
5,5,29733.0,0,0
6,6,29733.0,0,0
7,7,29733.0,0,0
8,8,29733.0,0,0
9,9,29733.0,0,0
10,10,29733.0,0,0
11,11,29733.0,0,0
12,12,29733.0,0,0
13,13,29733.0,0,0
14,14,29733.0,0,0
15,15,29733.0,0,0
16,16,29733.0,0,0
17,17,29733.0,0,0
18,18,29733.0,0,0
19,19,29733.0,0,0
20,20,29733.0,0,0
21,21,29733.0,0,0
22,22,29733.0,0,0
23,23,29733.0,0,0
24,24,29733.0,0,0
25,25,29733.0,0,0
26,26,29733.0,0,0
27,27,29733.0,0,0
28,28,29733.0,0,0
29,29,29733.0,0,0
30,30,29733.0,0,0
31,31,29733.0,0,0
32,32,29733.0,0,0
33,33,29733.0,0,0
34,34,29733.0,0,0
35,35,29733.0,0,0
36,36,29733.0,0,0
37,37,29733.0,0,0
38,38,29733.0,0,0
39,39,29733.0,0,0
40,40,29733.0,0,0
41,41,29733.0,0,0
42,42,29733.0,0,0
43,43,29733.0,0,0
44,44,29733.0,0,0
45,45,29733.0,0,0
46,46,29733.0,0,0
47,47,29733.0,0,0
48,48,29733.0,0,0
49,49,29733.0,0,0
50,50,29733.0,0,0
51,51,29733.0,0,0
52,52,29733.0,0,0
53,53,29733.0,0,0
54,54,29733.0,0,0
55,55,29733.0,0,0
56,56,29733.0,0,0
57,57,29733.0,0,0
58,58,29731.0,2,0
59,59,29731.0,2,0
60,60,29731.0,2,0
61,61,29731.0,2,0
62,62,29729.0,4,0
63,63,29728.0,5,0
64,64,29726.0,7,0
65,65,29723.0,10,0
66,66,29719.0,13,1
67,67,29717.0,15,1
68,68,29714.0,17,2
69,69,29696.0,35,2
70,70,29692.0,38,3
71,71,29682.0,48,3
72,72,29662.0,67,4
73,73,29646.0,83,4
74,74,29646.0,83,4
75,75,29639.0,90,4
76,76,29565.0,162,6
77,77,29548.0,180,5
78,78,29530.0,194,9
79,79,29508.0,216,9
80,80,29500.0,224,9
81,81,29485.0,239,9
82,82,29473.0,251,9
83,83,29452.0,269,12
84,84,29444.0,276,13
85,85,29427.0,292,14
86,86,29413.0,306,14
87,87,29405.0,314,14
88,88,29387.0,332,14
89,89,29383.0,332,18
90,90,29379.0,334,20
91,91,29372.0,341,20
92,92,29368.0,344,21
93,93,29364.0,348,21
94,94,29362.0,350,21
95,95,29356.0,356,21
96,96,29347.0,362,24
97,97,29338.0,369,26
98,98,29328.0,377,28
99,99,29325.0,380,28
100,100,29323.0,382,28
101,101,29320.0,385,28
102,102,29320.0,385,28
103,103,29319.0,385,29
104,104,29319.0,385,29
105,105,29319.0,385,29
106,106,29317.0,387,29
107,107,29310.0,391,32
108,108,29302.0,399,32
109,109,29301.0,400,32
110,110,29299.0,401,33
111,111,29292.0,406,35
112,112,29289.0,409,35
113,113,29283.0,412,38
114,114,29282.0,413,38
115,115,29279.0,415,39
116,116,29279.0,415,39
117,117,29275.0,419,39
118,118,29273.0,421,39
119,119,29268.0,425,40
120,120,29261.0,432,40
121,121,29256.0,437,40
122,122,29254.0,439,40
123,123,29248.0,445,40
124,124,29243.0,449,41
125,125,29238.0,454,41
126,126,29232.0,460,41
127,127,29226.0,466,41
128,128,29215.0,475,43
