,Days,S,I,D
0,0,5575.0,0,0
1,1,5575.0,0,0
2,2,5575.0,0,0
3,3,5575.0,0,0
4,4,5575.0,0,0
5,5,5575.0,0,0
6,6,5575.0,0,0
7,7,5575.0,0,0
8,8,5575.0,0,0
9,9,5575.0,0,0
10,10,5575.0,0,0
11,11,5575.0,0,0
12,12,5575.0,0,0
13,13,5575.0,0,0
14,14,5575.0,0,0
15,15,5575.0,0,0
16,16,5575.0,0,0
17,17,5575.0,0,0
18,18,5575.0,0,0
19,19,5575.0,0,0
20,20,5575.0,0,0
21,21,5575.0,0,0
22,22,5575.0,0,0
23,23,5575.0,0,0
24,24,5575.0,0,0
25,25,5575.0,0,0
26,26,5575.0,0,0
27,27,5575.0,0,0
28,28,5575.0,0,0
29,29,5575.0,0,0
30,30,5575.0,0,0
31,31,5575.0,0,0
32,32,5575.0,0,0
33,33,5575.0,0,0
34,34,5575.0,0,0
35,35,5575.0,0,0
36,36,5575.0,0,0
37,37,5575.0,0,0
38,38,5575.0,0,0
39,39,5575.0,0,0
40,40,5575.0,0,0
41,41,5575.0,0,0
42,42,5575.0,0,0
43,43,5575.0,0,0
44,44,5575.0,0,0
45,45,5575.0,0,0
46,46,5575.0,0,0
47,47,5575.0,0,0
48,48,5575.0,0,0
49,49,5575.0,0,0
50,50,5575.0,0,0
51,51,5575.0,0,0
52,52,5575.0,0,0
53,53,5575.0,0,0
54,54,5575.0,0,0
55,55,5575.0,0,0
56,56,5575.0,0,0
57,57,5575.0,0,0
58,58,5575.0,0,0
59,59,5575.0,0,0
60,60,5575.0,0,0
61,61,5575.0,0,0
62,62,5575.0,0,0
63,63,5575.0,0,0
64,64,5575.0,0,0
65,65,5575.0,0,0
66,66,5575.0,0,0
67,67,5575.0,0,0
68,68,5575.0,0,0
69,69,5575.0,0,0
70,70,5575.0,0,0
71,71,5575.0,0,0
72,72,5575.0,0,0
73,73,5575.0,0,0
74,74,5575.0,0,0
75,75,5575.0,0,0
76,76,5575.0,0,0
77,77,5575.0,0,0
78,78,5575.0,0,0
79,79,5575.0,0,0
80,80,5575.0,0,0
81,81,5575.0,0,0
82,82,5575.0,0,0
83,83,5575.0,0,0
84,84,5575.0,0,0
85,85,5575.0,0,0
86,86,5575.0,0,0
87,87,5575.0,0,0
88,88,5575.0,0,0
89,89,5574.0,1,0
90,90,5574.0,1,0
91,91,5574.0,1,0
92,92,5574.0,1,0
93,93,5574.0,1,0
94,94,5574.0,1,0
95,95,5574.0,1,0
96,96,5574.0,1,0
97,97,5574.0,1,0
98,98,5568.0,7,0
99,99,5568.0,7,0
100,100,5568.0,7,0
101,101,5568.0,7,0
102,102,5568.0,7,0
103,103,5568.0,7,0
104,104,5562.0,13,0
105,105,5561.0,14,0
106,106,5561.0,14,0
107,107,5561.0,14,0
108,108,5558.0,17,0
109,109,5558.0,17,0
110,110,5558.0,17,0
111,111,5556.0,19,0
112,112,5556.0,19,0
113,113,5556.0,19,0
114,114,5556.0,19,0
115,115,5556.0,19,0
116,116,5556.0,19,0
117,117,5556.0,19,0
118,118,5556.0,19,0
119,119,5556.0,19,0
120,120,5556.0,19,0
121,121,5556.0,19,0
122,122,5556.0,19,0
123,123,5556.0,19,0
124,124,5555.0,20,0
125,125,5555.0,20,0
126,126,5555.0,20,0
127,127,5555.0,20,0
128,128,5555.0,20,0
