,Days,S,I,D
0,0,61607.0,0,0
1,1,61607.0,0,0
2,2,61607.0,0,0
3,3,61607.0,0,0
4,4,61607.0,0,0
5,5,61607.0,0,0
6,6,61607.0,0,0
7,7,61607.0,0,0
8,8,61607.0,0,0
9,9,61607.0,0,0
10,10,61607.0,0,0
11,11,61607.0,0,0
12,12,61607.0,0,0
13,13,61607.0,0,0
14,14,61607.0,0,0
15,15,61607.0,0,0
16,16,61607.0,0,0
17,17,61607.0,0,0
18,18,61607.0,0,0
19,19,61607.0,0,0
20,20,61607.0,0,0
21,21,61607.0,0,0
22,22,61607.0,0,0
23,23,61607.0,0,0
24,24,61607.0,0,0
25,25,61607.0,0,0
26,26,61607.0,0,0
27,27,61607.0,0,0
28,28,61607.0,0,0
29,29,61607.0,0,0
30,30,61607.0,0,0
31,31,61607.0,0,0
32,32,61607.0,0,0
33,33,61607.0,0,0
34,34,61607.0,0,0
35,35,61607.0,0,0
36,36,61607.0,0,0
37,37,61607.0,0,0
38,38,61607.0,0,0
39,39,61607.0,0,0
40,40,61607.0,0,0
41,41,61607.0,0,0
42,42,61607.0,0,0
43,43,61607.0,0,0
44,44,61607.0,0,0
45,45,61607.0,0,0
46,46,61607.0,0,0
47,47,61607.0,0,0
48,48,61607.0,0,0
49,49,61607.0,0,0
50,50,61607.0,0,0
51,51,61607.0,0,0
52,52,61607.0,0,0
53,53,61607.0,0,0
54,54,61607.0,0,0
55,55,61607.0,0,0
56,56,61607.0,0,0
57,57,61607.0,0,0
58,58,61607.0,0,0
59,59,61607.0,0,0
60,60,61607.0,0,0
61,61,61607.0,0,0
62,62,61607.0,0,0
63,63,61607.0,0,0
64,64,61607.0,0,0
65,65,61603.0,3,1
66,66,61603.0,3,1
67,67,61600.0,6,1
68,68,61600.0,6,1
69,69,61597.0,9,1
70,70,61591.0,15,1
71,71,61587.0,19,1
72,72,61579.0,27,1
73,73,61566.0,40,1
74,74,61562.0,44,1
75,75,61551.0,55,1
76,76,61546.0,60,1
77,77,61537.0,69,1
78,78,61519.0,87,1
79,79,61488.0,118,1
80,80,61475.0,131,1
81,81,61449.0,157,1
82,82,61410.0,196,1
83,83,61392.0,214,1
84,84,61379.0,227,1
85,85,61359.0,247,1
86,86,61352.0,254,1
87,87,61259.0,347,1
88,88,61250.0,356,1
89,89,61213.0,393,1
90,90,61149.0,457,1
91,91,61066.0,540,1
92,92,60959.0,647,1
93,93,60920.0,686,1
94,94,60895.0,711,1
95,95,60880.0,726,1
96,96,60810.0,796,1
97,97,60723.0,883,1
98,98,60636.0,943,28
99,99,60553.0,1025,29
100,100,60467.0,1111,29
101,101,60418.0,1160,29
102,102,60322.0,1256,29
103,103,60297.0,1281,29
104,104,60292.0,1284,31
105,105,60288.0,1287,32
106,106,60267.0,1306,34
107,107,60262.0,1311,34
108,108,60248.0,1325,34
109,109,60245.0,1328,34
110,110,60240.0,1332,35
111,111,60228.0,1344,35
112,112,60194.0,1377,36
113,113,60178.0,1392,37
114,114,60161.0,1409,37
115,115,60144.0,1424,39
116,116,60138.0,1430,39
117,117,60135.0,1433,39
118,118,60133.0,1435,39
119,119,60127.0,1441,39
120,120,60116.0,1452,39
121,121,60110.0,1458,39
122,122,60108.0,1460,39
123,123,60103.0,1464,40
124,124,60101.0,1466,40
125,125,60095.0,1470,42
126,126,60093.0,1472,42
127,127,60089.0,1476,42
128,128,60081.0,1484,42
