,Days,S,I,D
0,0,48467.0,0,0
1,1,48467.0,0,0
2,2,48467.0,0,0
3,3,48467.0,0,0
4,4,48467.0,0,0
5,5,48467.0,0,0
6,6,48467.0,0,0
7,7,48467.0,0,0
8,8,48467.0,0,0
9,9,48467.0,0,0
10,10,48467.0,0,0
11,11,48467.0,0,0
12,12,48467.0,0,0
13,13,48467.0,0,0
14,14,48467.0,0,0
15,15,48467.0,0,0
16,16,48467.0,0,0
17,17,48467.0,0,0
18,18,48467.0,0,0
19,19,48467.0,0,0
20,20,48467.0,0,0
21,21,48467.0,0,0
22,22,48467.0,0,0
23,23,48467.0,0,0
24,24,48467.0,0,0
25,25,48467.0,0,0
26,26,48467.0,0,0
27,27,48467.0,0,0
28,28,48467.0,0,0
29,29,48467.0,0,0
30,30,48467.0,0,0
31,31,48467.0,0,0
32,32,48467.0,0,0
33,33,48467.0,0,0
34,34,48467.0,0,0
35,35,48467.0,0,0
36,36,48467.0,0,0
37,37,48467.0,0,0
38,38,48467.0,0,0
39,39,48467.0,0,0
40,40,48467.0,0,0
41,41,48467.0,0,0
42,42,48467.0,0,0
43,43,48467.0,0,0
44,44,48467.0,0,0
45,45,48467.0,0,0
46,46,48467.0,0,0
47,47,48467.0,0,0
48,48,48467.0,0,0
49,49,48467.0,0,0
50,50,48467.0,0,0
51,51,48467.0,0,0
52,52,48467.0,0,0
53,53,48467.0,0,0
54,54,48467.0,0,0
55,55,48467.0,0,0
56,56,48467.0,0,0
57,57,48467.0,0,0
58,58,48467.0,0,0
59,59,48467.0,0,0
60,60,48467.0,0,0
61,61,48466.0,1,0
62,62,48465.0,2,0
63,63,48465.0,2,0
64,64,48465.0,2,0
65,65,48465.0,2,0
66,66,48462.0,5,0
67,67,48462.0,5,0
68,68,48462.0,5,0
69,69,48461.0,6,0
70,70,48461.0,6,0
71,71,48461.0,6,0
72,72,48460.0,7,0
73,73,48460.0,7,0
74,74,48460.0,7,0
75,75,48460.0,7,0
76,76,48460.0,7,0
77,77,48459.0,8,0
78,78,48458.0,9,0
79,79,48457.0,10,0
80,80,48457.0,10,0
81,81,48457.0,10,0
82,82,48457.0,10,0
83,83,48457.0,10,0
84,84,48457.0,10,0
85,85,48454.0,13,0
86,86,48454.0,13,0
87,87,48453.0,14,0
88,88,48452.0,15,0
89,89,48452.0,15,0
90,90,48452.0,15,0
91,91,48451.0,16,0
92,92,48450.0,17,0
93,93,48450.0,17,0
94,94,48448.0,19,0
95,95,48448.0,19,0
96,96,48448.0,19,0
97,97,48448.0,19,0
98,98,48448.0,19,0
99,99,48448.0,19,0
100,100,48448.0,19,0
101,101,48446.0,21,0
102,102,48446.0,21,0
103,103,48446.0,21,0
104,104,48446.0,21,0
105,105,48445.0,22,0
106,106,48445.0,22,0
107,107,48445.0,22,0
108,108,48443.0,24,0
109,109,48443.0,24,0
110,110,48443.0,24,0
111,111,48443.0,24,0
112,112,48443.0,24,0
113,113,48443.0,24,0
114,114,48443.0,24,0
115,115,48443.0,24,0
116,116,48443.0,24,0
117,117,48443.0,24,0
118,118,48442.0,25,0
119,119,48442.0,25,0
120,120,48441.0,26,0
121,121,48441.0,26,0
122,122,48441.0,26,0
123,123,48440.0,27,0
124,124,48439.0,28,0
125,125,48438.0,29,0
126,126,48438.0,29,0
127,127,48437.0,30,0
128,128,48437.0,30,0
