,Days,S,I,D
0,0,5970.0,0,0
1,1,5970.0,0,0
2,2,5970.0,0,0
3,3,5970.0,0,0
4,4,5970.0,0,0
5,5,5970.0,0,0
6,6,5970.0,0,0
7,7,5970.0,0,0
8,8,5970.0,0,0
9,9,5970.0,0,0
10,10,5970.0,0,0
11,11,5970.0,0,0
12,12,5970.0,0,0
13,13,5970.0,0,0
14,14,5970.0,0,0
15,15,5970.0,0,0
16,16,5970.0,0,0
17,17,5970.0,0,0
18,18,5970.0,0,0
19,19,5970.0,0,0
20,20,5970.0,0,0
21,21,5970.0,0,0
22,22,5970.0,0,0
23,23,5970.0,0,0
24,24,5970.0,0,0
25,25,5970.0,0,0
26,26,5970.0,0,0
27,27,5970.0,0,0
28,28,5970.0,0,0
29,29,5970.0,0,0
30,30,5970.0,0,0
31,31,5970.0,0,0
32,32,5970.0,0,0
33,33,5970.0,0,0
34,34,5970.0,0,0
35,35,5970.0,0,0
36,36,5970.0,0,0
37,37,5970.0,0,0
38,38,5970.0,0,0
39,39,5970.0,0,0
40,40,5970.0,0,0
41,41,5970.0,0,0
42,42,5970.0,0,0
43,43,5970.0,0,0
44,44,5970.0,0,0
45,45,5970.0,0,0
46,46,5970.0,0,0
47,47,5970.0,0,0
48,48,5970.0,0,0
49,49,5970.0,0,0
50,50,5970.0,0,0
51,51,5970.0,0,0
52,52,5970.0,0,0
53,53,5970.0,0,0
54,54,5970.0,0,0
55,55,5970.0,0,0
56,56,5970.0,0,0
57,57,5970.0,0,0
58,58,5970.0,0,0
59,59,5970.0,0,0
60,60,5970.0,0,0
61,61,5970.0,0,0
62,62,5970.0,0,0
63,63,5970.0,0,0
64,64,5970.0,0,0
65,65,5970.0,0,0
66,66,5970.0,0,0
67,67,5970.0,0,0
68,68,5970.0,0,0
69,69,5970.0,0,0
70,70,5970.0,0,0
71,71,5970.0,0,0
72,72,5970.0,0,0
73,73,5970.0,0,0
74,74,5970.0,0,0
75,75,5969.0,1,0
76,76,5969.0,1,0
77,77,5969.0,1,0
78,78,5969.0,1,0
79,79,5969.0,1,0
80,80,5969.0,1,0
81,81,5969.0,1,0
82,82,5969.0,1,0
83,83,5969.0,1,0
84,84,5969.0,1,0
85,85,5969.0,1,0
86,86,5969.0,1,0
87,87,5969.0,1,0
88,88,5968.0,2,0
89,89,5968.0,2,0
90,90,5968.0,2,0
91,91,5968.0,2,0
92,92,5968.0,2,0
93,93,5968.0,2,0
94,94,5968.0,2,0
95,95,5968.0,2,0
96,96,5968.0,2,0
97,97,5968.0,2,0
98,98,5966.0,4,0
99,99,5965.0,5,0
100,100,5965.0,5,0
101,101,5965.0,5,0
102,102,5965.0,5,0
103,103,5963.0,7,0
104,104,5962.0,8,0
105,105,5962.0,8,0
106,106,5962.0,8,0
107,107,5962.0,8,0
108,108,5962.0,8,0
109,109,5962.0,8,0
110,110,5962.0,8,0
111,111,5962.0,8,0
112,112,5962.0,8,0
113,113,5962.0,8,0
114,114,5955.0,15,0
115,115,5955.0,15,0
116,116,5955.0,15,0
117,117,5955.0,15,0
118,118,5955.0,15,0
119,119,5955.0,15,0
120,120,5955.0,15,0
121,121,5955.0,15,0
122,122,5954.0,16,0
123,123,5953.0,17,0
124,124,5953.0,17,0
125,125,5950.0,20,0
126,126,5950.0,20,0
127,127,5950.0,20,0
128,128,5950.0,20,0
