,Days,S,I,D
0,0,26159.0,0,0
1,1,26159.0,0,0
2,2,26159.0,0,0
3,3,26159.0,0,0
4,4,26159.0,0,0
5,5,26159.0,0,0
6,6,26159.0,0,0
7,7,26159.0,0,0
8,8,26159.0,0,0
9,9,26159.0,0,0
10,10,26159.0,0,0
11,11,26159.0,0,0
12,12,26159.0,0,0
13,13,26159.0,0,0
14,14,26159.0,0,0
15,15,26159.0,0,0
16,16,26159.0,0,0
17,17,26159.0,0,0
18,18,26159.0,0,0
19,19,26159.0,0,0
20,20,26159.0,0,0
21,21,26159.0,0,0
22,22,26159.0,0,0
23,23,26159.0,0,0
24,24,26159.0,0,0
25,25,26159.0,0,0
26,26,26159.0,0,0
27,27,26159.0,0,0
28,28,26159.0,0,0
29,29,26159.0,0,0
30,30,26159.0,0,0
31,31,26159.0,0,0
32,32,26159.0,0,0
33,33,26159.0,0,0
34,34,26159.0,0,0
35,35,26159.0,0,0
36,36,26159.0,0,0
37,37,26159.0,0,0
38,38,26159.0,0,0
39,39,26159.0,0,0
40,40,26159.0,0,0
41,41,26159.0,0,0
42,42,26159.0,0,0
43,43,26159.0,0,0
44,44,26159.0,0,0
45,45,26159.0,0,0
46,46,26159.0,0,0
47,47,26159.0,0,0
48,48,26159.0,0,0
49,49,26159.0,0,0
50,50,26158.0,1,0
51,51,26158.0,1,0
52,52,26158.0,1,0
53,53,26158.0,1,0
54,54,26158.0,1,0
55,55,26158.0,1,0
56,56,26158.0,1,0
57,57,26158.0,1,0
58,58,26158.0,1,0
59,59,26158.0,1,0
60,60,26158.0,1,0
61,61,26158.0,1,0
62,62,26158.0,1,0
63,63,26158.0,1,0
64,64,26157.0,2,0
65,65,26157.0,2,0
66,66,26157.0,2,0
67,67,26157.0,2,0
68,68,26157.0,2,0
69,69,26157.0,2,0
70,70,26157.0,2,0
71,71,26157.0,2,0
72,72,26157.0,2,0
73,73,26157.0,2,0
74,74,26157.0,2,0
75,75,26157.0,2,0
76,76,26157.0,2,0
77,77,26156.0,3,0
78,78,26156.0,3,0
79,79,26156.0,3,0
80,80,26156.0,3,0
81,81,26156.0,3,0
82,82,26156.0,3,0
83,83,26156.0,3,0
84,84,26156.0,3,0
85,85,26156.0,3,0
86,86,26156.0,3,0
87,87,26156.0,3,0
88,88,26156.0,3,0
89,89,26156.0,3,0
90,90,26156.0,3,0
91,91,26156.0,3,0
92,92,26155.0,4,0
93,93,26155.0,4,0
94,94,26155.0,4,0
95,95,26155.0,4,0
96,96,26155.0,4,0
97,97,26155.0,4,0
98,98,26154.0,5,0
99,99,26154.0,5,0
100,100,26154.0,5,0
101,101,26153.0,6,0
102,102,26153.0,6,0
103,103,26153.0,6,0
104,104,26153.0,6,0
105,105,26152.0,7,0
106,106,26150.0,9,0
107,107,26150.0,9,0
108,108,26148.0,11,0
109,109,26148.0,11,0
110,110,26148.0,11,0
111,111,26146.0,13,0
112,112,26144.0,15,0
113,113,26144.0,15,0
114,114,26144.0,15,0
115,115,26141.0,18,0
116,116,26141.0,18,0
117,117,26138.0,21,0
118,118,26136.0,23,0
119,119,26133.0,26,0
120,120,26132.0,27,0
121,121,26131.0,28,0
122,122,26125.0,34,0
123,123,26122.0,37,0
124,124,26121.0,38,0
125,125,26120.0,39,0
126,126,26119.0,40,0
127,127,26117.0,42,0
128,128,26113.0,46,0
