,Days,S,I,D
0,0,154475.0,0,0
1,1,154475.0,0,0
2,2,154475.0,0,0
3,3,154475.0,0,0
4,4,154475.0,0,0
5,5,154475.0,0,0
6,6,154475.0,0,0
7,7,154475.0,0,0
8,8,154475.0,0,0
9,9,154475.0,0,0
10,10,154475.0,0,0
11,11,154475.0,0,0
12,12,154475.0,0,0
13,13,154475.0,0,0
14,14,154475.0,0,0
15,15,154475.0,0,0
16,16,154475.0,0,0
17,17,154475.0,0,0
18,18,154475.0,0,0
19,19,154475.0,0,0
20,20,154475.0,0,0
21,21,154475.0,0,0
22,22,154475.0,0,0
23,23,154475.0,0,0
24,24,154475.0,0,0
25,25,154475.0,0,0
26,26,154475.0,0,0
27,27,154475.0,0,0
28,28,154475.0,0,0
29,29,154475.0,0,0
30,30,154475.0,0,0
31,31,154475.0,0,0
32,32,154475.0,0,0
33,33,154475.0,0,0
34,34,154475.0,0,0
35,35,154475.0,0,0
36,36,154475.0,0,0
37,37,154475.0,0,0
38,38,154475.0,0,0
39,39,154475.0,0,0
40,40,154475.0,0,0
41,41,154475.0,0,0
42,42,154475.0,0,0
43,43,154475.0,0,0
44,44,154475.0,0,0
45,45,154475.0,0,0
46,46,154475.0,0,0
47,47,154475.0,0,0
48,48,154475.0,0,0
49,49,154475.0,0,0
50,50,154475.0,0,0
51,51,154475.0,0,0
52,52,154475.0,0,0
53,53,154475.0,0,0
54,54,154475.0,0,0
55,55,154475.0,0,0
56,56,154475.0,0,0
57,57,154475.0,0,0
58,58,154475.0,0,0
59,59,154473.0,2,0
60,60,154471.0,4,0
61,61,154465.0,9,1
62,62,154467.0,7,1
63,63,154464.0,10,1
64,64,154455.0,19,1
65,65,154449.0,25,1
66,66,154440.0,34,1
67,67,154433.0,41,1
68,68,154430.0,44,1
69,69,154417.0,57,1
70,70,154394.0,80,1
71,71,154380.0,94,1
72,72,154360.0,114,1
73,73,154298.0,176,1
74,74,154292.0,182,1
75,75,154244.0,230,1
76,76,154210.0,264,1
77,77,154197.0,275,3
78,78,154171.0,300,4
79,79,154144.0,326,5
80,80,154120.0,350,5
81,81,154103.0,367,5
82,82,154086.0,384,5
83,83,154081.0,387,7
84,84,154056.0,411,8
85,85,154037.0,429,9
86,86,153994.0,470,11
87,87,153980.0,483,12
88,88,153951.0,511,13
89,89,153944.0,518,13
90,90,153930.0,532,13
91,91,153909.0,552,14
92,92,153880.0,579,16
93,93,153861.0,598,16
94,94,153850.0,609,16
95,95,153837.0,622,16
96,96,153814.0,645,16
97,97,153808.0,651,16
98,98,153788.0,671,16
99,99,153753.0,706,16
100,100,153724.0,730,21
101,101,153698.0,755,22
102,102,153683.0,770,22
103,103,153668.0,785,22
104,104,153660.0,793,22
105,105,153645.0,806,24
106,106,153636.0,814,25
107,107,153630.0,820,25
108,108,153614.0,836,25
109,109,153608.0,842,25
110,110,153608.0,842,25
111,111,153592.0,856,27
112,112,153583.0,861,31
113,113,153575.0,869,31
114,114,153553.0,891,31
115,115,153513.0,931,31
116,116,153498.0,946,31
117,117,153488.0,956,31
118,118,153477.0,966,32
119,119,153461.0,980,34
120,120,153409.0,1032,34
121,121,153399.0,1041,35
122,122,153398.0,1042,35
123,123,153395.0,1045,35
124,124,153337.0,1102,36
125,125,153313.0,1125,37
126,126,153288.0,1150,37
127,127,153269.0,1166,40
128,128,153215.0,1219,41
