,Days,S,I,D
0,0,5239.0,0,0
1,1,5239.0,0,0
2,2,5239.0,0,0
3,3,5239.0,0,0
4,4,5239.0,0,0
5,5,5239.0,0,0
6,6,5239.0,0,0
7,7,5239.0,0,0
8,8,5239.0,0,0
9,9,5239.0,0,0
10,10,5239.0,0,0
11,11,5239.0,0,0
12,12,5239.0,0,0
13,13,5239.0,0,0
14,14,5239.0,0,0
15,15,5239.0,0,0
16,16,5239.0,0,0
17,17,5239.0,0,0
18,18,5239.0,0,0
19,19,5239.0,0,0
20,20,5239.0,0,0
21,21,5239.0,0,0
22,22,5239.0,0,0
23,23,5239.0,0,0
24,24,5239.0,0,0
25,25,5239.0,0,0
26,26,5239.0,0,0
27,27,5239.0,0,0
28,28,5239.0,0,0
29,29,5239.0,0,0
30,30,5239.0,0,0
31,31,5239.0,0,0
32,32,5239.0,0,0
33,33,5239.0,0,0
34,34,5239.0,0,0
35,35,5239.0,0,0
36,36,5239.0,0,0
37,37,5239.0,0,0
38,38,5239.0,0,0
39,39,5239.0,0,0
40,40,5239.0,0,0
41,41,5239.0,0,0
42,42,5239.0,0,0
43,43,5239.0,0,0
44,44,5239.0,0,0
45,45,5239.0,0,0
46,46,5239.0,0,0
47,47,5239.0,0,0
48,48,5239.0,0,0
49,49,5239.0,0,0
50,50,5239.0,0,0
51,51,5239.0,0,0
52,52,5239.0,0,0
53,53,5239.0,0,0
54,54,5239.0,0,0
55,55,5239.0,0,0
56,56,5239.0,0,0
57,57,5239.0,0,0
58,58,5239.0,0,0
59,59,5239.0,0,0
60,60,5239.0,0,0
61,61,5239.0,0,0
62,62,5239.0,0,0
63,63,5239.0,0,0
64,64,5239.0,0,0
65,65,5239.0,0,0
66,66,5239.0,0,0
67,67,5239.0,0,0
68,68,5239.0,0,0
69,69,5239.0,0,0
70,70,5239.0,0,0
71,71,5239.0,0,0
72,72,5239.0,0,0
73,73,5239.0,0,0
74,74,5239.0,0,0
75,75,5239.0,0,0
76,76,5239.0,0,0
77,77,5239.0,0,0
78,78,5239.0,0,0
79,79,5239.0,0,0
80,80,5239.0,0,0
81,81,5239.0,0,0
82,82,5239.0,0,0
83,83,5239.0,0,0
84,84,5239.0,0,0
85,85,5239.0,0,0
86,86,5239.0,0,0
87,87,5239.0,0,0
88,88,5239.0,0,0
89,89,5239.0,0,0
90,90,5239.0,0,0
91,91,5239.0,0,0
92,92,5239.0,0,0
93,93,5239.0,0,0
94,94,5239.0,0,0
95,95,5239.0,0,0
96,96,5239.0,0,0
97,97,5239.0,0,0
98,98,5239.0,0,0
99,99,5239.0,0,0
100,100,5239.0,0,0
101,101,5239.0,0,0
102,102,5239.0,0,0
103,103,5238.0,1,0
104,104,5237.0,2,0
105,105,5237.0,2,0
106,106,5237.0,2,0
107,107,5237.0,2,0
108,108,5237.0,2,0
109,109,5237.0,2,0
110,110,5237.0,2,0
111,111,5237.0,2,0
112,112,5237.0,2,0
113,113,5236.0,3,0
114,114,5236.0,3,0
115,115,5236.0,3,0
116,116,5236.0,3,0
117,117,5236.0,3,0
118,118,5236.0,3,0
119,119,5236.0,3,0
120,120,5236.0,3,0
121,121,5236.0,3,0
122,122,5236.0,3,0
123,123,5236.0,3,0
124,124,5236.0,3,0
125,125,5236.0,3,0
126,126,5236.0,3,0
127,127,5235.0,4,0
128,128,5234.0,5,0
