,Days,S,I,D
0,0,476.0,0,0
1,1,476.0,0,0
2,2,476.0,0,0
3,3,476.0,0,0
4,4,476.0,0,0
5,5,476.0,0,0
6,6,476.0,0,0
7,7,476.0,0,0
8,8,476.0,0,0
9,9,476.0,0,0
10,10,476.0,0,0
11,11,476.0,0,0
12,12,476.0,0,0
13,13,476.0,0,0
14,14,476.0,0,0
15,15,476.0,0,0
16,16,476.0,0,0
17,17,476.0,0,0
18,18,476.0,0,0
19,19,476.0,0,0
20,20,476.0,0,0
21,21,476.0,0,0
22,22,476.0,0,0
23,23,476.0,0,0
24,24,476.0,0,0
25,25,476.0,0,0
26,26,476.0,0,0
27,27,476.0,0,0
28,28,476.0,0,0
29,29,476.0,0,0
30,30,476.0,0,0
31,31,476.0,0,0
32,32,476.0,0,0
33,33,476.0,0,0
34,34,476.0,0,0
35,35,476.0,0,0
36,36,476.0,0,0
37,37,476.0,0,0
38,38,476.0,0,0
39,39,476.0,0,0
40,40,476.0,0,0
41,41,476.0,0,0
42,42,476.0,0,0
43,43,476.0,0,0
44,44,476.0,0,0
45,45,476.0,0,0
46,46,476.0,0,0
47,47,476.0,0,0
48,48,476.0,0,0
49,49,476.0,0,0
50,50,476.0,0,0
51,51,476.0,0,0
52,52,476.0,0,0
53,53,476.0,0,0
54,54,476.0,0,0
55,55,476.0,0,0
56,56,476.0,0,0
57,57,476.0,0,0
58,58,476.0,0,0
59,59,476.0,0,0
60,60,476.0,0,0
61,61,476.0,0,0
62,62,476.0,0,0
63,63,476.0,0,0
64,64,476.0,0,0
65,65,476.0,0,0
66,66,476.0,0,0
67,67,476.0,0,0
68,68,476.0,0,0
69,69,476.0,0,0
70,70,476.0,0,0
71,71,476.0,0,0
72,72,476.0,0,0
73,73,476.0,0,0
74,74,476.0,0,0
75,75,476.0,0,0
76,76,476.0,0,0
77,77,476.0,0,0
78,78,476.0,0,0
79,79,476.0,0,0
80,80,476.0,0,0
81,81,476.0,0,0
82,82,476.0,0,0
83,83,476.0,0,0
84,84,476.0,0,0
85,85,476.0,0,0
86,86,476.0,0,0
87,87,476.0,0,0
88,88,476.0,0,0
89,89,476.0,0,0
90,90,476.0,0,0
91,91,476.0,0,0
92,92,476.0,0,0
93,93,476.0,0,0
94,94,476.0,0,0
95,95,476.0,0,0
96,96,476.0,0,0
97,97,476.0,0,0
98,98,476.0,0,0
99,99,476.0,0,0
100,100,476.0,0,0
101,101,476.0,0,0
102,102,476.0,0,0
103,103,476.0,0,0
104,104,476.0,0,0
105,105,476.0,0,0
106,106,476.0,0,0
107,107,476.0,0,0
108,108,476.0,0,0
109,109,476.0,0,0
110,110,476.0,0,0
111,111,476.0,0,0
112,112,476.0,0,0
113,113,476.0,0,0
114,114,476.0,0,0
115,115,476.0,0,0
116,116,476.0,0,0
117,117,476.0,0,0
118,118,476.0,0,0
119,119,476.0,0,0
120,120,476.0,0,0
121,121,476.0,0,0
122,122,476.0,0,0
123,123,476.0,0,0
124,124,476.0,0,0
125,125,476.0,0,0
126,126,476.0,0,0
127,127,476.0,0,0
128,128,476.0,0,0
