,Days,S,I,D
0,0,730.0,0,0
1,1,730.0,0,0
2,2,730.0,0,0
3,3,730.0,0,0
4,4,730.0,0,0
5,5,730.0,0,0
6,6,730.0,0,0
7,7,730.0,0,0
8,8,730.0,0,0
9,9,730.0,0,0
10,10,730.0,0,0
11,11,730.0,0,0
12,12,730.0,0,0
13,13,730.0,0,0
14,14,730.0,0,0
15,15,730.0,0,0
16,16,730.0,0,0
17,17,730.0,0,0
18,18,730.0,0,0
19,19,730.0,0,0
20,20,730.0,0,0
21,21,730.0,0,0
22,22,730.0,0,0
23,23,730.0,0,0
24,24,730.0,0,0
25,25,730.0,0,0
26,26,730.0,0,0
27,27,730.0,0,0
28,28,730.0,0,0
29,29,730.0,0,0
30,30,730.0,0,0
31,31,730.0,0,0
32,32,730.0,0,0
33,33,730.0,0,0
34,34,730.0,0,0
35,35,730.0,0,0
36,36,730.0,0,0
37,37,730.0,0,0
38,38,730.0,0,0
39,39,730.0,0,0
40,40,730.0,0,0
41,41,730.0,0,0
42,42,730.0,0,0
43,43,730.0,0,0
44,44,730.0,0,0
45,45,730.0,0,0
46,46,730.0,0,0
47,47,730.0,0,0
48,48,730.0,0,0
49,49,730.0,0,0
50,50,730.0,0,0
51,51,730.0,0,0
52,52,730.0,0,0
53,53,730.0,0,0
54,54,730.0,0,0
55,55,730.0,0,0
56,56,730.0,0,0
57,57,730.0,0,0
58,58,730.0,0,0
59,59,730.0,0,0
60,60,730.0,0,0
61,61,730.0,0,0
62,62,730.0,0,0
63,63,730.0,0,0
64,64,730.0,0,0
65,65,730.0,0,0
66,66,730.0,0,0
67,67,730.0,0,0
68,68,730.0,0,0
69,69,730.0,0,0
70,70,730.0,0,0
71,71,730.0,0,0
72,72,730.0,0,0
73,73,730.0,0,0
74,74,730.0,0,0
75,75,730.0,0,0
76,76,730.0,0,0
77,77,730.0,0,0
78,78,730.0,0,0
79,79,730.0,0,0
80,80,730.0,0,0
81,81,730.0,0,0
82,82,730.0,0,0
83,83,730.0,0,0
84,84,730.0,0,0
85,85,730.0,0,0
86,86,730.0,0,0
87,87,730.0,0,0
88,88,730.0,0,0
89,89,730.0,0,0
90,90,730.0,0,0
91,91,730.0,0,0
92,92,730.0,0,0
93,93,730.0,0,0
94,94,730.0,0,0
95,95,730.0,0,0
96,96,730.0,0,0
97,97,730.0,0,0
98,98,730.0,0,0
99,99,730.0,0,0
100,100,730.0,0,0
101,101,730.0,0,0
102,102,730.0,0,0
103,103,730.0,0,0
104,104,730.0,0,0
105,105,730.0,0,0
106,106,730.0,0,0
107,107,730.0,0,0
108,108,730.0,0,0
109,109,730.0,0,0
110,110,730.0,0,0
111,111,730.0,0,0
112,112,730.0,0,0
113,113,730.0,0,0
114,114,730.0,0,0
115,115,730.0,0,0
116,116,730.0,0,0
117,117,730.0,0,0
118,118,730.0,0,0
119,119,730.0,0,0
120,120,730.0,0,0
121,121,730.0,0,0
122,122,730.0,0,0
123,123,730.0,0,0
124,124,730.0,0,0
125,125,730.0,0,0
126,126,730.0,0,0
127,127,730.0,0,0
128,128,730.0,0,0
