,Days,S,I,D
0,0,5013.0,0,0
1,1,5013.0,0,0
2,2,5013.0,0,0
3,3,5013.0,0,0
4,4,5013.0,0,0
5,5,5013.0,0,0
6,6,5013.0,0,0
7,7,5013.0,0,0
8,8,5013.0,0,0
9,9,5013.0,0,0
10,10,5013.0,0,0
11,11,5013.0,0,0
12,12,5013.0,0,0
13,13,5013.0,0,0
14,14,5013.0,0,0
15,15,5013.0,0,0
16,16,5013.0,0,0
17,17,5013.0,0,0
18,18,5013.0,0,0
19,19,5013.0,0,0
20,20,5013.0,0,0
21,21,5013.0,0,0
22,22,5013.0,0,0
23,23,5013.0,0,0
24,24,5013.0,0,0
25,25,5013.0,0,0
26,26,5013.0,0,0
27,27,5013.0,0,0
28,28,5013.0,0,0
29,29,5013.0,0,0
30,30,5013.0,0,0
31,31,5013.0,0,0
32,32,5013.0,0,0
33,33,5013.0,0,0
34,34,5013.0,0,0
35,35,5013.0,0,0
36,36,5013.0,0,0
37,37,5013.0,0,0
38,38,5013.0,0,0
39,39,5013.0,0,0
40,40,5013.0,0,0
41,41,5013.0,0,0
42,42,5013.0,0,0
43,43,5013.0,0,0
44,44,5013.0,0,0
45,45,5013.0,0,0
46,46,5013.0,0,0
47,47,5013.0,0,0
48,48,5013.0,0,0
49,49,5013.0,0,0
50,50,5013.0,0,0
51,51,5013.0,0,0
52,52,5013.0,0,0
53,53,5013.0,0,0
54,54,5013.0,0,0
55,55,5013.0,0,0
56,56,5013.0,0,0
57,57,5013.0,0,0
58,58,5013.0,0,0
59,59,5013.0,0,0
60,60,5013.0,0,0
61,61,5013.0,0,0
62,62,5013.0,0,0
63,63,5013.0,0,0
64,64,5013.0,0,0
65,65,5013.0,0,0
66,66,5013.0,0,0
67,67,5013.0,0,0
68,68,5013.0,0,0
69,69,5013.0,0,0
70,70,5013.0,0,0
71,71,5013.0,0,0
72,72,5013.0,0,0
73,73,5013.0,0,0
74,74,5013.0,0,0
75,75,5013.0,0,0
76,76,5012.0,1,0
77,77,5011.0,2,0
78,78,5011.0,2,0
79,79,5011.0,2,0
80,80,5011.0,2,0
81,81,5011.0,2,0
82,82,5011.0,2,0
83,83,5011.0,2,0
84,84,5011.0,2,0
85,85,5010.0,3,0
86,86,5010.0,3,0
87,87,5009.0,4,0
88,88,5009.0,4,0
89,89,5009.0,4,0
90,90,5009.0,4,0
91,91,5009.0,4,0
92,92,5009.0,4,0
93,93,5009.0,4,0
94,94,5008.0,5,0
95,95,5007.0,6,0
96,96,5007.0,6,0
97,97,5007.0,6,0
98,98,5007.0,6,0
99,99,5007.0,6,0
100,100,5007.0,6,0
101,101,5007.0,6,0
102,102,5007.0,6,0
103,103,5007.0,6,0
104,104,5007.0,6,0
105,105,5007.0,6,0
106,106,5007.0,6,0
107,107,5007.0,6,0
108,108,5007.0,6,0
109,109,5007.0,6,0
110,110,5006.0,7,0
111,111,5006.0,7,0
112,112,5006.0,7,0
113,113,5006.0,7,0
114,114,5006.0,7,0
115,115,5006.0,7,0
116,116,5006.0,7,0
117,117,5006.0,7,0
118,118,5006.0,7,0
119,119,5006.0,7,0
120,120,5006.0,7,0
121,121,5006.0,7,0
122,122,5006.0,7,0
123,123,5006.0,7,0
124,124,5006.0,7,0
125,125,5006.0,7,0
126,126,5006.0,7,0
127,127,5006.0,7,0
128,128,5006.0,7,0
