,Days,S,I,D
0,0,62342.0,0,0
1,1,62342.0,0,0
2,2,62342.0,0,0
3,3,62342.0,0,0
4,4,62342.0,0,0
5,5,62342.0,0,0
6,6,62342.0,0,0
7,7,62342.0,0,0
8,8,62342.0,0,0
9,9,62342.0,0,0
10,10,62342.0,0,0
11,11,62342.0,0,0
12,12,62342.0,0,0
13,13,62342.0,0,0
14,14,62342.0,0,0
15,15,62342.0,0,0
16,16,62342.0,0,0
17,17,62342.0,0,0
18,18,62342.0,0,0
19,19,62342.0,0,0
20,20,62342.0,0,0
21,21,62342.0,0,0
22,22,62342.0,0,0
23,23,62342.0,0,0
24,24,62342.0,0,0
25,25,62342.0,0,0
26,26,62342.0,0,0
27,27,62342.0,0,0
28,28,62342.0,0,0
29,29,62342.0,0,0
30,30,62342.0,0,0
31,31,62342.0,0,0
32,32,62342.0,0,0
33,33,62342.0,0,0
34,34,62342.0,0,0
35,35,62342.0,0,0
36,36,62342.0,0,0
37,37,62342.0,0,0
38,38,62342.0,0,0
39,39,62342.0,0,0
40,40,62342.0,0,0
41,41,62342.0,0,0
42,42,62342.0,0,0
43,43,62342.0,0,0
44,44,62342.0,0,0
45,45,62342.0,0,0
46,46,62342.0,0,0
47,47,62342.0,0,0
48,48,62342.0,0,0
49,49,62342.0,0,0
50,50,62342.0,0,0
51,51,62342.0,0,0
52,52,62342.0,0,0
53,53,62342.0,0,0
54,54,62342.0,0,0
55,55,62342.0,0,0
56,56,62342.0,0,0
57,57,62342.0,0,0
58,58,62342.0,0,0
59,59,62341.0,1,0
60,60,62341.0,1,0
61,61,62340.0,2,0
62,62,62340.0,2,0
63,63,62340.0,2,0
64,64,62338.0,4,0
65,65,62337.0,5,0
66,66,62337.0,5,0
67,67,62335.0,7,0
68,68,62335.0,7,0
69,69,62335.0,7,0
70,70,62334.0,8,0
71,71,62334.0,8,0
72,72,62333.0,9,0
73,73,62333.0,9,0
74,74,62333.0,9,0
75,75,62332.0,10,0
76,76,62332.0,10,0
77,77,62332.0,10,0
78,78,62332.0,10,0
79,79,62332.0,10,0
80,80,62332.0,10,0
81,81,62332.0,10,0
82,82,62330.0,12,0
83,83,62329.0,13,0
84,84,62329.0,13,0
85,85,62329.0,13,0
86,86,62329.0,13,0
87,87,62329.0,13,0
88,88,62329.0,13,0
89,89,62328.0,14,0
90,90,62328.0,14,0
91,91,62327.0,15,0
92,92,62326.0,16,0
93,93,62326.0,16,0
94,94,62321.0,21,0
95,95,62319.0,23,0
96,96,62316.0,26,0
97,97,62316.0,26,0
98,98,62310.0,32,0
99,99,62308.0,34,0
100,100,62306.0,36,0
101,101,62304.0,38,0
102,102,62302.0,40,0
103,103,62302.0,40,0
104,104,62302.0,40,0
105,105,62302.0,40,0
106,106,62298.0,44,0
107,107,62291.0,51,0
108,108,62291.0,51,0
109,109,62291.0,51,0
110,110,62291.0,51,0
111,111,62291.0,51,0
112,112,62291.0,51,0
113,113,62291.0,51,0
114,114,62291.0,51,0
115,115,62291.0,51,0
116,116,62291.0,51,0
117,117,62291.0,51,0
118,118,62291.0,51,0
119,119,62291.0,51,0
120,120,62291.0,51,0
121,121,62291.0,51,0
122,122,62291.0,51,0
123,123,62291.0,51,0
124,124,62291.0,51,0
125,125,62291.0,51,0
126,126,62291.0,51,0
127,127,62291.0,51,0
128,128,62291.0,51,0
