,Days,S,I,D
0,0,916.0,0,0
1,1,916.0,0,0
2,2,916.0,0,0
3,3,916.0,0,0
4,4,916.0,0,0
5,5,916.0,0,0
6,6,916.0,0,0
7,7,916.0,0,0
8,8,916.0,0,0
9,9,916.0,0,0
10,10,916.0,0,0
11,11,916.0,0,0
12,12,916.0,0,0
13,13,916.0,0,0
14,14,916.0,0,0
15,15,916.0,0,0
16,16,916.0,0,0
17,17,916.0,0,0
18,18,916.0,0,0
19,19,916.0,0,0
20,20,916.0,0,0
21,21,916.0,0,0
22,22,916.0,0,0
23,23,916.0,0,0
24,24,916.0,0,0
25,25,916.0,0,0
26,26,916.0,0,0
27,27,916.0,0,0
28,28,916.0,0,0
29,29,916.0,0,0
30,30,916.0,0,0
31,31,916.0,0,0
32,32,916.0,0,0
33,33,916.0,0,0
34,34,916.0,0,0
35,35,916.0,0,0
36,36,916.0,0,0
37,37,916.0,0,0
38,38,916.0,0,0
39,39,916.0,0,0
40,40,916.0,0,0
41,41,916.0,0,0
42,42,916.0,0,0
43,43,916.0,0,0
44,44,916.0,0,0
45,45,916.0,0,0
46,46,916.0,0,0
47,47,916.0,0,0
48,48,916.0,0,0
49,49,916.0,0,0
50,50,916.0,0,0
51,51,916.0,0,0
52,52,916.0,0,0
53,53,916.0,0,0
54,54,916.0,0,0
55,55,916.0,0,0
56,56,916.0,0,0
57,57,916.0,0,0
58,58,916.0,0,0
59,59,916.0,0,0
60,60,916.0,0,0
61,61,916.0,0,0
62,62,916.0,0,0
63,63,916.0,0,0
64,64,916.0,0,0
65,65,916.0,0,0
66,66,916.0,0,0
67,67,916.0,0,0
68,68,916.0,0,0
69,69,916.0,0,0
70,70,916.0,0,0
71,71,916.0,0,0
72,72,916.0,0,0
73,73,916.0,0,0
74,74,916.0,0,0
75,75,916.0,0,0
76,76,916.0,0,0
77,77,916.0,0,0
78,78,916.0,0,0
79,79,916.0,0,0
80,80,916.0,0,0
81,81,916.0,0,0
82,82,916.0,0,0
83,83,916.0,0,0
84,84,916.0,0,0
85,85,916.0,0,0
86,86,916.0,0,0
87,87,916.0,0,0
88,88,916.0,0,0
89,89,916.0,0,0
90,90,916.0,0,0
91,91,916.0,0,0
92,92,916.0,0,0
93,93,916.0,0,0
94,94,916.0,0,0
95,95,916.0,0,0
96,96,916.0,0,0
97,97,916.0,0,0
98,98,916.0,0,0
99,99,916.0,0,0
100,100,916.0,0,0
101,101,916.0,0,0
102,102,916.0,0,0
103,103,916.0,0,0
104,104,916.0,0,0
105,105,916.0,0,0
106,106,916.0,0,0
107,107,916.0,0,0
108,108,916.0,0,0
109,109,916.0,0,0
110,110,916.0,0,0
111,111,916.0,0,0
112,112,916.0,0,0
113,113,916.0,0,0
114,114,916.0,0,0
115,115,916.0,0,0
116,116,916.0,0,0
117,117,916.0,0,0
118,118,916.0,0,0
119,119,916.0,0,0
120,120,916.0,0,0
121,121,916.0,0,0
122,122,916.0,0,0
123,123,916.0,0,0
124,124,916.0,0,0
125,125,916.0,0,0
126,126,916.0,0,0
127,127,916.0,0,0
128,128,916.0,0,0
