,Days,S,I,D
0,0,10658.0,0,0
1,1,10658.0,0,0
2,2,10658.0,0,0
3,3,10658.0,0,0
4,4,10658.0,0,0
5,5,10658.0,0,0
6,6,10658.0,0,0
7,7,10658.0,0,0
8,8,10658.0,0,0
9,9,10658.0,0,0
10,10,10658.0,0,0
11,11,10658.0,0,0
12,12,10658.0,0,0
13,13,10658.0,0,0
14,14,10658.0,0,0
15,15,10658.0,0,0
16,16,10658.0,0,0
17,17,10658.0,0,0
18,18,10658.0,0,0
19,19,10658.0,0,0
20,20,10658.0,0,0
21,21,10658.0,0,0
22,22,10658.0,0,0
23,23,10658.0,0,0
24,24,10658.0,0,0
25,25,10658.0,0,0
26,26,10658.0,0,0
27,27,10658.0,0,0
28,28,10658.0,0,0
29,29,10658.0,0,0
30,30,10658.0,0,0
31,31,10658.0,0,0
32,32,10658.0,0,0
33,33,10658.0,0,0
34,34,10658.0,0,0
35,35,10658.0,0,0
36,36,10658.0,0,0
37,37,10658.0,0,0
38,38,10658.0,0,0
39,39,10658.0,0,0
40,40,10658.0,0,0
41,41,10658.0,0,0
42,42,10658.0,0,0
43,43,10658.0,0,0
44,44,10658.0,0,0
45,45,10658.0,0,0
46,46,10658.0,0,0
47,47,10658.0,0,0
48,48,10658.0,0,0
49,49,10658.0,0,0
50,50,10658.0,0,0
51,51,10658.0,0,0
52,52,10658.0,0,0
53,53,10658.0,0,0
54,54,10658.0,0,0
55,55,10658.0,0,0
56,56,10658.0,0,0
57,57,10658.0,0,0
58,58,10658.0,0,0
59,59,10658.0,0,0
60,60,10658.0,0,0
61,61,10658.0,0,0
62,62,10658.0,0,0
63,63,10658.0,0,0
64,64,10658.0,0,0
65,65,10658.0,0,0
66,66,10658.0,0,0
67,67,10658.0,0,0
68,68,10658.0,0,0
69,69,10658.0,0,0
70,70,10658.0,0,0
71,71,10658.0,0,0
72,72,10658.0,0,0
73,73,10658.0,0,0
74,74,10658.0,0,0
75,75,10658.0,0,0
76,76,10658.0,0,0
77,77,10658.0,0,0
78,78,10658.0,0,0
79,79,10658.0,0,0
80,80,10658.0,0,0
81,81,10658.0,0,0
82,82,10658.0,0,0
83,83,10658.0,0,0
84,84,10658.0,0,0
85,85,10658.0,0,0
86,86,10658.0,0,0
87,87,10658.0,0,0
88,88,10658.0,0,0
89,89,10658.0,0,0
90,90,10658.0,0,0
91,91,10658.0,0,0
92,92,10658.0,0,0
93,93,10658.0,0,0
94,94,10658.0,0,0
95,95,10658.0,0,0
96,96,10658.0,0,0
97,97,10658.0,0,0
98,98,10658.0,0,0
99,99,10658.0,0,0
100,100,10658.0,0,0
101,101,10658.0,0,0
102,102,10658.0,0,0
103,103,10658.0,0,0
104,104,10658.0,0,0
105,105,10658.0,0,0
106,106,10657.0,1,0
107,107,10657.0,1,0
108,108,10657.0,1,0
109,109,10657.0,1,0
110,110,10657.0,1,0
111,111,10657.0,1,0
112,112,10657.0,1,0
113,113,10657.0,1,0
114,114,10657.0,1,0
115,115,10657.0,1,0
116,116,10657.0,1,0
117,117,10657.0,1,0
118,118,10657.0,1,0
119,119,10657.0,1,0
120,120,10657.0,1,0
121,121,10657.0,1,0
122,122,10657.0,1,0
123,123,10657.0,1,0
124,124,10657.0,1,0
125,125,10657.0,1,0
126,126,10657.0,1,0
127,127,10657.0,1,0
128,128,10657.0,1,0
