,Days,S,I,D
0,0,56031.0,0,0
1,1,56031.0,0,0
2,2,56031.0,0,0
3,3,56031.0,0,0
4,4,56031.0,0,0
5,5,56031.0,0,0
6,6,56031.0,0,0
7,7,56031.0,0,0
8,8,56031.0,0,0
9,9,56031.0,0,0
10,10,56031.0,0,0
11,11,56031.0,0,0
12,12,56031.0,0,0
13,13,56031.0,0,0
14,14,56031.0,0,0
15,15,56031.0,0,0
16,16,56031.0,0,0
17,17,56031.0,0,0
18,18,56031.0,0,0
19,19,56031.0,0,0
20,20,56031.0,0,0
21,21,56031.0,0,0
22,22,56031.0,0,0
23,23,56031.0,0,0
24,24,56031.0,0,0
25,25,56031.0,0,0
26,26,56031.0,0,0
27,27,56031.0,0,0
28,28,56031.0,0,0
29,29,56031.0,0,0
30,30,56031.0,0,0
31,31,56031.0,0,0
32,32,56031.0,0,0
33,33,56031.0,0,0
34,34,56031.0,0,0
35,35,56031.0,0,0
36,36,56031.0,0,0
37,37,56031.0,0,0
38,38,56031.0,0,0
39,39,56031.0,0,0
40,40,56031.0,0,0
41,41,56031.0,0,0
42,42,56031.0,0,0
43,43,56031.0,0,0
44,44,56031.0,0,0
45,45,56031.0,0,0
46,46,56031.0,0,0
47,47,56031.0,0,0
48,48,56031.0,0,0
49,49,56031.0,0,0
50,50,56031.0,0,0
51,51,56031.0,0,0
52,52,56031.0,0,0
53,53,56031.0,0,0
54,54,56031.0,0,0
55,55,56031.0,0,0
56,56,56031.0,0,0
57,57,56031.0,0,0
58,58,56031.0,0,0
59,59,56031.0,0,0
60,60,56031.0,0,0
61,61,56031.0,0,0
62,62,56031.0,0,0
63,63,56031.0,0,0
64,64,56030.0,1,0
65,65,56030.0,1,0
66,66,56028.0,3,0
67,67,56028.0,3,0
68,68,56028.0,3,0
69,69,56028.0,3,0
70,70,56028.0,3,0
71,71,56028.0,3,0
72,72,56020.0,11,0
73,73,56020.0,11,0
74,74,56020.0,11,0
75,75,56020.0,11,0
76,76,56020.0,11,0
77,77,56020.0,11,0
78,78,56020.0,11,0
79,79,56020.0,11,0
80,80,56010.0,21,0
81,81,56010.0,21,0
82,82,56010.0,21,0
83,83,56010.0,21,0
84,84,56010.0,21,0
85,85,56010.0,21,0
86,86,56010.0,21,0
87,87,56009.0,22,0
88,88,56009.0,22,0
89,89,56009.0,22,0
90,90,56009.0,22,0
91,91,56009.0,22,0
92,92,56009.0,22,0
93,93,56008.0,23,0
94,94,56008.0,23,0
95,95,56007.0,24,0
96,96,56007.0,24,0
97,97,56007.0,24,0
98,98,56007.0,24,0
99,99,56007.0,24,0
100,100,56007.0,24,0
101,101,56007.0,24,0
102,102,56007.0,24,0
103,103,56007.0,24,0
104,104,56007.0,24,0
105,105,56007.0,24,0
106,106,55999.0,32,0
107,107,55999.0,32,0
108,108,55999.0,32,0
109,109,55999.0,32,0
110,110,55999.0,32,0
111,111,55998.0,33,0
112,112,55998.0,33,0
113,113,55998.0,33,0
114,114,55998.0,33,0
115,115,55998.0,33,0
116,116,55998.0,33,0
117,117,55998.0,33,0
118,118,55998.0,33,0
119,119,55997.0,34,0
120,120,55997.0,34,0
121,121,55997.0,34,0
122,122,55997.0,34,0
123,123,55997.0,34,0
124,124,55997.0,34,0
125,125,55996.0,35,0
126,126,55996.0,35,0
127,127,55996.0,35,0
128,128,55996.0,35,0
