,Days,S,I,D
0,0,39966.0,0,0
1,1,39966.0,0,0
2,2,39966.0,0,0
3,3,39966.0,0,0
4,4,39966.0,0,0
5,5,39966.0,0,0
6,6,39966.0,0,0
7,7,39966.0,0,0
8,8,39966.0,0,0
9,9,39966.0,0,0
10,10,39966.0,0,0
11,11,39966.0,0,0
12,12,39966.0,0,0
13,13,39966.0,0,0
14,14,39966.0,0,0
15,15,39966.0,0,0
16,16,39966.0,0,0
17,17,39966.0,0,0
18,18,39966.0,0,0
19,19,39966.0,0,0
20,20,39966.0,0,0
21,21,39966.0,0,0
22,22,39966.0,0,0
23,23,39966.0,0,0
24,24,39966.0,0,0
25,25,39966.0,0,0
26,26,39966.0,0,0
27,27,39966.0,0,0
28,28,39966.0,0,0
29,29,39966.0,0,0
30,30,39966.0,0,0
31,31,39966.0,0,0
32,32,39966.0,0,0
33,33,39966.0,0,0
34,34,39966.0,0,0
35,35,39966.0,0,0
36,36,39966.0,0,0
37,37,39966.0,0,0
38,38,39966.0,0,0
39,39,39966.0,0,0
40,40,39966.0,0,0
41,41,39966.0,0,0
42,42,39966.0,0,0
43,43,39966.0,0,0
44,44,39966.0,0,0
45,45,39966.0,0,0
46,46,39966.0,0,0
47,47,39966.0,0,0
48,48,39966.0,0,0
49,49,39966.0,0,0
50,50,39966.0,0,0
51,51,39966.0,0,0
52,52,39966.0,0,0
53,53,39966.0,0,0
54,54,39966.0,0,0
55,55,39966.0,0,0
56,56,39966.0,0,0
57,57,39966.0,0,0
58,58,39966.0,0,0
59,59,39966.0,0,0
60,60,39966.0,0,0
61,61,39966.0,0,0
62,62,39966.0,0,0
63,63,39966.0,0,0
64,64,39966.0,0,0
65,65,39966.0,0,0
66,66,39966.0,0,0
67,67,39965.0,1,0
68,68,39964.0,2,0
69,69,39964.0,2,0
70,70,39964.0,2,0
71,71,39964.0,2,0
72,72,39964.0,2,0
73,73,39963.0,3,0
74,74,39962.0,4,0
75,75,39962.0,4,0
76,76,39962.0,4,0
77,77,39962.0,4,0
78,78,39962.0,4,0
79,79,39962.0,4,0
80,80,39962.0,4,0
81,81,39962.0,4,0
82,82,39962.0,4,0
83,83,39962.0,4,0
84,84,39962.0,4,0
85,85,39962.0,4,0
86,86,39962.0,4,0
87,87,39961.0,5,0
88,88,39961.0,5,0
89,89,39960.0,6,0
90,90,39960.0,6,0
91,91,39960.0,6,0
92,92,39960.0,6,0
93,93,39960.0,6,0
94,94,39960.0,6,0
95,95,39960.0,6,0
96,96,39960.0,6,0
97,97,39960.0,6,0
98,98,39960.0,6,0
99,99,39960.0,6,0
100,100,39960.0,6,0
101,101,39960.0,6,0
102,102,39960.0,6,0
103,103,39960.0,6,0
104,104,39960.0,6,0
105,105,39959.0,7,0
106,106,39959.0,7,0
107,107,39959.0,7,0
108,108,39959.0,7,0
109,109,39959.0,7,0
110,110,39958.0,8,0
111,111,39956.0,10,0
112,112,39956.0,10,0
113,113,39955.0,11,0
114,114,39950.0,16,0
115,115,39949.0,17,0
116,116,39947.0,19,0
117,117,39947.0,19,0
118,118,39947.0,19,0
119,119,39946.0,20,0
120,120,39946.0,20,0
121,121,39945.0,21,0
122,122,39942.0,24,0
123,123,39941.0,25,0
124,124,39938.0,28,0
125,125,39936.0,30,0
126,126,39934.0,32,0
127,127,39934.0,32,0
128,128,39934.0,32,0
