,Days,S,I,D
0,0,21332.0,0,0
1,1,21332.0,0,0
2,2,21332.0,0,0
3,3,21332.0,0,0
4,4,21332.0,0,0
5,5,21332.0,0,0
6,6,21332.0,0,0
7,7,21332.0,0,0
8,8,21332.0,0,0
9,9,21332.0,0,0
10,10,21332.0,0,0
11,11,21332.0,0,0
12,12,21332.0,0,0
13,13,21332.0,0,0
14,14,21332.0,0,0
15,15,21332.0,0,0
16,16,21332.0,0,0
17,17,21332.0,0,0
18,18,21332.0,0,0
19,19,21332.0,0,0
20,20,21332.0,0,0
21,21,21332.0,0,0
22,22,21332.0,0,0
23,23,21332.0,0,0
24,24,21332.0,0,0
25,25,21332.0,0,0
26,26,21332.0,0,0
27,27,21332.0,0,0
28,28,21332.0,0,0
29,29,21332.0,0,0
30,30,21332.0,0,0
31,31,21332.0,0,0
32,32,21332.0,0,0
33,33,21332.0,0,0
34,34,21332.0,0,0
35,35,21332.0,0,0
36,36,21332.0,0,0
37,37,21332.0,0,0
38,38,21332.0,0,0
39,39,21332.0,0,0
40,40,21332.0,0,0
41,41,21332.0,0,0
42,42,21332.0,0,0
43,43,21332.0,0,0
44,44,21332.0,0,0
45,45,21332.0,0,0
46,46,21332.0,0,0
47,47,21332.0,0,0
48,48,21332.0,0,0
49,49,21332.0,0,0
50,50,21332.0,0,0
51,51,21332.0,0,0
52,52,21332.0,0,0
53,53,21332.0,0,0
54,54,21332.0,0,0
55,55,21332.0,0,0
56,56,21332.0,0,0
57,57,21332.0,0,0
58,58,21332.0,0,0
59,59,21332.0,0,0
60,60,21332.0,0,0
61,61,21332.0,0,0
62,62,21332.0,0,0
63,63,21332.0,0,0
64,64,21332.0,0,0
65,65,21332.0,0,0
66,66,21332.0,0,0
67,67,21332.0,0,0
68,68,21332.0,0,0
69,69,21332.0,0,0
70,70,21332.0,0,0
71,71,21332.0,0,0
72,72,21332.0,0,0
73,73,21332.0,0,0
74,74,21332.0,0,0
75,75,21332.0,0,0
76,76,21332.0,0,0
77,77,21332.0,0,0
78,78,21332.0,0,0
79,79,21332.0,0,0
80,80,21332.0,0,0
81,81,21332.0,0,0
82,82,21332.0,0,0
83,83,21332.0,0,0
84,84,21332.0,0,0
85,85,21332.0,0,0
86,86,21332.0,0,0
87,87,21332.0,0,0
88,88,21332.0,0,0
89,89,21332.0,0,0
90,90,21332.0,0,0
91,91,21332.0,0,0
92,92,21332.0,0,0
93,93,21332.0,0,0
94,94,21332.0,0,0
95,95,21332.0,0,0
96,96,21332.0,0,0
97,97,21332.0,0,0
98,98,21332.0,0,0
99,99,21332.0,0,0
100,100,21332.0,0,0
101,101,21332.0,0,0
102,102,21332.0,0,0
103,103,21332.0,0,0
104,104,21332.0,0,0
105,105,21332.0,0,0
106,106,21332.0,0,0
107,107,21332.0,0,0
108,108,21332.0,0,0
109,109,21332.0,0,0
110,110,21332.0,0,0
111,111,21332.0,0,0
112,112,21332.0,0,0
113,113,21332.0,0,0
114,114,21332.0,0,0
115,115,21332.0,0,0
116,116,21332.0,0,0
117,117,21332.0,0,0
118,118,21332.0,0,0
119,119,21332.0,0,0
120,120,21332.0,0,0
121,121,21332.0,0,0
122,122,21331.0,1,0
123,123,21331.0,1,0
124,124,21331.0,1,0
125,125,21331.0,1,0
126,126,21331.0,1,0
127,127,21331.0,1,0
128,128,21330.0,2,0
