,Days,S,I,D
0,0,35837.0,0,0
1,1,35837.0,0,0
2,2,35837.0,0,0
3,3,35837.0,0,0
4,4,35837.0,0,0
5,5,35837.0,0,0
6,6,35837.0,0,0
7,7,35837.0,0,0
8,8,35837.0,0,0
9,9,35837.0,0,0
10,10,35837.0,0,0
11,11,35837.0,0,0
12,12,35837.0,0,0
13,13,35837.0,0,0
14,14,35837.0,0,0
15,15,35837.0,0,0
16,16,35837.0,0,0
17,17,35837.0,0,0
18,18,35837.0,0,0
19,19,35837.0,0,0
20,20,35837.0,0,0
21,21,35837.0,0,0
22,22,35837.0,0,0
23,23,35837.0,0,0
24,24,35837.0,0,0
25,25,35837.0,0,0
26,26,35837.0,0,0
27,27,35837.0,0,0
28,28,35837.0,0,0
29,29,35837.0,0,0
30,30,35837.0,0,0
31,31,35837.0,0,0
32,32,35837.0,0,0
33,33,35837.0,0,0
34,34,35837.0,0,0
35,35,35837.0,0,0
36,36,35837.0,0,0
37,37,35837.0,0,0
38,38,35837.0,0,0
39,39,35837.0,0,0
40,40,35837.0,0,0
41,41,35837.0,0,0
42,42,35837.0,0,0
43,43,35837.0,0,0
44,44,35837.0,0,0
45,45,35837.0,0,0
46,46,35837.0,0,0
47,47,35837.0,0,0
48,48,35837.0,0,0
49,49,35837.0,0,0
50,50,35837.0,0,0
51,51,35837.0,0,0
52,52,35837.0,0,0
53,53,35837.0,0,0
54,54,35837.0,0,0
55,55,35837.0,0,0
56,56,35837.0,0,0
57,57,35837.0,0,0
58,58,35837.0,0,0
59,59,35837.0,0,0
60,60,35837.0,0,0
61,61,35837.0,0,0
62,62,35837.0,0,0
63,63,35837.0,0,0
64,64,35837.0,0,0
65,65,35837.0,0,0
66,66,35837.0,0,0
67,67,35837.0,0,0
68,68,35837.0,0,0
69,69,35836.0,1,0
70,70,35836.0,1,0
71,71,35834.0,3,0
72,72,35832.0,5,0
73,73,35829.0,8,0
74,74,35829.0,8,0
75,75,35827.0,10,0
76,76,35824.0,13,0
77,77,35823.0,14,0
78,78,35822.0,15,0
79,79,35822.0,15,0
80,80,35818.0,19,0
81,81,35812.0,25,0
82,82,35812.0,25,0
83,83,35811.0,26,0
84,84,35810.0,27,0
85,85,35808.0,29,0
86,86,35805.0,32,0
87,87,35803.0,34,0
88,88,35801.0,36,0
89,89,35800.0,37,0
90,90,35800.0,37,0
91,91,35799.0,38,0
92,92,35799.0,38,0
93,93,35791.0,46,0
94,94,35790.0,47,0
95,95,35786.0,51,0
96,96,35785.0,52,0
97,97,35784.0,53,0
98,98,35782.0,55,0
99,99,35778.0,59,0
100,100,35778.0,59,0
101,101,35778.0,59,0
102,102,35777.0,60,0
103,103,35777.0,60,0
104,104,35777.0,60,0
105,105,35776.0,61,0
106,106,35775.0,62,0
107,107,35773.0,64,0
108,108,35773.0,64,0
109,109,35773.0,64,0
110,110,35773.0,64,0
111,111,35772.0,65,0
112,112,35772.0,65,0
113,113,35771.0,66,0
114,114,35771.0,66,0
115,115,35771.0,66,0
116,116,35771.0,66,0
117,117,35771.0,66,0
118,118,35770.0,67,0
119,119,35767.0,70,0
120,120,35766.0,71,0
121,121,35766.0,71,0
122,122,35766.0,71,0
123,123,35764.0,73,0
124,124,35764.0,73,0
125,125,35764.0,73,0
126,126,35764.0,73,0
127,127,35764.0,73,0
128,128,35764.0,73,0
