,Days,S,I,D
0,0,13758.0,0,0
1,1,13758.0,0,0
2,2,13758.0,0,0
3,3,13758.0,0,0
4,4,13758.0,0,0
5,5,13758.0,0,0
6,6,13758.0,0,0
7,7,13758.0,0,0
8,8,13758.0,0,0
9,9,13758.0,0,0
10,10,13758.0,0,0
11,11,13758.0,0,0
12,12,13758.0,0,0
13,13,13758.0,0,0
14,14,13758.0,0,0
15,15,13758.0,0,0
16,16,13758.0,0,0
17,17,13758.0,0,0
18,18,13758.0,0,0
19,19,13758.0,0,0
20,20,13758.0,0,0
21,21,13758.0,0,0
22,22,13758.0,0,0
23,23,13758.0,0,0
24,24,13758.0,0,0
25,25,13758.0,0,0
26,26,13758.0,0,0
27,27,13758.0,0,0
28,28,13758.0,0,0
29,29,13758.0,0,0
30,30,13758.0,0,0
31,31,13758.0,0,0
32,32,13758.0,0,0
33,33,13758.0,0,0
34,34,13758.0,0,0
35,35,13758.0,0,0
36,36,13758.0,0,0
37,37,13758.0,0,0
38,38,13758.0,0,0
39,39,13758.0,0,0
40,40,13758.0,0,0
41,41,13758.0,0,0
42,42,13758.0,0,0
43,43,13758.0,0,0
44,44,13758.0,0,0
45,45,13758.0,0,0
46,46,13758.0,0,0
47,47,13758.0,0,0
48,48,13758.0,0,0
49,49,13758.0,0,0
50,50,13758.0,0,0
51,51,13758.0,0,0
52,52,13758.0,0,0
53,53,13758.0,0,0
54,54,13758.0,0,0
55,55,13758.0,0,0
56,56,13758.0,0,0
57,57,13758.0,0,0
58,58,13758.0,0,0
59,59,13758.0,0,0
60,60,13758.0,0,0
61,61,13758.0,0,0
62,62,13758.0,0,0
63,63,13758.0,0,0
64,64,13758.0,0,0
65,65,13757.0,1,0
66,66,13757.0,1,0
67,67,13757.0,1,0
68,68,13757.0,1,0
69,69,13756.0,2,0
70,70,13756.0,2,0
71,71,13756.0,2,0
72,72,13755.0,3,0
73,73,13755.0,3,0
74,74,13755.0,3,0
75,75,13755.0,3,0
76,76,13755.0,3,0
77,77,13755.0,3,0
78,78,13754.0,4,0
79,79,13754.0,4,0
80,80,13754.0,4,0
81,81,13754.0,4,0
82,82,13754.0,4,0
83,83,13754.0,4,0
84,84,13754.0,4,0
85,85,13754.0,4,0
86,86,13754.0,4,0
87,87,13754.0,4,0
88,88,13754.0,4,0
89,89,13754.0,4,0
90,90,13754.0,4,0
91,91,13754.0,4,0
92,92,13754.0,4,0
93,93,13754.0,4,0
94,94,13754.0,4,0
95,95,13754.0,4,0
96,96,13754.0,4,0
97,97,13754.0,4,0
98,98,13753.0,5,0
99,99,13753.0,5,0
100,100,13753.0,5,0
101,101,13752.0,6,0
102,102,13752.0,6,0
103,103,13751.0,7,0
104,104,13751.0,7,0
105,105,13751.0,7,0
106,106,13751.0,7,0
107,107,13751.0,7,0
108,108,13750.0,8,0
109,109,13750.0,8,0
110,110,13750.0,8,0
111,111,13750.0,8,0
112,112,13750.0,8,0
113,113,13749.0,9,0
114,114,13749.0,9,0
115,115,13749.0,9,0
116,116,13748.0,10,0
117,117,13748.0,10,0
118,118,13748.0,10,0
119,119,13748.0,10,0
120,120,13747.0,11,0
121,121,13747.0,11,0
122,122,13747.0,11,0
123,123,13747.0,11,0
124,124,13746.0,12,0
125,125,13745.0,13,0
126,126,13745.0,13,0
127,127,13745.0,13,0
128,128,13743.0,15,0
