,Days,S,I,D
0,0,8515.0,0,0
1,1,8515.0,0,0
2,2,8515.0,0,0
3,3,8515.0,0,0
4,4,8515.0,0,0
5,5,8515.0,0,0
6,6,8515.0,0,0
7,7,8515.0,0,0
8,8,8515.0,0,0
9,9,8515.0,0,0
10,10,8515.0,0,0
11,11,8515.0,0,0
12,12,8515.0,0,0
13,13,8515.0,0,0
14,14,8515.0,0,0
15,15,8515.0,0,0
16,16,8515.0,0,0
17,17,8515.0,0,0
18,18,8515.0,0,0
19,19,8515.0,0,0
20,20,8515.0,0,0
21,21,8515.0,0,0
22,22,8515.0,0,0
23,23,8515.0,0,0
24,24,8515.0,0,0
25,25,8515.0,0,0
26,26,8515.0,0,0
27,27,8515.0,0,0
28,28,8515.0,0,0
29,29,8515.0,0,0
30,30,8515.0,0,0
31,31,8515.0,0,0
32,32,8515.0,0,0
33,33,8515.0,0,0
34,34,8515.0,0,0
35,35,8515.0,0,0
36,36,8515.0,0,0
37,37,8515.0,0,0
38,38,8515.0,0,0
39,39,8515.0,0,0
40,40,8515.0,0,0
41,41,8515.0,0,0
42,42,8515.0,0,0
43,43,8515.0,0,0
44,44,8515.0,0,0
45,45,8515.0,0,0
46,46,8515.0,0,0
47,47,8515.0,0,0
48,48,8515.0,0,0
49,49,8515.0,0,0
50,50,8515.0,0,0
51,51,8515.0,0,0
52,52,8515.0,0,0
53,53,8515.0,0,0
54,54,8515.0,0,0
55,55,8515.0,0,0
56,56,8515.0,0,0
57,57,8515.0,0,0
58,58,8515.0,0,0
59,59,8515.0,0,0
60,60,8515.0,0,0
61,61,8515.0,0,0
62,62,8515.0,0,0
63,63,8515.0,0,0
64,64,8515.0,0,0
65,65,8515.0,0,0
66,66,8515.0,0,0
67,67,8515.0,0,0
68,68,8515.0,0,0
69,69,8515.0,0,0
70,70,8515.0,0,0
71,71,8515.0,0,0
72,72,8515.0,0,0
73,73,8515.0,0,0
74,74,8515.0,0,0
75,75,8515.0,0,0
76,76,8515.0,0,0
77,77,8515.0,0,0
78,78,8514.0,1,0
79,79,8514.0,1,0
80,80,8514.0,1,0
81,81,8514.0,1,0
82,82,8514.0,1,0
83,83,8514.0,1,0
84,84,8514.0,1,0
85,85,8514.0,1,0
86,86,8513.0,2,0
87,87,8513.0,2,0
88,88,8513.0,2,0
89,89,8513.0,2,0
90,90,8513.0,2,0
91,91,8513.0,2,0
92,92,8513.0,2,0
93,93,8513.0,2,0
94,94,8513.0,2,0
95,95,8512.0,3,0
96,96,8512.0,3,0
97,97,8512.0,3,0
98,98,8512.0,3,0
99,99,8512.0,3,0
100,100,8512.0,3,0
101,101,8512.0,3,0
102,102,8512.0,3,0
103,103,8512.0,3,0
104,104,8512.0,3,0
105,105,8512.0,3,0
106,106,8512.0,3,0
107,107,8512.0,3,0
108,108,8512.0,3,0
109,109,8512.0,3,0
110,110,8512.0,3,0
111,111,8512.0,3,0
112,112,8512.0,3,0
113,113,8512.0,3,0
114,114,8512.0,3,0
115,115,8512.0,3,0
116,116,8512.0,3,0
117,117,8512.0,3,0
118,118,8512.0,3,0
119,119,8512.0,3,0
120,120,8511.0,4,0
121,121,8510.0,5,0
122,122,8510.0,5,0
123,123,8510.0,5,0
124,124,8510.0,5,0
125,125,8510.0,5,0
126,126,8510.0,5,0
127,127,8510.0,5,0
128,128,8510.0,5,0
