,Days,S,I,D
0,0,25629.0,0,0
1,1,25629.0,0,0
2,2,25629.0,0,0
3,3,25629.0,0,0
4,4,25629.0,0,0
5,5,25629.0,0,0
6,6,25629.0,0,0
7,7,25629.0,0,0
8,8,25629.0,0,0
9,9,25629.0,0,0
10,10,25629.0,0,0
11,11,25629.0,0,0
12,12,25629.0,0,0
13,13,25629.0,0,0
14,14,25629.0,0,0
15,15,25629.0,0,0
16,16,25629.0,0,0
17,17,25629.0,0,0
18,18,25629.0,0,0
19,19,25629.0,0,0
20,20,25629.0,0,0
21,21,25629.0,0,0
22,22,25629.0,0,0
23,23,25629.0,0,0
24,24,25629.0,0,0
25,25,25629.0,0,0
26,26,25629.0,0,0
27,27,25629.0,0,0
28,28,25629.0,0,0
29,29,25629.0,0,0
30,30,25629.0,0,0
31,31,25629.0,0,0
32,32,25629.0,0,0
33,33,25629.0,0,0
34,34,25629.0,0,0
35,35,25629.0,0,0
36,36,25629.0,0,0
37,37,25629.0,0,0
38,38,25629.0,0,0
39,39,25629.0,0,0
40,40,25629.0,0,0
41,41,25629.0,0,0
42,42,25629.0,0,0
43,43,25629.0,0,0
44,44,25629.0,0,0
45,45,25629.0,0,0
46,46,25629.0,0,0
47,47,25629.0,0,0
48,48,25629.0,0,0
49,49,25629.0,0,0
50,50,25629.0,0,0
51,51,25629.0,0,0
52,52,25629.0,0,0
53,53,25629.0,0,0
54,54,25629.0,0,0
55,55,25629.0,0,0
56,56,25629.0,0,0
57,57,25629.0,0,0
58,58,25629.0,0,0
59,59,25629.0,0,0
60,60,25629.0,0,0
61,61,25629.0,0,0
62,62,25629.0,0,0
63,63,25629.0,0,0
64,64,25629.0,0,0
65,65,25629.0,0,0
66,66,25629.0,0,0
67,67,25629.0,0,0
68,68,25629.0,0,0
69,69,25628.0,1,0
70,70,25627.0,2,0
71,71,25626.0,3,0
72,72,25626.0,3,0
73,73,25626.0,3,0
74,74,25626.0,3,0
75,75,25625.0,4,0
76,76,25625.0,4,0
77,77,25625.0,4,0
78,78,25624.0,5,0
79,79,25624.0,5,0
80,80,25624.0,5,0
81,81,25624.0,5,0
82,82,25624.0,5,0
83,83,25624.0,5,0
84,84,25624.0,5,0
85,85,25624.0,5,0
86,86,25624.0,5,0
87,87,25624.0,5,0
88,88,25624.0,5,0
89,89,25624.0,5,0
90,90,25624.0,5,0
91,91,25623.0,6,0
92,92,25623.0,6,0
93,93,25623.0,6,0
94,94,25623.0,6,0
95,95,25623.0,6,0
96,96,25623.0,6,0
97,97,25623.0,6,0
98,98,25623.0,6,0
99,99,25622.0,7,0
100,100,25622.0,7,0
101,101,25621.0,8,0
102,102,25620.0,9,0
103,103,25620.0,9,0
104,104,25619.0,10,0
105,105,25618.0,11,0
106,106,25614.0,15,0
107,107,25613.0,16,0
108,108,25612.0,17,0
109,109,25612.0,17,0
110,110,25611.0,18,0
111,111,25609.0,20,0
112,112,25607.0,22,0
113,113,25607.0,22,0
114,114,25604.0,25,0
115,115,25604.0,25,0
116,116,25603.0,26,0
117,117,25603.0,26,0
118,118,25603.0,26,0
119,119,25603.0,26,0
120,120,25601.0,28,0
121,121,25600.0,29,0
122,122,25598.0,31,0
123,123,25598.0,31,0
124,124,25595.0,34,0
125,125,25593.0,36,0
126,126,25593.0,36,0
127,127,25591.0,38,0
128,128,25586.0,43,0
