,Days,S,I,D
0,0,126348.0,0,0
1,1,126348.0,0,0
2,2,126348.0,0,0
3,3,126348.0,0,0
4,4,126348.0,0,0
5,5,126348.0,0,0
6,6,126348.0,0,0
7,7,126348.0,0,0
8,8,126348.0,0,0
9,9,126348.0,0,0
10,10,126348.0,0,0
11,11,126348.0,0,0
12,12,126348.0,0,0
13,13,126348.0,0,0
14,14,126348.0,0,0
15,15,126348.0,0,0
16,16,126348.0,0,0
17,17,126348.0,0,0
18,18,126348.0,0,0
19,19,126348.0,0,0
20,20,126348.0,0,0
21,21,126348.0,0,0
22,22,126348.0,0,0
23,23,126348.0,0,0
24,24,126348.0,0,0
25,25,126348.0,0,0
26,26,126348.0,0,0
27,27,126348.0,0,0
28,28,126348.0,0,0
29,29,126348.0,0,0
30,30,126348.0,0,0
31,31,126348.0,0,0
32,32,126348.0,0,0
33,33,126348.0,0,0
34,34,126348.0,0,0
35,35,126348.0,0,0
36,36,126348.0,0,0
37,37,126348.0,0,0
38,38,126348.0,0,0
39,39,126348.0,0,0
40,40,126348.0,0,0
41,41,126348.0,0,0
42,42,126348.0,0,0
43,43,126348.0,0,0
44,44,126348.0,0,0
45,45,126348.0,0,0
46,46,126347.0,1,0
47,47,126343.0,5,0
48,48,126341.0,7,0
49,49,126341.0,7,0
50,50,126339.0,9,0
51,51,126339.0,9,0
52,52,126339.0,9,0
53,53,126339.0,9,0
54,54,126337.0,11,0
55,55,126334.0,14,0
56,56,126331.0,17,0
57,57,126330.0,18,0
58,58,126328.0,20,0
59,59,126327.0,21,0
60,60,126324.0,23,1
61,61,126321.0,26,1
62,62,126309.0,37,2
63,63,126275.0,71,2
64,64,126273.0,73,2
65,65,126239.0,105,4
66,66,126225.0,119,4
67,67,126192.0,151,5
68,68,126181.0,162,5
69,69,126171.0,171,6
70,70,126159.0,183,6
71,71,126128.0,213,7
72,72,126101.0,240,7
73,73,126085.0,253,10
74,74,126077.0,258,13
75,75,126067.0,268,13
76,76,126052.0,278,18
77,77,126047.0,281,20
78,78,126023.0,304,21
79,79,125997.0,329,22
80,80,125990.0,336,22
81,81,125976.0,350,22
82,82,125971.0,355,22
83,83,125965.0,360,23
84,84,125955.0,370,23
85,85,125940.0,382,26
86,86,125939.0,383,26
87,87,125936.0,385,27
88,88,125933.0,387,28
89,89,125933.0,387,28
90,90,125915.0,404,29
91,91,125913.0,404,31
92,92,125899.0,418,31
93,93,125892.0,425,31
94,94,125892.0,425,31
95,95,125889.0,428,31
96,96,125889.0,428,31
97,97,125887.0,430,31
98,98,125874.0,440,34
99,99,125871.0,442,35
100,100,125868.0,444,36
101,101,125864.0,448,36
102,102,125861.0,451,36
103,103,125859.0,453,36
104,104,125855.0,457,36
105,105,125850.0,461,37
106,106,125847.0,464,37
107,107,125839.0,472,37
108,108,125839.0,472,37
109,109,125836.0,475,37
110,110,125833.0,478,37
111,111,125826.0,485,37
112,112,125825.0,486,37
113,113,125823.0,488,37
114,114,125820.0,491,37
115,115,125816.0,495,37
116,116,125814.0,497,37
117,117,125814.0,497,37
118,118,125814.0,497,37
119,119,125811.0,500,37
120,120,125802.0,509,37
121,121,125800.0,510,38
122,122,125795.0,515,38
123,123,125790.0,520,38
124,124,125787.0,523,38
125,125,125772.0,537,39
126,126,125769.0,539,40
127,127,125769.0,539,40
128,128,125764.0,544,40
