,Days,S,I,D
0,0,15249.0,0,0
1,1,15249.0,0,0
2,2,15249.0,0,0
3,3,15249.0,0,0
4,4,15249.0,0,0
5,5,15249.0,0,0
6,6,15249.0,0,0
7,7,15249.0,0,0
8,8,15249.0,0,0
9,9,15249.0,0,0
10,10,15249.0,0,0
11,11,15249.0,0,0
12,12,15249.0,0,0
13,13,15249.0,0,0
14,14,15249.0,0,0
15,15,15249.0,0,0
16,16,15249.0,0,0
17,17,15249.0,0,0
18,18,15249.0,0,0
19,19,15249.0,0,0
20,20,15249.0,0,0
21,21,15249.0,0,0
22,22,15249.0,0,0
23,23,15249.0,0,0
24,24,15249.0,0,0
25,25,15249.0,0,0
26,26,15249.0,0,0
27,27,15249.0,0,0
28,28,15249.0,0,0
29,29,15249.0,0,0
30,30,15249.0,0,0
31,31,15249.0,0,0
32,32,15249.0,0,0
33,33,15249.0,0,0
34,34,15249.0,0,0
35,35,15249.0,0,0
36,36,15249.0,0,0
37,37,15249.0,0,0
38,38,15249.0,0,0
39,39,15249.0,0,0
40,40,15249.0,0,0
41,41,15249.0,0,0
42,42,15249.0,0,0
43,43,15249.0,0,0
44,44,15249.0,0,0
45,45,15249.0,0,0
46,46,15249.0,0,0
47,47,15249.0,0,0
48,48,15249.0,0,0
49,49,15249.0,0,0
50,50,15249.0,0,0
51,51,15249.0,0,0
52,52,15249.0,0,0
53,53,15249.0,0,0
54,54,15249.0,0,0
55,55,15249.0,0,0
56,56,15249.0,0,0
57,57,15249.0,0,0
58,58,15249.0,0,0
59,59,15249.0,0,0
60,60,15249.0,0,0
61,61,15249.0,0,0
62,62,15249.0,0,0
63,63,15249.0,0,0
64,64,15249.0,0,0
65,65,15249.0,0,0
66,66,15249.0,0,0
67,67,15249.0,0,0
68,68,15249.0,0,0
69,69,15249.0,0,0
70,70,15249.0,0,0
71,71,15249.0,0,0
72,72,15249.0,0,0
73,73,15249.0,0,0
74,74,15249.0,0,0
75,75,15248.0,1,0
76,76,15248.0,1,0
77,77,15248.0,1,0
78,78,15248.0,1,0
79,79,15248.0,1,0
80,80,15248.0,1,0
81,81,15248.0,1,0
82,82,15248.0,1,0
83,83,15248.0,1,0
84,84,15248.0,1,0
85,85,15248.0,1,0
86,86,15248.0,1,0
87,87,15248.0,1,0
88,88,15248.0,1,0
89,89,15248.0,1,0
90,90,15248.0,1,0
91,91,15248.0,1,0
92,92,15248.0,1,0
93,93,15248.0,1,0
94,94,15248.0,1,0
95,95,15248.0,1,0
96,96,15248.0,1,0
97,97,15248.0,1,0
98,98,15248.0,1,0
99,99,15247.0,2,0
100,100,15246.0,3,0
101,101,15246.0,3,0
102,102,15246.0,3,0
103,103,15246.0,3,0
104,104,15246.0,3,0
105,105,15246.0,3,0
106,106,15246.0,3,0
107,107,15246.0,3,0
108,108,15246.0,3,0
109,109,15246.0,3,0
110,110,15246.0,3,0
111,111,15246.0,3,0
112,112,15246.0,3,0
113,113,15246.0,3,0
114,114,15246.0,3,0
115,115,15246.0,3,0
116,116,15246.0,3,0
117,117,15246.0,3,0
118,118,15246.0,3,0
119,119,15246.0,3,0
120,120,15246.0,3,0
121,121,15246.0,3,0
122,122,15246.0,3,0
123,123,15246.0,3,0
124,124,15246.0,3,0
125,125,15246.0,3,0
126,126,15246.0,3,0
127,127,15245.0,4,0
128,128,15245.0,4,0
