,Days,S,I,D
0,0,9047.0,0,0
1,1,9047.0,0,0
2,2,9047.0,0,0
3,3,9047.0,0,0
4,4,9047.0,0,0
5,5,9047.0,0,0
6,6,9047.0,0,0
7,7,9047.0,0,0
8,8,9047.0,0,0
9,9,9047.0,0,0
10,10,9047.0,0,0
11,11,9047.0,0,0
12,12,9047.0,0,0
13,13,9047.0,0,0
14,14,9047.0,0,0
15,15,9047.0,0,0
16,16,9047.0,0,0
17,17,9047.0,0,0
18,18,9047.0,0,0
19,19,9047.0,0,0
20,20,9047.0,0,0
21,21,9047.0,0,0
22,22,9047.0,0,0
23,23,9047.0,0,0
24,24,9047.0,0,0
25,25,9047.0,0,0
26,26,9047.0,0,0
27,27,9047.0,0,0
28,28,9047.0,0,0
29,29,9047.0,0,0
30,30,9047.0,0,0
31,31,9047.0,0,0
32,32,9047.0,0,0
33,33,9047.0,0,0
34,34,9047.0,0,0
35,35,9047.0,0,0
36,36,9047.0,0,0
37,37,9047.0,0,0
38,38,9047.0,0,0
39,39,9047.0,0,0
40,40,9047.0,0,0
41,41,9047.0,0,0
42,42,9047.0,0,0
43,43,9047.0,0,0
44,44,9047.0,0,0
45,45,9047.0,0,0
46,46,9047.0,0,0
47,47,9047.0,0,0
48,48,9047.0,0,0
49,49,9047.0,0,0
50,50,9047.0,0,0
51,51,9047.0,0,0
52,52,9047.0,0,0
53,53,9047.0,0,0
54,54,9047.0,0,0
55,55,9047.0,0,0
56,56,9047.0,0,0
57,57,9047.0,0,0
58,58,9047.0,0,0
59,59,9047.0,0,0
60,60,9047.0,0,0
61,61,9047.0,0,0
62,62,9047.0,0,0
63,63,9047.0,0,0
64,64,9047.0,0,0
65,65,9047.0,0,0
66,66,9047.0,0,0
67,67,9047.0,0,0
68,68,9047.0,0,0
69,69,9047.0,0,0
70,70,9047.0,0,0
71,71,9047.0,0,0
72,72,9047.0,0,0
73,73,9047.0,0,0
74,74,9046.0,1,0
75,75,9046.0,1,0
76,76,9046.0,1,0
77,77,9046.0,1,0
78,78,9046.0,1,0
79,79,9046.0,1,0
80,80,9046.0,1,0
81,81,9046.0,1,0
82,82,9046.0,1,0
83,83,9046.0,1,0
84,84,9046.0,1,0
85,85,9046.0,1,0
86,86,9046.0,1,0
87,87,9045.0,2,0
88,88,9045.0,2,0
89,89,9045.0,2,0
90,90,9045.0,2,0
91,91,9045.0,2,0
92,92,9045.0,2,0
93,93,9045.0,2,0
94,94,9045.0,2,0
95,95,9045.0,2,0
96,96,9045.0,2,0
97,97,9045.0,2,0
98,98,9045.0,2,0
99,99,9045.0,2,0
100,100,9045.0,2,0
101,101,9044.0,3,0
102,102,9044.0,3,0
103,103,9043.0,4,0
104,104,9043.0,4,0
105,105,9043.0,4,0
106,106,9042.0,5,0
107,107,9041.0,6,0
108,108,9040.0,7,0
109,109,9040.0,7,0
110,110,9040.0,7,0
111,111,9040.0,7,0
112,112,9039.0,8,0
113,113,9038.0,9,0
114,114,9038.0,9,0
115,115,9038.0,9,0
116,116,9038.0,9,0
117,117,9037.0,10,0
118,118,9037.0,10,0
119,119,9037.0,10,0
120,120,9037.0,10,0
121,121,9037.0,10,0
122,122,9037.0,10,0
123,123,9037.0,10,0
124,124,9037.0,10,0
125,125,9037.0,10,0
126,126,9037.0,10,0
127,127,9037.0,10,0
128,128,9037.0,10,0
