,Days,S,I,D
0,0,146027.0,0,0
1,1,146027.0,0,0
2,2,146027.0,0,0
3,3,146027.0,0,0
4,4,146027.0,0,0
5,5,146027.0,0,0
6,6,146027.0,0,0
7,7,146027.0,0,0
8,8,146027.0,0,0
9,9,146027.0,0,0
10,10,146027.0,0,0
11,11,146027.0,0,0
12,12,146027.0,0,0
13,13,146027.0,0,0
14,14,146027.0,0,0
15,15,146027.0,0,0
16,16,146027.0,0,0
17,17,146027.0,0,0
18,18,146027.0,0,0
19,19,146027.0,0,0
20,20,146027.0,0,0
21,21,146027.0,0,0
22,22,146027.0,0,0
23,23,146027.0,0,0
24,24,146027.0,0,0
25,25,146027.0,0,0
26,26,146027.0,0,0
27,27,146027.0,0,0
28,28,146027.0,0,0
29,29,146027.0,0,0
30,30,146027.0,0,0
31,31,146027.0,0,0
32,32,146027.0,0,0
33,33,146027.0,0,0
34,34,146027.0,0,0
35,35,146027.0,0,0
36,36,146027.0,0,0
37,37,146027.0,0,0
38,38,146027.0,0,0
39,39,146027.0,0,0
40,40,146027.0,0,0
41,41,146027.0,0,0
42,42,146027.0,0,0
43,43,146027.0,0,0
44,44,146027.0,0,0
45,45,146027.0,0,0
46,46,146027.0,0,0
47,47,146027.0,0,0
48,48,146027.0,0,0
49,49,146027.0,0,0
50,50,146027.0,0,0
51,51,146027.0,0,0
52,52,146027.0,0,0
53,53,146027.0,0,0
54,54,146027.0,0,0
55,55,146027.0,0,0
56,56,146027.0,0,0
57,57,146023.0,4,0
58,58,146023.0,4,0
59,59,146021.0,6,0
60,60,146022.0,5,0
61,61,146021.0,6,0
62,62,146016.0,11,0
63,63,146014.0,13,0
64,64,146011.0,16,0
65,65,146003.0,24,0
66,66,146000.0,27,0
67,67,145998.0,29,0
68,68,145997.0,30,0
69,69,145993.0,34,0
70,70,145990.0,37,0
71,71,145990.0,37,0
72,72,145983.0,44,0
73,73,145975.0,52,0
74,74,145975.0,52,0
75,75,145960.0,67,0
76,76,145954.0,73,0
77,77,145946.0,81,0
78,78,145928.0,98,1
79,79,145922.0,104,1
80,80,145884.0,141,2
81,81,145875.0,150,2
82,82,145874.0,151,2
83,83,145870.0,155,2
84,84,145864.0,161,2
85,85,145853.0,172,2
86,86,145849.0,175,3
87,87,145841.0,183,3
88,88,145837.0,187,3
89,89,145837.0,187,3
90,90,145835.0,189,3
91,91,145825.0,195,7
92,92,145820.0,199,8
93,93,145819.0,200,8
94,94,145810.0,207,10
95,95,145807.0,207,13
96,96,145807.0,207,13
97,97,145804.0,209,14
98,98,145796.0,216,15
99,99,145795.0,216,16
100,100,145791.0,219,17
101,101,145786.0,223,18
102,102,145783.0,226,18
103,103,145780.0,229,18
104,104,145779.0,230,18
105,105,145777.0,230,20
106,106,145758.0,239,30
107,107,145751.0,244,32
108,108,145746.0,248,33
109,109,145742.0,252,33
110,110,145741.0,253,33
111,111,145734.0,259,34
112,112,145735.0,258,34
113,113,145730.0,263,34
114,114,145727.0,266,34
115,115,145722.0,269,36
116,116,145716.0,275,36
117,117,145714.0,277,36
118,118,145707.0,283,37
119,119,145701.0,289,37
120,120,145697.0,291,39
121,121,145697.0,291,39
122,122,145694.0,294,39
123,123,145686.0,302,39
124,124,145679.0,309,39
125,125,145677.0,311,39
126,126,145673.0,314,40
127,127,145667.0,320,40
128,128,145661.0,326,40
