,Days,S,I,D
0,0,29483.0,0,0
1,1,29483.0,0,0
2,2,29483.0,0,0
3,3,29483.0,0,0
4,4,29483.0,0,0
5,5,29483.0,0,0
6,6,29483.0,0,0
7,7,29483.0,0,0
8,8,29483.0,0,0
9,9,29483.0,0,0
10,10,29483.0,0,0
11,11,29483.0,0,0
12,12,29483.0,0,0
13,13,29483.0,0,0
14,14,29483.0,0,0
15,15,29483.0,0,0
16,16,29483.0,0,0
17,17,29483.0,0,0
18,18,29483.0,0,0
19,19,29483.0,0,0
20,20,29483.0,0,0
21,21,29483.0,0,0
22,22,29483.0,0,0
23,23,29483.0,0,0
24,24,29483.0,0,0
25,25,29483.0,0,0
26,26,29483.0,0,0
27,27,29483.0,0,0
28,28,29483.0,0,0
29,29,29483.0,0,0
30,30,29483.0,0,0
31,31,29483.0,0,0
32,32,29483.0,0,0
33,33,29483.0,0,0
34,34,29483.0,0,0
35,35,29483.0,0,0
36,36,29483.0,0,0
37,37,29483.0,0,0
38,38,29483.0,0,0
39,39,29483.0,0,0
40,40,29483.0,0,0
41,41,29483.0,0,0
42,42,29483.0,0,0
43,43,29483.0,0,0
44,44,29483.0,0,0
45,45,29483.0,0,0
46,46,29483.0,0,0
47,47,29483.0,0,0
48,48,29483.0,0,0
49,49,29483.0,0,0
50,50,29483.0,0,0
51,51,29483.0,0,0
52,52,29483.0,0,0
53,53,29483.0,0,0
54,54,29483.0,0,0
55,55,29483.0,0,0
56,56,29483.0,0,0
57,57,29483.0,0,0
58,58,29483.0,0,0
59,59,29483.0,0,0
60,60,29483.0,0,0
61,61,29483.0,0,0
62,62,29483.0,0,0
63,63,29483.0,0,0
64,64,29483.0,0,0
65,65,29483.0,0,0
66,66,29483.0,0,0
67,67,29483.0,0,0
68,68,29483.0,0,0
69,69,29483.0,0,0
70,70,29483.0,0,0
71,71,29483.0,0,0
72,72,29483.0,0,0
73,73,29483.0,0,0
74,74,29483.0,0,0
75,75,29483.0,0,0
76,76,29483.0,0,0
77,77,29482.0,1,0
78,78,29481.0,2,0
79,79,29481.0,2,0
80,80,29481.0,2,0
81,81,29478.0,5,0
82,82,29478.0,5,0
83,83,29477.0,6,0
84,84,29477.0,6,0
85,85,29475.0,8,0
86,86,29474.0,9,0
87,87,29473.0,10,0
88,88,29473.0,10,0
89,89,29472.0,11,0
90,90,29471.0,12,0
91,91,29468.0,15,0
92,92,29457.0,26,0
93,93,29440.0,43,0
94,94,29438.0,45,0
95,95,29431.0,52,0
96,96,29427.0,56,0
97,97,29427.0,56,0
98,98,29427.0,56,0
99,99,29427.0,56,0
100,100,29425.0,58,0
101,101,29425.0,58,0
102,102,29425.0,58,0
103,103,29423.0,60,0
104,104,29423.0,60,0
105,105,29422.0,61,0
106,106,29422.0,61,0
107,107,29422.0,61,0
108,108,29414.0,69,0
109,109,29410.0,73,0
110,110,29410.0,73,0
111,111,29410.0,73,0
112,112,29410.0,73,0
113,113,29403.0,80,0
114,114,29401.0,82,0
115,115,29400.0,83,0
116,116,29400.0,83,0
117,117,29400.0,83,0
118,118,29400.0,83,0
119,119,29400.0,83,0
120,120,29400.0,83,0
121,121,29399.0,84,0
122,122,29399.0,84,0
123,123,29398.0,85,0
124,124,29398.0,85,0
125,125,29398.0,85,0
126,126,29398.0,85,0
127,127,29394.0,89,0
128,128,29394.0,89,0
