,Days,S,I,D
0,0,6475.0,0,0
1,1,6475.0,0,0
2,2,6475.0,0,0
3,3,6475.0,0,0
4,4,6475.0,0,0
5,5,6475.0,0,0
6,6,6475.0,0,0
7,7,6475.0,0,0
8,8,6475.0,0,0
9,9,6475.0,0,0
10,10,6475.0,0,0
11,11,6475.0,0,0
12,12,6475.0,0,0
13,13,6475.0,0,0
14,14,6475.0,0,0
15,15,6475.0,0,0
16,16,6475.0,0,0
17,17,6475.0,0,0
18,18,6475.0,0,0
19,19,6475.0,0,0
20,20,6475.0,0,0
21,21,6475.0,0,0
22,22,6475.0,0,0
23,23,6475.0,0,0
24,24,6475.0,0,0
25,25,6475.0,0,0
26,26,6475.0,0,0
27,27,6475.0,0,0
28,28,6475.0,0,0
29,29,6475.0,0,0
30,30,6475.0,0,0
31,31,6475.0,0,0
32,32,6475.0,0,0
33,33,6475.0,0,0
34,34,6475.0,0,0
35,35,6475.0,0,0
36,36,6475.0,0,0
37,37,6475.0,0,0
38,38,6475.0,0,0
39,39,6475.0,0,0
40,40,6475.0,0,0
41,41,6475.0,0,0
42,42,6475.0,0,0
43,43,6475.0,0,0
44,44,6475.0,0,0
45,45,6475.0,0,0
46,46,6475.0,0,0
47,47,6475.0,0,0
48,48,6475.0,0,0
49,49,6475.0,0,0
50,50,6475.0,0,0
51,51,6475.0,0,0
52,52,6475.0,0,0
53,53,6475.0,0,0
54,54,6475.0,0,0
55,55,6475.0,0,0
56,56,6475.0,0,0
57,57,6475.0,0,0
58,58,6475.0,0,0
59,59,6475.0,0,0
60,60,6475.0,0,0
61,61,6475.0,0,0
62,62,6475.0,0,0
63,63,6475.0,0,0
64,64,6475.0,0,0
65,65,6475.0,0,0
66,66,6475.0,0,0
67,67,6475.0,0,0
68,68,6475.0,0,0
69,69,6475.0,0,0
70,70,6475.0,0,0
71,71,6475.0,0,0
72,72,6475.0,0,0
73,73,6475.0,0,0
74,74,6475.0,0,0
75,75,6475.0,0,0
76,76,6475.0,0,0
77,77,6475.0,0,0
78,78,6475.0,0,0
79,79,6475.0,0,0
80,80,6475.0,0,0
81,81,6475.0,0,0
82,82,6475.0,0,0
83,83,6475.0,0,0
84,84,6474.0,1,0
85,85,6474.0,1,0
86,86,6473.0,2,0
87,87,6473.0,2,0
88,88,6471.0,4,0
89,89,6470.0,5,0
90,90,6470.0,5,0
91,91,6469.0,6,0
92,92,6469.0,6,0
93,93,6468.0,7,0
94,94,6468.0,7,0
95,95,6468.0,7,0
96,96,6468.0,7,0
97,97,6468.0,7,0
98,98,6467.0,8,0
99,99,6467.0,8,0
100,100,6467.0,8,0
101,101,6467.0,8,0
102,102,6467.0,8,0
103,103,6466.0,9,0
104,104,6466.0,9,0
105,105,6466.0,9,0
106,106,6466.0,9,0
107,107,6466.0,9,0
108,108,6466.0,9,0
109,109,6465.0,10,0
110,110,6465.0,10,0
111,111,6464.0,11,0
112,112,6464.0,11,0
113,113,6464.0,11,0
114,114,6464.0,11,0
115,115,6464.0,11,0
116,116,6464.0,11,0
117,117,6464.0,11,0
118,118,6464.0,11,0
119,119,6464.0,11,0
120,120,6464.0,11,0
121,121,6464.0,11,0
122,122,6464.0,11,0
123,123,6464.0,11,0
124,124,6464.0,11,0
125,125,6464.0,11,0
126,126,6464.0,11,0
127,127,6464.0,11,0
128,128,6463.0,12,0
