,Days,S,I,D
0,0,16750.0,0,0
1,1,16750.0,0,0
2,2,16750.0,0,0
3,3,16750.0,0,0
4,4,16750.0,0,0
5,5,16750.0,0,0
6,6,16750.0,0,0
7,7,16750.0,0,0
8,8,16750.0,0,0
9,9,16750.0,0,0
10,10,16750.0,0,0
11,11,16750.0,0,0
12,12,16750.0,0,0
13,13,16750.0,0,0
14,14,16750.0,0,0
15,15,16750.0,0,0
16,16,16750.0,0,0
17,17,16750.0,0,0
18,18,16750.0,0,0
19,19,16750.0,0,0
20,20,16750.0,0,0
21,21,16750.0,0,0
22,22,16750.0,0,0
23,23,16750.0,0,0
24,24,16750.0,0,0
25,25,16750.0,0,0
26,26,16750.0,0,0
27,27,16750.0,0,0
28,28,16750.0,0,0
29,29,16750.0,0,0
30,30,16750.0,0,0
31,31,16750.0,0,0
32,32,16750.0,0,0
33,33,16750.0,0,0
34,34,16750.0,0,0
35,35,16750.0,0,0
36,36,16750.0,0,0
37,37,16750.0,0,0
38,38,16750.0,0,0
39,39,16750.0,0,0
40,40,16750.0,0,0
41,41,16750.0,0,0
42,42,16750.0,0,0
43,43,16750.0,0,0
44,44,16750.0,0,0
45,45,16750.0,0,0
46,46,16750.0,0,0
47,47,16750.0,0,0
48,48,16750.0,0,0
49,49,16750.0,0,0
50,50,16750.0,0,0
51,51,16750.0,0,0
52,52,16750.0,0,0
53,53,16750.0,0,0
54,54,16750.0,0,0
55,55,16750.0,0,0
56,56,16750.0,0,0
57,57,16750.0,0,0
58,58,16750.0,0,0
59,59,16750.0,0,0
60,60,16750.0,0,0
61,61,16750.0,0,0
62,62,16750.0,0,0
63,63,16750.0,0,0
64,64,16750.0,0,0
65,65,16750.0,0,0
66,66,16750.0,0,0
67,67,16750.0,0,0
68,68,16750.0,0,0
69,69,16750.0,0,0
70,70,16749.0,1,0
71,71,16749.0,1,0
72,72,16749.0,1,0
73,73,16749.0,1,0
74,74,16749.0,1,0
75,75,16749.0,1,0
76,76,16749.0,1,0
77,77,16749.0,1,0
78,78,16744.0,6,0
79,79,16744.0,6,0
80,80,16742.0,8,0
81,81,16741.0,9,0
82,82,16741.0,9,0
83,83,16741.0,9,0
84,84,16740.0,10,0
85,85,16740.0,10,0
86,86,16740.0,10,0
87,87,16740.0,10,0
88,88,16740.0,10,0
89,89,16740.0,10,0
90,90,16740.0,10,0
91,91,16740.0,10,0
92,92,16740.0,10,0
93,93,16740.0,10,0
94,94,16740.0,10,0
95,95,16740.0,10,0
96,96,16740.0,10,0
97,97,16740.0,10,0
98,98,16740.0,10,0
99,99,16740.0,10,0
100,100,16740.0,10,0
101,101,16740.0,10,0
102,102,16740.0,10,0
103,103,16739.0,11,0
104,104,16738.0,12,0
105,105,16738.0,12,0
106,106,16738.0,12,0
107,107,16738.0,12,0
108,108,16738.0,12,0
109,109,16738.0,12,0
110,110,16738.0,12,0
111,111,16738.0,12,0
112,112,16738.0,12,0
113,113,16738.0,12,0
114,114,16738.0,12,0
115,115,16738.0,12,0
116,116,16738.0,12,0
117,117,16738.0,12,0
118,118,16738.0,12,0
119,119,16737.0,13,0
120,120,16737.0,13,0
121,121,16737.0,13,0
122,122,16737.0,13,0
123,123,16737.0,13,0
124,124,16737.0,13,0
125,125,16737.0,13,0
126,126,16737.0,13,0
127,127,16737.0,13,0
128,128,16737.0,13,0
