,Days,S,I,D
0,0,8276.0,0,0
1,1,8276.0,0,0
2,2,8276.0,0,0
3,3,8276.0,0,0
4,4,8276.0,0,0
5,5,8276.0,0,0
6,6,8276.0,0,0
7,7,8276.0,0,0
8,8,8276.0,0,0
9,9,8276.0,0,0
10,10,8276.0,0,0
11,11,8276.0,0,0
12,12,8276.0,0,0
13,13,8276.0,0,0
14,14,8276.0,0,0
15,15,8276.0,0,0
16,16,8276.0,0,0
17,17,8276.0,0,0
18,18,8276.0,0,0
19,19,8276.0,0,0
20,20,8276.0,0,0
21,21,8276.0,0,0
22,22,8276.0,0,0
23,23,8276.0,0,0
24,24,8276.0,0,0
25,25,8276.0,0,0
26,26,8276.0,0,0
27,27,8276.0,0,0
28,28,8276.0,0,0
29,29,8276.0,0,0
30,30,8276.0,0,0
31,31,8276.0,0,0
32,32,8276.0,0,0
33,33,8276.0,0,0
34,34,8276.0,0,0
35,35,8276.0,0,0
36,36,8276.0,0,0
37,37,8276.0,0,0
38,38,8276.0,0,0
39,39,8276.0,0,0
40,40,8276.0,0,0
41,41,8276.0,0,0
42,42,8276.0,0,0
43,43,8276.0,0,0
44,44,8276.0,0,0
45,45,8276.0,0,0
46,46,8276.0,0,0
47,47,8276.0,0,0
48,48,8276.0,0,0
49,49,8276.0,0,0
50,50,8276.0,0,0
51,51,8276.0,0,0
52,52,8276.0,0,0
53,53,8276.0,0,0
54,54,8276.0,0,0
55,55,8276.0,0,0
56,56,8276.0,0,0
57,57,8276.0,0,0
58,58,8276.0,0,0
59,59,8276.0,0,0
60,60,8276.0,0,0
61,61,8276.0,0,0
62,62,8276.0,0,0
63,63,8276.0,0,0
64,64,8276.0,0,0
65,65,8276.0,0,0
66,66,8276.0,0,0
67,67,8276.0,0,0
68,68,8276.0,0,0
69,69,8276.0,0,0
70,70,8276.0,0,0
71,71,8276.0,0,0
72,72,8276.0,0,0
73,73,8276.0,0,0
74,74,8276.0,0,0
75,75,8275.0,1,0
76,76,8275.0,1,0
77,77,8275.0,1,0
78,78,8275.0,1,0
79,79,8275.0,1,0
80,80,8275.0,1,0
81,81,8275.0,1,0
82,82,8275.0,1,0
83,83,8275.0,1,0
84,84,8275.0,1,0
85,85,8274.0,2,0
86,86,8274.0,2,0
87,87,8273.0,3,0
88,88,8273.0,3,0
89,89,8273.0,3,0
90,90,8273.0,3,0
91,91,8273.0,3,0
92,92,8272.0,4,0
93,93,8271.0,5,0
94,94,8268.0,8,0
95,95,8268.0,8,0
96,96,8266.0,10,0
97,97,8266.0,10,0
98,98,8265.0,11,0
99,99,8263.0,13,0
100,100,8260.0,16,0
101,101,8260.0,16,0
102,102,8259.0,17,0
103,103,8259.0,17,0
104,104,8256.0,20,0
105,105,8256.0,20,0
106,106,8251.0,25,0
107,107,8250.0,26,0
108,108,8249.0,27,0
109,109,8247.0,29,0
110,110,8247.0,29,0
111,111,8247.0,29,0
112,112,8246.0,30,0
113,113,8246.0,30,0
114,114,8246.0,30,0
115,115,8245.0,31,0
116,116,8245.0,31,0
117,117,8243.0,33,0
118,118,8243.0,33,0
119,119,8243.0,33,0
120,120,8243.0,33,0
121,121,8242.0,34,0
122,122,8241.0,35,0
123,123,8241.0,35,0
124,124,8241.0,35,0
125,125,8241.0,35,0
126,126,8240.0,36,0
127,127,8240.0,36,0
128,128,8239.0,37,0
