,Days,S,I,D
0,0,24583.0,0,0
1,1,24583.0,0,0
2,2,24583.0,0,0
3,3,24583.0,0,0
4,4,24583.0,0,0
5,5,24583.0,0,0
6,6,24583.0,0,0
7,7,24583.0,0,0
8,8,24583.0,0,0
9,9,24583.0,0,0
10,10,24583.0,0,0
11,11,24583.0,0,0
12,12,24583.0,0,0
13,13,24583.0,0,0
14,14,24583.0,0,0
15,15,24583.0,0,0
16,16,24583.0,0,0
17,17,24583.0,0,0
18,18,24583.0,0,0
19,19,24583.0,0,0
20,20,24583.0,0,0
21,21,24583.0,0,0
22,22,24583.0,0,0
23,23,24583.0,0,0
24,24,24583.0,0,0
25,25,24583.0,0,0
26,26,24583.0,0,0
27,27,24583.0,0,0
28,28,24583.0,0,0
29,29,24583.0,0,0
30,30,24583.0,0,0
31,31,24583.0,0,0
32,32,24583.0,0,0
33,33,24583.0,0,0
34,34,24583.0,0,0
35,35,24583.0,0,0
36,36,24583.0,0,0
37,37,24583.0,0,0
38,38,24583.0,0,0
39,39,24583.0,0,0
40,40,24583.0,0,0
41,41,24583.0,0,0
42,42,24583.0,0,0
43,43,24583.0,0,0
44,44,24583.0,0,0
45,45,24583.0,0,0
46,46,24583.0,0,0
47,47,24583.0,0,0
48,48,24583.0,0,0
49,49,24583.0,0,0
50,50,24583.0,0,0
51,51,24583.0,0,0
52,52,24583.0,0,0
53,53,24583.0,0,0
54,54,24583.0,0,0
55,55,24583.0,0,0
56,56,24583.0,0,0
57,57,24583.0,0,0
58,58,24583.0,0,0
59,59,24583.0,0,0
60,60,24583.0,0,0
61,61,24583.0,0,0
62,62,24583.0,0,0
63,63,24583.0,0,0
64,64,24583.0,0,0
65,65,24583.0,0,0
66,66,24583.0,0,0
67,67,24583.0,0,0
68,68,24583.0,0,0
69,69,24583.0,0,0
70,70,24583.0,0,0
71,71,24583.0,0,0
72,72,24583.0,0,0
73,73,24583.0,0,0
74,74,24583.0,0,0
75,75,24583.0,0,0
76,76,24583.0,0,0
77,77,24583.0,0,0
78,78,24583.0,0,0
79,79,24583.0,0,0
80,80,24582.0,1,0
81,81,24582.0,1,0
82,82,24582.0,1,0
83,83,24582.0,1,0
84,84,24582.0,1,0
85,85,24582.0,1,0
86,86,24581.0,2,0
87,87,24582.0,1,0
88,88,24582.0,1,0
89,89,24582.0,1,0
90,90,24581.0,2,0
91,91,24581.0,2,0
92,92,24581.0,2,0
93,93,24581.0,2,0
94,94,24581.0,2,0
95,95,24581.0,2,0
96,96,24581.0,2,0
97,97,24581.0,2,0
98,98,24581.0,2,0
99,99,24581.0,2,0
100,100,24581.0,2,0
101,101,24581.0,2,0
102,102,24581.0,2,0
103,103,24581.0,2,0
104,104,24581.0,2,0
105,105,24581.0,2,0
106,106,24581.0,2,0
107,107,24580.0,3,0
108,108,24580.0,3,0
109,109,24580.0,3,0
110,110,24577.0,6,0
111,111,24577.0,6,0
112,112,24577.0,6,0
113,113,24577.0,6,0
114,114,24577.0,6,0
115,115,24577.0,6,0
116,116,24577.0,6,0
117,117,24577.0,6,0
118,118,24577.0,6,0
119,119,24576.0,7,0
120,120,24576.0,7,0
121,121,24576.0,7,0
122,122,24576.0,7,0
123,123,24576.0,7,0
124,124,24576.0,7,0
125,125,24576.0,7,0
126,126,24576.0,7,0
127,127,24576.0,7,0
128,128,24576.0,7,0
