,Days,S,I,D
0,0,59916.0,0,0
1,1,59916.0,0,0
2,2,59916.0,0,0
3,3,59916.0,0,0
4,4,59916.0,0,0
5,5,59916.0,0,0
6,6,59916.0,0,0
7,7,59916.0,0,0
8,8,59916.0,0,0
9,9,59916.0,0,0
10,10,59916.0,0,0
11,11,59916.0,0,0
12,12,59916.0,0,0
13,13,59916.0,0,0
14,14,59916.0,0,0
15,15,59916.0,0,0
16,16,59916.0,0,0
17,17,59916.0,0,0
18,18,59916.0,0,0
19,19,59916.0,0,0
20,20,59916.0,0,0
21,21,59916.0,0,0
22,22,59916.0,0,0
23,23,59916.0,0,0
24,24,59916.0,0,0
25,25,59916.0,0,0
26,26,59916.0,0,0
27,27,59916.0,0,0
28,28,59916.0,0,0
29,29,59916.0,0,0
30,30,59916.0,0,0
31,31,59916.0,0,0
32,32,59916.0,0,0
33,33,59916.0,0,0
34,34,59916.0,0,0
35,35,59916.0,0,0
36,36,59916.0,0,0
37,37,59916.0,0,0
38,38,59916.0,0,0
39,39,59916.0,0,0
40,40,59916.0,0,0
41,41,59916.0,0,0
42,42,59916.0,0,0
43,43,59916.0,0,0
44,44,59916.0,0,0
45,45,59916.0,0,0
46,46,59916.0,0,0
47,47,59916.0,0,0
48,48,59916.0,0,0
49,49,59916.0,0,0
50,50,59916.0,0,0
51,51,59916.0,0,0
52,52,59916.0,0,0
53,53,59916.0,0,0
54,54,59916.0,0,0
55,55,59916.0,0,0
56,56,59916.0,0,0
57,57,59916.0,0,0
58,58,59915.0,1,0
59,59,59915.0,1,0
60,60,59911.0,5,0
61,61,59906.0,10,0
62,62,59905.0,11,0
63,63,59904.0,12,0
64,64,59903.0,13,0
65,65,59896.0,20,0
66,66,59893.0,22,1
67,67,59892.0,23,1
68,68,59889.0,26,1
69,69,59885.0,30,1
70,70,59884.0,31,1
71,71,59878.0,36,2
72,72,59872.0,42,2
73,73,59864.0,49,3
74,74,59862.0,51,3
75,75,59854.0,59,3
76,76,59852.0,61,3
77,77,59849.0,63,4
78,78,59842.0,70,4
79,79,59838.0,74,4
80,80,59833.0,77,6
81,81,59830.0,79,7
82,82,59828.0,80,8
83,83,59823.0,84,9
84,84,59810.0,96,10
85,85,59805.0,99,12
86,86,59803.0,101,12
87,87,59799.0,105,12
88,88,59796.0,107,13
89,89,59792.0,111,13
90,90,59789.0,113,14
91,91,59785.0,117,14
92,92,59779.0,123,14
93,93,59771.0,129,16
94,94,59760.0,140,16
95,95,59757.0,143,16
96,96,59754.0,146,16
97,97,59746.0,154,16
98,98,59735.0,165,16
99,99,59730.0,170,16
100,100,59698.0,202,16
101,101,59695.0,205,16
102,102,59691.0,209,16
103,103,59687.0,213,16
104,104,59669.0,229,18
105,105,59604.0,291,21
106,106,59593.0,302,21
107,107,59590.0,304,22
108,108,59588.0,304,24
109,109,59579.0,312,25
110,110,59577.0,314,25
111,111,59574.0,314,28
112,112,59567.0,318,31
113,113,59557.0,327,32
114,114,59551.0,333,32
115,115,59546.0,338,32
116,116,59544.0,340,32
117,117,59537.0,346,33
118,118,59532.0,350,34
119,119,59532.0,350,34
120,120,59525.0,355,36
121,121,59524.0,356,36
122,122,59520.0,359,37
123,123,59513.0,365,38
124,124,59506.0,372,38
125,125,59505.0,373,38
126,126,59497.0,380,39
127,127,59497.0,380,39
128,128,59495.0,382,39
