,Days,S,I,D
0,0,39771.0,0,0
1,1,39771.0,0,0
2,2,39771.0,0,0
3,3,39771.0,0,0
4,4,39771.0,0,0
5,5,39771.0,0,0
6,6,39771.0,0,0
7,7,39771.0,0,0
8,8,39771.0,0,0
9,9,39771.0,0,0
10,10,39771.0,0,0
11,11,39771.0,0,0
12,12,39771.0,0,0
13,13,39771.0,0,0
14,14,39771.0,0,0
15,15,39771.0,0,0
16,16,39771.0,0,0
17,17,39771.0,0,0
18,18,39771.0,0,0
19,19,39771.0,0,0
20,20,39771.0,0,0
21,21,39771.0,0,0
22,22,39771.0,0,0
23,23,39771.0,0,0
24,24,39771.0,0,0
25,25,39771.0,0,0
26,26,39771.0,0,0
27,27,39771.0,0,0
28,28,39771.0,0,0
29,29,39771.0,0,0
30,30,39771.0,0,0
31,31,39771.0,0,0
32,32,39771.0,0,0
33,33,39771.0,0,0
34,34,39771.0,0,0
35,35,39771.0,0,0
36,36,39771.0,0,0
37,37,39771.0,0,0
38,38,39771.0,0,0
39,39,39771.0,0,0
40,40,39771.0,0,0
41,41,39771.0,0,0
42,42,39771.0,0,0
43,43,39771.0,0,0
44,44,39771.0,0,0
45,45,39771.0,0,0
46,46,39771.0,0,0
47,47,39771.0,0,0
48,48,39771.0,0,0
49,49,39771.0,0,0
50,50,39771.0,0,0
51,51,39771.0,0,0
52,52,39771.0,0,0
53,53,39771.0,0,0
54,54,39771.0,0,0
55,55,39771.0,0,0
56,56,39771.0,0,0
57,57,39771.0,0,0
58,58,39771.0,0,0
59,59,39771.0,0,0
60,60,39771.0,0,0
61,61,39770.0,1,0
62,62,39770.0,1,0
63,63,39770.0,1,0
64,64,39770.0,1,0
65,65,39769.0,2,0
66,66,39769.0,2,0
67,67,39767.0,4,0
68,68,39767.0,4,0
69,69,39767.0,4,0
70,70,39766.0,5,0
71,71,39764.0,7,0
72,72,39762.0,9,0
73,73,39762.0,9,0
74,74,39762.0,9,0
75,75,39762.0,9,0
76,76,39762.0,9,0
77,77,39762.0,9,0
78,78,39761.0,10,0
79,79,39761.0,10,0
80,80,39761.0,10,0
81,81,39761.0,10,0
82,82,39760.0,11,0
83,83,39760.0,11,0
84,84,39759.0,12,0
85,85,39759.0,12,0
86,86,39759.0,12,0
87,87,39759.0,12,0
88,88,39759.0,12,0
89,89,39759.0,12,0
90,90,39758.0,13,0
91,91,39758.0,13,0
92,92,39758.0,13,0
93,93,39758.0,13,0
94,94,39758.0,13,0
95,95,39757.0,14,0
96,96,39757.0,14,0
97,97,39756.0,15,0
98,98,39755.0,16,0
99,99,39755.0,16,0
100,100,39755.0,16,0
101,101,39755.0,16,0
102,102,39755.0,16,0
103,103,39755.0,16,0
104,104,39755.0,16,0
105,105,39754.0,17,0
106,106,39754.0,17,0
107,107,39753.0,18,0
108,108,39753.0,18,0
109,109,39753.0,18,0
110,110,39752.0,19,0
111,111,39752.0,19,0
112,112,39752.0,19,0
113,113,39752.0,19,0
114,114,39751.0,20,0
115,115,39751.0,20,0
116,116,39751.0,20,0
117,117,39751.0,20,0
118,118,39751.0,20,0
119,119,39751.0,20,0
120,120,39751.0,20,0
121,121,39751.0,20,0
122,122,39751.0,20,0
123,123,39751.0,20,0
124,124,39751.0,20,0
125,125,39751.0,20,0
126,126,39751.0,20,0
127,127,39751.0,20,0
128,128,39751.0,20,0
