,Days,S,I,D
0,0,24528.0,0,0
1,1,24528.0,0,0
2,2,24528.0,0,0
3,3,24528.0,0,0
4,4,24528.0,0,0
5,5,24528.0,0,0
6,6,24528.0,0,0
7,7,24528.0,0,0
8,8,24528.0,0,0
9,9,24528.0,0,0
10,10,24528.0,0,0
11,11,24528.0,0,0
12,12,24528.0,0,0
13,13,24528.0,0,0
14,14,24528.0,0,0
15,15,24528.0,0,0
16,16,24528.0,0,0
17,17,24528.0,0,0
18,18,24528.0,0,0
19,19,24528.0,0,0
20,20,24528.0,0,0
21,21,24528.0,0,0
22,22,24528.0,0,0
23,23,24528.0,0,0
24,24,24528.0,0,0
25,25,24528.0,0,0
26,26,24528.0,0,0
27,27,24528.0,0,0
28,28,24528.0,0,0
29,29,24528.0,0,0
30,30,24528.0,0,0
31,31,24528.0,0,0
32,32,24528.0,0,0
33,33,24528.0,0,0
34,34,24528.0,0,0
35,35,24528.0,0,0
36,36,24528.0,0,0
37,37,24528.0,0,0
38,38,24528.0,0,0
39,39,24528.0,0,0
40,40,24528.0,0,0
41,41,24528.0,0,0
42,42,24528.0,0,0
43,43,24528.0,0,0
44,44,24528.0,0,0
45,45,24528.0,0,0
46,46,24528.0,0,0
47,47,24528.0,0,0
48,48,24528.0,0,0
49,49,24528.0,0,0
50,50,24528.0,0,0
51,51,24528.0,0,0
52,52,24528.0,0,0
53,53,24528.0,0,0
54,54,24528.0,0,0
55,55,24528.0,0,0
56,56,24528.0,0,0
57,57,24528.0,0,0
58,58,24528.0,0,0
59,59,24528.0,0,0
60,60,24528.0,0,0
61,61,24528.0,0,0
62,62,24527.0,1,0
63,63,24527.0,1,0
64,64,24527.0,1,0
65,65,24527.0,1,0
66,66,24527.0,1,0
67,67,24527.0,1,0
68,68,24527.0,1,0
69,69,24527.0,1,0
70,70,24527.0,1,0
71,71,24527.0,1,0
72,72,24527.0,1,0
73,73,24524.0,4,0
74,74,24524.0,4,0
75,75,24522.0,6,0
76,76,24519.0,9,0
77,77,24519.0,9,0
78,78,24519.0,9,0
79,79,24519.0,9,0
80,80,24519.0,9,0
81,81,24518.0,10,0
82,82,24518.0,10,0
83,83,24518.0,10,0
84,84,24518.0,10,0
85,85,24517.0,11,0
86,86,24517.0,11,0
87,87,24517.0,11,0
88,88,24517.0,11,0
89,89,24517.0,11,0
90,90,24517.0,11,0
91,91,24517.0,11,0
92,92,24517.0,11,0
93,93,24517.0,11,0
94,94,24517.0,11,0
95,95,24517.0,11,0
96,96,24517.0,11,0
97,97,24517.0,11,0
98,98,24517.0,11,0
99,99,24517.0,11,0
100,100,24517.0,11,0
101,101,24517.0,11,0
102,102,24517.0,11,0
103,103,24517.0,11,0
104,104,24517.0,11,0
105,105,24517.0,11,0
106,106,24517.0,11,0
107,107,24517.0,11,0
108,108,24517.0,11,0
109,109,24517.0,11,0
110,110,24517.0,11,0
111,111,24517.0,11,0
112,112,24517.0,11,0
113,113,24517.0,11,0
114,114,24517.0,11,0
115,115,24517.0,11,0
116,116,24517.0,11,0
117,117,24517.0,11,0
118,118,24517.0,11,0
119,119,24517.0,11,0
120,120,24517.0,11,0
121,121,24517.0,11,0
122,122,24517.0,11,0
123,123,24517.0,11,0
124,124,24517.0,11,0
125,125,24517.0,11,0
126,126,24517.0,11,0
127,127,24517.0,11,0
128,128,24517.0,11,0
