,Days,S,I,D
0,0,21764.0,0,0
1,1,21764.0,0,0
2,2,21764.0,0,0
3,3,21764.0,0,0
4,4,21764.0,0,0
5,5,21764.0,0,0
6,6,21764.0,0,0
7,7,21764.0,0,0
8,8,21764.0,0,0
9,9,21764.0,0,0
10,10,21764.0,0,0
11,11,21764.0,0,0
12,12,21764.0,0,0
13,13,21764.0,0,0
14,14,21764.0,0,0
15,15,21764.0,0,0
16,16,21764.0,0,0
17,17,21764.0,0,0
18,18,21764.0,0,0
19,19,21764.0,0,0
20,20,21764.0,0,0
21,21,21764.0,0,0
22,22,21764.0,0,0
23,23,21764.0,0,0
24,24,21764.0,0,0
25,25,21764.0,0,0
26,26,21764.0,0,0
27,27,21764.0,0,0
28,28,21764.0,0,0
29,29,21764.0,0,0
30,30,21764.0,0,0
31,31,21764.0,0,0
32,32,21764.0,0,0
33,33,21764.0,0,0
34,34,21764.0,0,0
35,35,21764.0,0,0
36,36,21764.0,0,0
37,37,21764.0,0,0
38,38,21764.0,0,0
39,39,21764.0,0,0
40,40,21764.0,0,0
41,41,21764.0,0,0
42,42,21764.0,0,0
43,43,21764.0,0,0
44,44,21764.0,0,0
45,45,21764.0,0,0
46,46,21764.0,0,0
47,47,21764.0,0,0
48,48,21764.0,0,0
49,49,21764.0,0,0
50,50,21764.0,0,0
51,51,21764.0,0,0
52,52,21764.0,0,0
53,53,21764.0,0,0
54,54,21764.0,0,0
55,55,21763.0,1,0
56,56,21763.0,1,0
57,57,21763.0,1,0
58,58,21763.0,1,0
59,59,21763.0,1,0
60,60,21763.0,1,0
61,61,21763.0,1,0
62,62,21763.0,1,0
63,63,21763.0,1,0
64,64,21763.0,1,0
65,65,21763.0,1,0
66,66,21763.0,1,0
67,67,21763.0,1,0
68,68,21763.0,1,0
69,69,21763.0,1,0
70,70,21763.0,1,0
71,71,21763.0,1,0
72,72,21763.0,1,0
73,73,21763.0,1,0
74,74,21763.0,1,0
75,75,21762.0,2,0
76,76,21761.0,3,0
77,77,21760.0,4,0
78,78,21760.0,4,0
79,79,21760.0,4,0
80,80,21760.0,4,0
81,81,21760.0,4,0
82,82,21760.0,4,0
83,83,21760.0,4,0
84,84,21759.0,5,0
85,85,21758.0,6,0
86,86,21757.0,7,0
87,87,21757.0,7,0
88,88,21757.0,7,0
89,89,21757.0,7,0
90,90,21757.0,7,0
91,91,21756.0,8,0
92,92,21756.0,8,0
93,93,21756.0,8,0
94,94,21755.0,9,0
95,95,21755.0,9,0
96,96,21755.0,9,0
97,97,21755.0,9,0
98,98,21755.0,9,0
99,99,21755.0,9,0
100,100,21755.0,9,0
101,101,21755.0,9,0
102,102,21755.0,9,0
103,103,21755.0,9,0
104,104,21755.0,9,0
105,105,21755.0,9,0
106,106,21755.0,9,0
107,107,21755.0,9,0
108,108,21755.0,9,0
109,109,21755.0,9,0
110,110,21755.0,9,0
111,111,21755.0,9,0
112,112,21755.0,9,0
113,113,21754.0,10,0
114,114,21754.0,10,0
115,115,21754.0,10,0
116,116,21754.0,10,0
117,117,21754.0,10,0
118,118,21753.0,11,0
119,119,21753.0,11,0
120,120,21753.0,11,0
121,121,21753.0,11,0
122,122,21753.0,11,0
123,123,21753.0,11,0
124,124,21753.0,11,0
125,125,21753.0,11,0
126,126,21753.0,11,0
127,127,21753.0,11,0
128,128,21753.0,11,0
