,Days,S,I,D
0,0,67427.0,0,0
1,1,67427.0,0,0
2,2,67427.0,0,0
3,3,67427.0,0,0
4,4,67427.0,0,0
5,5,67427.0,0,0
6,6,67427.0,0,0
7,7,67427.0,0,0
8,8,67427.0,0,0
9,9,67427.0,0,0
10,10,67427.0,0,0
11,11,67427.0,0,0
12,12,67427.0,0,0
13,13,67427.0,0,0
14,14,67427.0,0,0
15,15,67427.0,0,0
16,16,67427.0,0,0
17,17,67427.0,0,0
18,18,67427.0,0,0
19,19,67427.0,0,0
20,20,67427.0,0,0
21,21,67427.0,0,0
22,22,67427.0,0,0
23,23,67427.0,0,0
24,24,67427.0,0,0
25,25,67427.0,0,0
26,26,67427.0,0,0
27,27,67427.0,0,0
28,28,67427.0,0,0
29,29,67427.0,0,0
30,30,67427.0,0,0
31,31,67427.0,0,0
32,32,67427.0,0,0
33,33,67427.0,0,0
34,34,67427.0,0,0
35,35,67427.0,0,0
36,36,67427.0,0,0
37,37,67427.0,0,0
38,38,67427.0,0,0
39,39,67427.0,0,0
40,40,67427.0,0,0
41,41,67427.0,0,0
42,42,67427.0,0,0
43,43,67427.0,0,0
44,44,67427.0,0,0
45,45,67427.0,0,0
46,46,67427.0,0,0
47,47,67427.0,0,0
48,48,67427.0,0,0
49,49,67427.0,0,0
50,50,67426.0,1,0
51,51,67425.0,2,0
52,52,67427.0,0,0
53,53,67427.0,0,0
54,54,67426.0,1,0
55,55,67426.0,1,0
56,56,67426.0,1,0
57,57,67425.0,2,0
58,58,67425.0,2,0
59,59,67424.0,3,0
60,60,67423.0,4,0
61,61,67422.0,5,0
62,62,67422.0,5,0
63,63,67422.0,5,0
64,64,67421.0,6,0
65,65,67420.0,7,0
66,66,67420.0,7,0
67,67,67419.0,8,0
68,68,67418.0,9,0
69,69,67418.0,9,0
70,70,67418.0,9,0
71,71,67417.0,10,0
72,72,67417.0,10,0
73,73,67413.0,14,0
74,74,67412.0,15,0
75,75,67411.0,16,0
76,76,67405.0,22,0
77,77,67406.0,21,0
78,78,67405.0,22,0
79,79,67405.0,22,0
80,80,67405.0,22,0
81,81,67405.0,22,0
82,82,67405.0,22,0
83,83,67405.0,22,0
84,84,67405.0,22,0
85,85,67405.0,22,0
86,86,67404.0,23,0
87,87,67404.0,23,0
88,88,67404.0,23,0
89,89,67403.0,24,0
90,90,67403.0,24,0
91,91,67401.0,26,0
92,92,67401.0,26,0
93,93,67400.0,27,0
94,94,67400.0,27,0
95,95,67398.0,29,0
96,96,67397.0,30,0
97,97,67394.0,33,0
98,98,67393.0,34,0
99,99,67389.0,38,0
100,100,67389.0,38,0
101,101,67386.0,41,0
102,102,67381.0,46,0
103,103,67377.0,50,0
104,104,67376.0,51,0
105,105,67374.0,53,0
106,106,67372.0,55,0
107,107,67372.0,55,0
108,108,67363.0,64,0
109,109,67362.0,65,0
110,110,67360.0,67,0
111,111,67360.0,67,0
112,112,67358.0,69,0
113,113,67356.0,71,0
114,114,67351.0,76,0
115,115,67348.0,79,0
116,116,67344.0,83,0
117,117,67340.0,87,0
118,118,67334.0,93,0
119,119,67329.0,98,0
120,120,67323.0,104,0
121,121,67319.0,108,0
122,122,67317.0,110,0
123,123,67315.0,112,0
124,124,67312.0,115,0
125,125,67308.0,119,0
126,126,67305.0,122,0
127,127,67301.0,126,0
128,128,67290.0,137,0
