,Days,S,I,D
0,0,29163.0,0,0
1,1,29163.0,0,0
2,2,29163.0,0,0
3,3,29163.0,0,0
4,4,29163.0,0,0
5,5,29163.0,0,0
6,6,29163.0,0,0
7,7,29163.0,0,0
8,8,29163.0,0,0
9,9,29163.0,0,0
10,10,29163.0,0,0
11,11,29163.0,0,0
12,12,29163.0,0,0
13,13,29163.0,0,0
14,14,29163.0,0,0
15,15,29163.0,0,0
16,16,29163.0,0,0
17,17,29163.0,0,0
18,18,29163.0,0,0
19,19,29163.0,0,0
20,20,29163.0,0,0
21,21,29163.0,0,0
22,22,29163.0,0,0
23,23,29163.0,0,0
24,24,29163.0,0,0
25,25,29163.0,0,0
26,26,29163.0,0,0
27,27,29163.0,0,0
28,28,29163.0,0,0
29,29,29163.0,0,0
30,30,29163.0,0,0
31,31,29163.0,0,0
32,32,29163.0,0,0
33,33,29163.0,0,0
34,34,29163.0,0,0
35,35,29163.0,0,0
36,36,29163.0,0,0
37,37,29163.0,0,0
38,38,29163.0,0,0
39,39,29163.0,0,0
40,40,29163.0,0,0
41,41,29163.0,0,0
42,42,29163.0,0,0
43,43,29163.0,0,0
44,44,29163.0,0,0
45,45,29163.0,0,0
46,46,29163.0,0,0
47,47,29163.0,0,0
48,48,29163.0,0,0
49,49,29163.0,0,0
50,50,29163.0,0,0
51,51,29163.0,0,0
52,52,29163.0,0,0
53,53,29163.0,0,0
54,54,29163.0,0,0
55,55,29163.0,0,0
56,56,29163.0,0,0
57,57,29163.0,0,0
58,58,29163.0,0,0
59,59,29163.0,0,0
60,60,29163.0,0,0
61,61,29160.0,3,0
62,62,29160.0,3,0
63,63,29160.0,3,0
64,64,29160.0,3,0
65,65,29160.0,3,0
66,66,29160.0,3,0
67,67,29160.0,3,0
68,68,29160.0,3,0
69,69,29160.0,3,0
70,70,29160.0,3,0
71,71,29160.0,3,0
72,72,29160.0,3,0
73,73,29160.0,3,0
74,74,29160.0,3,0
75,75,29160.0,3,0
76,76,29160.0,3,0
77,77,29158.0,5,0
78,78,29158.0,5,0
79,79,29159.0,4,0
80,80,29159.0,4,0
81,81,29159.0,4,0
82,82,29159.0,4,0
83,83,29159.0,4,0
84,84,29159.0,4,0
85,85,29159.0,4,0
86,86,29159.0,4,0
87,87,29159.0,4,0
88,88,29159.0,4,0
89,89,29159.0,4,0
90,90,29159.0,4,0
91,91,29159.0,4,0
92,92,29159.0,4,0
93,93,29159.0,4,0
94,94,29159.0,4,0
95,95,29159.0,4,0
96,96,29159.0,4,0
97,97,29159.0,4,0
98,98,29159.0,4,0
99,99,29159.0,4,0
100,100,29159.0,4,0
101,101,29159.0,4,0
102,102,29159.0,4,0
103,103,29159.0,4,0
104,104,29159.0,4,0
105,105,29159.0,4,0
106,106,29159.0,4,0
107,107,29158.0,5,0
108,108,29157.0,6,0
109,109,29157.0,6,0
110,110,29157.0,6,0
111,111,29157.0,6,0
112,112,29157.0,6,0
113,113,29157.0,6,0
114,114,29157.0,6,0
115,115,29157.0,6,0
116,116,29157.0,6,0
117,117,29156.0,7,0
118,118,29156.0,7,0
119,119,29156.0,7,0
120,120,29156.0,7,0
121,121,29156.0,7,0
122,122,29156.0,7,0
123,123,29153.0,10,0
124,124,29153.0,10,0
125,125,29153.0,10,0
126,126,29153.0,10,0
127,127,29153.0,10,0
128,128,29153.0,10,0
