,Days,S,I,D
0,0,36219.0,0,0
1,1,36219.0,0,0
2,2,36219.0,0,0
3,3,36219.0,0,0
4,4,36219.0,0,0
5,5,36219.0,0,0
6,6,36219.0,0,0
7,7,36219.0,0,0
8,8,36219.0,0,0
9,9,36219.0,0,0
10,10,36219.0,0,0
11,11,36219.0,0,0
12,12,36219.0,0,0
13,13,36219.0,0,0
14,14,36219.0,0,0
15,15,36219.0,0,0
16,16,36219.0,0,0
17,17,36219.0,0,0
18,18,36219.0,0,0
19,19,36219.0,0,0
20,20,36219.0,0,0
21,21,36219.0,0,0
22,22,36219.0,0,0
23,23,36219.0,0,0
24,24,36219.0,0,0
25,25,36219.0,0,0
26,26,36219.0,0,0
27,27,36219.0,0,0
28,28,36219.0,0,0
29,29,36219.0,0,0
30,30,36219.0,0,0
31,31,36219.0,0,0
32,32,36219.0,0,0
33,33,36219.0,0,0
34,34,36219.0,0,0
35,35,36219.0,0,0
36,36,36219.0,0,0
37,37,36219.0,0,0
38,38,36219.0,0,0
39,39,36219.0,0,0
40,40,36219.0,0,0
41,41,36219.0,0,0
42,42,36219.0,0,0
43,43,36219.0,0,0
44,44,36219.0,0,0
45,45,36219.0,0,0
46,46,36219.0,0,0
47,47,36219.0,0,0
48,48,36219.0,0,0
49,49,36219.0,0,0
50,50,36219.0,0,0
51,51,36219.0,0,0
52,52,36219.0,0,0
53,53,36219.0,0,0
54,54,36219.0,0,0
55,55,36219.0,0,0
56,56,36219.0,0,0
57,57,36219.0,0,0
58,58,36219.0,0,0
59,59,36219.0,0,0
60,60,36219.0,0,0
61,61,36219.0,0,0
62,62,36219.0,0,0
63,63,36219.0,0,0
64,64,36219.0,0,0
65,65,36219.0,0,0
66,66,36219.0,0,0
67,67,36219.0,0,0
68,68,36218.0,1,0
69,69,36218.0,1,0
70,70,36218.0,1,0
71,71,36218.0,1,0
72,72,36218.0,1,0
73,73,36218.0,1,0
74,74,36218.0,1,0
75,75,36218.0,1,0
76,76,36218.0,1,0
77,77,36218.0,1,0
78,78,36218.0,1,0
79,79,36218.0,1,0
80,80,36218.0,1,0
81,81,36218.0,1,0
82,82,36218.0,1,0
83,83,36217.0,2,0
84,84,36217.0,2,0
85,85,36217.0,2,0
86,86,36217.0,2,0
87,87,36217.0,2,0
88,88,36217.0,2,0
89,89,36217.0,2,0
90,90,36217.0,2,0
91,91,36217.0,2,0
92,92,36217.0,2,0
93,93,36217.0,2,0
94,94,36217.0,2,0
95,95,36217.0,2,0
96,96,36217.0,2,0
97,97,36217.0,2,0
98,98,36217.0,2,0
99,99,36217.0,2,0
100,100,36217.0,2,0
101,101,36217.0,2,0
102,102,36217.0,2,0
103,103,36217.0,2,0
104,104,36217.0,2,0
105,105,36217.0,2,0
106,106,36217.0,2,0
107,107,36217.0,2,0
108,108,36217.0,2,0
109,109,36217.0,2,0
110,110,36217.0,2,0
111,111,36217.0,2,0
112,112,36217.0,2,0
113,113,36217.0,2,0
114,114,36217.0,2,0
115,115,36217.0,2,0
116,116,36217.0,2,0
117,117,36217.0,2,0
118,118,36217.0,2,0
119,119,36217.0,2,0
120,120,36217.0,2,0
121,121,36217.0,2,0
122,122,36217.0,2,0
123,123,36217.0,2,0
124,124,36217.0,2,0
125,125,36216.0,3,0
126,126,36215.0,4,0
127,127,36215.0,4,0
128,128,36214.0,5,0
