,Days,S,I,D
0,0,9097.0,0,0
1,1,9097.0,0,0
2,2,9097.0,0,0
3,3,9097.0,0,0
4,4,9097.0,0,0
5,5,9097.0,0,0
6,6,9097.0,0,0
7,7,9097.0,0,0
8,8,9097.0,0,0
9,9,9097.0,0,0
10,10,9097.0,0,0
11,11,9097.0,0,0
12,12,9097.0,0,0
13,13,9097.0,0,0
14,14,9097.0,0,0
15,15,9097.0,0,0
16,16,9097.0,0,0
17,17,9097.0,0,0
18,18,9097.0,0,0
19,19,9097.0,0,0
20,20,9097.0,0,0
21,21,9097.0,0,0
22,22,9097.0,0,0
23,23,9097.0,0,0
24,24,9097.0,0,0
25,25,9097.0,0,0
26,26,9097.0,0,0
27,27,9097.0,0,0
28,28,9097.0,0,0
29,29,9097.0,0,0
30,30,9097.0,0,0
31,31,9097.0,0,0
32,32,9097.0,0,0
33,33,9097.0,0,0
34,34,9097.0,0,0
35,35,9097.0,0,0
36,36,9097.0,0,0
37,37,9097.0,0,0
38,38,9097.0,0,0
39,39,9097.0,0,0
40,40,9097.0,0,0
41,41,9097.0,0,0
42,42,9097.0,0,0
43,43,9097.0,0,0
44,44,9097.0,0,0
45,45,9097.0,0,0
46,46,9097.0,0,0
47,47,9097.0,0,0
48,48,9097.0,0,0
49,49,9097.0,0,0
50,50,9097.0,0,0
51,51,9097.0,0,0
52,52,9097.0,0,0
53,53,9097.0,0,0
54,54,9097.0,0,0
55,55,9097.0,0,0
56,56,9097.0,0,0
57,57,9097.0,0,0
58,58,9097.0,0,0
59,59,9097.0,0,0
60,60,9097.0,0,0
61,61,9097.0,0,0
62,62,9097.0,0,0
63,63,9097.0,0,0
64,64,9097.0,0,0
65,65,9097.0,0,0
66,66,9097.0,0,0
67,67,9097.0,0,0
68,68,9097.0,0,0
69,69,9097.0,0,0
70,70,9097.0,0,0
71,71,9097.0,0,0
72,72,9097.0,0,0
73,73,9097.0,0,0
74,74,9097.0,0,0
75,75,9097.0,0,0
76,76,9097.0,0,0
77,77,9097.0,0,0
78,78,9097.0,0,0
79,79,9097.0,0,0
80,80,9097.0,0,0
81,81,9097.0,0,0
82,82,9097.0,0,0
83,83,9097.0,0,0
84,84,9097.0,0,0
85,85,9097.0,0,0
86,86,9097.0,0,0
87,87,9097.0,0,0
88,88,9097.0,0,0
89,89,9097.0,0,0
90,90,9097.0,0,0
91,91,9097.0,0,0
92,92,9097.0,0,0
93,93,9097.0,0,0
94,94,9097.0,0,0
95,95,9097.0,0,0
96,96,9097.0,0,0
97,97,9097.0,0,0
98,98,9097.0,0,0
99,99,9097.0,0,0
100,100,9097.0,0,0
101,101,9097.0,0,0
102,102,9097.0,0,0
103,103,9097.0,0,0
104,104,9097.0,0,0
105,105,9097.0,0,0
106,106,9097.0,0,0
107,107,9097.0,0,0
108,108,9097.0,0,0
109,109,9097.0,0,0
110,110,9097.0,0,0
111,111,9097.0,0,0
112,112,9097.0,0,0
113,113,9097.0,0,0
114,114,9097.0,0,0
115,115,9097.0,0,0
116,116,9097.0,0,0
117,117,9097.0,0,0
118,118,9097.0,0,0
119,119,9097.0,0,0
120,120,9097.0,0,0
121,121,9097.0,0,0
122,122,9097.0,0,0
123,123,9097.0,0,0
124,124,9097.0,0,0
125,125,9097.0,0,0
126,126,9097.0,0,0
127,127,9097.0,0,0
128,128,9097.0,0,0
