,Days,S,I,D
0,0,17753.0,0,0
1,1,17753.0,0,0
2,2,17753.0,0,0
3,3,17753.0,0,0
4,4,17753.0,0,0
5,5,17753.0,0,0
6,6,17753.0,0,0
7,7,17753.0,0,0
8,8,17753.0,0,0
9,9,17753.0,0,0
10,10,17753.0,0,0
11,11,17753.0,0,0
12,12,17753.0,0,0
13,13,17753.0,0,0
14,14,17753.0,0,0
15,15,17753.0,0,0
16,16,17753.0,0,0
17,17,17753.0,0,0
18,18,17753.0,0,0
19,19,17753.0,0,0
20,20,17753.0,0,0
21,21,17753.0,0,0
22,22,17753.0,0,0
23,23,17753.0,0,0
24,24,17753.0,0,0
25,25,17753.0,0,0
26,26,17753.0,0,0
27,27,17753.0,0,0
28,28,17753.0,0,0
29,29,17753.0,0,0
30,30,17753.0,0,0
31,31,17753.0,0,0
32,32,17753.0,0,0
33,33,17753.0,0,0
34,34,17753.0,0,0
35,35,17753.0,0,0
36,36,17753.0,0,0
37,37,17753.0,0,0
38,38,17753.0,0,0
39,39,17753.0,0,0
40,40,17753.0,0,0
41,41,17753.0,0,0
42,42,17753.0,0,0
43,43,17753.0,0,0
44,44,17753.0,0,0
45,45,17753.0,0,0
46,46,17753.0,0,0
47,47,17753.0,0,0
48,48,17753.0,0,0
49,49,17753.0,0,0
50,50,17753.0,0,0
51,51,17753.0,0,0
52,52,17753.0,0,0
53,53,17753.0,0,0
54,54,17753.0,0,0
55,55,17753.0,0,0
56,56,17753.0,0,0
57,57,17753.0,0,0
58,58,17753.0,0,0
59,59,17753.0,0,0
60,60,17753.0,0,0
61,61,17753.0,0,0
62,62,17753.0,0,0
63,63,17753.0,0,0
64,64,17753.0,0,0
65,65,17753.0,0,0
66,66,17753.0,0,0
67,67,17753.0,0,0
68,68,17753.0,0,0
69,69,17753.0,0,0
70,70,17753.0,0,0
71,71,17753.0,0,0
72,72,17753.0,0,0
73,73,17753.0,0,0
74,74,17753.0,0,0
75,75,17753.0,0,0
76,76,17753.0,0,0
77,77,17753.0,0,0
78,78,17753.0,0,0
79,79,17753.0,0,0
80,80,17753.0,0,0
81,81,17753.0,0,0
82,82,17753.0,0,0
83,83,17753.0,0,0
84,84,17753.0,0,0
85,85,17753.0,0,0
86,86,17753.0,0,0
87,87,17751.0,2,0
88,88,17750.0,3,0
89,89,17749.0,4,0
90,90,17749.0,4,0
91,91,17749.0,4,0
92,92,17749.0,4,0
93,93,17749.0,4,0
94,94,17749.0,4,0
95,95,17749.0,4,0
96,96,17749.0,4,0
97,97,17749.0,4,0
98,98,17749.0,4,0
99,99,17749.0,4,0
100,100,17749.0,4,0
101,101,17749.0,4,0
102,102,17749.0,4,0
103,103,17749.0,4,0
104,104,17749.0,4,0
105,105,17749.0,4,0
106,106,17749.0,4,0
107,107,17749.0,4,0
108,108,17749.0,4,0
109,109,17749.0,4,0
110,110,17749.0,4,0
111,111,17749.0,4,0
112,112,17749.0,4,0
113,113,17749.0,4,0
114,114,17749.0,4,0
115,115,17749.0,4,0
116,116,17749.0,4,0
117,117,17749.0,4,0
118,118,17749.0,4,0
119,119,17749.0,4,0
120,120,17749.0,4,0
121,121,17749.0,4,0
122,122,17749.0,4,0
123,123,17749.0,4,0
124,124,17749.0,4,0
125,125,17749.0,4,0
126,126,17749.0,4,0
127,127,17749.0,4,0
128,128,17749.0,4,0
