,Days,S,I,D
0,0,46847.0,0,0
1,1,46847.0,0,0
2,2,46847.0,0,0
3,3,46847.0,0,0
4,4,46847.0,0,0
5,5,46847.0,0,0
6,6,46847.0,0,0
7,7,46847.0,0,0
8,8,46847.0,0,0
9,9,46847.0,0,0
10,10,46847.0,0,0
11,11,46847.0,0,0
12,12,46847.0,0,0
13,13,46847.0,0,0
14,14,46847.0,0,0
15,15,46847.0,0,0
16,16,46847.0,0,0
17,17,46847.0,0,0
18,18,46847.0,0,0
19,19,46847.0,0,0
20,20,46847.0,0,0
21,21,46847.0,0,0
22,22,46847.0,0,0
23,23,46847.0,0,0
24,24,46847.0,0,0
25,25,46847.0,0,0
26,26,46847.0,0,0
27,27,46847.0,0,0
28,28,46847.0,0,0
29,29,46847.0,0,0
30,30,46847.0,0,0
31,31,46847.0,0,0
32,32,46847.0,0,0
33,33,46847.0,0,0
34,34,46847.0,0,0
35,35,46847.0,0,0
36,36,46847.0,0,0
37,37,46847.0,0,0
38,38,46847.0,0,0
39,39,46847.0,0,0
40,40,46847.0,0,0
41,41,46847.0,0,0
42,42,46847.0,0,0
43,43,46847.0,0,0
44,44,46847.0,0,0
45,45,46847.0,0,0
46,46,46847.0,0,0
47,47,46847.0,0,0
48,48,46847.0,0,0
49,49,46847.0,0,0
50,50,46847.0,0,0
51,51,46847.0,0,0
52,52,46847.0,0,0
53,53,46847.0,0,0
54,54,46847.0,0,0
55,55,46847.0,0,0
56,56,46847.0,0,0
57,57,46847.0,0,0
58,58,46847.0,0,0
59,59,46847.0,0,0
60,60,46847.0,0,0
61,61,46847.0,0,0
62,62,46847.0,0,0
63,63,46847.0,0,0
64,64,46847.0,0,0
65,65,46846.0,1,0
66,66,46845.0,2,0
67,67,46845.0,2,0
68,68,46844.0,3,0
69,69,46843.0,4,0
70,70,46843.0,4,0
71,71,46843.0,4,0
72,72,46843.0,4,0
73,73,46842.0,5,0
74,74,46841.0,6,0
75,75,46841.0,6,0
76,76,46841.0,6,0
77,77,46841.0,6,0
78,78,46842.0,5,0
79,79,46842.0,5,0
80,80,46842.0,5,0
81,81,46842.0,5,0
82,82,46842.0,5,0
83,83,46842.0,5,0
84,84,46842.0,5,0
85,85,46842.0,5,0
86,86,46842.0,5,0
87,87,46842.0,5,0
88,88,46842.0,5,0
89,89,46842.0,5,0
90,90,46842.0,5,0
91,91,46841.0,6,0
92,92,46841.0,6,0
93,93,46841.0,6,0
94,94,46841.0,6,0
95,95,46841.0,6,0
96,96,46841.0,6,0
97,97,46841.0,6,0
98,98,46841.0,6,0
99,99,46841.0,6,0
100,100,46841.0,6,0
101,101,46841.0,6,0
102,102,46841.0,6,0
103,103,46841.0,6,0
104,104,46841.0,6,0
105,105,46841.0,6,0
106,106,46841.0,6,0
107,107,46841.0,6,0
108,108,46841.0,6,0
109,109,46841.0,6,0
110,110,46841.0,6,0
111,111,46841.0,6,0
112,112,46841.0,6,0
113,113,46839.0,8,0
114,114,46838.0,9,0
115,115,46838.0,9,0
116,116,46838.0,9,0
117,117,46838.0,9,0
118,118,46838.0,9,0
119,119,46838.0,9,0
120,120,46838.0,9,0
121,121,46837.0,10,0
122,122,46835.0,12,0
123,123,46835.0,12,0
124,124,46835.0,12,0
125,125,46835.0,12,0
126,126,46834.0,13,0
127,127,46833.0,14,0
128,128,46833.0,14,0
