,Days,S,I,D
0,0,9960.0,0,0
1,1,9960.0,0,0
2,2,9960.0,0,0
3,3,9960.0,0,0
4,4,9960.0,0,0
5,5,9960.0,0,0
6,6,9960.0,0,0
7,7,9960.0,0,0
8,8,9960.0,0,0
9,9,9960.0,0,0
10,10,9960.0,0,0
11,11,9960.0,0,0
12,12,9960.0,0,0
13,13,9960.0,0,0
14,14,9960.0,0,0
15,15,9960.0,0,0
16,16,9960.0,0,0
17,17,9960.0,0,0
18,18,9960.0,0,0
19,19,9960.0,0,0
20,20,9960.0,0,0
21,21,9960.0,0,0
22,22,9960.0,0,0
23,23,9960.0,0,0
24,24,9960.0,0,0
25,25,9960.0,0,0
26,26,9960.0,0,0
27,27,9960.0,0,0
28,28,9960.0,0,0
29,29,9960.0,0,0
30,30,9960.0,0,0
31,31,9960.0,0,0
32,32,9960.0,0,0
33,33,9960.0,0,0
34,34,9960.0,0,0
35,35,9960.0,0,0
36,36,9960.0,0,0
37,37,9960.0,0,0
38,38,9960.0,0,0
39,39,9960.0,0,0
40,40,9960.0,0,0
41,41,9960.0,0,0
42,42,9960.0,0,0
43,43,9960.0,0,0
44,44,9960.0,0,0
45,45,9960.0,0,0
46,46,9960.0,0,0
47,47,9960.0,0,0
48,48,9960.0,0,0
49,49,9960.0,0,0
50,50,9960.0,0,0
51,51,9960.0,0,0
52,52,9960.0,0,0
53,53,9960.0,0,0
54,54,9960.0,0,0
55,55,9960.0,0,0
56,56,9960.0,0,0
57,57,9960.0,0,0
58,58,9960.0,0,0
59,59,9960.0,0,0
60,60,9960.0,0,0
61,61,9960.0,0,0
62,62,9960.0,0,0
63,63,9960.0,0,0
64,64,9960.0,0,0
65,65,9960.0,0,0
66,66,9960.0,0,0
67,67,9960.0,0,0
68,68,9960.0,0,0
69,69,9960.0,0,0
70,70,9960.0,0,0
71,71,9959.0,1,0
72,72,9959.0,1,0
73,73,9957.0,3,0
74,74,9950.0,10,0
75,75,9949.0,11,0
76,76,9947.0,13,0
77,77,9946.0,14,0
78,78,9945.0,15,0
79,79,9945.0,15,0
80,80,9945.0,15,0
81,81,9945.0,15,0
82,82,9945.0,15,0
83,83,9945.0,15,0
84,84,9945.0,15,0
85,85,9945.0,15,0
86,86,9945.0,15,0
87,87,9945.0,15,0
88,88,9945.0,15,0
89,89,9945.0,15,0
90,90,9945.0,15,0
91,91,9945.0,15,0
92,92,9943.0,17,0
93,93,9943.0,17,0
94,94,9943.0,17,0
95,95,9943.0,17,0
96,96,9943.0,17,0
97,97,9943.0,17,0
98,98,9942.0,18,0
99,99,9942.0,18,0
100,100,9940.0,20,0
101,101,9940.0,20,0
102,102,9929.0,31,0
103,103,9921.0,39,0
104,104,9920.0,40,0
105,105,9919.0,41,0
106,106,9919.0,41,0
107,107,9913.0,47,0
108,108,9912.0,48,0
109,109,9912.0,48,0
110,110,9912.0,48,0
111,111,9912.0,48,0
112,112,9912.0,48,0
113,113,9912.0,48,0
114,114,9912.0,48,0
115,115,9910.0,50,0
116,116,9910.0,50,0
117,117,9910.0,50,0
118,118,9910.0,50,0
119,119,9910.0,50,0
120,120,9909.0,51,0
121,121,9909.0,51,0
122,122,9909.0,51,0
123,123,9908.0,52,0
124,124,9908.0,52,0
125,125,9908.0,52,0
126,126,9908.0,52,0
127,127,9908.0,52,0
128,128,9907.0,53,0
