,Days,S,I,D
0,0,14917.0,0,0
1,1,14917.0,0,0
2,2,14917.0,0,0
3,3,14917.0,0,0
4,4,14917.0,0,0
5,5,14917.0,0,0
6,6,14917.0,0,0
7,7,14917.0,0,0
8,8,14917.0,0,0
9,9,14917.0,0,0
10,10,14917.0,0,0
11,11,14917.0,0,0
12,12,14917.0,0,0
13,13,14917.0,0,0
14,14,14917.0,0,0
15,15,14917.0,0,0
16,16,14917.0,0,0
17,17,14917.0,0,0
18,18,14917.0,0,0
19,19,14917.0,0,0
20,20,14917.0,0,0
21,21,14917.0,0,0
22,22,14917.0,0,0
23,23,14917.0,0,0
24,24,14917.0,0,0
25,25,14917.0,0,0
26,26,14917.0,0,0
27,27,14917.0,0,0
28,28,14917.0,0,0
29,29,14917.0,0,0
30,30,14917.0,0,0
31,31,14917.0,0,0
32,32,14917.0,0,0
33,33,14917.0,0,0
34,34,14917.0,0,0
35,35,14917.0,0,0
36,36,14917.0,0,0
37,37,14917.0,0,0
38,38,14917.0,0,0
39,39,14917.0,0,0
40,40,14917.0,0,0
41,41,14917.0,0,0
42,42,14917.0,0,0
43,43,14917.0,0,0
44,44,14917.0,0,0
45,45,14917.0,0,0
46,46,14917.0,0,0
47,47,14917.0,0,0
48,48,14917.0,0,0
49,49,14917.0,0,0
50,50,14917.0,0,0
51,51,14917.0,0,0
52,52,14917.0,0,0
53,53,14917.0,0,0
54,54,14917.0,0,0
55,55,14917.0,0,0
56,56,14917.0,0,0
57,57,14917.0,0,0
58,58,14917.0,0,0
59,59,14917.0,0,0
60,60,14917.0,0,0
61,61,14917.0,0,0
62,62,14917.0,0,0
63,63,14917.0,0,0
64,64,14916.0,1,0
65,65,14916.0,1,0
66,66,14915.0,2,0
67,67,14915.0,2,0
68,68,14915.0,2,0
69,69,14915.0,2,0
70,70,14915.0,2,0
71,71,14915.0,2,0
72,72,14915.0,2,0
73,73,14913.0,4,0
74,74,14913.0,4,0
75,75,14911.0,6,0
76,76,14911.0,6,0
77,77,14909.0,8,0
78,78,14908.0,9,0
79,79,14908.0,9,0
80,80,14907.0,10,0
81,81,14906.0,11,0
82,82,14904.0,13,0
83,83,14904.0,13,0
84,84,14904.0,13,0
85,85,14904.0,13,0
86,86,14904.0,13,0
87,87,14904.0,13,0
88,88,14904.0,13,0
89,89,14903.0,14,0
90,90,14903.0,14,0
91,91,14902.0,15,0
92,92,14902.0,15,0
93,93,14900.0,17,0
94,94,14899.0,18,0
95,95,14898.0,19,0
96,96,14896.0,21,0
97,97,14896.0,21,0
98,98,14895.0,22,0
99,99,14894.0,23,0
100,100,14891.0,26,0
101,101,14891.0,26,0
102,102,14891.0,26,0
103,103,14890.0,27,0
104,104,14890.0,27,0
105,105,14888.0,29,0
106,106,14887.0,30,0
107,107,14886.0,31,0
108,108,14884.0,33,0
109,109,14884.0,33,0
110,110,14884.0,33,0
111,111,14884.0,33,0
112,112,14882.0,35,0
113,113,14882.0,35,0
114,114,14881.0,36,0
115,115,14880.0,37,0
116,116,14877.0,40,0
117,117,14877.0,40,0
118,118,14877.0,40,0
119,119,14877.0,40,0
120,120,14872.0,45,0
121,121,14872.0,45,0
122,122,14872.0,45,0
123,123,14872.0,45,0
124,124,14870.0,47,0
125,125,14870.0,47,0
126,126,14869.0,48,0
127,127,14869.0,48,0
128,128,14866.0,51,0
