,Days,S,I,D
0,0,24032.0,0,0
1,1,24032.0,0,0
2,2,24032.0,0,0
3,3,24032.0,0,0
4,4,24032.0,0,0
5,5,24032.0,0,0
6,6,24032.0,0,0
7,7,24032.0,0,0
8,8,24032.0,0,0
9,9,24032.0,0,0
10,10,24032.0,0,0
11,11,24032.0,0,0
12,12,24032.0,0,0
13,13,24032.0,0,0
14,14,24032.0,0,0
15,15,24032.0,0,0
16,16,24032.0,0,0
17,17,24032.0,0,0
18,18,24032.0,0,0
19,19,24032.0,0,0
20,20,24032.0,0,0
21,21,24032.0,0,0
22,22,24032.0,0,0
23,23,24032.0,0,0
24,24,24032.0,0,0
25,25,24032.0,0,0
26,26,24032.0,0,0
27,27,24032.0,0,0
28,28,24032.0,0,0
29,29,24032.0,0,0
30,30,24032.0,0,0
31,31,24032.0,0,0
32,32,24032.0,0,0
33,33,24032.0,0,0
34,34,24032.0,0,0
35,35,24032.0,0,0
36,36,24032.0,0,0
37,37,24032.0,0,0
38,38,24032.0,0,0
39,39,24032.0,0,0
40,40,24032.0,0,0
41,41,24032.0,0,0
42,42,24032.0,0,0
43,43,24032.0,0,0
44,44,24032.0,0,0
45,45,24032.0,0,0
46,46,24032.0,0,0
47,47,24032.0,0,0
48,48,24032.0,0,0
49,49,24032.0,0,0
50,50,24032.0,0,0
51,51,24032.0,0,0
52,52,24032.0,0,0
53,53,24032.0,0,0
54,54,24032.0,0,0
55,55,24032.0,0,0
56,56,24032.0,0,0
57,57,24032.0,0,0
58,58,24032.0,0,0
59,59,24032.0,0,0
60,60,24032.0,0,0
61,61,24032.0,0,0
62,62,24032.0,0,0
63,63,24032.0,0,0
64,64,24032.0,0,0
65,65,24032.0,0,0
66,66,24032.0,0,0
67,67,24031.0,1,0
68,68,24031.0,1,0
69,69,24030.0,2,0
70,70,24029.0,3,0
71,71,24028.0,4,0
72,72,24028.0,4,0
73,73,24028.0,4,0
74,74,24027.0,5,0
75,75,24025.0,7,0
76,76,24025.0,7,0
77,77,24025.0,7,0
78,78,24024.0,8,0
79,79,24024.0,8,0
80,80,24024.0,8,0
81,81,24023.0,9,0
82,82,24023.0,9,0
83,83,24022.0,10,0
84,84,24022.0,10,0
85,85,24021.0,11,0
86,86,24019.0,13,0
87,87,24019.0,13,0
88,88,24019.0,13,0
89,89,24019.0,13,0
90,90,24019.0,13,0
91,91,24019.0,13,0
92,92,24019.0,13,0
93,93,24019.0,13,0
94,94,24019.0,13,0
95,95,24019.0,13,0
96,96,24019.0,13,0
97,97,24016.0,16,0
98,98,24016.0,16,0
99,99,24015.0,17,0
100,100,24015.0,17,0
101,101,24015.0,17,0
102,102,24015.0,17,0
103,103,24015.0,17,0
104,104,24015.0,17,0
105,105,24015.0,17,0
106,106,24015.0,17,0
107,107,24015.0,17,0
108,108,24015.0,17,0
109,109,24015.0,17,0
110,110,24013.0,19,0
111,111,24013.0,19,0
112,112,24004.0,28,0
113,113,24003.0,29,0
114,114,24003.0,29,0
115,115,24003.0,29,0
116,116,24003.0,29,0
117,117,24003.0,29,0
118,118,24002.0,30,0
119,119,24001.0,31,0
120,120,23993.0,39,0
121,121,23993.0,39,0
122,122,23992.0,40,0
123,123,23992.0,40,0
124,124,23992.0,40,0
125,125,23992.0,40,0
126,126,23991.0,41,0
127,127,23991.0,41,0
128,128,23986.0,46,0
