,Days,S,I,D
0,0,23884.0,0,0
1,1,23884.0,0,0
2,2,23884.0,0,0
3,3,23884.0,0,0
4,4,23884.0,0,0
5,5,23884.0,0,0
6,6,23884.0,0,0
7,7,23884.0,0,0
8,8,23884.0,0,0
9,9,23884.0,0,0
10,10,23884.0,0,0
11,11,23884.0,0,0
12,12,23884.0,0,0
13,13,23884.0,0,0
14,14,23884.0,0,0
15,15,23884.0,0,0
16,16,23884.0,0,0
17,17,23884.0,0,0
18,18,23884.0,0,0
19,19,23884.0,0,0
20,20,23884.0,0,0
21,21,23884.0,0,0
22,22,23884.0,0,0
23,23,23884.0,0,0
24,24,23884.0,0,0
25,25,23884.0,0,0
26,26,23884.0,0,0
27,27,23884.0,0,0
28,28,23884.0,0,0
29,29,23884.0,0,0
30,30,23884.0,0,0
31,31,23884.0,0,0
32,32,23884.0,0,0
33,33,23884.0,0,0
34,34,23884.0,0,0
35,35,23884.0,0,0
36,36,23884.0,0,0
37,37,23884.0,0,0
38,38,23884.0,0,0
39,39,23884.0,0,0
40,40,23884.0,0,0
41,41,23884.0,0,0
42,42,23884.0,0,0
43,43,23884.0,0,0
44,44,23884.0,0,0
45,45,23884.0,0,0
46,46,23884.0,0,0
47,47,23884.0,0,0
48,48,23884.0,0,0
49,49,23884.0,0,0
50,50,23884.0,0,0
51,51,23884.0,0,0
52,52,23884.0,0,0
53,53,23884.0,0,0
54,54,23884.0,0,0
55,55,23884.0,0,0
56,56,23884.0,0,0
57,57,23884.0,0,0
58,58,23884.0,0,0
59,59,23884.0,0,0
60,60,23883.0,1,0
61,61,23883.0,1,0
62,62,23883.0,1,0
63,63,23883.0,1,0
64,64,23883.0,1,0
65,65,23883.0,1,0
66,66,23883.0,1,0
67,67,23883.0,1,0
68,68,23883.0,1,0
69,69,23883.0,1,0
70,70,23883.0,1,0
71,71,23883.0,1,0
72,72,23882.0,2,0
73,73,23882.0,2,0
74,74,23879.0,5,0
75,75,23879.0,5,0
76,76,23878.0,6,0
77,77,23878.0,6,0
78,78,23876.0,8,0
79,79,23876.0,8,0
80,80,23876.0,8,0
81,81,23875.0,9,0
82,82,23875.0,9,0
83,83,23875.0,9,0
84,84,23875.0,9,0
85,85,23875.0,9,0
86,86,23875.0,9,0
87,87,23875.0,9,0
88,88,23874.0,10,0
89,89,23873.0,11,0
90,90,23873.0,11,0
91,91,23873.0,11,0
92,92,23873.0,11,0
93,93,23872.0,12,0
94,94,23871.0,13,0
95,95,23871.0,13,0
96,96,23871.0,13,0
97,97,23870.0,14,0
98,98,23869.0,15,0
99,99,23868.0,16,0
100,100,23868.0,16,0
101,101,23867.0,17,0
102,102,23867.0,17,0
103,103,23866.0,18,0
104,104,23866.0,18,0
105,105,23866.0,18,0
106,106,23866.0,18,0
107,107,23864.0,20,0
108,108,23864.0,20,0
109,109,23864.0,20,0
110,110,23864.0,20,0
111,111,23864.0,20,0
112,112,23864.0,20,0
113,113,23864.0,20,0
114,114,23863.0,21,0
115,115,23863.0,21,0
116,116,23863.0,21,0
117,117,23863.0,21,0
118,118,23863.0,21,0
119,119,23863.0,21,0
120,120,23863.0,21,0
121,121,23863.0,21,0
122,122,23863.0,21,0
123,123,23863.0,21,0
124,124,23863.0,21,0
125,125,23863.0,21,0
126,126,23863.0,21,0
127,127,23863.0,21,0
128,128,23863.0,21,0
