,Days,S,I,D
0,0,10982.0,0,0
1,1,10982.0,0,0
2,2,10982.0,0,0
3,3,10982.0,0,0
4,4,10982.0,0,0
5,5,10982.0,0,0
6,6,10982.0,0,0
7,7,10982.0,0,0
8,8,10982.0,0,0
9,9,10982.0,0,0
10,10,10982.0,0,0
11,11,10982.0,0,0
12,12,10982.0,0,0
13,13,10982.0,0,0
14,14,10982.0,0,0
15,15,10982.0,0,0
16,16,10982.0,0,0
17,17,10982.0,0,0
18,18,10982.0,0,0
19,19,10982.0,0,0
20,20,10982.0,0,0
21,21,10982.0,0,0
22,22,10982.0,0,0
23,23,10982.0,0,0
24,24,10982.0,0,0
25,25,10982.0,0,0
26,26,10982.0,0,0
27,27,10982.0,0,0
28,28,10982.0,0,0
29,29,10982.0,0,0
30,30,10982.0,0,0
31,31,10982.0,0,0
32,32,10982.0,0,0
33,33,10982.0,0,0
34,34,10982.0,0,0
35,35,10982.0,0,0
36,36,10982.0,0,0
37,37,10982.0,0,0
38,38,10982.0,0,0
39,39,10982.0,0,0
40,40,10982.0,0,0
41,41,10982.0,0,0
42,42,10982.0,0,0
43,43,10982.0,0,0
44,44,10982.0,0,0
45,45,10982.0,0,0
46,46,10982.0,0,0
47,47,10982.0,0,0
48,48,10982.0,0,0
49,49,10982.0,0,0
50,50,10982.0,0,0
51,51,10982.0,0,0
52,52,10982.0,0,0
53,53,10982.0,0,0
54,54,10982.0,0,0
55,55,10982.0,0,0
56,56,10982.0,0,0
57,57,10982.0,0,0
58,58,10982.0,0,0
59,59,10982.0,0,0
60,60,10982.0,0,0
61,61,10982.0,0,0
62,62,10982.0,0,0
63,63,10982.0,0,0
64,64,10982.0,0,0
65,65,10982.0,0,0
66,66,10982.0,0,0
67,67,10982.0,0,0
68,68,10982.0,0,0
69,69,10982.0,0,0
70,70,10982.0,0,0
71,71,10982.0,0,0
72,72,10982.0,0,0
73,73,10982.0,0,0
74,74,10982.0,0,0
75,75,10981.0,1,0
76,76,10981.0,1,0
77,77,10981.0,1,0
78,78,10981.0,1,0
79,79,10979.0,3,0
80,80,10978.0,4,0
81,81,10978.0,4,0
82,82,10978.0,4,0
83,83,10978.0,4,0
84,84,10978.0,4,0
85,85,10978.0,4,0
86,86,10978.0,4,0
87,87,10978.0,4,0
88,88,10978.0,4,0
89,89,10978.0,4,0
90,90,10978.0,4,0
91,91,10978.0,4,0
92,92,10978.0,4,0
93,93,10978.0,4,0
94,94,10978.0,4,0
95,95,10978.0,4,0
96,96,10978.0,4,0
97,97,10978.0,4,0
98,98,10978.0,4,0
99,99,10978.0,4,0
100,100,10978.0,4,0
101,101,10978.0,4,0
102,102,10978.0,4,0
103,103,10978.0,4,0
104,104,10978.0,4,0
105,105,10978.0,4,0
106,106,10978.0,4,0
107,107,10978.0,4,0
108,108,10978.0,4,0
109,109,10978.0,4,0
110,110,10977.0,5,0
111,111,10977.0,5,0
112,112,10977.0,5,0
113,113,10976.0,6,0
114,114,10971.0,11,0
115,115,10970.0,12,0
116,116,10969.0,13,0
117,117,10964.0,18,0
118,118,10963.0,19,0
119,119,10963.0,19,0
120,120,10961.0,21,0
121,121,10961.0,21,0
122,122,10949.0,33,0
123,123,10949.0,33,0
124,124,10943.0,39,0
125,125,10941.0,41,0
126,126,10938.0,44,0
127,127,10926.0,56,0
128,128,10921.0,61,0
