,Days,S,I,D
0,0,8414.0,0,0
1,1,8414.0,0,0
2,2,8414.0,0,0
3,3,8414.0,0,0
4,4,8414.0,0,0
5,5,8414.0,0,0
6,6,8414.0,0,0
7,7,8414.0,0,0
8,8,8414.0,0,0
9,9,8414.0,0,0
10,10,8414.0,0,0
11,11,8414.0,0,0
12,12,8414.0,0,0
13,13,8414.0,0,0
14,14,8414.0,0,0
15,15,8414.0,0,0
16,16,8414.0,0,0
17,17,8414.0,0,0
18,18,8414.0,0,0
19,19,8414.0,0,0
20,20,8414.0,0,0
21,21,8414.0,0,0
22,22,8414.0,0,0
23,23,8414.0,0,0
24,24,8414.0,0,0
25,25,8414.0,0,0
26,26,8414.0,0,0
27,27,8414.0,0,0
28,28,8414.0,0,0
29,29,8414.0,0,0
30,30,8414.0,0,0
31,31,8414.0,0,0
32,32,8414.0,0,0
33,33,8414.0,0,0
34,34,8414.0,0,0
35,35,8414.0,0,0
36,36,8414.0,0,0
37,37,8414.0,0,0
38,38,8414.0,0,0
39,39,8414.0,0,0
40,40,8414.0,0,0
41,41,8414.0,0,0
42,42,8414.0,0,0
43,43,8414.0,0,0
44,44,8414.0,0,0
45,45,8414.0,0,0
46,46,8414.0,0,0
47,47,8414.0,0,0
48,48,8414.0,0,0
49,49,8414.0,0,0
50,50,8414.0,0,0
51,51,8414.0,0,0
52,52,8414.0,0,0
53,53,8414.0,0,0
54,54,8414.0,0,0
55,55,8414.0,0,0
56,56,8414.0,0,0
57,57,8414.0,0,0
58,58,8414.0,0,0
59,59,8414.0,0,0
60,60,8414.0,0,0
61,61,8414.0,0,0
62,62,8414.0,0,0
63,63,8414.0,0,0
64,64,8414.0,0,0
65,65,8414.0,0,0
66,66,8414.0,0,0
67,67,8414.0,0,0
68,68,8414.0,0,0
69,69,8413.0,1,0
70,70,8413.0,1,0
71,71,8412.0,2,0
72,72,8412.0,2,0
73,73,8412.0,2,0
74,74,8412.0,2,0
75,75,8411.0,3,0
76,76,8410.0,4,0
77,77,8410.0,4,0
78,78,8410.0,4,0
79,79,8408.0,6,0
80,80,8408.0,6,0
81,81,8408.0,6,0
82,82,8408.0,6,0
83,83,8408.0,6,0
84,84,8408.0,6,0
85,85,8408.0,6,0
86,86,8408.0,6,0
87,87,8408.0,6,0
88,88,8408.0,6,0
89,89,8408.0,6,0
90,90,8408.0,6,0
91,91,8408.0,6,0
92,92,8408.0,6,0
93,93,8408.0,6,0
94,94,8408.0,6,0
95,95,8408.0,6,0
96,96,8408.0,6,0
97,97,8408.0,6,0
98,98,8408.0,6,0
99,99,8408.0,6,0
100,100,8408.0,6,0
101,101,8408.0,6,0
102,102,8408.0,6,0
103,103,8408.0,6,0
104,104,8408.0,6,0
105,105,8408.0,6,0
106,106,8408.0,6,0
107,107,8408.0,6,0
108,108,8408.0,6,0
109,109,8408.0,6,0
110,110,8408.0,6,0
111,111,8408.0,6,0
112,112,8408.0,6,0
113,113,8408.0,6,0
114,114,8408.0,6,0
115,115,8408.0,6,0
116,116,8408.0,6,0
117,117,8408.0,6,0
118,118,8407.0,7,0
119,119,8407.0,7,0
120,120,8407.0,7,0
121,121,8406.0,8,0
122,122,8406.0,8,0
123,123,8406.0,8,0
124,124,8406.0,8,0
125,125,8406.0,8,0
126,126,8406.0,8,0
127,127,8405.0,9,0
128,128,8405.0,9,0
