,Days,S,I,D
0,0,5171.0,0,0
1,1,5171.0,0,0
2,2,5171.0,0,0
3,3,5171.0,0,0
4,4,5171.0,0,0
5,5,5171.0,0,0
6,6,5171.0,0,0
7,7,5171.0,0,0
8,8,5171.0,0,0
9,9,5171.0,0,0
10,10,5171.0,0,0
11,11,5171.0,0,0
12,12,5171.0,0,0
13,13,5171.0,0,0
14,14,5171.0,0,0
15,15,5171.0,0,0
16,16,5171.0,0,0
17,17,5171.0,0,0
18,18,5171.0,0,0
19,19,5171.0,0,0
20,20,5171.0,0,0
21,21,5171.0,0,0
22,22,5171.0,0,0
23,23,5171.0,0,0
24,24,5171.0,0,0
25,25,5171.0,0,0
26,26,5171.0,0,0
27,27,5171.0,0,0
28,28,5171.0,0,0
29,29,5171.0,0,0
30,30,5171.0,0,0
31,31,5171.0,0,0
32,32,5171.0,0,0
33,33,5171.0,0,0
34,34,5171.0,0,0
35,35,5171.0,0,0
36,36,5171.0,0,0
37,37,5171.0,0,0
38,38,5171.0,0,0
39,39,5171.0,0,0
40,40,5171.0,0,0
41,41,5171.0,0,0
42,42,5171.0,0,0
43,43,5171.0,0,0
44,44,5171.0,0,0
45,45,5171.0,0,0
46,46,5171.0,0,0
47,47,5171.0,0,0
48,48,5171.0,0,0
49,49,5171.0,0,0
50,50,5171.0,0,0
51,51,5171.0,0,0
52,52,5171.0,0,0
53,53,5171.0,0,0
54,54,5171.0,0,0
55,55,5171.0,0,0
56,56,5171.0,0,0
57,57,5171.0,0,0
58,58,5171.0,0,0
59,59,5171.0,0,0
60,60,5171.0,0,0
61,61,5171.0,0,0
62,62,5171.0,0,0
63,63,5171.0,0,0
64,64,5171.0,0,0
65,65,5170.0,1,0
66,66,5170.0,1,0
67,67,5170.0,1,0
68,68,5170.0,1,0
69,69,5170.0,1,0
70,70,5170.0,1,0
71,71,5170.0,1,0
72,72,5170.0,1,0
73,73,5170.0,1,0
74,74,5170.0,1,0
75,75,5170.0,1,0
76,76,5170.0,1,0
77,77,5170.0,1,0
78,78,5170.0,1,0
79,79,5170.0,1,0
80,80,5170.0,1,0
81,81,5170.0,1,0
82,82,5170.0,1,0
83,83,5169.0,2,0
84,84,5169.0,2,0
85,85,5169.0,2,0
86,86,5169.0,2,0
87,87,5169.0,2,0
88,88,5169.0,2,0
89,89,5169.0,2,0
90,90,5169.0,2,0
91,91,5169.0,2,0
92,92,5169.0,2,0
93,93,5169.0,2,0
94,94,5169.0,2,0
95,95,5169.0,2,0
96,96,5169.0,2,0
97,97,5169.0,2,0
98,98,5169.0,2,0
99,99,5169.0,2,0
100,100,5169.0,2,0
101,101,5169.0,2,0
102,102,5169.0,2,0
103,103,5169.0,2,0
104,104,5169.0,2,0
105,105,5169.0,2,0
106,106,5169.0,2,0
107,107,5169.0,2,0
108,108,5169.0,2,0
109,109,5169.0,2,0
110,110,5169.0,2,0
111,111,5169.0,2,0
112,112,5169.0,2,0
113,113,5169.0,2,0
114,114,5169.0,2,0
115,115,5169.0,2,0
116,116,5169.0,2,0
117,117,5169.0,2,0
118,118,5169.0,2,0
119,119,5168.0,3,0
120,120,5168.0,3,0
121,121,5168.0,3,0
122,122,5168.0,3,0
123,123,5168.0,3,0
124,124,5168.0,3,0
125,125,5168.0,3,0
126,126,5168.0,3,0
127,127,5168.0,3,0
128,128,5168.0,3,0
