,Days,S,I,D
0,0,30100.0,0,0
1,1,30100.0,0,0
2,2,30100.0,0,0
3,3,30100.0,0,0
4,4,30100.0,0,0
5,5,30100.0,0,0
6,6,30100.0,0,0
7,7,30100.0,0,0
8,8,30100.0,0,0
9,9,30100.0,0,0
10,10,30100.0,0,0
11,11,30100.0,0,0
12,12,30100.0,0,0
13,13,30100.0,0,0
14,14,30100.0,0,0
15,15,30100.0,0,0
16,16,30100.0,0,0
17,17,30100.0,0,0
18,18,30100.0,0,0
19,19,30100.0,0,0
20,20,30100.0,0,0
21,21,30100.0,0,0
22,22,30100.0,0,0
23,23,30100.0,0,0
24,24,30100.0,0,0
25,25,30100.0,0,0
26,26,30100.0,0,0
27,27,30100.0,0,0
28,28,30100.0,0,0
29,29,30100.0,0,0
30,30,30100.0,0,0
31,31,30100.0,0,0
32,32,30100.0,0,0
33,33,30100.0,0,0
34,34,30100.0,0,0
35,35,30100.0,0,0
36,36,30100.0,0,0
37,37,30100.0,0,0
38,38,30100.0,0,0
39,39,30100.0,0,0
40,40,30100.0,0,0
41,41,30100.0,0,0
42,42,30100.0,0,0
43,43,30100.0,0,0
44,44,30100.0,0,0
45,45,30100.0,0,0
46,46,30100.0,0,0
47,47,30100.0,0,0
48,48,30100.0,0,0
49,49,30100.0,0,0
50,50,30100.0,0,0
51,51,30100.0,0,0
52,52,30100.0,0,0
53,53,30100.0,0,0
54,54,30100.0,0,0
55,55,30100.0,0,0
56,56,30100.0,0,0
57,57,30100.0,0,0
58,58,30100.0,0,0
59,59,30100.0,0,0
60,60,30100.0,0,0
61,61,30100.0,0,0
62,62,30100.0,0,0
63,63,30100.0,0,0
64,64,30100.0,0,0
65,65,30100.0,0,0
66,66,30100.0,0,0
67,67,30097.0,3,0
68,68,30097.0,3,0
69,69,30097.0,3,0
70,70,30097.0,3,0
71,71,30097.0,3,0
72,72,30097.0,3,0
73,73,30097.0,3,0
74,74,30097.0,3,0
75,75,30097.0,3,0
76,76,30097.0,3,0
77,77,30097.0,3,0
78,78,30097.0,3,0
79,79,30097.0,3,0
80,80,30097.0,3,0
81,81,30091.0,9,0
82,82,30090.0,10,0
83,83,30088.0,12,0
84,84,30088.0,12,0
85,85,30088.0,12,0
86,86,30087.0,13,0
87,87,30087.0,13,0
88,88,30087.0,13,0
89,89,30087.0,13,0
90,90,30087.0,13,0
91,91,30087.0,13,0
92,92,30087.0,13,0
93,93,30084.0,16,0
94,94,30084.0,16,0
95,95,30084.0,16,0
96,96,30084.0,16,0
97,97,30084.0,16,0
98,98,30084.0,16,0
99,99,30084.0,16,0
100,100,30084.0,16,0
101,101,30084.0,16,0
102,102,30084.0,16,0
103,103,30084.0,16,0
104,104,30084.0,16,0
105,105,30084.0,16,0
106,106,30084.0,16,0
107,107,30084.0,16,0
108,108,30083.0,17,0
109,109,30083.0,17,0
110,110,30083.0,17,0
111,111,30083.0,17,0
112,112,30082.0,18,0
113,113,30082.0,18,0
114,114,30082.0,18,0
115,115,30082.0,18,0
116,116,30082.0,18,0
117,117,30082.0,18,0
118,118,30081.0,19,0
119,119,30080.0,20,0
120,120,30080.0,20,0
121,121,30080.0,20,0
122,122,30080.0,20,0
123,123,30080.0,20,0
124,124,30080.0,20,0
125,125,30078.0,22,0
126,126,30077.0,23,0
127,127,30077.0,23,0
128,128,30077.0,23,0
