,Days,S,I,D
0,0,6659.0,0,0
1,1,6659.0,0,0
2,2,6659.0,0,0
3,3,6659.0,0,0
4,4,6659.0,0,0
5,5,6659.0,0,0
6,6,6659.0,0,0
7,7,6659.0,0,0
8,8,6659.0,0,0
9,9,6659.0,0,0
10,10,6659.0,0,0
11,11,6659.0,0,0
12,12,6659.0,0,0
13,13,6659.0,0,0
14,14,6659.0,0,0
15,15,6659.0,0,0
16,16,6659.0,0,0
17,17,6659.0,0,0
18,18,6659.0,0,0
19,19,6659.0,0,0
20,20,6659.0,0,0
21,21,6659.0,0,0
22,22,6659.0,0,0
23,23,6659.0,0,0
24,24,6659.0,0,0
25,25,6659.0,0,0
26,26,6659.0,0,0
27,27,6659.0,0,0
28,28,6659.0,0,0
29,29,6659.0,0,0
30,30,6659.0,0,0
31,31,6659.0,0,0
32,32,6659.0,0,0
33,33,6659.0,0,0
34,34,6659.0,0,0
35,35,6659.0,0,0
36,36,6659.0,0,0
37,37,6659.0,0,0
38,38,6659.0,0,0
39,39,6659.0,0,0
40,40,6659.0,0,0
41,41,6659.0,0,0
42,42,6659.0,0,0
43,43,6659.0,0,0
44,44,6659.0,0,0
45,45,6659.0,0,0
46,46,6659.0,0,0
47,47,6659.0,0,0
48,48,6659.0,0,0
49,49,6659.0,0,0
50,50,6659.0,0,0
51,51,6659.0,0,0
52,52,6659.0,0,0
53,53,6659.0,0,0
54,54,6659.0,0,0
55,55,6659.0,0,0
56,56,6659.0,0,0
57,57,6659.0,0,0
58,58,6659.0,0,0
59,59,6659.0,0,0
60,60,6659.0,0,0
61,61,6659.0,0,0
62,62,6659.0,0,0
63,63,6659.0,0,0
64,64,6659.0,0,0
65,65,6659.0,0,0
66,66,6659.0,0,0
67,67,6659.0,0,0
68,68,6659.0,0,0
69,69,6659.0,0,0
70,70,6659.0,0,0
71,71,6658.0,1,0
72,72,6658.0,1,0
73,73,6658.0,1,0
74,74,6658.0,1,0
75,75,6658.0,1,0
76,76,6658.0,1,0
77,77,6658.0,1,0
78,78,6658.0,1,0
79,79,6657.0,2,0
80,80,6657.0,2,0
81,81,6657.0,2,0
82,82,6657.0,2,0
83,83,6657.0,2,0
84,84,6657.0,2,0
85,85,6657.0,2,0
86,86,6657.0,2,0
87,87,6657.0,2,0
88,88,6656.0,3,0
89,89,6656.0,3,0
90,90,6656.0,3,0
91,91,6655.0,4,0
92,92,6655.0,4,0
93,93,6655.0,4,0
94,94,6655.0,4,0
95,95,6654.0,5,0
96,96,6654.0,5,0
97,97,6654.0,5,0
98,98,6654.0,5,0
99,99,6654.0,5,0
100,100,6654.0,5,0
101,101,6654.0,5,0
102,102,6654.0,5,0
103,103,6654.0,5,0
104,104,6654.0,5,0
105,105,6654.0,5,0
106,106,6654.0,5,0
107,107,6654.0,5,0
108,108,6654.0,5,0
109,109,6654.0,5,0
110,110,6654.0,5,0
111,111,6654.0,5,0
112,112,6654.0,5,0
113,113,6654.0,5,0
114,114,6654.0,5,0
115,115,6654.0,5,0
116,116,6654.0,5,0
117,117,6654.0,5,0
118,118,6654.0,5,0
119,119,6654.0,5,0
120,120,6654.0,5,0
121,121,6654.0,5,0
122,122,6654.0,5,0
123,123,6654.0,5,0
124,124,6654.0,5,0
125,125,6654.0,5,0
126,126,6654.0,5,0
127,127,6654.0,5,0
128,128,6654.0,5,0
