,Days,S,I,D
0,0,10737.0,0,0
1,1,10737.0,0,0
2,2,10737.0,0,0
3,3,10737.0,0,0
4,4,10737.0,0,0
5,5,10737.0,0,0
6,6,10737.0,0,0
7,7,10737.0,0,0
8,8,10737.0,0,0
9,9,10737.0,0,0
10,10,10737.0,0,0
11,11,10737.0,0,0
12,12,10737.0,0,0
13,13,10737.0,0,0
14,14,10737.0,0,0
15,15,10737.0,0,0
16,16,10737.0,0,0
17,17,10737.0,0,0
18,18,10737.0,0,0
19,19,10737.0,0,0
20,20,10737.0,0,0
21,21,10737.0,0,0
22,22,10737.0,0,0
23,23,10737.0,0,0
24,24,10737.0,0,0
25,25,10737.0,0,0
26,26,10737.0,0,0
27,27,10737.0,0,0
28,28,10737.0,0,0
29,29,10737.0,0,0
30,30,10737.0,0,0
31,31,10737.0,0,0
32,32,10737.0,0,0
33,33,10737.0,0,0
34,34,10737.0,0,0
35,35,10737.0,0,0
36,36,10737.0,0,0
37,37,10737.0,0,0
38,38,10737.0,0,0
39,39,10737.0,0,0
40,40,10737.0,0,0
41,41,10737.0,0,0
42,42,10737.0,0,0
43,43,10737.0,0,0
44,44,10737.0,0,0
45,45,10737.0,0,0
46,46,10737.0,0,0
47,47,10737.0,0,0
48,48,10737.0,0,0
49,49,10737.0,0,0
50,50,10737.0,0,0
51,51,10737.0,0,0
52,52,10737.0,0,0
53,53,10737.0,0,0
54,54,10737.0,0,0
55,55,10737.0,0,0
56,56,10737.0,0,0
57,57,10737.0,0,0
58,58,10737.0,0,0
59,59,10737.0,0,0
60,60,10737.0,0,0
61,61,10737.0,0,0
62,62,10737.0,0,0
63,63,10737.0,0,0
64,64,10737.0,0,0
65,65,10737.0,0,0
66,66,10737.0,0,0
67,67,10735.0,2,0
68,68,10735.0,2,0
69,69,10735.0,2,0
70,70,10735.0,2,0
71,71,10735.0,2,0
72,72,10735.0,2,0
73,73,10735.0,2,0
74,74,10735.0,2,0
75,75,10735.0,2,0
76,76,10735.0,2,0
77,77,10735.0,2,0
78,78,10735.0,2,0
79,79,10735.0,2,0
80,80,10735.0,2,0
81,81,10735.0,2,0
82,82,10735.0,2,0
83,83,10735.0,2,0
84,84,10735.0,2,0
85,85,10735.0,2,0
86,86,10735.0,2,0
87,87,10735.0,2,0
88,88,10735.0,2,0
89,89,10735.0,2,0
90,90,10735.0,2,0
91,91,10735.0,2,0
92,92,10735.0,2,0
93,93,10735.0,2,0
94,94,10735.0,2,0
95,95,10735.0,2,0
96,96,10735.0,2,0
97,97,10735.0,2,0
98,98,10735.0,2,0
99,99,10735.0,2,0
100,100,10735.0,2,0
101,101,10735.0,2,0
102,102,10735.0,2,0
103,103,10735.0,2,0
104,104,10735.0,2,0
105,105,10735.0,2,0
106,106,10735.0,2,0
107,107,10735.0,2,0
108,108,10735.0,2,0
109,109,10735.0,2,0
110,110,10735.0,2,0
111,111,10735.0,2,0
112,112,10735.0,2,0
113,113,10735.0,2,0
114,114,10735.0,2,0
115,115,10735.0,2,0
116,116,10735.0,2,0
117,117,10734.0,3,0
118,118,10734.0,3,0
119,119,10733.0,4,0
120,120,10731.0,6,0
121,121,10731.0,6,0
122,122,10730.0,7,0
123,123,10730.0,7,0
124,124,10730.0,7,0
125,125,10730.0,7,0
126,126,10730.0,7,0
127,127,10727.0,10,0
128,128,10726.0,11,0
