,Days,S,I,D
0,0,36249.0,0,0
1,1,36249.0,0,0
2,2,36249.0,0,0
3,3,36249.0,0,0
4,4,36249.0,0,0
5,5,36249.0,0,0
6,6,36249.0,0,0
7,7,36249.0,0,0
8,8,36249.0,0,0
9,9,36249.0,0,0
10,10,36249.0,0,0
11,11,36249.0,0,0
12,12,36249.0,0,0
13,13,36249.0,0,0
14,14,36249.0,0,0
15,15,36249.0,0,0
16,16,36249.0,0,0
17,17,36249.0,0,0
18,18,36249.0,0,0
19,19,36249.0,0,0
20,20,36249.0,0,0
21,21,36249.0,0,0
22,22,36249.0,0,0
23,23,36249.0,0,0
24,24,36249.0,0,0
25,25,36249.0,0,0
26,26,36249.0,0,0
27,27,36249.0,0,0
28,28,36249.0,0,0
29,29,36249.0,0,0
30,30,36249.0,0,0
31,31,36249.0,0,0
32,32,36249.0,0,0
33,33,36249.0,0,0
34,34,36249.0,0,0
35,35,36249.0,0,0
36,36,36249.0,0,0
37,37,36249.0,0,0
38,38,36249.0,0,0
39,39,36249.0,0,0
40,40,36249.0,0,0
41,41,36249.0,0,0
42,42,36249.0,0,0
43,43,36249.0,0,0
44,44,36249.0,0,0
45,45,36249.0,0,0
46,46,36249.0,0,0
47,47,36249.0,0,0
48,48,36249.0,0,0
49,49,36249.0,0,0
50,50,36249.0,0,0
51,51,36249.0,0,0
52,52,36249.0,0,0
53,53,36248.0,1,0
54,54,36248.0,1,0
55,55,36248.0,1,0
56,56,36248.0,1,0
57,57,36247.0,2,0
58,58,36247.0,2,0
59,59,36247.0,2,0
60,60,36247.0,2,0
61,61,36247.0,2,0
62,62,36247.0,2,0
63,63,36247.0,2,0
64,64,36247.0,2,0
65,65,36247.0,2,0
66,66,36246.0,3,0
67,67,36246.0,3,0
68,68,36246.0,3,0
69,69,36246.0,3,0
70,70,36246.0,3,0
71,71,36246.0,3,0
72,72,36238.0,11,0
73,73,36238.0,11,0
74,74,36238.0,11,0
75,75,36237.0,12,0
76,76,36236.0,13,0
77,77,36233.0,16,0
78,78,36233.0,16,0
79,79,36236.0,13,0
80,80,36233.0,16,0
81,81,36231.0,18,0
82,82,36231.0,18,0
83,83,36231.0,18,0
84,84,36231.0,18,0
85,85,36231.0,18,0
86,86,36231.0,18,0
87,87,36231.0,18,0
88,88,36231.0,18,0
89,89,36231.0,18,0
90,90,36230.0,19,0
91,91,36230.0,19,0
92,92,36230.0,19,0
93,93,36230.0,19,0
94,94,36230.0,19,0
95,95,36230.0,19,0
96,96,36230.0,19,0
97,97,36230.0,19,0
98,98,36229.0,20,0
99,99,36229.0,20,0
100,100,36229.0,20,0
101,101,36229.0,20,0
102,102,36229.0,20,0
103,103,36229.0,20,0
104,104,36229.0,20,0
105,105,36229.0,20,0
106,106,36229.0,20,0
107,107,36229.0,20,0
108,108,36229.0,20,0
109,109,36229.0,20,0
110,110,36229.0,20,0
111,111,36229.0,20,0
112,112,36229.0,20,0
113,113,36229.0,20,0
114,114,36229.0,20,0
115,115,36229.0,20,0
116,116,36229.0,20,0
117,117,36228.0,21,0
118,118,36228.0,21,0
119,119,36214.0,35,0
120,120,36213.0,36,0
121,121,36212.0,37,0
122,122,36212.0,37,0
123,123,36212.0,37,0
124,124,36212.0,37,0
125,125,36211.0,38,0
126,126,36211.0,38,0
127,127,36211.0,38,0
128,128,36210.0,39,0
