,Days,S,I,D
0,0,20105.0,0,0
1,1,20105.0,0,0
2,2,20105.0,0,0
3,3,20105.0,0,0
4,4,20105.0,0,0
5,5,20105.0,0,0
6,6,20105.0,0,0
7,7,20105.0,0,0
8,8,20105.0,0,0
9,9,20105.0,0,0
10,10,20105.0,0,0
11,11,20105.0,0,0
12,12,20105.0,0,0
13,13,20105.0,0,0
14,14,20105.0,0,0
15,15,20105.0,0,0
16,16,20105.0,0,0
17,17,20105.0,0,0
18,18,20105.0,0,0
19,19,20105.0,0,0
20,20,20105.0,0,0
21,21,20105.0,0,0
22,22,20105.0,0,0
23,23,20105.0,0,0
24,24,20105.0,0,0
25,25,20105.0,0,0
26,26,20105.0,0,0
27,27,20105.0,0,0
28,28,20105.0,0,0
29,29,20105.0,0,0
30,30,20105.0,0,0
31,31,20105.0,0,0
32,32,20105.0,0,0
33,33,20105.0,0,0
34,34,20105.0,0,0
35,35,20105.0,0,0
36,36,20105.0,0,0
37,37,20105.0,0,0
38,38,20105.0,0,0
39,39,20105.0,0,0
40,40,20105.0,0,0
41,41,20105.0,0,0
42,42,20105.0,0,0
43,43,20105.0,0,0
44,44,20105.0,0,0
45,45,20105.0,0,0
46,46,20105.0,0,0
47,47,20105.0,0,0
48,48,20105.0,0,0
49,49,20105.0,0,0
50,50,20105.0,0,0
51,51,20105.0,0,0
52,52,20105.0,0,0
53,53,20105.0,0,0
54,54,20105.0,0,0
55,55,20105.0,0,0
56,56,20105.0,0,0
57,57,20105.0,0,0
58,58,20105.0,0,0
59,59,20105.0,0,0
60,60,20105.0,0,0
61,61,20105.0,0,0
62,62,20105.0,0,0
63,63,20105.0,0,0
64,64,20105.0,0,0
65,65,20105.0,0,0
66,66,20105.0,0,0
67,67,20105.0,0,0
68,68,20105.0,0,0
69,69,20105.0,0,0
70,70,20105.0,0,0
71,71,20105.0,0,0
72,72,20105.0,0,0
73,73,20105.0,0,0
74,74,20105.0,0,0
75,75,20105.0,0,0
76,76,20105.0,0,0
77,77,20105.0,0,0
78,78,20105.0,0,0
79,79,20105.0,0,0
80,80,20105.0,0,0
81,81,20105.0,0,0
82,82,20105.0,0,0
83,83,20105.0,0,0
84,84,20105.0,0,0
85,85,20105.0,0,0
86,86,20105.0,0,0
87,87,20105.0,0,0
88,88,20104.0,1,0
89,89,20104.0,1,0
90,90,20104.0,1,0
91,91,20104.0,1,0
92,92,20104.0,1,0
93,93,20104.0,1,0
94,94,20104.0,1,0
95,95,20104.0,1,0
96,96,20104.0,1,0
97,97,20104.0,1,0
98,98,20104.0,1,0
99,99,20104.0,1,0
100,100,20104.0,1,0
101,101,20104.0,1,0
102,102,20104.0,1,0
103,103,20104.0,1,0
104,104,20104.0,1,0
105,105,20104.0,1,0
106,106,20104.0,1,0
107,107,20103.0,2,0
108,108,20103.0,2,0
109,109,20103.0,2,0
110,110,20103.0,2,0
111,111,20103.0,2,0
112,112,20103.0,2,0
113,113,20103.0,2,0
114,114,20103.0,2,0
115,115,20103.0,2,0
116,116,20103.0,2,0
117,117,20103.0,2,0
118,118,20102.0,3,0
119,119,20102.0,3,0
120,120,20102.0,3,0
121,121,20102.0,3,0
122,122,20101.0,4,0
123,123,20101.0,4,0
124,124,20101.0,4,0
125,125,20098.0,7,0
126,126,20098.0,7,0
127,127,20098.0,7,0
128,128,20098.0,7,0
