,Days,S,I,D
0,0,19278.0,0,0
1,1,19278.0,0,0
2,2,19278.0,0,0
3,3,19278.0,0,0
4,4,19278.0,0,0
5,5,19278.0,0,0
6,6,19278.0,0,0
7,7,19278.0,0,0
8,8,19278.0,0,0
9,9,19278.0,0,0
10,10,19278.0,0,0
11,11,19278.0,0,0
12,12,19278.0,0,0
13,13,19278.0,0,0
14,14,19278.0,0,0
15,15,19278.0,0,0
16,16,19278.0,0,0
17,17,19278.0,0,0
18,18,19278.0,0,0
19,19,19278.0,0,0
20,20,19278.0,0,0
21,21,19278.0,0,0
22,22,19278.0,0,0
23,23,19278.0,0,0
24,24,19278.0,0,0
25,25,19278.0,0,0
26,26,19278.0,0,0
27,27,19278.0,0,0
28,28,19278.0,0,0
29,29,19278.0,0,0
30,30,19278.0,0,0
31,31,19278.0,0,0
32,32,19278.0,0,0
33,33,19278.0,0,0
34,34,19278.0,0,0
35,35,19278.0,0,0
36,36,19278.0,0,0
37,37,19278.0,0,0
38,38,19278.0,0,0
39,39,19278.0,0,0
40,40,19278.0,0,0
41,41,19278.0,0,0
42,42,19278.0,0,0
43,43,19278.0,0,0
44,44,19278.0,0,0
45,45,19278.0,0,0
46,46,19278.0,0,0
47,47,19278.0,0,0
48,48,19278.0,0,0
49,49,19278.0,0,0
50,50,19278.0,0,0
51,51,19278.0,0,0
52,52,19278.0,0,0
53,53,19278.0,0,0
54,54,19278.0,0,0
55,55,19278.0,0,0
56,56,19278.0,0,0
57,57,19278.0,0,0
58,58,19278.0,0,0
59,59,19278.0,0,0
60,60,19278.0,0,0
61,61,19278.0,0,0
62,62,19278.0,0,0
63,63,19278.0,0,0
64,64,19277.0,1,0
65,65,19277.0,1,0
66,66,19277.0,1,0
67,67,19277.0,1,0
68,68,19277.0,1,0
69,69,19276.0,2,0
70,70,19275.0,3,0
71,71,19275.0,3,0
72,72,19275.0,3,0
73,73,19275.0,3,0
74,74,19275.0,3,0
75,75,19275.0,3,0
76,76,19275.0,3,0
77,77,19275.0,3,0
78,78,19275.0,3,0
79,79,19275.0,3,0
80,80,19275.0,3,0
81,81,19275.0,3,0
82,82,19275.0,3,0
83,83,19275.0,3,0
84,84,19275.0,3,0
85,85,19275.0,3,0
86,86,19275.0,3,0
87,87,19275.0,3,0
88,88,19275.0,3,0
89,89,19275.0,3,0
90,90,19275.0,3,0
91,91,19275.0,3,0
92,92,19274.0,4,0
93,93,19274.0,4,0
94,94,19274.0,4,0
95,95,19274.0,4,0
96,96,19274.0,4,0
97,97,19274.0,4,0
98,98,19274.0,4,0
99,99,19270.0,8,0
100,100,19270.0,8,0
101,101,19270.0,8,0
102,102,19270.0,8,0
103,103,19270.0,8,0
104,104,19270.0,8,0
105,105,19270.0,8,0
106,106,19270.0,8,0
107,107,19270.0,8,0
108,108,19270.0,8,0
109,109,19270.0,8,0
110,110,19270.0,8,0
111,111,19270.0,8,0
112,112,19270.0,8,0
113,113,19270.0,8,0
114,114,19270.0,8,0
115,115,19270.0,8,0
116,116,19270.0,8,0
117,117,19269.0,9,0
118,118,19269.0,9,0
119,119,19269.0,9,0
120,120,19268.0,10,0
121,121,19268.0,10,0
122,122,19268.0,10,0
123,123,19268.0,10,0
124,124,19268.0,10,0
125,125,19268.0,10,0
126,126,19268.0,10,0
127,127,19268.0,10,0
128,128,19268.0,10,0
