,Days,S,I,D
0,0,42639.0,0,0
1,1,42639.0,0,0
2,2,42639.0,0,0
3,3,42639.0,0,0
4,4,42639.0,0,0
5,5,42639.0,0,0
6,6,42639.0,0,0
7,7,42639.0,0,0
8,8,42639.0,0,0
9,9,42639.0,0,0
10,10,42639.0,0,0
11,11,42639.0,0,0
12,12,42639.0,0,0
13,13,42639.0,0,0
14,14,42639.0,0,0
15,15,42639.0,0,0
16,16,42639.0,0,0
17,17,42639.0,0,0
18,18,42639.0,0,0
19,19,42639.0,0,0
20,20,42639.0,0,0
21,21,42639.0,0,0
22,22,42639.0,0,0
23,23,42639.0,0,0
24,24,42639.0,0,0
25,25,42639.0,0,0
26,26,42639.0,0,0
27,27,42639.0,0,0
28,28,42639.0,0,0
29,29,42639.0,0,0
30,30,42639.0,0,0
31,31,42639.0,0,0
32,32,42639.0,0,0
33,33,42639.0,0,0
34,34,42639.0,0,0
35,35,42639.0,0,0
36,36,42639.0,0,0
37,37,42639.0,0,0
38,38,42639.0,0,0
39,39,42639.0,0,0
40,40,42639.0,0,0
41,41,42639.0,0,0
42,42,42639.0,0,0
43,43,42639.0,0,0
44,44,42639.0,0,0
45,45,42639.0,0,0
46,46,42639.0,0,0
47,47,42639.0,0,0
48,48,42639.0,0,0
49,49,42639.0,0,0
50,50,42639.0,0,0
51,51,42639.0,0,0
52,52,42639.0,0,0
53,53,42639.0,0,0
54,54,42639.0,0,0
55,55,42639.0,0,0
56,56,42639.0,0,0
57,57,42639.0,0,0
58,58,42639.0,0,0
59,59,42639.0,0,0
60,60,42639.0,0,0
61,61,42639.0,0,0
62,62,42639.0,0,0
63,63,42639.0,0,0
64,64,42639.0,0,0
65,65,42639.0,0,0
66,66,42639.0,0,0
67,67,42639.0,0,0
68,68,42639.0,0,0
69,69,42639.0,0,0
70,70,42638.0,1,0
71,71,42638.0,1,0
72,72,42638.0,1,0
73,73,42637.0,2,0
74,74,42637.0,2,0
75,75,42637.0,2,0
76,76,42634.0,5,0
77,77,42633.0,6,0
78,78,42633.0,6,0
79,79,42629.0,10,0
80,80,42626.0,13,0
81,81,42626.0,13,0
82,82,42623.0,16,0
83,83,42623.0,16,0
84,84,42622.0,17,0
85,85,42618.0,21,0
86,86,42617.0,22,0
87,87,42616.0,23,0
88,88,42616.0,23,0
89,89,42615.0,24,0
90,90,42615.0,24,0
91,91,42615.0,24,0
92,92,42614.0,25,0
93,93,42614.0,25,0
94,94,42614.0,25,0
95,95,42614.0,25,0
96,96,42614.0,25,0
97,97,42614.0,25,0
98,98,42614.0,25,0
99,99,42614.0,25,0
100,100,42614.0,25,0
101,101,42613.0,26,0
102,102,42613.0,26,0
103,103,42613.0,26,0
104,104,42613.0,26,0
105,105,42613.0,26,0
106,106,42613.0,26,0
107,107,42613.0,26,0
108,108,42613.0,26,0
109,109,42612.0,27,0
110,110,42612.0,27,0
111,111,42612.0,27,0
112,112,42612.0,27,0
113,113,42612.0,27,0
114,114,42612.0,27,0
115,115,42611.0,28,0
116,116,42611.0,28,0
117,117,42611.0,28,0
118,118,42611.0,28,0
119,119,42611.0,28,0
120,120,42611.0,28,0
121,121,42611.0,28,0
122,122,42611.0,28,0
123,123,42611.0,28,0
124,124,42611.0,28,0
125,125,42611.0,28,0
126,126,42611.0,28,0
127,127,42610.0,29,0
128,128,42607.0,32,0
