,Days,S,I,D
0,0,8313.0,0,0
1,1,8313.0,0,0
2,2,8313.0,0,0
3,3,8313.0,0,0
4,4,8313.0,0,0
5,5,8313.0,0,0
6,6,8313.0,0,0
7,7,8313.0,0,0
8,8,8313.0,0,0
9,9,8313.0,0,0
10,10,8313.0,0,0
11,11,8313.0,0,0
12,12,8313.0,0,0
13,13,8313.0,0,0
14,14,8313.0,0,0
15,15,8313.0,0,0
16,16,8313.0,0,0
17,17,8313.0,0,0
18,18,8313.0,0,0
19,19,8313.0,0,0
20,20,8313.0,0,0
21,21,8313.0,0,0
22,22,8313.0,0,0
23,23,8313.0,0,0
24,24,8313.0,0,0
25,25,8313.0,0,0
26,26,8313.0,0,0
27,27,8313.0,0,0
28,28,8313.0,0,0
29,29,8313.0,0,0
30,30,8313.0,0,0
31,31,8313.0,0,0
32,32,8313.0,0,0
33,33,8313.0,0,0
34,34,8313.0,0,0
35,35,8313.0,0,0
36,36,8313.0,0,0
37,37,8313.0,0,0
38,38,8313.0,0,0
39,39,8313.0,0,0
40,40,8313.0,0,0
41,41,8313.0,0,0
42,42,8313.0,0,0
43,43,8313.0,0,0
44,44,8313.0,0,0
45,45,8313.0,0,0
46,46,8313.0,0,0
47,47,8313.0,0,0
48,48,8313.0,0,0
49,49,8313.0,0,0
50,50,8313.0,0,0
51,51,8313.0,0,0
52,52,8313.0,0,0
53,53,8313.0,0,0
54,54,8313.0,0,0
55,55,8313.0,0,0
56,56,8313.0,0,0
57,57,8313.0,0,0
58,58,8313.0,0,0
59,59,8313.0,0,0
60,60,8313.0,0,0
61,61,8313.0,0,0
62,62,8313.0,0,0
63,63,8313.0,0,0
64,64,8313.0,0,0
65,65,8313.0,0,0
66,66,8313.0,0,0
67,67,8313.0,0,0
68,68,8313.0,0,0
69,69,8313.0,0,0
70,70,8313.0,0,0
71,71,8313.0,0,0
72,72,8313.0,0,0
73,73,8313.0,0,0
74,74,8313.0,0,0
75,75,8313.0,0,0
76,76,8313.0,0,0
77,77,8313.0,0,0
78,78,8313.0,0,0
79,79,8313.0,0,0
80,80,8313.0,0,0
81,81,8313.0,0,0
82,82,8313.0,0,0
83,83,8313.0,0,0
84,84,8312.0,1,0
85,85,8311.0,2,0
86,86,8311.0,2,0
87,87,8311.0,2,0
88,88,8311.0,2,0
89,89,8311.0,2,0
90,90,8311.0,2,0
91,91,8311.0,2,0
92,92,8311.0,2,0
93,93,8311.0,2,0
94,94,8311.0,2,0
95,95,8311.0,2,0
96,96,8311.0,2,0
97,97,8311.0,2,0
98,98,8311.0,2,0
99,99,8311.0,2,0
100,100,8311.0,2,0
101,101,8310.0,3,0
102,102,8310.0,3,0
103,103,8310.0,3,0
104,104,8310.0,3,0
105,105,8310.0,3,0
106,106,8310.0,3,0
107,107,8310.0,3,0
108,108,8310.0,3,0
109,109,8310.0,3,0
110,110,8310.0,3,0
111,111,8310.0,3,0
112,112,8310.0,3,0
113,113,8310.0,3,0
114,114,8310.0,3,0
115,115,8310.0,3,0
116,116,8310.0,3,0
117,117,8310.0,3,0
118,118,8310.0,3,0
119,119,8310.0,3,0
120,120,8310.0,3,0
121,121,8309.0,4,0
122,122,8309.0,4,0
123,123,8309.0,4,0
124,124,8309.0,4,0
125,125,8309.0,4,0
126,126,8309.0,4,0
127,127,8309.0,4,0
128,128,8309.0,4,0
