,Days,S,I,D
0,0,20470.0,0,0
1,1,20470.0,0,0
2,2,20470.0,0,0
3,3,20470.0,0,0
4,4,20470.0,0,0
5,5,20470.0,0,0
6,6,20470.0,0,0
7,7,20470.0,0,0
8,8,20470.0,0,0
9,9,20470.0,0,0
10,10,20470.0,0,0
11,11,20470.0,0,0
12,12,20470.0,0,0
13,13,20470.0,0,0
14,14,20470.0,0,0
15,15,20470.0,0,0
16,16,20470.0,0,0
17,17,20470.0,0,0
18,18,20470.0,0,0
19,19,20470.0,0,0
20,20,20470.0,0,0
21,21,20470.0,0,0
22,22,20470.0,0,0
23,23,20470.0,0,0
24,24,20470.0,0,0
25,25,20470.0,0,0
26,26,20470.0,0,0
27,27,20470.0,0,0
28,28,20470.0,0,0
29,29,20470.0,0,0
30,30,20470.0,0,0
31,31,20470.0,0,0
32,32,20470.0,0,0
33,33,20470.0,0,0
34,34,20470.0,0,0
35,35,20470.0,0,0
36,36,20470.0,0,0
37,37,20470.0,0,0
38,38,20470.0,0,0
39,39,20470.0,0,0
40,40,20470.0,0,0
41,41,20470.0,0,0
42,42,20470.0,0,0
43,43,20470.0,0,0
44,44,20470.0,0,0
45,45,20470.0,0,0
46,46,20470.0,0,0
47,47,20470.0,0,0
48,48,20470.0,0,0
49,49,20470.0,0,0
50,50,20470.0,0,0
51,51,20470.0,0,0
52,52,20470.0,0,0
53,53,20470.0,0,0
54,54,20470.0,0,0
55,55,20470.0,0,0
56,56,20470.0,0,0
57,57,20470.0,0,0
58,58,20470.0,0,0
59,59,20470.0,0,0
60,60,20470.0,0,0
61,61,20469.0,1,0
62,62,20469.0,1,0
63,63,20469.0,1,0
64,64,20469.0,1,0
65,65,20469.0,1,0
66,66,20469.0,1,0
67,67,20469.0,1,0
68,68,20466.0,4,0
69,69,20466.0,4,0
70,70,20465.0,5,0
71,71,20464.0,6,0
72,72,20463.0,7,0
73,73,20463.0,7,0
74,74,20463.0,7,0
75,75,20462.0,8,0
76,76,20462.0,8,0
77,77,20459.0,11,0
78,78,20461.0,9,0
79,79,20460.0,10,0
80,80,20459.0,11,0
81,81,20459.0,11,0
82,82,20459.0,11,0
83,83,20459.0,11,0
84,84,20459.0,11,0
85,85,20459.0,11,0
86,86,20459.0,11,0
87,87,20459.0,11,0
88,88,20459.0,11,0
89,89,20459.0,11,0
90,90,20459.0,11,0
91,91,20459.0,11,0
92,92,20459.0,11,0
93,93,20459.0,11,0
94,94,20459.0,11,0
95,95,20459.0,11,0
96,96,20459.0,11,0
97,97,20459.0,11,0
98,98,20459.0,11,0
99,99,20459.0,11,0
100,100,20459.0,11,0
101,101,20459.0,11,0
102,102,20459.0,11,0
103,103,20459.0,11,0
104,104,20459.0,11,0
105,105,20457.0,13,0
106,106,20457.0,13,0
107,107,20456.0,14,0
108,108,20456.0,14,0
109,109,20456.0,14,0
110,110,20456.0,14,0
111,111,20456.0,14,0
112,112,20456.0,14,0
113,113,20456.0,14,0
114,114,20456.0,14,0
115,115,20456.0,14,0
116,116,20454.0,16,0
117,117,20454.0,16,0
118,118,20454.0,16,0
119,119,20454.0,16,0
120,120,20454.0,16,0
121,121,20454.0,16,0
122,122,20453.0,17,0
123,123,20452.0,18,0
124,124,20452.0,18,0
125,125,20452.0,18,0
126,126,20452.0,18,0
127,127,20452.0,18,0
128,128,20452.0,18,0
