,Days,S,I,D
0,0,14165.0,0,0
1,1,14165.0,0,0
2,2,14165.0,0,0
3,3,14165.0,0,0
4,4,14165.0,0,0
5,5,14165.0,0,0
6,6,14165.0,0,0
7,7,14165.0,0,0
8,8,14165.0,0,0
9,9,14165.0,0,0
10,10,14165.0,0,0
11,11,14165.0,0,0
12,12,14165.0,0,0
13,13,14165.0,0,0
14,14,14165.0,0,0
15,15,14165.0,0,0
16,16,14165.0,0,0
17,17,14165.0,0,0
18,18,14165.0,0,0
19,19,14165.0,0,0
20,20,14165.0,0,0
21,21,14165.0,0,0
22,22,14165.0,0,0
23,23,14165.0,0,0
24,24,14165.0,0,0
25,25,14165.0,0,0
26,26,14165.0,0,0
27,27,14165.0,0,0
28,28,14165.0,0,0
29,29,14165.0,0,0
30,30,14165.0,0,0
31,31,14165.0,0,0
32,32,14165.0,0,0
33,33,14165.0,0,0
34,34,14165.0,0,0
35,35,14165.0,0,0
36,36,14165.0,0,0
37,37,14165.0,0,0
38,38,14165.0,0,0
39,39,14165.0,0,0
40,40,14165.0,0,0
41,41,14165.0,0,0
42,42,14165.0,0,0
43,43,14165.0,0,0
44,44,14165.0,0,0
45,45,14165.0,0,0
46,46,14165.0,0,0
47,47,14165.0,0,0
48,48,14165.0,0,0
49,49,14165.0,0,0
50,50,14165.0,0,0
51,51,14165.0,0,0
52,52,14165.0,0,0
53,53,14165.0,0,0
54,54,14165.0,0,0
55,55,14165.0,0,0
56,56,14165.0,0,0
57,57,14165.0,0,0
58,58,14165.0,0,0
59,59,14165.0,0,0
60,60,14165.0,0,0
61,61,14165.0,0,0
62,62,14165.0,0,0
63,63,14165.0,0,0
64,64,14165.0,0,0
65,65,14165.0,0,0
66,66,14165.0,0,0
67,67,14165.0,0,0
68,68,14162.0,3,0
69,69,14162.0,3,0
70,70,14162.0,3,0
71,71,14162.0,3,0
72,72,14161.0,4,0
73,73,14161.0,4,0
74,74,14161.0,4,0
75,75,14161.0,4,0
76,76,14158.0,7,0
77,77,14157.0,8,0
78,78,14160.0,5,0
79,79,14160.0,5,0
80,80,14160.0,5,0
81,81,14160.0,5,0
82,82,14160.0,5,0
83,83,14160.0,5,0
84,84,14160.0,5,0
85,85,14160.0,5,0
86,86,14160.0,5,0
87,87,14160.0,5,0
88,88,14160.0,5,0
89,89,14160.0,5,0
90,90,14160.0,5,0
91,91,14160.0,5,0
92,92,14160.0,5,0
93,93,14160.0,5,0
94,94,14160.0,5,0
95,95,14160.0,5,0
96,96,14160.0,5,0
97,97,14160.0,5,0
98,98,14160.0,5,0
99,99,14160.0,5,0
100,100,14160.0,5,0
101,101,14160.0,5,0
102,102,14160.0,5,0
103,103,14160.0,5,0
104,104,14160.0,5,0
105,105,14158.0,7,0
106,106,14156.0,9,0
107,107,14156.0,9,0
108,108,14156.0,9,0
109,109,14156.0,9,0
110,110,14156.0,9,0
111,111,14156.0,9,0
112,112,14156.0,9,0
113,113,14156.0,9,0
114,114,14156.0,9,0
115,115,14156.0,9,0
116,116,14156.0,9,0
117,117,14156.0,9,0
118,118,14156.0,9,0
119,119,14156.0,9,0
120,120,14156.0,9,0
121,121,14156.0,9,0
122,122,14156.0,9,0
123,123,14156.0,9,0
124,124,14156.0,9,0
125,125,14156.0,9,0
126,126,14156.0,9,0
127,127,14156.0,9,0
128,128,14156.0,9,0
