,Days,S,I,D
0,0,24087.0,0,0
1,1,24087.0,0,0
2,2,24087.0,0,0
3,3,24087.0,0,0
4,4,24087.0,0,0
5,5,24087.0,0,0
6,6,24087.0,0,0
7,7,24087.0,0,0
8,8,24087.0,0,0
9,9,24087.0,0,0
10,10,24087.0,0,0
11,11,24087.0,0,0
12,12,24087.0,0,0
13,13,24087.0,0,0
14,14,24087.0,0,0
15,15,24087.0,0,0
16,16,24087.0,0,0
17,17,24087.0,0,0
18,18,24087.0,0,0
19,19,24087.0,0,0
20,20,24087.0,0,0
21,21,24087.0,0,0
22,22,24087.0,0,0
23,23,24087.0,0,0
24,24,24087.0,0,0
25,25,24087.0,0,0
26,26,24087.0,0,0
27,27,24087.0,0,0
28,28,24087.0,0,0
29,29,24087.0,0,0
30,30,24087.0,0,0
31,31,24087.0,0,0
32,32,24087.0,0,0
33,33,24087.0,0,0
34,34,24087.0,0,0
35,35,24087.0,0,0
36,36,24087.0,0,0
37,37,24087.0,0,0
38,38,24087.0,0,0
39,39,24087.0,0,0
40,40,24087.0,0,0
41,41,24087.0,0,0
42,42,24087.0,0,0
43,43,24087.0,0,0
44,44,24087.0,0,0
45,45,24087.0,0,0
46,46,24087.0,0,0
47,47,24087.0,0,0
48,48,24087.0,0,0
49,49,24087.0,0,0
50,50,24087.0,0,0
51,51,24087.0,0,0
52,52,24087.0,0,0
53,53,24087.0,0,0
54,54,24087.0,0,0
55,55,24087.0,0,0
56,56,24087.0,0,0
57,57,24087.0,0,0
58,58,24087.0,0,0
59,59,24087.0,0,0
60,60,24087.0,0,0
61,61,24087.0,0,0
62,62,24087.0,0,0
63,63,24087.0,0,0
64,64,24087.0,0,0
65,65,24087.0,0,0
66,66,24087.0,0,0
67,67,24087.0,0,0
68,68,24087.0,0,0
69,69,24087.0,0,0
70,70,24087.0,0,0
71,71,24087.0,0,0
72,72,24087.0,0,0
73,73,24087.0,0,0
74,74,24082.0,5,0
75,75,24081.0,6,0
76,76,24081.0,6,0
77,77,24080.0,7,0
78,78,24080.0,7,0
79,79,24079.0,8,0
80,80,24079.0,8,0
81,81,24079.0,8,0
82,82,24079.0,8,0
83,83,24079.0,8,0
84,84,24080.0,7,0
85,85,24078.0,9,0
86,86,24078.0,9,0
87,87,24074.0,13,0
88,88,24070.0,17,0
89,89,24070.0,17,0
90,90,24070.0,17,0
91,91,24062.0,25,0
92,92,24061.0,26,0
93,93,24053.0,34,0
94,94,24049.0,38,0
95,95,24049.0,38,0
96,96,24049.0,38,0
97,97,24048.0,39,0
98,98,24048.0,39,0
99,99,24048.0,39,0
100,100,24038.0,49,0
101,101,24038.0,49,0
102,102,24036.0,51,0
103,103,24034.0,53,0
104,104,24025.0,62,0
105,105,24025.0,62,0
106,106,24022.0,65,0
107,107,24022.0,65,0
108,108,24019.0,68,0
109,109,24019.0,68,0
110,110,24015.0,72,0
111,111,24014.0,73,0
112,112,24010.0,77,0
113,113,24002.0,85,0
114,114,23979.0,108,0
115,115,23974.0,113,0
116,116,23974.0,113,0
117,117,23971.0,116,0
118,118,23970.0,117,0
119,119,23970.0,117,0
120,120,23970.0,117,0
121,121,23970.0,117,0
122,122,23967.0,120,0
123,123,23967.0,120,0
124,124,23967.0,120,0
125,125,23959.0,128,0
126,126,23949.0,138,0
127,127,23946.0,141,0
128,128,23946.0,141,0
