,Days,S,I,D
0,0,17408.0,0,0
1,1,17408.0,0,0
2,2,17408.0,0,0
3,3,17408.0,0,0
4,4,17408.0,0,0
5,5,17408.0,0,0
6,6,17408.0,0,0
7,7,17408.0,0,0
8,8,17408.0,0,0
9,9,17408.0,0,0
10,10,17408.0,0,0
11,11,17408.0,0,0
12,12,17408.0,0,0
13,13,17408.0,0,0
14,14,17408.0,0,0
15,15,17408.0,0,0
16,16,17408.0,0,0
17,17,17408.0,0,0
18,18,17408.0,0,0
19,19,17408.0,0,0
20,20,17408.0,0,0
21,21,17408.0,0,0
22,22,17408.0,0,0
23,23,17408.0,0,0
24,24,17408.0,0,0
25,25,17408.0,0,0
26,26,17408.0,0,0
27,27,17408.0,0,0
28,28,17408.0,0,0
29,29,17408.0,0,0
30,30,17408.0,0,0
31,31,17408.0,0,0
32,32,17408.0,0,0
33,33,17408.0,0,0
34,34,17408.0,0,0
35,35,17408.0,0,0
36,36,17408.0,0,0
37,37,17408.0,0,0
38,38,17408.0,0,0
39,39,17408.0,0,0
40,40,17408.0,0,0
41,41,17408.0,0,0
42,42,17408.0,0,0
43,43,17408.0,0,0
44,44,17408.0,0,0
45,45,17408.0,0,0
46,46,17408.0,0,0
47,47,17408.0,0,0
48,48,17408.0,0,0
49,49,17408.0,0,0
50,50,17408.0,0,0
51,51,17408.0,0,0
52,52,17408.0,0,0
53,53,17408.0,0,0
54,54,17408.0,0,0
55,55,17408.0,0,0
56,56,17408.0,0,0
57,57,17408.0,0,0
58,58,17408.0,0,0
59,59,17408.0,0,0
60,60,17408.0,0,0
61,61,17408.0,0,0
62,62,17408.0,0,0
63,63,17406.0,2,0
64,64,17406.0,2,0
65,65,17406.0,2,0
66,66,17406.0,2,0
67,67,17406.0,2,0
68,68,17406.0,2,0
69,69,17406.0,2,0
70,70,17406.0,2,0
71,71,17406.0,2,0
72,72,17406.0,2,0
73,73,17406.0,2,0
74,74,17406.0,2,0
75,75,17406.0,2,0
76,76,17406.0,2,0
77,77,17406.0,2,0
78,78,17403.0,5,0
79,79,17401.0,7,0
80,80,17401.0,7,0
81,81,17401.0,7,0
82,82,17401.0,7,0
83,83,17399.0,9,0
84,84,17399.0,9,0
85,85,17399.0,9,0
86,86,17399.0,9,0
87,87,17399.0,9,0
88,88,17398.0,10,0
89,89,17398.0,10,0
90,90,17398.0,10,0
91,91,17397.0,11,0
92,92,17397.0,11,0
93,93,17397.0,11,0
94,94,17397.0,11,0
95,95,17397.0,11,0
96,96,17397.0,11,0
97,97,17397.0,11,0
98,98,17397.0,11,0
99,99,17397.0,11,0
100,100,17397.0,11,0
101,101,17397.0,11,0
102,102,17397.0,11,0
103,103,17397.0,11,0
104,104,17397.0,11,0
105,105,17397.0,11,0
106,106,17397.0,11,0
107,107,17397.0,11,0
108,108,17396.0,12,0
109,109,17396.0,12,0
110,110,17395.0,13,0
111,111,17395.0,13,0
112,112,17395.0,13,0
113,113,17395.0,13,0
114,114,17395.0,13,0
115,115,17395.0,13,0
116,116,17395.0,13,0
117,117,17395.0,13,0
118,118,17395.0,13,0
119,119,17395.0,13,0
120,120,17395.0,13,0
121,121,17395.0,13,0
122,122,17395.0,13,0
123,123,17395.0,13,0
124,124,17395.0,13,0
125,125,17395.0,13,0
126,126,17395.0,13,0
127,127,17395.0,13,0
128,128,17395.0,13,0
