,Days,S,I,D
0,0,11323.0,0,0
1,1,11323.0,0,0
2,2,11323.0,0,0
3,3,11323.0,0,0
4,4,11323.0,0,0
5,5,11323.0,0,0
6,6,11323.0,0,0
7,7,11323.0,0,0
8,8,11323.0,0,0
9,9,11323.0,0,0
10,10,11323.0,0,0
11,11,11323.0,0,0
12,12,11323.0,0,0
13,13,11323.0,0,0
14,14,11323.0,0,0
15,15,11323.0,0,0
16,16,11323.0,0,0
17,17,11323.0,0,0
18,18,11323.0,0,0
19,19,11323.0,0,0
20,20,11323.0,0,0
21,21,11323.0,0,0
22,22,11323.0,0,0
23,23,11323.0,0,0
24,24,11323.0,0,0
25,25,11323.0,0,0
26,26,11323.0,0,0
27,27,11323.0,0,0
28,28,11323.0,0,0
29,29,11323.0,0,0
30,30,11323.0,0,0
31,31,11323.0,0,0
32,32,11323.0,0,0
33,33,11323.0,0,0
34,34,11323.0,0,0
35,35,11323.0,0,0
36,36,11323.0,0,0
37,37,11323.0,0,0
38,38,11323.0,0,0
39,39,11323.0,0,0
40,40,11323.0,0,0
41,41,11323.0,0,0
42,42,11323.0,0,0
43,43,11323.0,0,0
44,44,11323.0,0,0
45,45,11323.0,0,0
46,46,11323.0,0,0
47,47,11323.0,0,0
48,48,11323.0,0,0
49,49,11323.0,0,0
50,50,11323.0,0,0
51,51,11323.0,0,0
52,52,11323.0,0,0
53,53,11323.0,0,0
54,54,11323.0,0,0
55,55,11323.0,0,0
56,56,11323.0,0,0
57,57,11323.0,0,0
58,58,11323.0,0,0
59,59,11323.0,0,0
60,60,11323.0,0,0
61,61,11323.0,0,0
62,62,11322.0,1,0
63,63,11322.0,1,0
64,64,11322.0,1,0
65,65,11322.0,1,0
66,66,11322.0,1,0
67,67,11322.0,1,0
68,68,11322.0,1,0
69,69,11322.0,1,0
70,70,11322.0,1,0
71,71,11322.0,1,0
72,72,11322.0,1,0
73,73,11322.0,1,0
74,74,11322.0,1,0
75,75,11322.0,1,0
76,76,11322.0,1,0
77,77,11322.0,1,0
78,78,11322.0,1,0
79,79,11322.0,1,0
80,80,11322.0,1,0
81,81,11322.0,1,0
82,82,11322.0,1,0
83,83,11322.0,1,0
84,84,11322.0,1,0
85,85,11321.0,2,0
86,86,11321.0,2,0
87,87,11321.0,2,0
88,88,11321.0,2,0
89,89,11321.0,2,0
90,90,11320.0,3,0
91,91,11320.0,3,0
92,92,11320.0,3,0
93,93,11320.0,3,0
94,94,11320.0,3,0
95,95,11320.0,3,0
96,96,11320.0,3,0
97,97,11320.0,3,0
98,98,11320.0,3,0
99,99,11320.0,3,0
100,100,11320.0,3,0
101,101,11320.0,3,0
102,102,11320.0,3,0
103,103,11320.0,3,0
104,104,11320.0,3,0
105,105,11320.0,3,0
106,106,11320.0,3,0
107,107,11320.0,3,0
108,108,11320.0,3,0
109,109,11320.0,3,0
110,110,11320.0,3,0
111,111,11320.0,3,0
112,112,11320.0,3,0
113,113,11320.0,3,0
114,114,11320.0,3,0
115,115,11320.0,3,0
116,116,11320.0,3,0
117,117,11320.0,3,0
118,118,11320.0,3,0
119,119,11320.0,3,0
120,120,11320.0,3,0
121,121,11320.0,3,0
122,122,11320.0,3,0
123,123,11320.0,3,0
124,124,11320.0,3,0
125,125,11320.0,3,0
126,126,11320.0,3,0
127,127,11320.0,3,0
128,128,11320.0,3,0
