,Days,S,I,D
0,0,6451.0,0,0
1,1,6451.0,0,0
2,2,6451.0,0,0
3,3,6451.0,0,0
4,4,6451.0,0,0
5,5,6451.0,0,0
6,6,6451.0,0,0
7,7,6451.0,0,0
8,8,6451.0,0,0
9,9,6451.0,0,0
10,10,6451.0,0,0
11,11,6451.0,0,0
12,12,6451.0,0,0
13,13,6451.0,0,0
14,14,6451.0,0,0
15,15,6451.0,0,0
16,16,6451.0,0,0
17,17,6451.0,0,0
18,18,6451.0,0,0
19,19,6451.0,0,0
20,20,6451.0,0,0
21,21,6451.0,0,0
22,22,6451.0,0,0
23,23,6451.0,0,0
24,24,6451.0,0,0
25,25,6451.0,0,0
26,26,6451.0,0,0
27,27,6451.0,0,0
28,28,6451.0,0,0
29,29,6451.0,0,0
30,30,6451.0,0,0
31,31,6451.0,0,0
32,32,6451.0,0,0
33,33,6451.0,0,0
34,34,6451.0,0,0
35,35,6451.0,0,0
36,36,6451.0,0,0
37,37,6451.0,0,0
38,38,6451.0,0,0
39,39,6451.0,0,0
40,40,6451.0,0,0
41,41,6451.0,0,0
42,42,6451.0,0,0
43,43,6451.0,0,0
44,44,6451.0,0,0
45,45,6451.0,0,0
46,46,6451.0,0,0
47,47,6451.0,0,0
48,48,6451.0,0,0
49,49,6451.0,0,0
50,50,6451.0,0,0
51,51,6451.0,0,0
52,52,6451.0,0,0
53,53,6451.0,0,0
54,54,6451.0,0,0
55,55,6451.0,0,0
56,56,6451.0,0,0
57,57,6451.0,0,0
58,58,6451.0,0,0
59,59,6451.0,0,0
60,60,6451.0,0,0
61,61,6451.0,0,0
62,62,6451.0,0,0
63,63,6451.0,0,0
64,64,6451.0,0,0
65,65,6451.0,0,0
66,66,6451.0,0,0
67,67,6451.0,0,0
68,68,6451.0,0,0
69,69,6451.0,0,0
70,70,6451.0,0,0
71,71,6451.0,0,0
72,72,6451.0,0,0
73,73,6451.0,0,0
74,74,6451.0,0,0
75,75,6451.0,0,0
76,76,6451.0,0,0
77,77,6451.0,0,0
78,78,6451.0,0,0
79,79,6451.0,0,0
80,80,6451.0,0,0
81,81,6451.0,0,0
82,82,6451.0,0,0
83,83,6451.0,0,0
84,84,6451.0,0,0
85,85,6451.0,0,0
86,86,6451.0,0,0
87,87,6451.0,0,0
88,88,6451.0,0,0
89,89,6451.0,0,0
90,90,6451.0,0,0
91,91,6451.0,0,0
92,92,6451.0,0,0
93,93,6451.0,0,0
94,94,6451.0,0,0
95,95,6451.0,0,0
96,96,6451.0,0,0
97,97,6448.0,3,0
98,98,6448.0,3,0
99,99,6448.0,3,0
100,100,6448.0,3,0
101,101,6448.0,3,0
102,102,6448.0,3,0
103,103,6448.0,3,0
104,104,6448.0,3,0
105,105,6448.0,3,0
106,106,6448.0,3,0
107,107,6448.0,3,0
108,108,6448.0,3,0
109,109,6448.0,3,0
110,110,6448.0,3,0
111,111,6448.0,3,0
112,112,6448.0,3,0
113,113,6448.0,3,0
114,114,6448.0,3,0
115,115,6448.0,3,0
116,116,6448.0,3,0
117,117,6447.0,4,0
118,118,6447.0,4,0
119,119,6445.0,6,0
120,120,6445.0,6,0
121,121,6443.0,8,0
122,122,6443.0,8,0
123,123,6443.0,8,0
124,124,6443.0,8,0
125,125,6443.0,8,0
126,126,6441.0,10,0
127,127,6441.0,10,0
128,128,6441.0,10,0
