,Days,S,I,D
0,0,33700.0,0,0
1,1,33700.0,0,0
2,2,33700.0,0,0
3,3,33700.0,0,0
4,4,33700.0,0,0
5,5,33700.0,0,0
6,6,33700.0,0,0
7,7,33700.0,0,0
8,8,33700.0,0,0
9,9,33700.0,0,0
10,10,33700.0,0,0
11,11,33700.0,0,0
12,12,33700.0,0,0
13,13,33700.0,0,0
14,14,33700.0,0,0
15,15,33700.0,0,0
16,16,33700.0,0,0
17,17,33700.0,0,0
18,18,33700.0,0,0
19,19,33700.0,0,0
20,20,33700.0,0,0
21,21,33700.0,0,0
22,22,33700.0,0,0
23,23,33700.0,0,0
24,24,33700.0,0,0
25,25,33700.0,0,0
26,26,33700.0,0,0
27,27,33700.0,0,0
28,28,33700.0,0,0
29,29,33700.0,0,0
30,30,33700.0,0,0
31,31,33700.0,0,0
32,32,33700.0,0,0
33,33,33700.0,0,0
34,34,33700.0,0,0
35,35,33700.0,0,0
36,36,33700.0,0,0
37,37,33700.0,0,0
38,38,33700.0,0,0
39,39,33700.0,0,0
40,40,33700.0,0,0
41,41,33700.0,0,0
42,42,33700.0,0,0
43,43,33700.0,0,0
44,44,33700.0,0,0
45,45,33700.0,0,0
46,46,33700.0,0,0
47,47,33700.0,0,0
48,48,33700.0,0,0
49,49,33700.0,0,0
50,50,33700.0,0,0
51,51,33700.0,0,0
52,52,33700.0,0,0
53,53,33700.0,0,0
54,54,33700.0,0,0
55,55,33700.0,0,0
56,56,33700.0,0,0
57,57,33700.0,0,0
58,58,33699.0,1,0
59,59,33699.0,1,0
60,60,33699.0,1,0
61,61,33695.0,4,1
62,62,33694.0,5,1
63,63,33694.0,5,1
64,64,33694.0,5,1
65,65,33693.0,6,1
66,66,33692.0,7,1
67,67,33683.0,16,1
68,68,33681.0,18,1
69,69,33674.0,25,1
70,70,33671.0,28,1
71,71,33668.0,31,1
72,72,33665.0,34,1
73,73,33654.0,45,1
74,74,33644.0,54,2
75,75,33640.0,58,2
76,76,33630.0,68,2
77,77,33625.0,72,3
78,78,33622.0,75,3
79,79,33617.0,80,3
80,80,33617.0,80,3
81,81,33611.0,85,4
82,82,33610.0,86,4
83,83,33605.0,89,6
84,84,33604.0,90,6
85,85,33596.0,98,6
86,86,33588.0,106,6
87,87,33585.0,109,6
88,88,33582.0,112,6
89,89,33573.0,120,7
90,90,33566.0,126,8
91,91,33553.0,138,9
92,92,33540.0,151,9
93,93,33528.0,163,9
94,94,33519.0,172,9
95,95,33519.0,172,9
96,96,33503.0,185,12
97,97,33492.0,194,14
98,98,33482.0,201,17
99,99,33472.0,210,18
100,100,33465.0,214,21
101,101,33461.0,218,21
102,102,33449.0,229,22
103,103,33444.0,232,24
104,104,33439.0,237,24
105,105,33428.0,248,24
106,106,33423.0,253,24
107,107,33417.0,258,25
108,108,33412.0,262,26
109,109,33411.0,263,26
110,110,33408.0,265,27
111,111,33407.0,266,27
112,112,33405.0,266,29
113,113,33403.0,266,31
114,114,33394.0,274,32
115,115,33394.0,274,32
116,116,33382.0,286,32
117,117,33378.0,288,34
118,118,33378.0,288,34
119,119,33377.0,288,35
120,120,33376.0,288,36
121,121,33375.0,289,36
122,122,33374.0,289,37
123,123,33369.0,293,38
124,124,33369.0,293,38
125,125,33368.0,294,38
126,126,33367.0,295,38
127,127,33366.0,296,38
128,128,33366.0,296,38
