,Days,S,I,D
0,0,874759.0,0,0
1,1,874759.0,0,0
2,2,874759.0,0,0
3,3,874759.0,0,0
4,4,874759.0,0,0
5,5,874759.0,0,0
6,6,874759.0,0,0
7,7,874759.0,0,0
8,8,874759.0,0,0
9,9,874759.0,0,0
10,10,874759.0,0,0
11,11,874759.0,0,0
12,12,874759.0,0,0
13,13,874759.0,0,0
14,14,874759.0,0,0
15,15,874759.0,0,0
16,16,874759.0,0,0
17,17,874759.0,0,0
18,18,874759.0,0,0
19,19,874759.0,0,0
20,20,874759.0,0,0
21,21,874759.0,0,0
22,22,874759.0,0,0
23,23,874759.0,0,0
24,24,874759.0,0,0
25,25,874759.0,0,0
26,26,874759.0,0,0
27,27,874759.0,0,0
28,28,874759.0,0,0
29,29,874759.0,0,0
30,30,874759.0,0,0
31,31,874759.0,0,0
32,32,874759.0,0,0
33,33,874759.0,0,0
34,34,874759.0,0,0
35,35,874759.0,0,0
36,36,874759.0,0,0
37,37,874759.0,0,0
38,38,874759.0,0,0
39,39,874759.0,0,0
40,40,874759.0,0,0
41,41,874759.0,0,0
42,42,874759.0,0,0
43,43,874759.0,0,0
44,44,874759.0,0,0
45,45,874759.0,0,0
46,46,874759.0,0,0
47,47,874759.0,0,0
48,48,874759.0,0,0
49,49,874759.0,0,0
50,50,874759.0,0,0
51,51,874758.0,1,0
52,52,874757.0,2,0
53,53,874754.0,5,0
54,54,874753.0,6,0
55,55,874751.0,8,0
56,56,874749.0,10,0
57,57,874704.0,55,0
58,58,874673.0,86,0
59,59,874658.0,101,0
60,60,874619.0,140,0
61,61,874582.0,175,2
62,62,874531.0,225,3
63,63,874471.0,281,7
64,64,874401.0,347,11
65,65,874341.0,404,14
66,66,874208.0,534,17
67,67,874119.0,620,20
68,68,874004.0,728,27
69,69,873868.0,853,38
70,70,873620.0,1088,51
71,71,873369.0,1332,58
72,72,873134.0,1560,65
73,73,872843.0,1838,78
74,74,872673.0,2003,83
75,75,872500.0,2159,100
76,76,872224.0,2414,121
77,77,871992.0,2626,141
78,78,871811.0,2783,165
79,79,871589.0,2973,197
80,80,871386.0,3164,209
81,81,871288.0,3254,217
82,82,871124.0,3418,217
83,83,870846.0,3620,293
84,84,870637.0,3792,330
85,85,870413.0,3992,354
86,86,870241.0,4145,373
87,87,870124.0,4251,384
88,88,870008.0,4360,391
89,89,869931.0,4425,403
90,90,869770.0,4544,445
91,91,869658.0,4628,473
92,92,869404.0,4862,493
93,93,869233.0,5022,504
94,94,869103.0,5139,517
95,95,869036.0,5203,520
96,96,868987.0,5245,527
97,97,868848.0,5339,572
98,98,868732.0,5430,597
99,99,868643.0,5513,603
100,100,868522.0,5623,614
101,101,868468.0,5666,625
102,102,868395.0,5736,628
103,103,868380.0,5736,643
104,104,868323.0,5789,647
105,105,868265.0,5832,662
106,106,868205.0,5876,678
107,107,868114.0,5963,682
108,108,868043.0,6019,697
109,109,868019.0,6042,698
110,110,867996.0,6064,699
111,111,867952.0,6097,710
112,112,867905.0,6137,717
113,113,867799.0,6232,728
114,114,867756.0,6274,729
115,115,867716.0,6304,739
116,116,867674.0,6345,740
117,117,867662.0,6357,740
118,118,867639.0,6367,753
119,119,867604.0,6392,763
120,120,867567.0,6420,772
121,121,867538.0,6445,776
122,122,867499.0,6482,778
123,123,867482.0,6499,778
124,124,867465.0,6516,778
125,125,867452.0,6528,779
126,126,867417.0,6558,784
127,127,867386.0,6586,787
128,128,867350.0,6616,793
