,Days,S,I,D
0,0,13773.0,0,0
1,1,13773.0,0,0
2,2,13773.0,0,0
3,3,13773.0,0,0
4,4,13773.0,0,0
5,5,13773.0,0,0
6,6,13773.0,0,0
7,7,13773.0,0,0
8,8,13773.0,0,0
9,9,13773.0,0,0
10,10,13773.0,0,0
11,11,13773.0,0,0
12,12,13773.0,0,0
13,13,13773.0,0,0
14,14,13773.0,0,0
15,15,13773.0,0,0
16,16,13773.0,0,0
17,17,13773.0,0,0
18,18,13773.0,0,0
19,19,13773.0,0,0
20,20,13773.0,0,0
21,21,13773.0,0,0
22,22,13773.0,0,0
23,23,13773.0,0,0
24,24,13773.0,0,0
25,25,13773.0,0,0
26,26,13773.0,0,0
27,27,13773.0,0,0
28,28,13773.0,0,0
29,29,13773.0,0,0
30,30,13773.0,0,0
31,31,13773.0,0,0
32,32,13773.0,0,0
33,33,13773.0,0,0
34,34,13773.0,0,0
35,35,13773.0,0,0
36,36,13773.0,0,0
37,37,13773.0,0,0
38,38,13773.0,0,0
39,39,13773.0,0,0
40,40,13773.0,0,0
41,41,13773.0,0,0
42,42,13773.0,0,0
43,43,13773.0,0,0
44,44,13773.0,0,0
45,45,13773.0,0,0
46,46,13773.0,0,0
47,47,13773.0,0,0
48,48,13773.0,0,0
49,49,13773.0,0,0
50,50,13773.0,0,0
51,51,13773.0,0,0
52,52,13773.0,0,0
53,53,13773.0,0,0
54,54,13773.0,0,0
55,55,13773.0,0,0
56,56,13773.0,0,0
57,57,13773.0,0,0
58,58,13773.0,0,0
59,59,13773.0,0,0
60,60,13773.0,0,0
61,61,13773.0,0,0
62,62,13773.0,0,0
63,63,13773.0,0,0
64,64,13773.0,0,0
65,65,13773.0,0,0
66,66,13773.0,0,0
67,67,13773.0,0,0
68,68,13773.0,0,0
69,69,13773.0,0,0
70,70,13773.0,0,0
71,71,13773.0,0,0
72,72,13773.0,0,0
73,73,13773.0,0,0
74,74,13773.0,0,0
75,75,13773.0,0,0
76,76,13773.0,0,0
77,77,13773.0,0,0
78,78,13773.0,0,0
79,79,13773.0,0,0
80,80,13773.0,0,0
81,81,13773.0,0,0
82,82,13773.0,0,0
83,83,13773.0,0,0
84,84,13773.0,0,0
85,85,13773.0,0,0
86,86,13773.0,0,0
87,87,13773.0,0,0
88,88,13773.0,0,0
89,89,13773.0,0,0
90,90,13773.0,0,0
91,91,13773.0,0,0
92,92,13773.0,0,0
93,93,13773.0,0,0
94,94,13773.0,0,0
95,95,13773.0,0,0
96,96,13773.0,0,0
97,97,13772.0,1,0
98,98,13772.0,1,0
99,99,13772.0,1,0
100,100,13772.0,1,0
101,101,13772.0,1,0
102,102,13772.0,1,0
103,103,13771.0,2,0
104,104,13770.0,3,0
105,105,13770.0,3,0
106,106,13769.0,4,0
107,107,13769.0,4,0
108,108,13769.0,4,0
109,109,13769.0,4,0
110,110,13769.0,4,0
111,111,13769.0,4,0
112,112,13769.0,4,0
113,113,13769.0,4,0
114,114,13769.0,4,0
115,115,13769.0,4,0
116,116,13768.0,5,0
117,117,13768.0,5,0
118,118,13767.0,6,0
119,119,13767.0,6,0
120,120,13767.0,6,0
121,121,13767.0,6,0
122,122,13767.0,6,0
123,123,13767.0,6,0
124,124,13767.0,6,0
125,125,13765.0,8,0
126,126,13765.0,8,0
127,127,13765.0,8,0
128,128,13765.0,8,0
