,Days,S,I,D
0,0,21645.0,0,0
1,1,21645.0,0,0
2,2,21645.0,0,0
3,3,21645.0,0,0
4,4,21645.0,0,0
5,5,21645.0,0,0
6,6,21645.0,0,0
7,7,21645.0,0,0
8,8,21645.0,0,0
9,9,21645.0,0,0
10,10,21645.0,0,0
11,11,21645.0,0,0
12,12,21645.0,0,0
13,13,21645.0,0,0
14,14,21645.0,0,0
15,15,21645.0,0,0
16,16,21645.0,0,0
17,17,21645.0,0,0
18,18,21645.0,0,0
19,19,21645.0,0,0
20,20,21645.0,0,0
21,21,21645.0,0,0
22,22,21645.0,0,0
23,23,21645.0,0,0
24,24,21645.0,0,0
25,25,21645.0,0,0
26,26,21645.0,0,0
27,27,21645.0,0,0
28,28,21645.0,0,0
29,29,21645.0,0,0
30,30,21645.0,0,0
31,31,21645.0,0,0
32,32,21645.0,0,0
33,33,21645.0,0,0
34,34,21645.0,0,0
35,35,21645.0,0,0
36,36,21645.0,0,0
37,37,21645.0,0,0
38,38,21645.0,0,0
39,39,21645.0,0,0
40,40,21645.0,0,0
41,41,21645.0,0,0
42,42,21645.0,0,0
43,43,21645.0,0,0
44,44,21645.0,0,0
45,45,21645.0,0,0
46,46,21645.0,0,0
47,47,21645.0,0,0
48,48,21645.0,0,0
49,49,21645.0,0,0
50,50,21645.0,0,0
51,51,21645.0,0,0
52,52,21645.0,0,0
53,53,21645.0,0,0
54,54,21645.0,0,0
55,55,21645.0,0,0
56,56,21645.0,0,0
57,57,21645.0,0,0
58,58,21645.0,0,0
59,59,21644.0,1,0
60,60,21644.0,1,0
61,61,21644.0,1,0
62,62,21644.0,1,0
63,63,21642.0,3,0
64,64,21641.0,4,0
65,65,21641.0,4,0
66,66,21641.0,4,0
67,67,21641.0,4,0
68,68,21639.0,6,0
69,69,21639.0,6,0
70,70,21639.0,6,0
71,71,21639.0,6,0
72,72,21639.0,6,0
73,73,21639.0,6,0
74,74,21639.0,6,0
75,75,21639.0,6,0
76,76,21639.0,6,0
77,77,21639.0,6,0
78,78,21639.0,6,0
79,79,21639.0,6,0
80,80,21639.0,6,0
81,81,21639.0,6,0
82,82,21639.0,6,0
83,83,21638.0,7,0
84,84,21638.0,7,0
85,85,21638.0,7,0
86,86,21637.0,8,0
87,87,21637.0,8,0
88,88,21637.0,8,0
89,89,21637.0,8,0
90,90,21637.0,8,0
91,91,21637.0,8,0
92,92,21637.0,8,0
93,93,21637.0,8,0
94,94,21637.0,8,0
95,95,21637.0,8,0
96,96,21637.0,8,0
97,97,21637.0,8,0
98,98,21637.0,8,0
99,99,21637.0,8,0
100,100,21636.0,9,0
101,101,21635.0,10,0
102,102,21635.0,10,0
103,103,21635.0,10,0
104,104,21635.0,10,0
105,105,21635.0,10,0
106,106,21633.0,12,0
107,107,21632.0,13,0
108,108,21632.0,13,0
109,109,21632.0,13,0
110,110,21632.0,13,0
111,111,21632.0,13,0
112,112,21630.0,15,0
113,113,21629.0,16,0
114,114,21629.0,16,0
115,115,21629.0,16,0
116,116,21629.0,16,0
117,117,21629.0,16,0
118,118,21629.0,16,0
119,119,21629.0,16,0
120,120,21629.0,16,0
121,121,21629.0,16,0
122,122,21629.0,16,0
123,123,21629.0,16,0
124,124,21629.0,16,0
125,125,21628.0,17,0
126,126,21628.0,17,0
127,127,21628.0,17,0
128,128,21628.0,17,0
