,Days,S,I,D
0,0,9345.0,0,0
1,1,9345.0,0,0
2,2,9345.0,0,0
3,3,9345.0,0,0
4,4,9345.0,0,0
5,5,9345.0,0,0
6,6,9345.0,0,0
7,7,9345.0,0,0
8,8,9345.0,0,0
9,9,9345.0,0,0
10,10,9345.0,0,0
11,11,9345.0,0,0
12,12,9345.0,0,0
13,13,9345.0,0,0
14,14,9345.0,0,0
15,15,9345.0,0,0
16,16,9345.0,0,0
17,17,9345.0,0,0
18,18,9345.0,0,0
19,19,9345.0,0,0
20,20,9345.0,0,0
21,21,9345.0,0,0
22,22,9345.0,0,0
23,23,9345.0,0,0
24,24,9345.0,0,0
25,25,9345.0,0,0
26,26,9345.0,0,0
27,27,9345.0,0,0
28,28,9345.0,0,0
29,29,9345.0,0,0
30,30,9345.0,0,0
31,31,9345.0,0,0
32,32,9345.0,0,0
33,33,9345.0,0,0
34,34,9345.0,0,0
35,35,9345.0,0,0
36,36,9345.0,0,0
37,37,9345.0,0,0
38,38,9345.0,0,0
39,39,9345.0,0,0
40,40,9345.0,0,0
41,41,9345.0,0,0
42,42,9345.0,0,0
43,43,9345.0,0,0
44,44,9345.0,0,0
45,45,9345.0,0,0
46,46,9345.0,0,0
47,47,9345.0,0,0
48,48,9345.0,0,0
49,49,9345.0,0,0
50,50,9345.0,0,0
51,51,9345.0,0,0
52,52,9345.0,0,0
53,53,9345.0,0,0
54,54,9345.0,0,0
55,55,9345.0,0,0
56,56,9345.0,0,0
57,57,9345.0,0,0
58,58,9345.0,0,0
59,59,9345.0,0,0
60,60,9345.0,0,0
61,61,9345.0,0,0
62,62,9345.0,0,0
63,63,9345.0,0,0
64,64,9345.0,0,0
65,65,9345.0,0,0
66,66,9345.0,0,0
67,67,9345.0,0,0
68,68,9345.0,0,0
69,69,9345.0,0,0
70,70,9345.0,0,0
71,71,9345.0,0,0
72,72,9345.0,0,0
73,73,9345.0,0,0
74,74,9345.0,0,0
75,75,9345.0,0,0
76,76,9344.0,1,0
77,77,9344.0,1,0
78,78,9344.0,1,0
79,79,9344.0,1,0
80,80,9344.0,1,0
81,81,9344.0,1,0
82,82,9344.0,1,0
83,83,9344.0,1,0
84,84,9344.0,1,0
85,85,9344.0,1,0
86,86,9344.0,1,0
87,87,9344.0,1,0
88,88,9344.0,1,0
89,89,9344.0,1,0
90,90,9344.0,1,0
91,91,9344.0,1,0
92,92,9344.0,1,0
93,93,9344.0,1,0
94,94,9344.0,1,0
95,95,9344.0,1,0
96,96,9344.0,1,0
97,97,9343.0,2,0
98,98,9343.0,2,0
99,99,9343.0,2,0
100,100,9343.0,2,0
101,101,9343.0,2,0
102,102,9343.0,2,0
103,103,9343.0,2,0
104,104,9343.0,2,0
105,105,9343.0,2,0
106,106,9343.0,2,0
107,107,9342.0,3,0
108,108,9342.0,3,0
109,109,9340.0,5,0
110,110,9337.0,8,0
111,111,9336.0,9,0
112,112,9335.0,10,0
113,113,9335.0,10,0
114,114,9334.0,11,0
115,115,9333.0,12,0
116,116,9332.0,13,0
117,117,9332.0,13,0
118,118,9332.0,13,0
119,119,9332.0,13,0
120,120,9331.0,14,0
121,121,9330.0,15,0
122,122,9330.0,15,0
123,123,9330.0,15,0
124,124,9329.0,16,0
125,125,9329.0,16,0
126,126,9328.0,17,0
127,127,9328.0,17,0
128,128,9327.0,18,0
