,Days,S,I,D
0,0,10143.0,0,0
1,1,10143.0,0,0
2,2,10143.0,0,0
3,3,10143.0,0,0
4,4,10143.0,0,0
5,5,10143.0,0,0
6,6,10143.0,0,0
7,7,10143.0,0,0
8,8,10143.0,0,0
9,9,10143.0,0,0
10,10,10143.0,0,0
11,11,10143.0,0,0
12,12,10143.0,0,0
13,13,10143.0,0,0
14,14,10143.0,0,0
15,15,10143.0,0,0
16,16,10143.0,0,0
17,17,10143.0,0,0
18,18,10143.0,0,0
19,19,10143.0,0,0
20,20,10143.0,0,0
21,21,10143.0,0,0
22,22,10143.0,0,0
23,23,10143.0,0,0
24,24,10143.0,0,0
25,25,10143.0,0,0
26,26,10143.0,0,0
27,27,10143.0,0,0
28,28,10143.0,0,0
29,29,10143.0,0,0
30,30,10143.0,0,0
31,31,10143.0,0,0
32,32,10143.0,0,0
33,33,10143.0,0,0
34,34,10143.0,0,0
35,35,10143.0,0,0
36,36,10143.0,0,0
37,37,10143.0,0,0
38,38,10143.0,0,0
39,39,10143.0,0,0
40,40,10143.0,0,0
41,41,10143.0,0,0
42,42,10143.0,0,0
43,43,10143.0,0,0
44,44,10143.0,0,0
45,45,10143.0,0,0
46,46,10143.0,0,0
47,47,10143.0,0,0
48,48,10143.0,0,0
49,49,10143.0,0,0
50,50,10143.0,0,0
51,51,10143.0,0,0
52,52,10143.0,0,0
53,53,10143.0,0,0
54,54,10143.0,0,0
55,55,10143.0,0,0
56,56,10143.0,0,0
57,57,10143.0,0,0
58,58,10143.0,0,0
59,59,10143.0,0,0
60,60,10143.0,0,0
61,61,10143.0,0,0
62,62,10143.0,0,0
63,63,10143.0,0,0
64,64,10143.0,0,0
65,65,10143.0,0,0
66,66,10143.0,0,0
67,67,10143.0,0,0
68,68,10143.0,0,0
69,69,10143.0,0,0
70,70,10143.0,0,0
71,71,10143.0,0,0
72,72,10143.0,0,0
73,73,10143.0,0,0
74,74,10142.0,1,0
75,75,10142.0,1,0
76,76,10142.0,1,0
77,77,10142.0,1,0
78,78,10142.0,1,0
79,79,10142.0,1,0
80,80,10142.0,1,0
81,81,10141.0,2,0
82,82,10141.0,2,0
83,83,10141.0,2,0
84,84,10141.0,2,0
85,85,10141.0,2,0
86,86,10141.0,2,0
87,87,10141.0,2,0
88,88,10141.0,2,0
89,89,10141.0,2,0
90,90,10141.0,2,0
91,91,10141.0,2,0
92,92,10141.0,2,0
93,93,10141.0,2,0
94,94,10141.0,2,0
95,95,10141.0,2,0
96,96,10141.0,2,0
97,97,10141.0,2,0
98,98,10141.0,2,0
99,99,10139.0,4,0
100,100,10139.0,4,0
101,101,10139.0,4,0
102,102,10139.0,4,0
103,103,10139.0,4,0
104,104,10139.0,4,0
105,105,10139.0,4,0
106,106,10139.0,4,0
107,107,10138.0,5,0
108,108,10138.0,5,0
109,109,10138.0,5,0
110,110,10138.0,5,0
111,111,10138.0,5,0
112,112,10138.0,5,0
113,113,10138.0,5,0
114,114,10138.0,5,0
115,115,10137.0,6,0
116,116,10137.0,6,0
117,117,10137.0,6,0
118,118,10137.0,6,0
119,119,10137.0,6,0
120,120,10137.0,6,0
121,121,10137.0,6,0
122,122,10137.0,6,0
123,123,10137.0,6,0
124,124,10137.0,6,0
125,125,10137.0,6,0
126,126,10137.0,6,0
127,127,10137.0,6,0
128,128,10137.0,6,0
