,Days,S,I,D
0,0,35845.0,0,0
1,1,35845.0,0,0
2,2,35845.0,0,0
3,3,35845.0,0,0
4,4,35845.0,0,0
5,5,35845.0,0,0
6,6,35845.0,0,0
7,7,35845.0,0,0
8,8,35845.0,0,0
9,9,35845.0,0,0
10,10,35845.0,0,0
11,11,35845.0,0,0
12,12,35845.0,0,0
13,13,35845.0,0,0
14,14,35845.0,0,0
15,15,35845.0,0,0
16,16,35845.0,0,0
17,17,35845.0,0,0
18,18,35845.0,0,0
19,19,35845.0,0,0
20,20,35845.0,0,0
21,21,35845.0,0,0
22,22,35845.0,0,0
23,23,35845.0,0,0
24,24,35845.0,0,0
25,25,35845.0,0,0
26,26,35845.0,0,0
27,27,35845.0,0,0
28,28,35845.0,0,0
29,29,35845.0,0,0
30,30,35845.0,0,0
31,31,35845.0,0,0
32,32,35845.0,0,0
33,33,35845.0,0,0
34,34,35845.0,0,0
35,35,35845.0,0,0
36,36,35845.0,0,0
37,37,35845.0,0,0
38,38,35845.0,0,0
39,39,35845.0,0,0
40,40,35845.0,0,0
41,41,35845.0,0,0
42,42,35845.0,0,0
43,43,35845.0,0,0
44,44,35845.0,0,0
45,45,35845.0,0,0
46,46,35845.0,0,0
47,47,35845.0,0,0
48,48,35845.0,0,0
49,49,35845.0,0,0
50,50,35845.0,0,0
51,51,35845.0,0,0
52,52,35845.0,0,0
53,53,35845.0,0,0
54,54,35845.0,0,0
55,55,35845.0,0,0
56,56,35845.0,0,0
57,57,35845.0,0,0
58,58,35845.0,0,0
59,59,35845.0,0,0
60,60,35845.0,0,0
61,61,35845.0,0,0
62,62,35845.0,0,0
63,63,35845.0,0,0
64,64,35845.0,0,0
65,65,35845.0,0,0
66,66,35845.0,0,0
67,67,35845.0,0,0
68,68,35845.0,0,0
69,69,35845.0,0,0
70,70,35845.0,0,0
71,71,35845.0,0,0
72,72,35845.0,0,0
73,73,35845.0,0,0
74,74,35845.0,0,0
75,75,35845.0,0,0
76,76,35845.0,0,0
77,77,35845.0,0,0
78,78,35845.0,0,0
79,79,35845.0,0,0
80,80,35845.0,0,0
81,81,35845.0,0,0
82,82,35845.0,0,0
83,83,35845.0,0,0
84,84,35844.0,1,0
85,85,35841.0,4,0
86,86,35841.0,4,0
87,87,35841.0,4,0
88,88,35841.0,4,0
89,89,35841.0,4,0
90,90,35841.0,4,0
91,91,35841.0,4,0
92,92,35841.0,4,0
93,93,35839.0,6,0
94,94,35839.0,6,0
95,95,35835.0,10,0
96,96,35835.0,10,0
97,97,35833.0,12,0
98,98,35833.0,12,0
99,99,35833.0,12,0
100,100,35833.0,12,0
101,101,35833.0,12,0
102,102,35833.0,12,0
103,103,35833.0,12,0
104,104,35833.0,12,0
105,105,35833.0,12,0
106,106,35832.0,13,0
107,107,35830.0,15,0
108,108,35830.0,15,0
109,109,35830.0,15,0
110,110,35830.0,15,0
111,111,35830.0,15,0
112,112,35829.0,16,0
113,113,35829.0,16,0
114,114,35829.0,16,0
115,115,35829.0,16,0
116,116,35829.0,16,0
117,117,35829.0,16,0
118,118,35829.0,16,0
119,119,35829.0,16,0
120,120,35829.0,16,0
121,121,35829.0,16,0
122,122,35829.0,16,0
123,123,35829.0,16,0
124,124,35829.0,16,0
125,125,35829.0,16,0
126,126,35829.0,16,0
127,127,35829.0,16,0
128,128,35829.0,16,0
