,Days,S,I,D
0,0,50815.0,0,0
1,1,50815.0,0,0
2,2,50815.0,0,0
3,3,50815.0,0,0
4,4,50815.0,0,0
5,5,50815.0,0,0
6,6,50815.0,0,0
7,7,50815.0,0,0
8,8,50815.0,0,0
9,9,50815.0,0,0
10,10,50815.0,0,0
11,11,50815.0,0,0
12,12,50815.0,0,0
13,13,50815.0,0,0
14,14,50815.0,0,0
15,15,50815.0,0,0
16,16,50815.0,0,0
17,17,50815.0,0,0
18,18,50815.0,0,0
19,19,50815.0,0,0
20,20,50815.0,0,0
21,21,50815.0,0,0
22,22,50815.0,0,0
23,23,50815.0,0,0
24,24,50815.0,0,0
25,25,50815.0,0,0
26,26,50815.0,0,0
27,27,50815.0,0,0
28,28,50815.0,0,0
29,29,50815.0,0,0
30,30,50815.0,0,0
31,31,50815.0,0,0
32,32,50815.0,0,0
33,33,50815.0,0,0
34,34,50815.0,0,0
35,35,50815.0,0,0
36,36,50815.0,0,0
37,37,50815.0,0,0
38,38,50815.0,0,0
39,39,50815.0,0,0
40,40,50815.0,0,0
41,41,50815.0,0,0
42,42,50815.0,0,0
43,43,50815.0,0,0
44,44,50815.0,0,0
45,45,50815.0,0,0
46,46,50815.0,0,0
47,47,50815.0,0,0
48,48,50815.0,0,0
49,49,50815.0,0,0
50,50,50815.0,0,0
51,51,50815.0,0,0
52,52,50815.0,0,0
53,53,50815.0,0,0
54,54,50815.0,0,0
55,55,50815.0,0,0
56,56,50815.0,0,0
57,57,50815.0,0,0
58,58,50814.0,1,0
59,59,50814.0,1,0
60,60,50814.0,1,0
61,61,50814.0,1,0
62,62,50814.0,1,0
63,63,50814.0,1,0
64,64,50814.0,1,0
65,65,50814.0,1,0
66,66,50814.0,1,0
67,67,50814.0,1,0
68,68,50814.0,1,0
69,69,50814.0,1,0
70,70,50814.0,1,0
71,71,50814.0,1,0
72,72,50814.0,1,0
73,73,50814.0,1,0
74,74,50814.0,1,0
75,75,50814.0,1,0
76,76,50814.0,1,0
77,77,50814.0,1,0
78,78,50814.0,1,0
79,79,50814.0,1,0
80,80,50807.0,8,0
81,81,50805.0,10,0
82,82,50804.0,11,0
83,83,50804.0,11,0
84,84,50804.0,11,0
85,85,50804.0,11,0
86,86,50803.0,12,0
87,87,50802.0,13,0
88,88,50802.0,13,0
89,89,50802.0,13,0
90,90,50802.0,13,0
91,91,50801.0,14,0
92,92,50801.0,14,0
93,93,50800.0,15,0
94,94,50800.0,15,0
95,95,50799.0,16,0
96,96,50799.0,16,0
97,97,50799.0,16,0
98,98,50799.0,16,0
99,99,50799.0,16,0
100,100,50799.0,16,0
101,101,50799.0,16,0
102,102,50799.0,16,0
103,103,50799.0,16,0
104,104,50799.0,16,0
105,105,50799.0,16,0
106,106,50799.0,16,0
107,107,50799.0,16,0
108,108,50798.0,17,0
109,109,50798.0,17,0
110,110,50798.0,17,0
111,111,50797.0,18,0
112,112,50797.0,18,0
113,113,50797.0,18,0
114,114,50797.0,18,0
115,115,50797.0,18,0
116,116,50797.0,18,0
117,117,50797.0,18,0
118,118,50795.0,20,0
119,119,50793.0,22,0
120,120,50791.0,24,0
121,121,50791.0,24,0
122,122,50791.0,24,0
123,123,50791.0,24,0
124,124,50791.0,24,0
125,125,50790.0,25,0
126,126,50790.0,25,0
127,127,50787.0,28,0
128,128,50780.0,35,0
