,Days,S,I,D
0,0,6120.0,0,0
1,1,6120.0,0,0
2,2,6120.0,0,0
3,3,6120.0,0,0
4,4,6120.0,0,0
5,5,6120.0,0,0
6,6,6120.0,0,0
7,7,6120.0,0,0
8,8,6120.0,0,0
9,9,6120.0,0,0
10,10,6120.0,0,0
11,11,6120.0,0,0
12,12,6120.0,0,0
13,13,6120.0,0,0
14,14,6120.0,0,0
15,15,6120.0,0,0
16,16,6120.0,0,0
17,17,6120.0,0,0
18,18,6120.0,0,0
19,19,6120.0,0,0
20,20,6120.0,0,0
21,21,6120.0,0,0
22,22,6120.0,0,0
23,23,6120.0,0,0
24,24,6120.0,0,0
25,25,6120.0,0,0
26,26,6120.0,0,0
27,27,6120.0,0,0
28,28,6120.0,0,0
29,29,6120.0,0,0
30,30,6120.0,0,0
31,31,6120.0,0,0
32,32,6120.0,0,0
33,33,6120.0,0,0
34,34,6120.0,0,0
35,35,6120.0,0,0
36,36,6120.0,0,0
37,37,6120.0,0,0
38,38,6120.0,0,0
39,39,6120.0,0,0
40,40,6120.0,0,0
41,41,6120.0,0,0
42,42,6120.0,0,0
43,43,6120.0,0,0
44,44,6120.0,0,0
45,45,6120.0,0,0
46,46,6120.0,0,0
47,47,6120.0,0,0
48,48,6120.0,0,0
49,49,6120.0,0,0
50,50,6120.0,0,0
51,51,6120.0,0,0
52,52,6120.0,0,0
53,53,6120.0,0,0
54,54,6120.0,0,0
55,55,6120.0,0,0
56,56,6120.0,0,0
57,57,6120.0,0,0
58,58,6120.0,0,0
59,59,6120.0,0,0
60,60,6120.0,0,0
61,61,6120.0,0,0
62,62,6120.0,0,0
63,63,6120.0,0,0
64,64,6120.0,0,0
65,65,6120.0,0,0
66,66,6120.0,0,0
67,67,6120.0,0,0
68,68,6120.0,0,0
69,69,6120.0,0,0
70,70,6120.0,0,0
71,71,6120.0,0,0
72,72,6120.0,0,0
73,73,6120.0,0,0
74,74,6120.0,0,0
75,75,6120.0,0,0
76,76,6120.0,0,0
77,77,6120.0,0,0
78,78,6120.0,0,0
79,79,6120.0,0,0
80,80,6120.0,0,0
81,81,6120.0,0,0
82,82,6120.0,0,0
83,83,6120.0,0,0
84,84,6120.0,0,0
85,85,6120.0,0,0
86,86,6120.0,0,0
87,87,6120.0,0,0
88,88,6120.0,0,0
89,89,6120.0,0,0
90,90,6120.0,0,0
91,91,6120.0,0,0
92,92,6120.0,0,0
93,93,6120.0,0,0
94,94,6120.0,0,0
95,95,6119.0,1,0
96,96,6119.0,1,0
97,97,6119.0,1,0
98,98,6119.0,1,0
99,99,6119.0,1,0
100,100,6119.0,1,0
101,101,6119.0,1,0
102,102,6119.0,1,0
103,103,6119.0,1,0
104,104,6119.0,1,0
105,105,6119.0,1,0
106,106,6119.0,1,0
107,107,6119.0,1,0
108,108,6119.0,1,0
109,109,6119.0,1,0
110,110,6119.0,1,0
111,111,6119.0,1,0
112,112,6119.0,1,0
113,113,6119.0,1,0
114,114,6119.0,1,0
115,115,6119.0,1,0
116,116,6119.0,1,0
117,117,6118.0,2,0
118,118,6118.0,2,0
119,119,6118.0,2,0
120,120,6117.0,3,0
121,121,6117.0,3,0
122,122,6117.0,3,0
123,123,6117.0,3,0
124,124,6117.0,3,0
125,125,6117.0,3,0
126,126,6116.0,4,0
127,127,6115.0,5,0
128,128,6114.0,6,0
