,Days,S,I,D
0,0,35268.0,0,0
1,1,35268.0,0,0
2,2,35268.0,0,0
3,3,35268.0,0,0
4,4,35268.0,0,0
5,5,35268.0,0,0
6,6,35268.0,0,0
7,7,35268.0,0,0
8,8,35268.0,0,0
9,9,35268.0,0,0
10,10,35268.0,0,0
11,11,35268.0,0,0
12,12,35268.0,0,0
13,13,35268.0,0,0
14,14,35268.0,0,0
15,15,35268.0,0,0
16,16,35268.0,0,0
17,17,35268.0,0,0
18,18,35268.0,0,0
19,19,35268.0,0,0
20,20,35268.0,0,0
21,21,35268.0,0,0
22,22,35268.0,0,0
23,23,35268.0,0,0
24,24,35268.0,0,0
25,25,35268.0,0,0
26,26,35268.0,0,0
27,27,35268.0,0,0
28,28,35268.0,0,0
29,29,35268.0,0,0
30,30,35268.0,0,0
31,31,35268.0,0,0
32,32,35268.0,0,0
33,33,35268.0,0,0
34,34,35268.0,0,0
35,35,35268.0,0,0
36,36,35268.0,0,0
37,37,35268.0,0,0
38,38,35268.0,0,0
39,39,35268.0,0,0
40,40,35268.0,0,0
41,41,35268.0,0,0
42,42,35268.0,0,0
43,43,35268.0,0,0
44,44,35268.0,0,0
45,45,35268.0,0,0
46,46,35268.0,0,0
47,47,35268.0,0,0
48,48,35268.0,0,0
49,49,35268.0,0,0
50,50,35268.0,0,0
51,51,35268.0,0,0
52,52,35268.0,0,0
53,53,35268.0,0,0
54,54,35268.0,0,0
55,55,35268.0,0,0
56,56,35268.0,0,0
57,57,35268.0,0,0
58,58,35268.0,0,0
59,59,35268.0,0,0
60,60,35268.0,0,0
61,61,35268.0,0,0
62,62,35268.0,0,0
63,63,35268.0,0,0
64,64,35268.0,0,0
65,65,35268.0,0,0
66,66,35268.0,0,0
67,67,35268.0,0,0
68,68,35268.0,0,0
69,69,35268.0,0,0
70,70,35268.0,0,0
71,71,35268.0,0,0
72,72,35267.0,1,0
73,73,35267.0,1,0
74,74,35267.0,1,0
75,75,35267.0,1,0
76,76,35267.0,1,0
77,77,35267.0,1,0
78,78,35267.0,1,0
79,79,35267.0,1,0
80,80,35267.0,1,0
81,81,35263.0,5,0
82,82,35263.0,5,0
83,83,35261.0,7,0
84,84,35261.0,7,0
85,85,35258.0,10,0
86,86,35258.0,10,0
87,87,35258.0,10,0
88,88,35258.0,10,0
89,89,35258.0,10,0
90,90,35258.0,10,0
91,91,35258.0,10,0
92,92,35258.0,10,0
93,93,35258.0,10,0
94,94,35257.0,11,0
95,95,35257.0,11,0
96,96,35257.0,11,0
97,97,35257.0,11,0
98,98,35257.0,11,0
99,99,35257.0,11,0
100,100,35257.0,11,0
101,101,35257.0,11,0
102,102,35256.0,12,0
103,103,35256.0,12,0
104,104,35256.0,12,0
105,105,35256.0,12,0
106,106,35256.0,12,0
107,107,35256.0,12,0
108,108,35256.0,12,0
109,109,35256.0,12,0
110,110,35255.0,13,0
111,111,35255.0,13,0
112,112,35255.0,13,0
113,113,35255.0,13,0
114,114,35255.0,13,0
115,115,35255.0,13,0
116,116,35255.0,13,0
117,117,35255.0,13,0
118,118,35255.0,13,0
119,119,35255.0,13,0
120,120,35255.0,13,0
121,121,35255.0,13,0
122,122,35255.0,13,0
123,123,35255.0,13,0
124,124,35255.0,13,0
125,125,35255.0,13,0
126,126,35254.0,14,0
127,127,35254.0,14,0
128,128,35254.0,14,0
