,Days,S,I,D
0,0,8758.0,0,0
1,1,8758.0,0,0
2,2,8758.0,0,0
3,3,8758.0,0,0
4,4,8758.0,0,0
5,5,8758.0,0,0
6,6,8758.0,0,0
7,7,8758.0,0,0
8,8,8758.0,0,0
9,9,8758.0,0,0
10,10,8758.0,0,0
11,11,8758.0,0,0
12,12,8758.0,0,0
13,13,8758.0,0,0
14,14,8758.0,0,0
15,15,8758.0,0,0
16,16,8758.0,0,0
17,17,8758.0,0,0
18,18,8758.0,0,0
19,19,8758.0,0,0
20,20,8758.0,0,0
21,21,8758.0,0,0
22,22,8758.0,0,0
23,23,8758.0,0,0
24,24,8758.0,0,0
25,25,8758.0,0,0
26,26,8758.0,0,0
27,27,8758.0,0,0
28,28,8758.0,0,0
29,29,8758.0,0,0
30,30,8758.0,0,0
31,31,8758.0,0,0
32,32,8758.0,0,0
33,33,8758.0,0,0
34,34,8758.0,0,0
35,35,8758.0,0,0
36,36,8758.0,0,0
37,37,8758.0,0,0
38,38,8758.0,0,0
39,39,8758.0,0,0
40,40,8758.0,0,0
41,41,8758.0,0,0
42,42,8758.0,0,0
43,43,8758.0,0,0
44,44,8758.0,0,0
45,45,8758.0,0,0
46,46,8758.0,0,0
47,47,8758.0,0,0
48,48,8758.0,0,0
49,49,8758.0,0,0
50,50,8758.0,0,0
51,51,8758.0,0,0
52,52,8758.0,0,0
53,53,8758.0,0,0
54,54,8758.0,0,0
55,55,8758.0,0,0
56,56,8758.0,0,0
57,57,8758.0,0,0
58,58,8758.0,0,0
59,59,8758.0,0,0
60,60,8758.0,0,0
61,61,8758.0,0,0
62,62,8758.0,0,0
63,63,8758.0,0,0
64,64,8758.0,0,0
65,65,8758.0,0,0
66,66,8758.0,0,0
67,67,8758.0,0,0
68,68,8758.0,0,0
69,69,8757.0,1,0
70,70,8757.0,1,0
71,71,8757.0,1,0
72,72,8757.0,1,0
73,73,8757.0,1,0
74,74,8757.0,1,0
75,75,8757.0,1,0
76,76,8757.0,1,0
77,77,8757.0,1,0
78,78,8757.0,1,0
79,79,8757.0,1,0
80,80,8757.0,1,0
81,81,8757.0,1,0
82,82,8757.0,1,0
83,83,8757.0,1,0
84,84,8757.0,1,0
85,85,8753.0,5,0
86,86,8753.0,5,0
87,87,8752.0,6,0
88,88,8752.0,6,0
89,89,8752.0,6,0
90,90,8752.0,6,0
91,91,8752.0,6,0
92,92,8752.0,6,0
93,93,8752.0,6,0
94,94,8752.0,6,0
95,95,8752.0,6,0
96,96,8752.0,6,0
97,97,8752.0,6,0
98,98,8752.0,6,0
99,99,8752.0,6,0
100,100,8752.0,6,0
101,101,8752.0,6,0
102,102,8752.0,6,0
103,103,8752.0,6,0
104,104,8752.0,6,0
105,105,8752.0,6,0
106,106,8752.0,6,0
107,107,8752.0,6,0
108,108,8752.0,6,0
109,109,8752.0,6,0
110,110,8752.0,6,0
111,111,8752.0,6,0
112,112,8752.0,6,0
113,113,8752.0,6,0
114,114,8752.0,6,0
115,115,8752.0,6,0
116,116,8752.0,6,0
117,117,8752.0,6,0
118,118,8752.0,6,0
119,119,8752.0,6,0
120,120,8752.0,6,0
121,121,8752.0,6,0
122,122,8752.0,6,0
123,123,8752.0,6,0
124,124,8752.0,6,0
125,125,8751.0,7,0
126,126,8751.0,7,0
127,127,8751.0,7,0
128,128,8751.0,7,0
