,Days,S,I,D
0,0,18906.0,0,0
1,1,18906.0,0,0
2,2,18906.0,0,0
3,3,18906.0,0,0
4,4,18906.0,0,0
5,5,18906.0,0,0
6,6,18906.0,0,0
7,7,18906.0,0,0
8,8,18906.0,0,0
9,9,18906.0,0,0
10,10,18906.0,0,0
11,11,18906.0,0,0
12,12,18906.0,0,0
13,13,18906.0,0,0
14,14,18906.0,0,0
15,15,18906.0,0,0
16,16,18906.0,0,0
17,17,18906.0,0,0
18,18,18906.0,0,0
19,19,18906.0,0,0
20,20,18906.0,0,0
21,21,18906.0,0,0
22,22,18906.0,0,0
23,23,18906.0,0,0
24,24,18906.0,0,0
25,25,18906.0,0,0
26,26,18906.0,0,0
27,27,18906.0,0,0
28,28,18906.0,0,0
29,29,18906.0,0,0
30,30,18906.0,0,0
31,31,18906.0,0,0
32,32,18906.0,0,0
33,33,18906.0,0,0
34,34,18906.0,0,0
35,35,18906.0,0,0
36,36,18906.0,0,0
37,37,18906.0,0,0
38,38,18906.0,0,0
39,39,18906.0,0,0
40,40,18906.0,0,0
41,41,18906.0,0,0
42,42,18906.0,0,0
43,43,18906.0,0,0
44,44,18906.0,0,0
45,45,18906.0,0,0
46,46,18906.0,0,0
47,47,18906.0,0,0
48,48,18906.0,0,0
49,49,18906.0,0,0
50,50,18906.0,0,0
51,51,18906.0,0,0
52,52,18906.0,0,0
53,53,18906.0,0,0
54,54,18906.0,0,0
55,55,18906.0,0,0
56,56,18906.0,0,0
57,57,18906.0,0,0
58,58,18906.0,0,0
59,59,18906.0,0,0
60,60,18906.0,0,0
61,61,18906.0,0,0
62,62,18906.0,0,0
63,63,18906.0,0,0
64,64,18906.0,0,0
65,65,18906.0,0,0
66,66,18906.0,0,0
67,67,18906.0,0,0
68,68,18906.0,0,0
69,69,18906.0,0,0
70,70,18906.0,0,0
71,71,18906.0,0,0
72,72,18906.0,0,0
73,73,18906.0,0,0
74,74,18906.0,0,0
75,75,18906.0,0,0
76,76,18906.0,0,0
77,77,18905.0,1,0
78,78,18905.0,1,0
79,79,18905.0,1,0
80,80,18905.0,1,0
81,81,18905.0,1,0
82,82,18905.0,1,0
83,83,18905.0,1,0
84,84,18905.0,1,0
85,85,18905.0,1,0
86,86,18905.0,1,0
87,87,18905.0,1,0
88,88,18904.0,2,0
89,89,18904.0,2,0
90,90,18904.0,2,0
91,91,18904.0,2,0
92,92,18904.0,2,0
93,93,18904.0,2,0
94,94,18904.0,2,0
95,95,18904.0,2,0
96,96,18904.0,2,0
97,97,18904.0,2,0
98,98,18903.0,3,0
99,99,18903.0,3,0
100,100,18902.0,4,0
101,101,18902.0,4,0
102,102,18902.0,4,0
103,103,18900.0,6,0
104,104,18898.0,8,0
105,105,18898.0,8,0
106,106,18898.0,8,0
107,107,18898.0,8,0
108,108,18898.0,8,0
109,109,18898.0,8,0
110,110,18898.0,8,0
111,111,18897.0,9,0
112,112,18892.0,14,0
113,113,18891.0,15,0
114,114,18891.0,15,0
115,115,18891.0,15,0
116,116,18891.0,15,0
117,117,18890.0,16,0
118,118,18890.0,16,0
119,119,18889.0,17,0
120,120,18889.0,17,0
121,121,18889.0,17,0
122,122,18886.0,20,0
123,123,18886.0,20,0
124,124,18886.0,20,0
125,125,18885.0,21,0
126,126,18885.0,21,0
127,127,18885.0,21,0
128,128,18885.0,21,0
