,Days,S,I,D
0,0,22386.0,0,0
1,1,22386.0,0,0
2,2,22386.0,0,0
3,3,22386.0,0,0
4,4,22386.0,0,0
5,5,22386.0,0,0
6,6,22386.0,0,0
7,7,22386.0,0,0
8,8,22386.0,0,0
9,9,22386.0,0,0
10,10,22386.0,0,0
11,11,22386.0,0,0
12,12,22386.0,0,0
13,13,22386.0,0,0
14,14,22386.0,0,0
15,15,22386.0,0,0
16,16,22386.0,0,0
17,17,22386.0,0,0
18,18,22386.0,0,0
19,19,22386.0,0,0
20,20,22386.0,0,0
21,21,22386.0,0,0
22,22,22386.0,0,0
23,23,22386.0,0,0
24,24,22386.0,0,0
25,25,22386.0,0,0
26,26,22386.0,0,0
27,27,22386.0,0,0
28,28,22386.0,0,0
29,29,22386.0,0,0
30,30,22386.0,0,0
31,31,22386.0,0,0
32,32,22386.0,0,0
33,33,22386.0,0,0
34,34,22386.0,0,0
35,35,22386.0,0,0
36,36,22386.0,0,0
37,37,22386.0,0,0
38,38,22386.0,0,0
39,39,22386.0,0,0
40,40,22386.0,0,0
41,41,22386.0,0,0
42,42,22386.0,0,0
43,43,22386.0,0,0
44,44,22386.0,0,0
45,45,22386.0,0,0
46,46,22386.0,0,0
47,47,22386.0,0,0
48,48,22386.0,0,0
49,49,22386.0,0,0
50,50,22386.0,0,0
51,51,22386.0,0,0
52,52,22386.0,0,0
53,53,22386.0,0,0
54,54,22386.0,0,0
55,55,22386.0,0,0
56,56,22386.0,0,0
57,57,22386.0,0,0
58,58,22386.0,0,0
59,59,22386.0,0,0
60,60,22386.0,0,0
61,61,22386.0,0,0
62,62,22386.0,0,0
63,63,22386.0,0,0
64,64,22386.0,0,0
65,65,22386.0,0,0
66,66,22386.0,0,0
67,67,22386.0,0,0
68,68,22386.0,0,0
69,69,22386.0,0,0
70,70,22386.0,0,0
71,71,22386.0,0,0
72,72,22385.0,1,0
73,73,22385.0,1,0
74,74,22385.0,1,0
75,75,22385.0,1,0
76,76,22385.0,1,0
77,77,22385.0,1,0
78,78,22385.0,1,0
79,79,22385.0,1,0
80,80,22385.0,1,0
81,81,22385.0,1,0
82,82,22385.0,1,0
83,83,22385.0,1,0
84,84,22385.0,1,0
85,85,22385.0,1,0
86,86,22385.0,1,0
87,87,22385.0,1,0
88,88,22385.0,1,0
89,89,22385.0,1,0
90,90,22385.0,1,0
91,91,22385.0,1,0
92,92,22385.0,1,0
93,93,22385.0,1,0
94,94,22385.0,1,0
95,95,22384.0,2,0
96,96,22384.0,2,0
97,97,22383.0,3,0
98,98,22383.0,3,0
99,99,22383.0,3,0
100,100,22383.0,3,0
101,101,22383.0,3,0
102,102,22383.0,3,0
103,103,22383.0,3,0
104,104,22383.0,3,0
105,105,22383.0,3,0
106,106,22382.0,4,0
107,107,22382.0,4,0
108,108,22381.0,5,0
109,109,22381.0,5,0
110,110,22381.0,5,0
111,111,22381.0,5,0
112,112,22381.0,5,0
113,113,22381.0,5,0
114,114,22381.0,5,0
115,115,22381.0,5,0
116,116,22381.0,5,0
117,117,22381.0,5,0
118,118,22381.0,5,0
119,119,22381.0,5,0
120,120,22381.0,5,0
121,121,22381.0,5,0
122,122,22381.0,5,0
123,123,22381.0,5,0
124,124,22381.0,5,0
125,125,22381.0,5,0
126,126,22381.0,5,0
127,127,22381.0,5,0
128,128,22381.0,5,0
