,Days,S,I,D
0,0,15126.0,0,0
1,1,15126.0,0,0
2,2,15126.0,0,0
3,3,15126.0,0,0
4,4,15126.0,0,0
5,5,15126.0,0,0
6,6,15126.0,0,0
7,7,15126.0,0,0
8,8,15126.0,0,0
9,9,15126.0,0,0
10,10,15126.0,0,0
11,11,15126.0,0,0
12,12,15126.0,0,0
13,13,15126.0,0,0
14,14,15126.0,0,0
15,15,15126.0,0,0
16,16,15126.0,0,0
17,17,15126.0,0,0
18,18,15126.0,0,0
19,19,15126.0,0,0
20,20,15126.0,0,0
21,21,15126.0,0,0
22,22,15126.0,0,0
23,23,15126.0,0,0
24,24,15126.0,0,0
25,25,15126.0,0,0
26,26,15126.0,0,0
27,27,15126.0,0,0
28,28,15126.0,0,0
29,29,15126.0,0,0
30,30,15126.0,0,0
31,31,15126.0,0,0
32,32,15126.0,0,0
33,33,15126.0,0,0
34,34,15126.0,0,0
35,35,15126.0,0,0
36,36,15126.0,0,0
37,37,15126.0,0,0
38,38,15126.0,0,0
39,39,15126.0,0,0
40,40,15126.0,0,0
41,41,15126.0,0,0
42,42,15126.0,0,0
43,43,15126.0,0,0
44,44,15126.0,0,0
45,45,15126.0,0,0
46,46,15126.0,0,0
47,47,15126.0,0,0
48,48,15126.0,0,0
49,49,15126.0,0,0
50,50,15126.0,0,0
51,51,15126.0,0,0
52,52,15126.0,0,0
53,53,15126.0,0,0
54,54,15126.0,0,0
55,55,15126.0,0,0
56,56,15126.0,0,0
57,57,15126.0,0,0
58,58,15126.0,0,0
59,59,15126.0,0,0
60,60,15126.0,0,0
61,61,15126.0,0,0
62,62,15126.0,0,0
63,63,15126.0,0,0
64,64,15126.0,0,0
65,65,15126.0,0,0
66,66,15126.0,0,0
67,67,15126.0,0,0
68,68,15126.0,0,0
69,69,15126.0,0,0
70,70,15126.0,0,0
71,71,15126.0,0,0
72,72,15126.0,0,0
73,73,15126.0,0,0
74,74,15126.0,0,0
75,75,15126.0,0,0
76,76,15126.0,0,0
77,77,15126.0,0,0
78,78,15125.0,1,0
79,79,15125.0,1,0
80,80,15125.0,1,0
81,81,15125.0,1,0
82,82,15125.0,1,0
83,83,15125.0,1,0
84,84,15125.0,1,0
85,85,15125.0,1,0
86,86,15124.0,2,0
87,87,15123.0,3,0
88,88,15123.0,3,0
89,89,15123.0,3,0
90,90,15123.0,3,0
91,91,15123.0,3,0
92,92,15123.0,3,0
93,93,15123.0,3,0
94,94,15123.0,3,0
95,95,15123.0,3,0
96,96,15123.0,3,0
97,97,15123.0,3,0
98,98,15123.0,3,0
99,99,15122.0,4,0
100,100,15122.0,4,0
101,101,15122.0,4,0
102,102,15122.0,4,0
103,103,15122.0,4,0
104,104,15122.0,4,0
105,105,15122.0,4,0
106,106,15122.0,4,0
107,107,15122.0,4,0
108,108,15122.0,4,0
109,109,15122.0,4,0
110,110,15122.0,4,0
111,111,15122.0,4,0
112,112,15122.0,4,0
113,113,15122.0,4,0
114,114,15122.0,4,0
115,115,15122.0,4,0
116,116,15122.0,4,0
117,117,15122.0,4,0
118,118,15122.0,4,0
119,119,15122.0,4,0
120,120,15122.0,4,0
121,121,15122.0,4,0
122,122,15122.0,4,0
123,123,15122.0,4,0
124,124,15122.0,4,0
125,125,15122.0,4,0
126,126,15122.0,4,0
127,127,15122.0,4,0
128,128,15122.0,4,0
