,Days,S,I,D
0,0,31304.0,0,0
1,1,31304.0,0,0
2,2,31304.0,0,0
3,3,31304.0,0,0
4,4,31304.0,0,0
5,5,31304.0,0,0
6,6,31304.0,0,0
7,7,31304.0,0,0
8,8,31304.0,0,0
9,9,31304.0,0,0
10,10,31304.0,0,0
11,11,31304.0,0,0
12,12,31304.0,0,0
13,13,31304.0,0,0
14,14,31304.0,0,0
15,15,31304.0,0,0
16,16,31304.0,0,0
17,17,31304.0,0,0
18,18,31304.0,0,0
19,19,31304.0,0,0
20,20,31304.0,0,0
21,21,31304.0,0,0
22,22,31304.0,0,0
23,23,31304.0,0,0
24,24,31304.0,0,0
25,25,31304.0,0,0
26,26,31304.0,0,0
27,27,31304.0,0,0
28,28,31304.0,0,0
29,29,31304.0,0,0
30,30,31304.0,0,0
31,31,31304.0,0,0
32,32,31304.0,0,0
33,33,31304.0,0,0
34,34,31304.0,0,0
35,35,31304.0,0,0
36,36,31304.0,0,0
37,37,31304.0,0,0
38,38,31304.0,0,0
39,39,31304.0,0,0
40,40,31304.0,0,0
41,41,31304.0,0,0
42,42,31304.0,0,0
43,43,31304.0,0,0
44,44,31304.0,0,0
45,45,31304.0,0,0
46,46,31304.0,0,0
47,47,31304.0,0,0
48,48,31304.0,0,0
49,49,31304.0,0,0
50,50,31304.0,0,0
51,51,31304.0,0,0
52,52,31304.0,0,0
53,53,31304.0,0,0
54,54,31304.0,0,0
55,55,31304.0,0,0
56,56,31304.0,0,0
57,57,31304.0,0,0
58,58,31304.0,0,0
59,59,31304.0,0,0
60,60,31304.0,0,0
61,61,31304.0,0,0
62,62,31304.0,0,0
63,63,31304.0,0,0
64,64,31304.0,0,0
65,65,31304.0,0,0
66,66,31304.0,0,0
67,67,31304.0,0,0
68,68,31304.0,0,0
69,69,31304.0,0,0
70,70,31304.0,0,0
71,71,31304.0,0,0
72,72,31304.0,0,0
73,73,31304.0,0,0
74,74,31304.0,0,0
75,75,31304.0,0,0
76,76,31304.0,0,0
77,77,31304.0,0,0
78,78,31304.0,0,0
79,79,31303.0,1,0
80,80,31303.0,1,0
81,81,31303.0,1,0
82,82,31303.0,1,0
83,83,31303.0,1,0
84,84,31303.0,1,0
85,85,31301.0,3,0
86,86,31300.0,4,0
87,87,31300.0,4,0
88,88,31299.0,5,0
89,89,31299.0,5,0
90,90,31299.0,5,0
91,91,31299.0,5,0
92,92,31299.0,5,0
93,93,31299.0,5,0
94,94,31299.0,5,0
95,95,31299.0,5,0
96,96,31298.0,6,0
97,97,31298.0,6,0
98,98,31298.0,6,0
99,99,31298.0,6,0
100,100,31298.0,6,0
101,101,31298.0,6,0
102,102,31298.0,6,0
103,103,31298.0,6,0
104,104,31298.0,6,0
105,105,31298.0,6,0
106,106,31298.0,6,0
107,107,31298.0,6,0
108,108,31297.0,7,0
109,109,31297.0,7,0
110,110,31297.0,7,0
111,111,31297.0,7,0
112,112,31297.0,7,0
113,113,31297.0,7,0
114,114,31297.0,7,0
115,115,31296.0,8,0
116,116,31296.0,8,0
117,117,31296.0,8,0
118,118,31296.0,8,0
119,119,31296.0,8,0
120,120,31296.0,8,0
121,121,31296.0,8,0
122,122,31296.0,8,0
123,123,31296.0,8,0
124,124,31296.0,8,0
125,125,31296.0,8,0
126,126,31296.0,8,0
127,127,31296.0,8,0
128,128,31296.0,8,0
