,Days,S,I,D
0,0,263378.0,0,0
1,1,263378.0,0,0
2,2,263378.0,0,0
3,3,263378.0,0,0
4,4,263378.0,0,0
5,5,263378.0,0,0
6,6,263378.0,0,0
7,7,263378.0,0,0
8,8,263378.0,0,0
9,9,263378.0,0,0
10,10,263378.0,0,0
11,11,263378.0,0,0
12,12,263378.0,0,0
13,13,263378.0,0,0
14,14,263378.0,0,0
15,15,263378.0,0,0
16,16,263378.0,0,0
17,17,263378.0,0,0
18,18,263378.0,0,0
19,19,263378.0,0,0
20,20,263378.0,0,0
21,21,263378.0,0,0
22,22,263378.0,0,0
23,23,263378.0,0,0
24,24,263378.0,0,0
25,25,263378.0,0,0
26,26,263378.0,0,0
27,27,263378.0,0,0
28,28,263378.0,0,0
29,29,263378.0,0,0
30,30,263378.0,0,0
31,31,263378.0,0,0
32,32,263378.0,0,0
33,33,263378.0,0,0
34,34,263378.0,0,0
35,35,263378.0,0,0
36,36,263378.0,0,0
37,37,263378.0,0,0
38,38,263378.0,0,0
39,39,263378.0,0,0
40,40,263378.0,0,0
41,41,263378.0,0,0
42,42,263378.0,0,0
43,43,263378.0,0,0
44,44,263378.0,0,0
45,45,263378.0,0,0
46,46,263378.0,0,0
47,47,263378.0,0,0
48,48,263378.0,0,0
49,49,263378.0,0,0
50,50,263378.0,0,0
51,51,263378.0,0,0
52,52,263378.0,0,0
53,53,263378.0,0,0
54,54,263378.0,0,0
55,55,263378.0,0,0
56,56,263377.0,1,0
57,57,263376.0,2,0
58,58,263376.0,2,0
59,59,263375.0,3,0
60,60,263375.0,3,0
61,61,263375.0,3,0
62,62,263375.0,3,0
63,63,263375.0,3,0
64,64,263374.0,4,0
65,65,263373.0,5,0
66,66,263372.0,6,0
67,67,263372.0,6,0
68,68,263371.0,7,0
69,69,263369.0,9,0
70,70,263367.0,11,0
71,71,263361.0,17,0
72,72,263354.0,24,0
73,73,263351.0,27,0
74,74,263349.0,29,0
75,75,263339.0,39,0
76,76,263337.0,41,0
77,77,263331.0,47,0
78,78,263328.0,50,0
79,79,263322.0,55,1
80,80,263317.0,60,1
81,81,263309.0,68,1
82,82,263300.0,77,1
83,83,263280.0,97,1
84,84,263263.0,114,1
85,85,263238.0,139,1
86,86,263197.0,180,1
87,87,263173.0,204,1
88,88,263162.0,215,1
89,89,263092.0,285,1
90,90,263062.0,314,2
91,91,262974.0,402,2
92,92,262921.0,455,2
93,93,262771.0,605,2
94,94,262656.0,720,2
95,95,262600.0,776,2
96,96,262523.0,853,2
97,97,262455.0,920,3
98,98,262404.0,971,3
99,99,262318.0,1057,3
100,100,262198.0,1175,5
101,101,262100.0,1272,6
102,102,262014.0,1358,6
103,103,261924.0,1448,6
104,104,261824.0,1545,9
105,105,261714.0,1653,11
106,106,261660.0,1706,12
107,107,261588.0,1777,13
108,108,261526.0,1834,18
109,109,261463.0,1897,18
110,110,261436.0,1924,18
111,111,261400.0,1958,20
112,112,261376.0,1982,20
113,113,261358.0,1999,21
114,114,261323.0,2034,21
115,115,261286.0,2070,22
116,116,261260.0,2096,22
117,117,261253.0,2102,23
118,118,261234.0,2118,26
119,119,261214.0,2135,29
120,120,261172.0,2177,29
121,121,261143.0,2204,31
122,122,261108.0,2238,32
123,123,261103.0,2243,32
124,124,261097.0,2249,32
125,125,261097.0,2249,32
126,126,261060.0,2285,33
127,127,261044.0,2300,34
128,128,261035.0,2308,35
