,Days,S,I,D
0,0,15571.0,0,0
1,1,15571.0,0,0
2,2,15571.0,0,0
3,3,15571.0,0,0
4,4,15571.0,0,0
5,5,15571.0,0,0
6,6,15571.0,0,0
7,7,15571.0,0,0
8,8,15571.0,0,0
9,9,15571.0,0,0
10,10,15571.0,0,0
11,11,15571.0,0,0
12,12,15571.0,0,0
13,13,15571.0,0,0
14,14,15571.0,0,0
15,15,15571.0,0,0
16,16,15571.0,0,0
17,17,15571.0,0,0
18,18,15571.0,0,0
19,19,15571.0,0,0
20,20,15571.0,0,0
21,21,15571.0,0,0
22,22,15571.0,0,0
23,23,15571.0,0,0
24,24,15571.0,0,0
25,25,15571.0,0,0
26,26,15571.0,0,0
27,27,15571.0,0,0
28,28,15571.0,0,0
29,29,15571.0,0,0
30,30,15571.0,0,0
31,31,15571.0,0,0
32,32,15571.0,0,0
33,33,15571.0,0,0
34,34,15571.0,0,0
35,35,15571.0,0,0
36,36,15571.0,0,0
37,37,15571.0,0,0
38,38,15571.0,0,0
39,39,15571.0,0,0
40,40,15571.0,0,0
41,41,15571.0,0,0
42,42,15571.0,0,0
43,43,15571.0,0,0
44,44,15571.0,0,0
45,45,15571.0,0,0
46,46,15571.0,0,0
47,47,15571.0,0,0
48,48,15571.0,0,0
49,49,15571.0,0,0
50,50,15571.0,0,0
51,51,15571.0,0,0
52,52,15571.0,0,0
53,53,15571.0,0,0
54,54,15571.0,0,0
55,55,15571.0,0,0
56,56,15571.0,0,0
57,57,15571.0,0,0
58,58,15571.0,0,0
59,59,15571.0,0,0
60,60,15571.0,0,0
61,61,15571.0,0,0
62,62,15571.0,0,0
63,63,15571.0,0,0
64,64,15571.0,0,0
65,65,15571.0,0,0
66,66,15571.0,0,0
67,67,15570.0,1,0
68,68,15570.0,1,0
69,69,15570.0,1,0
70,70,15570.0,1,0
71,71,15570.0,1,0
72,72,15570.0,1,0
73,73,15570.0,1,0
74,74,15570.0,1,0
75,75,15570.0,1,0
76,76,15570.0,1,0
77,77,15570.0,1,0
78,78,15570.0,1,0
79,79,15570.0,1,0
80,80,15570.0,1,0
81,81,15570.0,1,0
82,82,15570.0,1,0
83,83,15570.0,1,0
84,84,15570.0,1,0
85,85,15570.0,1,0
86,86,15570.0,1,0
87,87,15570.0,1,0
88,88,15570.0,1,0
89,89,15570.0,1,0
90,90,15570.0,1,0
91,91,15570.0,1,0
92,92,15570.0,1,0
93,93,15570.0,1,0
94,94,15570.0,1,0
95,95,15570.0,1,0
96,96,15570.0,1,0
97,97,15570.0,1,0
98,98,15570.0,1,0
99,99,15570.0,1,0
100,100,15570.0,1,0
101,101,15570.0,1,0
102,102,15570.0,1,0
103,103,15570.0,1,0
104,104,15570.0,1,0
105,105,15570.0,1,0
106,106,15570.0,1,0
107,107,15570.0,1,0
108,108,15570.0,1,0
109,109,15570.0,1,0
110,110,15570.0,1,0
111,111,15570.0,1,0
112,112,15570.0,1,0
113,113,15570.0,1,0
114,114,15570.0,1,0
115,115,15570.0,1,0
116,116,15570.0,1,0
117,117,15570.0,1,0
118,118,15570.0,1,0
119,119,15570.0,1,0
120,120,15570.0,1,0
121,121,15570.0,1,0
122,122,15570.0,1,0
123,123,15570.0,1,0
124,124,15570.0,1,0
125,125,15569.0,2,0
126,126,15569.0,2,0
127,127,15569.0,2,0
128,128,15569.0,2,0
