,Days,S,I,D
0,0,5521.0,0,0
1,1,5521.0,0,0
2,2,5521.0,0,0
3,3,5521.0,0,0
4,4,5521.0,0,0
5,5,5521.0,0,0
6,6,5521.0,0,0
7,7,5521.0,0,0
8,8,5521.0,0,0
9,9,5521.0,0,0
10,10,5521.0,0,0
11,11,5521.0,0,0
12,12,5521.0,0,0
13,13,5521.0,0,0
14,14,5521.0,0,0
15,15,5521.0,0,0
16,16,5521.0,0,0
17,17,5521.0,0,0
18,18,5521.0,0,0
19,19,5521.0,0,0
20,20,5521.0,0,0
21,21,5521.0,0,0
22,22,5521.0,0,0
23,23,5521.0,0,0
24,24,5521.0,0,0
25,25,5521.0,0,0
26,26,5521.0,0,0
27,27,5521.0,0,0
28,28,5521.0,0,0
29,29,5521.0,0,0
30,30,5521.0,0,0
31,31,5521.0,0,0
32,32,5521.0,0,0
33,33,5521.0,0,0
34,34,5521.0,0,0
35,35,5521.0,0,0
36,36,5521.0,0,0
37,37,5521.0,0,0
38,38,5521.0,0,0
39,39,5521.0,0,0
40,40,5521.0,0,0
41,41,5521.0,0,0
42,42,5521.0,0,0
43,43,5521.0,0,0
44,44,5521.0,0,0
45,45,5521.0,0,0
46,46,5521.0,0,0
47,47,5521.0,0,0
48,48,5521.0,0,0
49,49,5521.0,0,0
50,50,5521.0,0,0
51,51,5521.0,0,0
52,52,5521.0,0,0
53,53,5521.0,0,0
54,54,5521.0,0,0
55,55,5521.0,0,0
56,56,5521.0,0,0
57,57,5519.0,2,0
58,58,5519.0,2,0
59,59,5519.0,2,0
60,60,5519.0,2,0
61,61,5519.0,2,0
62,62,5519.0,2,0
63,63,5519.0,2,0
64,64,5519.0,2,0
65,65,5519.0,2,0
66,66,5519.0,2,0
67,67,5519.0,2,0
68,68,5519.0,2,0
69,69,5519.0,2,0
70,70,5519.0,2,0
71,71,5519.0,2,0
72,72,5519.0,2,0
73,73,5519.0,2,0
74,74,5519.0,2,0
75,75,5519.0,2,0
76,76,5519.0,2,0
77,77,5519.0,2,0
78,78,5519.0,2,0
79,79,5519.0,2,0
80,80,5519.0,2,0
81,81,5519.0,2,0
82,82,5519.0,2,0
83,83,5519.0,2,0
84,84,5519.0,2,0
85,85,5519.0,2,0
86,86,5519.0,2,0
87,87,5519.0,2,0
88,88,5519.0,2,0
89,89,5519.0,2,0
90,90,5519.0,2,0
91,91,5519.0,2,0
92,92,5518.0,3,0
93,93,5518.0,3,0
94,94,5518.0,3,0
95,95,5518.0,3,0
96,96,5518.0,3,0
97,97,5518.0,3,0
98,98,5518.0,3,0
99,99,5518.0,3,0
100,100,5518.0,3,0
101,101,5518.0,3,0
102,102,5518.0,3,0
103,103,5518.0,3,0
104,104,5518.0,3,0
105,105,5518.0,3,0
106,106,5518.0,3,0
107,107,5518.0,3,0
108,108,5518.0,3,0
109,109,5518.0,3,0
110,110,5518.0,3,0
111,111,5518.0,3,0
112,112,5518.0,3,0
113,113,5518.0,3,0
114,114,5518.0,3,0
115,115,5518.0,3,0
116,116,5518.0,3,0
117,117,5518.0,3,0
118,118,5518.0,3,0
119,119,5518.0,3,0
120,120,5518.0,3,0
121,121,5518.0,3,0
122,122,5518.0,3,0
123,123,5518.0,3,0
124,124,5518.0,3,0
125,125,5517.0,4,0
126,126,5516.0,5,0
127,127,5516.0,5,0
128,128,5516.0,5,0
