,Days,S,I,D
0,0,49090.0,0,0
1,1,49090.0,0,0
2,2,49090.0,0,0
3,3,49090.0,0,0
4,4,49090.0,0,0
5,5,49090.0,0,0
6,6,49090.0,0,0
7,7,49090.0,0,0
8,8,49090.0,0,0
9,9,49090.0,0,0
10,10,49090.0,0,0
11,11,49090.0,0,0
12,12,49090.0,0,0
13,13,49090.0,0,0
14,14,49090.0,0,0
15,15,49090.0,0,0
16,16,49090.0,0,0
17,17,49090.0,0,0
18,18,49090.0,0,0
19,19,49090.0,0,0
20,20,49090.0,0,0
21,21,49090.0,0,0
22,22,49090.0,0,0
23,23,49090.0,0,0
24,24,49090.0,0,0
25,25,49090.0,0,0
26,26,49090.0,0,0
27,27,49090.0,0,0
28,28,49090.0,0,0
29,29,49090.0,0,0
30,30,49090.0,0,0
31,31,49090.0,0,0
32,32,49090.0,0,0
33,33,49090.0,0,0
34,34,49090.0,0,0
35,35,49090.0,0,0
36,36,49090.0,0,0
37,37,49090.0,0,0
38,38,49090.0,0,0
39,39,49090.0,0,0
40,40,49090.0,0,0
41,41,49090.0,0,0
42,42,49090.0,0,0
43,43,49090.0,0,0
44,44,49090.0,0,0
45,45,49090.0,0,0
46,46,49090.0,0,0
47,47,49090.0,0,0
48,48,49090.0,0,0
49,49,49090.0,0,0
50,50,49090.0,0,0
51,51,49090.0,0,0
52,52,49090.0,0,0
53,53,49090.0,0,0
54,54,49090.0,0,0
55,55,49090.0,0,0
56,56,49090.0,0,0
57,57,49090.0,0,0
58,58,49090.0,0,0
59,59,49090.0,0,0
60,60,49090.0,0,0
61,61,49090.0,0,0
62,62,49090.0,0,0
63,63,49090.0,0,0
64,64,49090.0,0,0
65,65,49089.0,1,0
66,66,49088.0,2,0
67,67,49088.0,2,0
68,68,49088.0,2,0
69,69,49088.0,2,0
70,70,49087.0,3,0
71,71,49086.0,4,0
72,72,49083.0,7,0
73,73,49083.0,7,0
74,74,49082.0,8,0
75,75,49080.0,10,0
76,76,49077.0,13,0
77,77,49074.0,16,0
78,78,49072.0,18,0
79,79,49069.0,21,0
80,80,49068.0,22,0
81,81,49068.0,22,0
82,82,49067.0,23,0
83,83,49067.0,23,0
84,84,49065.0,25,0
85,85,49065.0,25,0
86,86,49062.0,28,0
87,87,49060.0,30,0
88,88,49060.0,30,0
89,89,49060.0,30,0
90,90,49059.0,31,0
91,91,49058.0,32,0
92,92,49057.0,33,0
93,93,49054.0,36,0
94,94,49054.0,36,0
95,95,49054.0,36,0
96,96,49054.0,36,0
97,97,49052.0,38,0
98,98,49051.0,39,0
99,99,49045.0,45,0
100,100,49041.0,49,0
101,101,49040.0,50,0
102,102,49040.0,50,0
103,103,49037.0,53,0
104,104,49037.0,53,0
105,105,49036.0,54,0
106,106,49035.0,55,0
107,107,49032.0,58,0
108,108,49032.0,58,0
109,109,49032.0,58,0
110,110,49032.0,58,0
111,111,49030.0,60,0
112,112,49029.0,61,0
113,113,49028.0,62,0
114,114,49026.0,64,0
115,115,49026.0,64,0
116,116,49026.0,64,0
117,117,49026.0,64,0
118,118,49026.0,64,0
119,119,49026.0,64,0
120,120,49025.0,65,0
121,121,49025.0,65,0
122,122,49024.0,66,0
123,123,49024.0,66,0
124,124,49023.0,67,0
125,125,49023.0,67,0
126,126,49023.0,67,0
127,127,49023.0,67,0
128,128,49022.0,68,0
