,Days,S,I,D
0,0,281669.0,0,0
1,1,281669.0,0,0
2,2,281669.0,0,0
3,3,281669.0,0,0
4,4,281669.0,0,0
5,5,281669.0,0,0
6,6,281669.0,0,0
7,7,281669.0,0,0
8,8,281669.0,0,0
9,9,281669.0,0,0
10,10,281669.0,0,0
11,11,281669.0,0,0
12,12,281669.0,0,0
13,13,281669.0,0,0
14,14,281669.0,0,0
15,15,281669.0,0,0
16,16,281669.0,0,0
17,17,281669.0,0,0
18,18,281669.0,0,0
19,19,281669.0,0,0
20,20,281669.0,0,0
21,21,281669.0,0,0
22,22,281669.0,0,0
23,23,281669.0,0,0
24,24,281669.0,0,0
25,25,281669.0,0,0
26,26,281669.0,0,0
27,27,281669.0,0,0
28,28,281669.0,0,0
29,29,281669.0,0,0
30,30,281669.0,0,0
31,31,281669.0,0,0
32,32,281669.0,0,0
33,33,281669.0,0,0
34,34,281669.0,0,0
35,35,281669.0,0,0
36,36,281669.0,0,0
37,37,281669.0,0,0
38,38,281669.0,0,0
39,39,281669.0,0,0
40,40,281669.0,0,0
41,41,281669.0,0,0
42,42,281669.0,0,0
43,43,281669.0,0,0
44,44,281669.0,0,0
45,45,281669.0,0,0
46,46,281669.0,0,0
47,47,281669.0,0,0
48,48,281669.0,0,0
49,49,281669.0,0,0
50,50,281669.0,0,0
51,51,281669.0,0,0
52,52,281669.0,0,0
53,53,281668.0,1,0
54,54,281668.0,1,0
55,55,281668.0,1,0
56,56,281665.0,4,0
57,57,281661.0,8,0
58,58,281658.0,11,0
59,59,281657.0,12,0
60,60,281656.0,13,0
61,61,281653.0,16,0
62,62,281646.0,22,1
63,63,281641.0,27,1
64,64,281627.0,39,3
65,65,281627.0,39,3
66,66,281618.0,46,5
67,67,281613.0,51,5
68,68,281603.0,60,6
69,69,281598.0,65,6
70,70,281576.0,87,6
71,71,281542.0,121,6
72,72,281532.0,130,7
73,73,281492.0,169,8
74,74,281487.0,171,11
75,75,281478.0,180,11
76,76,281454.0,203,12
77,77,281443.0,212,14
78,78,281424.0,231,14
79,79,281419.0,236,14
80,80,281405.0,247,17
81,81,281388.0,264,17
82,82,281385.0,267,17
83,83,281375.0,277,17
84,84,281357.0,294,18
85,85,281347.0,301,21
86,86,281347.0,301,21
87,87,281347.0,301,21
88,88,281347.0,301,21
89,89,281347.0,301,21
90,90,281301.0,345,23
91,91,281273.0,372,24
92,92,281255.0,388,26
93,93,281255.0,388,26
94,94,281242.0,400,27
95,95,281239.0,403,27
96,96,281238.0,404,27
97,97,281231.0,410,28
98,98,281224.0,417,28
99,99,281222.0,419,28
100,100,281214.0,426,29
101,101,281210.0,430,29
102,102,281208.0,432,29
103,103,281204.0,436,29
104,104,281200.0,439,30
105,105,281191.0,447,31
106,106,281189.0,448,32
107,107,281184.0,453,32
108,108,281182.0,455,32
109,109,281181.0,456,32
110,110,281181.0,456,32
111,111,281179.0,457,33
112,112,281178.0,458,33
113,113,281176.0,458,35
114,114,281175.0,459,35
115,115,281167.0,466,36
116,116,281165.0,468,36
117,117,281165.0,468,36
118,118,281163.0,470,36
119,119,281160.0,472,37
120,120,281151.0,481,37
121,121,281151.0,481,37
122,122,281145.0,487,37
123,123,281143.0,489,37
124,124,281142.0,490,37
125,125,281139.0,493,37
126,126,281138.0,494,37
127,127,281136.0,496,37
128,128,281134.0,498,37
