,Days,S,I,D
0,0,50112.0,0,0
1,1,50112.0,0,0
2,2,50112.0,0,0
3,3,50112.0,0,0
4,4,50112.0,0,0
5,5,50112.0,0,0
6,6,50112.0,0,0
7,7,50112.0,0,0
8,8,50112.0,0,0
9,9,50112.0,0,0
10,10,50112.0,0,0
11,11,50112.0,0,0
12,12,50112.0,0,0
13,13,50112.0,0,0
14,14,50112.0,0,0
15,15,50112.0,0,0
16,16,50112.0,0,0
17,17,50112.0,0,0
18,18,50112.0,0,0
19,19,50112.0,0,0
20,20,50112.0,0,0
21,21,50112.0,0,0
22,22,50112.0,0,0
23,23,50112.0,0,0
24,24,50112.0,0,0
25,25,50112.0,0,0
26,26,50112.0,0,0
27,27,50112.0,0,0
28,28,50112.0,0,0
29,29,50112.0,0,0
30,30,50112.0,0,0
31,31,50112.0,0,0
32,32,50112.0,0,0
33,33,50112.0,0,0
34,34,50112.0,0,0
35,35,50112.0,0,0
36,36,50112.0,0,0
37,37,50112.0,0,0
38,38,50112.0,0,0
39,39,50112.0,0,0
40,40,50112.0,0,0
41,41,50112.0,0,0
42,42,50112.0,0,0
43,43,50112.0,0,0
44,44,50112.0,0,0
45,45,50112.0,0,0
46,46,50112.0,0,0
47,47,50112.0,0,0
48,48,50112.0,0,0
49,49,50112.0,0,0
50,50,50112.0,0,0
51,51,50112.0,0,0
52,52,50112.0,0,0
53,53,50112.0,0,0
54,54,50112.0,0,0
55,55,50112.0,0,0
56,56,50112.0,0,0
57,57,50112.0,0,0
58,58,50112.0,0,0
59,59,50112.0,0,0
60,60,50112.0,0,0
61,61,50112.0,0,0
62,62,50112.0,0,0
63,63,50112.0,0,0
64,64,50112.0,0,0
65,65,50112.0,0,0
66,66,50112.0,0,0
67,67,50111.0,1,0
68,68,50111.0,1,0
69,69,50111.0,1,0
70,70,50111.0,1,0
71,71,50111.0,1,0
72,72,50111.0,1,0
73,73,50111.0,1,0
74,74,50111.0,1,0
75,75,50111.0,1,0
76,76,50111.0,1,0
77,77,50111.0,1,0
78,78,50111.0,1,0
79,79,50111.0,1,0
80,80,50110.0,2,0
81,81,50110.0,2,0
82,82,50110.0,2,0
83,83,50110.0,2,0
84,84,50110.0,2,0
85,85,50110.0,2,0
86,86,50109.0,3,0
87,87,50107.0,5,0
88,88,50103.0,9,0
89,89,50102.0,10,0
90,90,50101.0,11,0
91,91,50096.0,16,0
92,92,50093.0,19,0
93,93,50088.0,24,0
94,94,50081.0,31,0
95,95,50076.0,36,0
96,96,50076.0,36,0
97,97,50076.0,36,0
98,98,50071.0,41,0
99,99,50066.0,46,0
100,100,50065.0,47,0
101,101,50061.0,51,0
102,102,50061.0,51,0
103,103,50056.0,56,0
104,104,50056.0,56,0
105,105,50051.0,61,0
106,106,50049.0,63,0
107,107,50043.0,69,0
108,108,50041.0,71,0
109,109,50039.0,73,0
110,110,50037.0,75,0
111,111,50035.0,77,0
112,112,50033.0,79,0
113,113,50033.0,79,0
114,114,50028.0,84,0
115,115,50026.0,86,0
116,116,50025.0,87,0
117,117,50023.0,89,0
118,118,50023.0,89,0
119,119,50022.0,90,0
120,120,50022.0,90,0
121,121,50019.0,93,0
122,122,50018.0,94,0
123,123,50018.0,94,0
124,124,50018.0,94,0
125,125,50018.0,94,0
126,126,50018.0,94,0
127,127,50016.0,96,0
128,128,50015.0,97,0
