,Days,S,I,D
0,0,14306.0,0,0
1,1,14306.0,0,0
2,2,14306.0,0,0
3,3,14306.0,0,0
4,4,14306.0,0,0
5,5,14306.0,0,0
6,6,14306.0,0,0
7,7,14306.0,0,0
8,8,14306.0,0,0
9,9,14306.0,0,0
10,10,14306.0,0,0
11,11,14306.0,0,0
12,12,14306.0,0,0
13,13,14306.0,0,0
14,14,14306.0,0,0
15,15,14306.0,0,0
16,16,14306.0,0,0
17,17,14306.0,0,0
18,18,14306.0,0,0
19,19,14306.0,0,0
20,20,14306.0,0,0
21,21,14306.0,0,0
22,22,14306.0,0,0
23,23,14306.0,0,0
24,24,14306.0,0,0
25,25,14306.0,0,0
26,26,14306.0,0,0
27,27,14306.0,0,0
28,28,14306.0,0,0
29,29,14306.0,0,0
30,30,14306.0,0,0
31,31,14306.0,0,0
32,32,14306.0,0,0
33,33,14306.0,0,0
34,34,14306.0,0,0
35,35,14306.0,0,0
36,36,14306.0,0,0
37,37,14306.0,0,0
38,38,14306.0,0,0
39,39,14306.0,0,0
40,40,14306.0,0,0
41,41,14306.0,0,0
42,42,14306.0,0,0
43,43,14306.0,0,0
44,44,14306.0,0,0
45,45,14306.0,0,0
46,46,14306.0,0,0
47,47,14306.0,0,0
48,48,14306.0,0,0
49,49,14306.0,0,0
50,50,14306.0,0,0
51,51,14306.0,0,0
52,52,14306.0,0,0
53,53,14306.0,0,0
54,54,14306.0,0,0
55,55,14306.0,0,0
56,56,14306.0,0,0
57,57,14306.0,0,0
58,58,14306.0,0,0
59,59,14306.0,0,0
60,60,14306.0,0,0
61,61,14306.0,0,0
62,62,14306.0,0,0
63,63,14306.0,0,0
64,64,14306.0,0,0
65,65,14306.0,0,0
66,66,14305.0,1,0
67,67,14305.0,1,0
68,68,14305.0,1,0
69,69,14305.0,1,0
70,70,14304.0,2,0
71,71,14304.0,2,0
72,72,14304.0,2,0
73,73,14303.0,3,0
74,74,14303.0,3,0
75,75,14302.0,4,0
76,76,14302.0,4,0
77,77,14301.0,5,0
78,78,14301.0,5,0
79,79,14300.0,6,0
80,80,14300.0,6,0
81,81,14299.0,7,0
82,82,14299.0,7,0
83,83,14299.0,7,0
84,84,14299.0,7,0
85,85,14299.0,7,0
86,86,14299.0,7,0
87,87,14299.0,7,0
88,88,14299.0,7,0
89,89,14299.0,7,0
90,90,14298.0,8,0
91,91,14298.0,8,0
92,92,14297.0,9,0
93,93,14297.0,9,0
94,94,14297.0,9,0
95,95,14297.0,9,0
96,96,14297.0,9,0
97,97,14296.0,10,0
98,98,14296.0,10,0
99,99,14296.0,10,0
100,100,14295.0,11,0
101,101,14295.0,11,0
102,102,14295.0,11,0
103,103,14294.0,12,0
104,104,14294.0,12,0
105,105,14294.0,12,0
106,106,14294.0,12,0
107,107,14294.0,12,0
108,108,14294.0,12,0
109,109,14294.0,12,0
110,110,14294.0,12,0
111,111,14294.0,12,0
112,112,14294.0,12,0
113,113,14293.0,13,0
114,114,14293.0,13,0
115,115,14293.0,13,0
116,116,14292.0,14,0
117,117,14292.0,14,0
118,118,14291.0,15,0
119,119,14291.0,15,0
120,120,14291.0,15,0
121,121,14291.0,15,0
122,122,14291.0,15,0
123,123,14291.0,15,0
124,124,14291.0,15,0
125,125,14291.0,15,0
126,126,14291.0,15,0
127,127,14291.0,15,0
128,128,14291.0,15,0
