,Days,S,I,D
0,0,5058.0,0,0
1,1,5058.0,0,0
2,2,5058.0,0,0
3,3,5058.0,0,0
4,4,5058.0,0,0
5,5,5058.0,0,0
6,6,5058.0,0,0
7,7,5058.0,0,0
8,8,5058.0,0,0
9,9,5058.0,0,0
10,10,5058.0,0,0
11,11,5058.0,0,0
12,12,5058.0,0,0
13,13,5058.0,0,0
14,14,5058.0,0,0
15,15,5058.0,0,0
16,16,5058.0,0,0
17,17,5058.0,0,0
18,18,5058.0,0,0
19,19,5058.0,0,0
20,20,5058.0,0,0
21,21,5058.0,0,0
22,22,5058.0,0,0
23,23,5058.0,0,0
24,24,5058.0,0,0
25,25,5058.0,0,0
26,26,5058.0,0,0
27,27,5058.0,0,0
28,28,5058.0,0,0
29,29,5058.0,0,0
30,30,5058.0,0,0
31,31,5058.0,0,0
32,32,5058.0,0,0
33,33,5058.0,0,0
34,34,5058.0,0,0
35,35,5058.0,0,0
36,36,5058.0,0,0
37,37,5058.0,0,0
38,38,5058.0,0,0
39,39,5058.0,0,0
40,40,5058.0,0,0
41,41,5058.0,0,0
42,42,5058.0,0,0
43,43,5058.0,0,0
44,44,5058.0,0,0
45,45,5058.0,0,0
46,46,5058.0,0,0
47,47,5058.0,0,0
48,48,5058.0,0,0
49,49,5058.0,0,0
50,50,5058.0,0,0
51,51,5058.0,0,0
52,52,5058.0,0,0
53,53,5058.0,0,0
54,54,5058.0,0,0
55,55,5058.0,0,0
56,56,5058.0,0,0
57,57,5058.0,0,0
58,58,5058.0,0,0
59,59,5058.0,0,0
60,60,5058.0,0,0
61,61,5058.0,0,0
62,62,5058.0,0,0
63,63,5058.0,0,0
64,64,5058.0,0,0
65,65,5058.0,0,0
66,66,5058.0,0,0
67,67,5058.0,0,0
68,68,5058.0,0,0
69,69,5058.0,0,0
70,70,5058.0,0,0
71,71,5058.0,0,0
72,72,5058.0,0,0
73,73,5058.0,0,0
74,74,5057.0,1,0
75,75,5057.0,1,0
76,76,5057.0,1,0
77,77,5057.0,1,0
78,78,5057.0,1,0
79,79,5057.0,1,0
80,80,5057.0,1,0
81,81,5057.0,1,0
82,82,5057.0,1,0
83,83,5056.0,2,0
84,84,5056.0,2,0
85,85,5056.0,2,0
86,86,5056.0,2,0
87,87,5056.0,2,0
88,88,5056.0,2,0
89,89,5056.0,2,0
90,90,5056.0,2,0
91,91,5056.0,2,0
92,92,5056.0,2,0
93,93,5056.0,2,0
94,94,5056.0,2,0
95,95,5056.0,2,0
96,96,5056.0,2,0
97,97,5056.0,2,0
98,98,5056.0,2,0
99,99,5056.0,2,0
100,100,5056.0,2,0
101,101,5056.0,2,0
102,102,5056.0,2,0
103,103,5056.0,2,0
104,104,5056.0,2,0
105,105,5056.0,2,0
106,106,5056.0,2,0
107,107,5056.0,2,0
108,108,5056.0,2,0
109,109,5056.0,2,0
110,110,5056.0,2,0
111,111,5056.0,2,0
112,112,5056.0,2,0
113,113,5056.0,2,0
114,114,5056.0,2,0
115,115,5056.0,2,0
116,116,5056.0,2,0
117,117,5056.0,2,0
118,118,5056.0,2,0
119,119,5056.0,2,0
120,120,5056.0,2,0
121,121,5056.0,2,0
122,122,5056.0,2,0
123,123,5056.0,2,0
124,124,5056.0,2,0
125,125,5056.0,2,0
126,126,5056.0,2,0
127,127,5056.0,2,0
128,128,5056.0,2,0
