,Days,S,I,D
0,0,16806.0,0,0
1,1,16806.0,0,0
2,2,16806.0,0,0
3,3,16806.0,0,0
4,4,16806.0,0,0
5,5,16806.0,0,0
6,6,16806.0,0,0
7,7,16806.0,0,0
8,8,16806.0,0,0
9,9,16806.0,0,0
10,10,16806.0,0,0
11,11,16806.0,0,0
12,12,16806.0,0,0
13,13,16806.0,0,0
14,14,16806.0,0,0
15,15,16806.0,0,0
16,16,16806.0,0,0
17,17,16806.0,0,0
18,18,16806.0,0,0
19,19,16806.0,0,0
20,20,16806.0,0,0
21,21,16806.0,0,0
22,22,16806.0,0,0
23,23,16806.0,0,0
24,24,16806.0,0,0
25,25,16806.0,0,0
26,26,16806.0,0,0
27,27,16806.0,0,0
28,28,16806.0,0,0
29,29,16806.0,0,0
30,30,16806.0,0,0
31,31,16806.0,0,0
32,32,16806.0,0,0
33,33,16806.0,0,0
34,34,16806.0,0,0
35,35,16806.0,0,0
36,36,16806.0,0,0
37,37,16806.0,0,0
38,38,16806.0,0,0
39,39,16806.0,0,0
40,40,16806.0,0,0
41,41,16806.0,0,0
42,42,16806.0,0,0
43,43,16806.0,0,0
44,44,16806.0,0,0
45,45,16806.0,0,0
46,46,16806.0,0,0
47,47,16806.0,0,0
48,48,16806.0,0,0
49,49,16806.0,0,0
50,50,16806.0,0,0
51,51,16806.0,0,0
52,52,16806.0,0,0
53,53,16806.0,0,0
54,54,16806.0,0,0
55,55,16806.0,0,0
56,56,16806.0,0,0
57,57,16806.0,0,0
58,58,16806.0,0,0
59,59,16806.0,0,0
60,60,16806.0,0,0
61,61,16806.0,0,0
62,62,16806.0,0,0
63,63,16806.0,0,0
64,64,16806.0,0,0
65,65,16806.0,0,0
66,66,16806.0,0,0
67,67,16806.0,0,0
68,68,16806.0,0,0
69,69,16806.0,0,0
70,70,16806.0,0,0
71,71,16806.0,0,0
72,72,16806.0,0,0
73,73,16806.0,0,0
74,74,16806.0,0,0
75,75,16806.0,0,0
76,76,16805.0,1,0
77,77,16805.0,1,0
78,78,16805.0,1,0
79,79,16805.0,1,0
80,80,16805.0,1,0
81,81,16805.0,1,0
82,82,16805.0,1,0
83,83,16805.0,1,0
84,84,16805.0,1,0
85,85,16805.0,1,0
86,86,16805.0,1,0
87,87,16805.0,1,0
88,88,16805.0,1,0
89,89,16805.0,1,0
90,90,16804.0,2,0
91,91,16804.0,2,0
92,92,16804.0,2,0
93,93,16804.0,2,0
94,94,16804.0,2,0
95,95,16804.0,2,0
96,96,16804.0,2,0
97,97,16804.0,2,0
98,98,16804.0,2,0
99,99,16804.0,2,0
100,100,16804.0,2,0
101,101,16804.0,2,0
102,102,16804.0,2,0
103,103,16804.0,2,0
104,104,16804.0,2,0
105,105,16804.0,2,0
106,106,16804.0,2,0
107,107,16804.0,2,0
108,108,16804.0,2,0
109,109,16804.0,2,0
110,110,16804.0,2,0
111,111,16804.0,2,0
112,112,16804.0,2,0
113,113,16804.0,2,0
114,114,16802.0,4,0
115,115,16802.0,4,0
116,116,16802.0,4,0
117,117,16800.0,6,0
118,118,16800.0,6,0
119,119,16800.0,6,0
120,120,16799.0,7,0
121,121,16799.0,7,0
122,122,16799.0,7,0
123,123,16799.0,7,0
124,124,16798.0,8,0
125,125,16798.0,8,0
126,126,16798.0,8,0
127,127,16798.0,8,0
128,128,16798.0,8,0
