,Days,S,I,D
0,0,10949.0,0,0
1,1,10949.0,0,0
2,2,10949.0,0,0
3,3,10949.0,0,0
4,4,10949.0,0,0
5,5,10949.0,0,0
6,6,10949.0,0,0
7,7,10949.0,0,0
8,8,10949.0,0,0
9,9,10949.0,0,0
10,10,10949.0,0,0
11,11,10949.0,0,0
12,12,10949.0,0,0
13,13,10949.0,0,0
14,14,10949.0,0,0
15,15,10949.0,0,0
16,16,10949.0,0,0
17,17,10949.0,0,0
18,18,10949.0,0,0
19,19,10949.0,0,0
20,20,10949.0,0,0
21,21,10949.0,0,0
22,22,10949.0,0,0
23,23,10949.0,0,0
24,24,10949.0,0,0
25,25,10949.0,0,0
26,26,10949.0,0,0
27,27,10949.0,0,0
28,28,10949.0,0,0
29,29,10949.0,0,0
30,30,10949.0,0,0
31,31,10949.0,0,0
32,32,10949.0,0,0
33,33,10949.0,0,0
34,34,10949.0,0,0
35,35,10949.0,0,0
36,36,10949.0,0,0
37,37,10949.0,0,0
38,38,10949.0,0,0
39,39,10949.0,0,0
40,40,10949.0,0,0
41,41,10949.0,0,0
42,42,10949.0,0,0
43,43,10949.0,0,0
44,44,10949.0,0,0
45,45,10949.0,0,0
46,46,10949.0,0,0
47,47,10949.0,0,0
48,48,10949.0,0,0
49,49,10949.0,0,0
50,50,10949.0,0,0
51,51,10949.0,0,0
52,52,10949.0,0,0
53,53,10949.0,0,0
54,54,10949.0,0,0
55,55,10949.0,0,0
56,56,10949.0,0,0
57,57,10949.0,0,0
58,58,10949.0,0,0
59,59,10949.0,0,0
60,60,10949.0,0,0
61,61,10949.0,0,0
62,62,10949.0,0,0
63,63,10949.0,0,0
64,64,10949.0,0,0
65,65,10949.0,0,0
66,66,10949.0,0,0
67,67,10949.0,0,0
68,68,10949.0,0,0
69,69,10949.0,0,0
70,70,10949.0,0,0
71,71,10949.0,0,0
72,72,10949.0,0,0
73,73,10949.0,0,0
74,74,10949.0,0,0
75,75,10949.0,0,0
76,76,10949.0,0,0
77,77,10949.0,0,0
78,78,10949.0,0,0
79,79,10949.0,0,0
80,80,10949.0,0,0
81,81,10949.0,0,0
82,82,10949.0,0,0
83,83,10947.0,2,0
84,84,10947.0,2,0
85,85,10947.0,2,0
86,86,10947.0,2,0
87,87,10947.0,2,0
88,88,10947.0,2,0
89,89,10947.0,2,0
90,90,10946.0,3,0
91,91,10946.0,3,0
92,92,10946.0,3,0
93,93,10946.0,3,0
94,94,10946.0,3,0
95,95,10946.0,3,0
96,96,10946.0,3,0
97,97,10946.0,3,0
98,98,10946.0,3,0
99,99,10946.0,3,0
100,100,10946.0,3,0
101,101,10946.0,3,0
102,102,10946.0,3,0
103,103,10946.0,3,0
104,104,10946.0,3,0
105,105,10946.0,3,0
106,106,10946.0,3,0
107,107,10946.0,3,0
108,108,10946.0,3,0
109,109,10946.0,3,0
110,110,10946.0,3,0
111,111,10946.0,3,0
112,112,10946.0,3,0
113,113,10946.0,3,0
114,114,10946.0,3,0
115,115,10946.0,3,0
116,116,10946.0,3,0
117,117,10946.0,3,0
118,118,10946.0,3,0
119,119,10946.0,3,0
120,120,10946.0,3,0
121,121,10946.0,3,0
122,122,10946.0,3,0
123,123,10946.0,3,0
124,124,10946.0,3,0
125,125,10946.0,3,0
126,126,10946.0,3,0
127,127,10946.0,3,0
128,128,10946.0,3,0
