,Days,S,I,D
0,0,12668.0,0,0
1,1,12668.0,0,0
2,2,12668.0,0,0
3,3,12668.0,0,0
4,4,12668.0,0,0
5,5,12668.0,0,0
6,6,12668.0,0,0
7,7,12668.0,0,0
8,8,12668.0,0,0
9,9,12668.0,0,0
10,10,12668.0,0,0
11,11,12668.0,0,0
12,12,12668.0,0,0
13,13,12668.0,0,0
14,14,12668.0,0,0
15,15,12668.0,0,0
16,16,12668.0,0,0
17,17,12668.0,0,0
18,18,12668.0,0,0
19,19,12668.0,0,0
20,20,12668.0,0,0
21,21,12668.0,0,0
22,22,12668.0,0,0
23,23,12668.0,0,0
24,24,12668.0,0,0
25,25,12668.0,0,0
26,26,12668.0,0,0
27,27,12668.0,0,0
28,28,12668.0,0,0
29,29,12668.0,0,0
30,30,12668.0,0,0
31,31,12668.0,0,0
32,32,12668.0,0,0
33,33,12668.0,0,0
34,34,12668.0,0,0
35,35,12668.0,0,0
36,36,12668.0,0,0
37,37,12668.0,0,0
38,38,12668.0,0,0
39,39,12668.0,0,0
40,40,12668.0,0,0
41,41,12668.0,0,0
42,42,12668.0,0,0
43,43,12668.0,0,0
44,44,12668.0,0,0
45,45,12668.0,0,0
46,46,12668.0,0,0
47,47,12668.0,0,0
48,48,12668.0,0,0
49,49,12668.0,0,0
50,50,12668.0,0,0
51,51,12668.0,0,0
52,52,12668.0,0,0
53,53,12668.0,0,0
54,54,12668.0,0,0
55,55,12668.0,0,0
56,56,12668.0,0,0
57,57,12668.0,0,0
58,58,12668.0,0,0
59,59,12668.0,0,0
60,60,12668.0,0,0
61,61,12668.0,0,0
62,62,12668.0,0,0
63,63,12668.0,0,0
64,64,12668.0,0,0
65,65,12668.0,0,0
66,66,12668.0,0,0
67,67,12668.0,0,0
68,68,12668.0,0,0
69,69,12668.0,0,0
70,70,12668.0,0,0
71,71,12668.0,0,0
72,72,12668.0,0,0
73,73,12668.0,0,0
74,74,12668.0,0,0
75,75,12668.0,0,0
76,76,12668.0,0,0
77,77,12668.0,0,0
78,78,12668.0,0,0
79,79,12668.0,0,0
80,80,12668.0,0,0
81,81,12668.0,0,0
82,82,12668.0,0,0
83,83,12668.0,0,0
84,84,12668.0,0,0
85,85,12668.0,0,0
86,86,12668.0,0,0
87,87,12668.0,0,0
88,88,12668.0,0,0
89,89,12668.0,0,0
90,90,12665.0,3,0
91,91,12665.0,3,0
92,92,12665.0,3,0
93,93,12665.0,3,0
94,94,12665.0,3,0
95,95,12664.0,4,0
96,96,12664.0,4,0
97,97,12664.0,4,0
98,98,12664.0,4,0
99,99,12664.0,4,0
100,100,12664.0,4,0
101,101,12663.0,5,0
102,102,12663.0,5,0
103,103,12663.0,5,0
104,104,12663.0,5,0
105,105,12663.0,5,0
106,106,12663.0,5,0
107,107,12663.0,5,0
108,108,12663.0,5,0
109,109,12663.0,5,0
110,110,12663.0,5,0
111,111,12663.0,5,0
112,112,12663.0,5,0
113,113,12663.0,5,0
114,114,12663.0,5,0
115,115,12663.0,5,0
116,116,12663.0,5,0
117,117,12663.0,5,0
118,118,12663.0,5,0
119,119,12662.0,6,0
120,120,12662.0,6,0
121,121,12662.0,6,0
122,122,12662.0,6,0
123,123,12662.0,6,0
124,124,12662.0,6,0
125,125,12662.0,6,0
126,126,12662.0,6,0
127,127,12662.0,6,0
128,128,12662.0,6,0
