,Days,S,I,D
0,0,4894.0,0,0
1,1,4894.0,0,0
2,2,4894.0,0,0
3,3,4894.0,0,0
4,4,4894.0,0,0
5,5,4894.0,0,0
6,6,4894.0,0,0
7,7,4894.0,0,0
8,8,4894.0,0,0
9,9,4894.0,0,0
10,10,4894.0,0,0
11,11,4894.0,0,0
12,12,4894.0,0,0
13,13,4894.0,0,0
14,14,4894.0,0,0
15,15,4894.0,0,0
16,16,4894.0,0,0
17,17,4894.0,0,0
18,18,4894.0,0,0
19,19,4894.0,0,0
20,20,4894.0,0,0
21,21,4894.0,0,0
22,22,4894.0,0,0
23,23,4894.0,0,0
24,24,4894.0,0,0
25,25,4894.0,0,0
26,26,4894.0,0,0
27,27,4894.0,0,0
28,28,4894.0,0,0
29,29,4894.0,0,0
30,30,4894.0,0,0
31,31,4894.0,0,0
32,32,4894.0,0,0
33,33,4894.0,0,0
34,34,4894.0,0,0
35,35,4894.0,0,0
36,36,4894.0,0,0
37,37,4894.0,0,0
38,38,4894.0,0,0
39,39,4894.0,0,0
40,40,4894.0,0,0
41,41,4894.0,0,0
42,42,4894.0,0,0
43,43,4894.0,0,0
44,44,4894.0,0,0
45,45,4894.0,0,0
46,46,4894.0,0,0
47,47,4894.0,0,0
48,48,4894.0,0,0
49,49,4894.0,0,0
50,50,4894.0,0,0
51,51,4894.0,0,0
52,52,4894.0,0,0
53,53,4894.0,0,0
54,54,4894.0,0,0
55,55,4894.0,0,0
56,56,4894.0,0,0
57,57,4894.0,0,0
58,58,4894.0,0,0
59,59,4894.0,0,0
60,60,4894.0,0,0
61,61,4894.0,0,0
62,62,4894.0,0,0
63,63,4894.0,0,0
64,64,4894.0,0,0
65,65,4894.0,0,0
66,66,4894.0,0,0
67,67,4894.0,0,0
68,68,4894.0,0,0
69,69,4894.0,0,0
70,70,4894.0,0,0
71,71,4894.0,0,0
72,72,4894.0,0,0
73,73,4894.0,0,0
74,74,4894.0,0,0
75,75,4894.0,0,0
76,76,4893.0,1,0
77,77,4893.0,1,0
78,78,4893.0,1,0
79,79,4893.0,1,0
80,80,4893.0,1,0
81,81,4893.0,1,0
82,82,4893.0,1,0
83,83,4893.0,1,0
84,84,4892.0,2,0
85,85,4892.0,2,0
86,86,4892.0,2,0
87,87,4892.0,2,0
88,88,4892.0,2,0
89,89,4892.0,2,0
90,90,4892.0,2,0
91,91,4892.0,2,0
92,92,4892.0,2,0
93,93,4892.0,2,0
94,94,4892.0,2,0
95,95,4892.0,2,0
96,96,4892.0,2,0
97,97,4892.0,2,0
98,98,4892.0,2,0
99,99,4892.0,2,0
100,100,4892.0,2,0
101,101,4892.0,2,0
102,102,4892.0,2,0
103,103,4892.0,2,0
104,104,4892.0,2,0
105,105,4892.0,2,0
106,106,4892.0,2,0
107,107,4892.0,2,0
108,108,4892.0,2,0
109,109,4892.0,2,0
110,110,4892.0,2,0
111,111,4892.0,2,0
112,112,4892.0,2,0
113,113,4892.0,2,0
114,114,4892.0,2,0
115,115,4892.0,2,0
116,116,4892.0,2,0
117,117,4892.0,2,0
118,118,4892.0,2,0
119,119,4892.0,2,0
120,120,4892.0,2,0
121,121,4892.0,2,0
122,122,4892.0,2,0
123,123,4892.0,2,0
124,124,4892.0,2,0
125,125,4892.0,2,0
126,126,4892.0,2,0
127,127,4892.0,2,0
128,128,4892.0,2,0
