,Days,S,I,D
0,0,34844.0,0,0
1,1,34844.0,0,0
2,2,34844.0,0,0
3,3,34844.0,0,0
4,4,34844.0,0,0
5,5,34844.0,0,0
6,6,34844.0,0,0
7,7,34844.0,0,0
8,8,34844.0,0,0
9,9,34844.0,0,0
10,10,34844.0,0,0
11,11,34844.0,0,0
12,12,34844.0,0,0
13,13,34844.0,0,0
14,14,34844.0,0,0
15,15,34844.0,0,0
16,16,34844.0,0,0
17,17,34844.0,0,0
18,18,34844.0,0,0
19,19,34844.0,0,0
20,20,34844.0,0,0
21,21,34844.0,0,0
22,22,34844.0,0,0
23,23,34844.0,0,0
24,24,34844.0,0,0
25,25,34844.0,0,0
26,26,34844.0,0,0
27,27,34844.0,0,0
28,28,34844.0,0,0
29,29,34844.0,0,0
30,30,34844.0,0,0
31,31,34844.0,0,0
32,32,34844.0,0,0
33,33,34844.0,0,0
34,34,34844.0,0,0
35,35,34844.0,0,0
36,36,34844.0,0,0
37,37,34844.0,0,0
38,38,34844.0,0,0
39,39,34844.0,0,0
40,40,34844.0,0,0
41,41,34844.0,0,0
42,42,34844.0,0,0
43,43,34844.0,0,0
44,44,34844.0,0,0
45,45,34844.0,0,0
46,46,34844.0,0,0
47,47,34844.0,0,0
48,48,34844.0,0,0
49,49,34844.0,0,0
50,50,34844.0,0,0
51,51,34844.0,0,0
52,52,34844.0,0,0
53,53,34844.0,0,0
54,54,34844.0,0,0
55,55,34844.0,0,0
56,56,34844.0,0,0
57,57,34844.0,0,0
58,58,34844.0,0,0
59,59,34844.0,0,0
60,60,34844.0,0,0
61,61,34844.0,0,0
62,62,34844.0,0,0
63,63,34844.0,0,0
64,64,34844.0,0,0
65,65,34844.0,0,0
66,66,34844.0,0,0
67,67,34844.0,0,0
68,68,34844.0,0,0
69,69,34844.0,0,0
70,70,34844.0,0,0
71,71,34844.0,0,0
72,72,34844.0,0,0
73,73,34844.0,0,0
74,74,34844.0,0,0
75,75,34844.0,0,0
76,76,34844.0,0,0
77,77,34844.0,0,0
78,78,34844.0,0,0
79,79,34843.0,1,0
80,80,34843.0,1,0
81,81,34843.0,1,0
82,82,34843.0,1,0
83,83,34843.0,1,0
84,84,34843.0,1,0
85,85,34843.0,1,0
86,86,34843.0,1,0
87,87,34843.0,1,0
88,88,34843.0,1,0
89,89,34843.0,1,0
90,90,34843.0,1,0
91,91,34843.0,1,0
92,92,34843.0,1,0
93,93,34842.0,2,0
94,94,34842.0,2,0
95,95,34841.0,3,0
96,96,34841.0,3,0
97,97,34841.0,3,0
98,98,34841.0,3,0
99,99,34841.0,3,0
100,100,34841.0,3,0
101,101,34841.0,3,0
102,102,34841.0,3,0
103,103,34841.0,3,0
104,104,34841.0,3,0
105,105,34841.0,3,0
106,106,34841.0,3,0
107,107,34841.0,3,0
108,108,34841.0,3,0
109,109,34841.0,3,0
110,110,34841.0,3,0
111,111,34841.0,3,0
112,112,34840.0,4,0
113,113,34838.0,6,0
114,114,34838.0,6,0
115,115,34837.0,7,0
116,116,34836.0,8,0
117,117,34836.0,8,0
118,118,34834.0,10,0
119,119,34834.0,10,0
120,120,34834.0,10,0
121,121,34834.0,10,0
122,122,34834.0,10,0
123,123,34833.0,11,0
124,124,34833.0,11,0
125,125,34833.0,11,0
126,126,34833.0,11,0
127,127,34833.0,11,0
128,128,34833.0,11,0
