,Days,S,I,D
0,0,14080.0,0,0
1,1,14080.0,0,0
2,2,14080.0,0,0
3,3,14080.0,0,0
4,4,14080.0,0,0
5,5,14080.0,0,0
6,6,14080.0,0,0
7,7,14080.0,0,0
8,8,14080.0,0,0
9,9,14080.0,0,0
10,10,14080.0,0,0
11,11,14080.0,0,0
12,12,14080.0,0,0
13,13,14080.0,0,0
14,14,14080.0,0,0
15,15,14080.0,0,0
16,16,14080.0,0,0
17,17,14080.0,0,0
18,18,14080.0,0,0
19,19,14080.0,0,0
20,20,14080.0,0,0
21,21,14080.0,0,0
22,22,14080.0,0,0
23,23,14080.0,0,0
24,24,14080.0,0,0
25,25,14080.0,0,0
26,26,14080.0,0,0
27,27,14080.0,0,0
28,28,14080.0,0,0
29,29,14080.0,0,0
30,30,14080.0,0,0
31,31,14080.0,0,0
32,32,14080.0,0,0
33,33,14080.0,0,0
34,34,14080.0,0,0
35,35,14080.0,0,0
36,36,14080.0,0,0
37,37,14080.0,0,0
38,38,14080.0,0,0
39,39,14080.0,0,0
40,40,14080.0,0,0
41,41,14080.0,0,0
42,42,14080.0,0,0
43,43,14080.0,0,0
44,44,14080.0,0,0
45,45,14080.0,0,0
46,46,14080.0,0,0
47,47,14080.0,0,0
48,48,14080.0,0,0
49,49,14080.0,0,0
50,50,14080.0,0,0
51,51,14080.0,0,0
52,52,14080.0,0,0
53,53,14080.0,0,0
54,54,14080.0,0,0
55,55,14080.0,0,0
56,56,14080.0,0,0
57,57,14080.0,0,0
58,58,14080.0,0,0
59,59,14080.0,0,0
60,60,14080.0,0,0
61,61,14080.0,0,0
62,62,14080.0,0,0
63,63,14080.0,0,0
64,64,14080.0,0,0
65,65,14080.0,0,0
66,66,14080.0,0,0
67,67,14080.0,0,0
68,68,14080.0,0,0
69,69,14080.0,0,0
70,70,14079.0,1,0
71,71,14079.0,1,0
72,72,14079.0,1,0
73,73,14079.0,1,0
74,74,14078.0,2,0
75,75,14078.0,2,0
76,76,14078.0,2,0
77,77,14078.0,2,0
78,78,14078.0,2,0
79,79,14078.0,2,0
80,80,14078.0,2,0
81,81,14078.0,2,0
82,82,14078.0,2,0
83,83,14077.0,3,0
84,84,14077.0,3,0
85,85,14077.0,3,0
86,86,14077.0,3,0
87,87,14077.0,3,0
88,88,14077.0,3,0
89,89,14077.0,3,0
90,90,14077.0,3,0
91,91,14077.0,3,0
92,92,14077.0,3,0
93,93,14077.0,3,0
94,94,14077.0,3,0
95,95,14076.0,4,0
96,96,14076.0,4,0
97,97,14076.0,4,0
98,98,14076.0,4,0
99,99,14076.0,4,0
100,100,14076.0,4,0
101,101,14076.0,4,0
102,102,14076.0,4,0
103,103,14076.0,4,0
104,104,14076.0,4,0
105,105,14076.0,4,0
106,106,14075.0,5,0
107,107,14074.0,6,0
108,108,14074.0,6,0
109,109,14074.0,6,0
110,110,14074.0,6,0
111,111,14074.0,6,0
112,112,14074.0,6,0
113,113,14074.0,6,0
114,114,14074.0,6,0
115,115,14074.0,6,0
116,116,14074.0,6,0
117,117,14074.0,6,0
118,118,14074.0,6,0
119,119,14074.0,6,0
120,120,14074.0,6,0
121,121,14073.0,7,0
122,122,14073.0,7,0
123,123,14073.0,7,0
124,124,14073.0,7,0
125,125,14073.0,7,0
126,126,14073.0,7,0
127,127,14073.0,7,0
128,128,14073.0,7,0
