,Days,S,I,D
0,0,10667.0,0,0
1,1,10667.0,0,0
2,2,10667.0,0,0
3,3,10667.0,0,0
4,4,10667.0,0,0
5,5,10667.0,0,0
6,6,10667.0,0,0
7,7,10667.0,0,0
8,8,10667.0,0,0
9,9,10667.0,0,0
10,10,10667.0,0,0
11,11,10667.0,0,0
12,12,10667.0,0,0
13,13,10667.0,0,0
14,14,10667.0,0,0
15,15,10667.0,0,0
16,16,10667.0,0,0
17,17,10667.0,0,0
18,18,10667.0,0,0
19,19,10667.0,0,0
20,20,10667.0,0,0
21,21,10667.0,0,0
22,22,10667.0,0,0
23,23,10667.0,0,0
24,24,10667.0,0,0
25,25,10667.0,0,0
26,26,10667.0,0,0
27,27,10667.0,0,0
28,28,10667.0,0,0
29,29,10667.0,0,0
30,30,10667.0,0,0
31,31,10667.0,0,0
32,32,10667.0,0,0
33,33,10667.0,0,0
34,34,10667.0,0,0
35,35,10667.0,0,0
36,36,10667.0,0,0
37,37,10667.0,0,0
38,38,10667.0,0,0
39,39,10667.0,0,0
40,40,10667.0,0,0
41,41,10667.0,0,0
42,42,10667.0,0,0
43,43,10667.0,0,0
44,44,10667.0,0,0
45,45,10667.0,0,0
46,46,10667.0,0,0
47,47,10667.0,0,0
48,48,10667.0,0,0
49,49,10667.0,0,0
50,50,10667.0,0,0
51,51,10667.0,0,0
52,52,10667.0,0,0
53,53,10667.0,0,0
54,54,10667.0,0,0
55,55,10667.0,0,0
56,56,10667.0,0,0
57,57,10667.0,0,0
58,58,10667.0,0,0
59,59,10667.0,0,0
60,60,10667.0,0,0
61,61,10666.0,1,0
62,62,10666.0,1,0
63,63,10666.0,1,0
64,64,10666.0,1,0
65,65,10666.0,1,0
66,66,10666.0,1,0
67,67,10666.0,1,0
68,68,10666.0,1,0
69,69,10666.0,1,0
70,70,10666.0,1,0
71,71,10666.0,1,0
72,72,10666.0,1,0
73,73,10666.0,1,0
74,74,10666.0,1,0
75,75,10664.0,3,0
76,76,10664.0,3,0
77,77,10664.0,3,0
78,78,10664.0,3,0
79,79,10664.0,3,0
80,80,10664.0,3,0
81,81,10664.0,3,0
82,82,10664.0,3,0
83,83,10664.0,3,0
84,84,10664.0,3,0
85,85,10664.0,3,0
86,86,10664.0,3,0
87,87,10664.0,3,0
88,88,10664.0,3,0
89,89,10664.0,3,0
90,90,10664.0,3,0
91,91,10664.0,3,0
92,92,10664.0,3,0
93,93,10663.0,4,0
94,94,10663.0,4,0
95,95,10663.0,4,0
96,96,10660.0,7,0
97,97,10660.0,7,0
98,98,10660.0,7,0
99,99,10660.0,7,0
100,100,10660.0,7,0
101,101,10660.0,7,0
102,102,10660.0,7,0
103,103,10660.0,7,0
104,104,10660.0,7,0
105,105,10660.0,7,0
106,106,10659.0,8,0
107,107,10659.0,8,0
108,108,10659.0,8,0
109,109,10659.0,8,0
110,110,10659.0,8,0
111,111,10659.0,8,0
112,112,10658.0,9,0
113,113,10658.0,9,0
114,114,10658.0,9,0
115,115,10658.0,9,0
116,116,10657.0,10,0
117,117,10657.0,10,0
118,118,10657.0,10,0
119,119,10656.0,11,0
120,120,10656.0,11,0
121,121,10656.0,11,0
122,122,10656.0,11,0
123,123,10654.0,13,0
124,124,10654.0,13,0
125,125,10654.0,13,0
126,126,10654.0,13,0
127,127,10654.0,13,0
128,128,10654.0,13,0
