,Days,S,I,D
0,0,42276.0,0,0
1,1,42276.0,0,0
2,2,42276.0,0,0
3,3,42276.0,0,0
4,4,42276.0,0,0
5,5,42276.0,0,0
6,6,42276.0,0,0
7,7,42276.0,0,0
8,8,42276.0,0,0
9,9,42276.0,0,0
10,10,42276.0,0,0
11,11,42276.0,0,0
12,12,42276.0,0,0
13,13,42276.0,0,0
14,14,42276.0,0,0
15,15,42276.0,0,0
16,16,42276.0,0,0
17,17,42276.0,0,0
18,18,42276.0,0,0
19,19,42276.0,0,0
20,20,42276.0,0,0
21,21,42276.0,0,0
22,22,42276.0,0,0
23,23,42276.0,0,0
24,24,42276.0,0,0
25,25,42276.0,0,0
26,26,42276.0,0,0
27,27,42276.0,0,0
28,28,42276.0,0,0
29,29,42276.0,0,0
30,30,42276.0,0,0
31,31,42276.0,0,0
32,32,42276.0,0,0
33,33,42276.0,0,0
34,34,42276.0,0,0
35,35,42276.0,0,0
36,36,42276.0,0,0
37,37,42276.0,0,0
38,38,42276.0,0,0
39,39,42276.0,0,0
40,40,42276.0,0,0
41,41,42276.0,0,0
42,42,42276.0,0,0
43,43,42276.0,0,0
44,44,42276.0,0,0
45,45,42276.0,0,0
46,46,42276.0,0,0
47,47,42276.0,0,0
48,48,42276.0,0,0
49,49,42276.0,0,0
50,50,42276.0,0,0
51,51,42276.0,0,0
52,52,42276.0,0,0
53,53,42276.0,0,0
54,54,42276.0,0,0
55,55,42276.0,0,0
56,56,42276.0,0,0
57,57,42276.0,0,0
58,58,42276.0,0,0
59,59,42276.0,0,0
60,60,42276.0,0,0
61,61,42276.0,0,0
62,62,42276.0,0,0
63,63,42276.0,0,0
64,64,42276.0,0,0
65,65,42274.0,2,0
66,66,42274.0,2,0
67,67,42274.0,2,0
68,68,42274.0,2,0
69,69,42274.0,2,0
70,70,42274.0,2,0
71,71,42273.0,3,0
72,72,42273.0,3,0
73,73,42271.0,5,0
74,74,42271.0,5,0
75,75,42271.0,5,0
76,76,42271.0,5,0
77,77,42271.0,5,0
78,78,42271.0,5,0
79,79,42271.0,5,0
80,80,42270.0,6,0
81,81,42269.0,7,0
82,82,42269.0,7,0
83,83,42269.0,7,0
84,84,42268.0,8,0
85,85,42266.0,10,0
86,86,42263.0,13,0
87,87,42262.0,14,0
88,88,42260.0,16,0
89,89,42260.0,16,0
90,90,42260.0,16,0
91,91,42258.0,18,0
92,92,42258.0,18,0
93,93,42258.0,18,0
94,94,42257.0,19,0
95,95,42257.0,19,0
96,96,42257.0,19,0
97,97,42256.0,20,0
98,98,42255.0,21,0
99,99,42254.0,22,0
100,100,42252.0,24,0
101,101,42252.0,24,0
102,102,42252.0,24,0
103,103,42250.0,26,0
104,104,42247.0,29,0
105,105,42246.0,30,0
106,106,42246.0,30,0
107,107,42246.0,30,0
108,108,42246.0,30,0
109,109,42245.0,31,0
110,110,42245.0,31,0
111,111,42244.0,32,0
112,112,42244.0,32,0
113,113,42244.0,32,0
114,114,42242.0,34,0
115,115,42242.0,34,0
116,116,42242.0,34,0
117,117,42241.0,35,0
118,118,42241.0,35,0
119,119,42241.0,35,0
120,120,42241.0,35,0
121,121,42241.0,35,0
122,122,42241.0,35,0
123,123,42241.0,35,0
124,124,42241.0,35,0
125,125,42241.0,35,0
126,126,42240.0,36,0
127,127,42239.0,37,0
128,128,42237.0,39,0
