,Days,S,I,D
0,0,8653.0,0,0
1,1,8653.0,0,0
2,2,8653.0,0,0
3,3,8653.0,0,0
4,4,8653.0,0,0
5,5,8653.0,0,0
6,6,8653.0,0,0
7,7,8653.0,0,0
8,8,8653.0,0,0
9,9,8653.0,0,0
10,10,8653.0,0,0
11,11,8653.0,0,0
12,12,8653.0,0,0
13,13,8653.0,0,0
14,14,8653.0,0,0
15,15,8653.0,0,0
16,16,8653.0,0,0
17,17,8653.0,0,0
18,18,8653.0,0,0
19,19,8653.0,0,0
20,20,8653.0,0,0
21,21,8653.0,0,0
22,22,8653.0,0,0
23,23,8653.0,0,0
24,24,8653.0,0,0
25,25,8653.0,0,0
26,26,8653.0,0,0
27,27,8653.0,0,0
28,28,8653.0,0,0
29,29,8653.0,0,0
30,30,8653.0,0,0
31,31,8653.0,0,0
32,32,8653.0,0,0
33,33,8653.0,0,0
34,34,8653.0,0,0
35,35,8653.0,0,0
36,36,8653.0,0,0
37,37,8653.0,0,0
38,38,8653.0,0,0
39,39,8653.0,0,0
40,40,8653.0,0,0
41,41,8653.0,0,0
42,42,8653.0,0,0
43,43,8653.0,0,0
44,44,8653.0,0,0
45,45,8653.0,0,0
46,46,8653.0,0,0
47,47,8653.0,0,0
48,48,8653.0,0,0
49,49,8653.0,0,0
50,50,8653.0,0,0
51,51,8653.0,0,0
52,52,8653.0,0,0
53,53,8653.0,0,0
54,54,8653.0,0,0
55,55,8653.0,0,0
56,56,8653.0,0,0
57,57,8653.0,0,0
58,58,8653.0,0,0
59,59,8653.0,0,0
60,60,8653.0,0,0
61,61,8653.0,0,0
62,62,8653.0,0,0
63,63,8653.0,0,0
64,64,8653.0,0,0
65,65,8653.0,0,0
66,66,8653.0,0,0
67,67,8653.0,0,0
68,68,8653.0,0,0
69,69,8653.0,0,0
70,70,8653.0,0,0
71,71,8653.0,0,0
72,72,8653.0,0,0
73,73,8653.0,0,0
74,74,8653.0,0,0
75,75,8653.0,0,0
76,76,8653.0,0,0
77,77,8653.0,0,0
78,78,8653.0,0,0
79,79,8653.0,0,0
80,80,8653.0,0,0
81,81,8651.0,2,0
82,82,8651.0,2,0
83,83,8651.0,2,0
84,84,8650.0,3,0
85,85,8649.0,4,0
86,86,8649.0,4,0
87,87,8649.0,4,0
88,88,8649.0,4,0
89,89,8649.0,4,0
90,90,8649.0,4,0
91,91,8649.0,4,0
92,92,8649.0,4,0
93,93,8648.0,5,0
94,94,8647.0,6,0
95,95,8647.0,6,0
96,96,8647.0,6,0
97,97,8646.0,7,0
98,98,8645.0,8,0
99,99,8645.0,8,0
100,100,8645.0,8,0
101,101,8644.0,9,0
102,102,8643.0,10,0
103,103,8643.0,10,0
104,104,8643.0,10,0
105,105,8643.0,10,0
106,106,8641.0,12,0
107,107,8641.0,12,0
108,108,8641.0,12,0
109,109,8641.0,12,0
110,110,8640.0,13,0
111,111,8637.0,16,0
112,112,8636.0,17,0
113,113,8636.0,17,0
114,114,8632.0,21,0
115,115,8632.0,21,0
116,116,8632.0,21,0
117,117,8630.0,23,0
118,118,8630.0,23,0
119,119,8629.0,24,0
120,120,8629.0,24,0
121,121,8629.0,24,0
122,122,8629.0,24,0
123,123,8629.0,24,0
124,124,8628.0,25,0
125,125,8628.0,25,0
126,126,8628.0,25,0
127,127,8627.0,26,0
128,128,8623.0,30,0
