,Days,S,I,D
0,0,36629.0,0,0
1,1,36629.0,0,0
2,2,36629.0,0,0
3,3,36629.0,0,0
4,4,36629.0,0,0
5,5,36629.0,0,0
6,6,36629.0,0,0
7,7,36629.0,0,0
8,8,36629.0,0,0
9,9,36629.0,0,0
10,10,36629.0,0,0
11,11,36629.0,0,0
12,12,36629.0,0,0
13,13,36629.0,0,0
14,14,36629.0,0,0
15,15,36629.0,0,0
16,16,36629.0,0,0
17,17,36629.0,0,0
18,18,36629.0,0,0
19,19,36629.0,0,0
20,20,36629.0,0,0
21,21,36629.0,0,0
22,22,36629.0,0,0
23,23,36629.0,0,0
24,24,36629.0,0,0
25,25,36629.0,0,0
26,26,36629.0,0,0
27,27,36629.0,0,0
28,28,36629.0,0,0
29,29,36629.0,0,0
30,30,36629.0,0,0
31,31,36629.0,0,0
32,32,36629.0,0,0
33,33,36629.0,0,0
34,34,36629.0,0,0
35,35,36629.0,0,0
36,36,36629.0,0,0
37,37,36629.0,0,0
38,38,36629.0,0,0
39,39,36629.0,0,0
40,40,36629.0,0,0
41,41,36629.0,0,0
42,42,36629.0,0,0
43,43,36629.0,0,0
44,44,36629.0,0,0
45,45,36629.0,0,0
46,46,36629.0,0,0
47,47,36629.0,0,0
48,48,36629.0,0,0
49,49,36629.0,0,0
50,50,36629.0,0,0
51,51,36629.0,0,0
52,52,36629.0,0,0
53,53,36629.0,0,0
54,54,36629.0,0,0
55,55,36627.0,2,0
56,56,36627.0,2,0
57,57,36627.0,2,0
58,58,36627.0,2,0
59,59,36627.0,2,0
60,60,36627.0,2,0
61,61,36627.0,2,0
62,62,36626.0,3,0
63,63,36625.0,4,0
64,64,36625.0,4,0
65,65,36625.0,4,0
66,66,36625.0,4,0
67,67,36625.0,4,0
68,68,36624.0,5,0
69,69,36624.0,5,0
70,70,36622.0,7,0
71,71,36621.0,8,0
72,72,36621.0,8,0
73,73,36621.0,8,0
74,74,36620.0,9,0
75,75,36619.0,10,0
76,76,36619.0,10,0
77,77,36619.0,10,0
78,78,36617.0,12,0
79,79,36614.0,15,0
80,80,36614.0,15,0
81,81,36613.0,16,0
82,82,36613.0,16,0
83,83,36613.0,16,0
84,84,36613.0,16,0
85,85,36613.0,16,0
86,86,36613.0,16,0
87,87,36613.0,16,0
88,88,36613.0,16,0
89,89,36613.0,16,0
90,90,36613.0,16,0
91,91,36613.0,16,0
92,92,36613.0,16,0
93,93,36613.0,16,0
94,94,36613.0,16,0
95,95,36613.0,16,0
96,96,36613.0,16,0
97,97,36612.0,17,0
98,98,36612.0,17,0
99,99,36612.0,17,0
100,100,36612.0,17,0
101,101,36612.0,17,0
102,102,36612.0,17,0
103,103,36612.0,17,0
104,104,36612.0,17,0
105,105,36612.0,17,0
106,106,36611.0,18,0
107,107,36610.0,19,0
108,108,36610.0,19,0
109,109,36610.0,19,0
110,110,36610.0,19,0
111,111,36610.0,19,0
112,112,36610.0,19,0
113,113,36610.0,19,0
114,114,36610.0,19,0
115,115,36610.0,19,0
116,116,36610.0,19,0
117,117,36609.0,20,0
118,118,36608.0,21,0
119,119,36607.0,22,0
120,120,36607.0,22,0
121,121,36606.0,23,0
122,122,36605.0,24,0
123,123,36605.0,24,0
124,124,36605.0,24,0
125,125,36603.0,26,0
126,126,36595.0,34,0
127,127,36592.0,37,0
128,128,36591.0,38,0
