,Days,S,I,D
0,0,53745.0,0,0
1,1,53745.0,0,0
2,2,53745.0,0,0
3,3,53745.0,0,0
4,4,53745.0,0,0
5,5,53745.0,0,0
6,6,53745.0,0,0
7,7,53745.0,0,0
8,8,53745.0,0,0
9,9,53745.0,0,0
10,10,53745.0,0,0
11,11,53745.0,0,0
12,12,53745.0,0,0
13,13,53745.0,0,0
14,14,53745.0,0,0
15,15,53745.0,0,0
16,16,53745.0,0,0
17,17,53745.0,0,0
18,18,53745.0,0,0
19,19,53745.0,0,0
20,20,53745.0,0,0
21,21,53745.0,0,0
22,22,53745.0,0,0
23,23,53745.0,0,0
24,24,53745.0,0,0
25,25,53745.0,0,0
26,26,53745.0,0,0
27,27,53745.0,0,0
28,28,53745.0,0,0
29,29,53745.0,0,0
30,30,53745.0,0,0
31,31,53745.0,0,0
32,32,53745.0,0,0
33,33,53745.0,0,0
34,34,53745.0,0,0
35,35,53745.0,0,0
36,36,53745.0,0,0
37,37,53745.0,0,0
38,38,53745.0,0,0
39,39,53745.0,0,0
40,40,53745.0,0,0
41,41,53745.0,0,0
42,42,53745.0,0,0
43,43,53745.0,0,0
44,44,53745.0,0,0
45,45,53745.0,0,0
46,46,53745.0,0,0
47,47,53745.0,0,0
48,48,53745.0,0,0
49,49,53745.0,0,0
50,50,53745.0,0,0
51,51,53745.0,0,0
52,52,53745.0,0,0
53,53,53745.0,0,0
54,54,53745.0,0,0
55,55,53745.0,0,0
56,56,53744.0,1,0
57,57,53744.0,1,0
58,58,53744.0,1,0
59,59,53744.0,1,0
60,60,53744.0,1,0
61,61,53744.0,1,0
62,62,53744.0,1,0
63,63,53744.0,1,0
64,64,53744.0,1,0
65,65,53742.0,3,0
66,66,53743.0,2,0
67,67,53743.0,2,0
68,68,53743.0,2,0
69,69,53743.0,2,0
70,70,53743.0,2,0
71,71,53742.0,3,0
72,72,53742.0,3,0
73,73,53742.0,3,0
74,74,53742.0,3,0
75,75,53742.0,3,0
76,76,53742.0,3,0
77,77,53742.0,3,0
78,78,53741.0,4,0
79,79,53740.0,5,0
80,80,53740.0,5,0
81,81,53740.0,5,0
82,82,53740.0,5,0
83,83,53740.0,5,0
84,84,53740.0,5,0
85,85,53740.0,5,0
86,86,53740.0,5,0
87,87,53740.0,5,0
88,88,53740.0,5,0
89,89,53740.0,5,0
90,90,53740.0,5,0
91,91,53740.0,5,0
92,92,53740.0,5,0
93,93,53740.0,5,0
94,94,53740.0,5,0
95,95,53739.0,6,0
96,96,53739.0,6,0
97,97,53739.0,6,0
98,98,53739.0,6,0
99,99,53738.0,7,0
100,100,53738.0,7,0
101,101,53737.0,8,0
102,102,53736.0,9,0
103,103,53736.0,9,0
104,104,53736.0,9,0
105,105,53733.0,12,0
106,106,53733.0,12,0
107,107,53733.0,12,0
108,108,53731.0,14,0
109,109,53731.0,14,0
110,110,53730.0,15,0
111,111,53730.0,15,0
112,112,53730.0,15,0
113,113,53730.0,15,0
114,114,53730.0,15,0
115,115,53730.0,15,0
116,116,53730.0,15,0
117,117,53730.0,15,0
118,118,53730.0,15,0
119,119,53728.0,17,0
120,120,53728.0,17,0
121,121,53728.0,17,0
122,122,53728.0,17,0
123,123,53728.0,17,0
124,124,53727.0,18,0
125,125,53726.0,19,0
126,126,53726.0,19,0
127,127,53726.0,19,0
128,128,53725.0,20,0
