,Days,S,I,D
0,0,35350.0,0,0
1,1,35350.0,0,0
2,2,35350.0,0,0
3,3,35350.0,0,0
4,4,35350.0,0,0
5,5,35350.0,0,0
6,6,35350.0,0,0
7,7,35350.0,0,0
8,8,35350.0,0,0
9,9,35350.0,0,0
10,10,35350.0,0,0
11,11,35350.0,0,0
12,12,35350.0,0,0
13,13,35350.0,0,0
14,14,35350.0,0,0
15,15,35350.0,0,0
16,16,35350.0,0,0
17,17,35350.0,0,0
18,18,35350.0,0,0
19,19,35350.0,0,0
20,20,35350.0,0,0
21,21,35350.0,0,0
22,22,35350.0,0,0
23,23,35350.0,0,0
24,24,35350.0,0,0
25,25,35350.0,0,0
26,26,35350.0,0,0
27,27,35350.0,0,0
28,28,35350.0,0,0
29,29,35350.0,0,0
30,30,35350.0,0,0
31,31,35350.0,0,0
32,32,35350.0,0,0
33,33,35350.0,0,0
34,34,35350.0,0,0
35,35,35350.0,0,0
36,36,35350.0,0,0
37,37,35350.0,0,0
38,38,35350.0,0,0
39,39,35350.0,0,0
40,40,35350.0,0,0
41,41,35350.0,0,0
42,42,35350.0,0,0
43,43,35350.0,0,0
44,44,35350.0,0,0
45,45,35350.0,0,0
46,46,35350.0,0,0
47,47,35350.0,0,0
48,48,35350.0,0,0
49,49,35350.0,0,0
50,50,35350.0,0,0
51,51,35350.0,0,0
52,52,35350.0,0,0
53,53,35350.0,0,0
54,54,35350.0,0,0
55,55,35350.0,0,0
56,56,35350.0,0,0
57,57,35350.0,0,0
58,58,35350.0,0,0
59,59,35350.0,0,0
60,60,35350.0,0,0
61,61,35350.0,0,0
62,62,35350.0,0,0
63,63,35350.0,0,0
64,64,35350.0,0,0
65,65,35350.0,0,0
66,66,35350.0,0,0
67,67,35350.0,0,0
68,68,35350.0,0,0
69,69,35347.0,3,0
70,70,35347.0,3,0
71,71,35346.0,4,0
72,72,35345.0,5,0
73,73,35345.0,5,0
74,74,35345.0,5,0
75,75,35345.0,5,0
76,76,35345.0,5,0
77,77,35345.0,5,0
78,78,35344.0,6,0
79,79,35344.0,6,0
80,80,35342.0,8,0
81,81,35342.0,8,0
82,82,35342.0,8,0
83,83,35342.0,8,0
84,84,35342.0,8,0
85,85,35342.0,8,0
86,86,35342.0,8,0
87,87,35342.0,8,0
88,88,35342.0,8,0
89,89,35341.0,9,0
90,90,35341.0,9,0
91,91,35341.0,9,0
92,92,35341.0,9,0
93,93,35340.0,10,0
94,94,35340.0,10,0
95,95,35340.0,10,0
96,96,35340.0,10,0
97,97,35340.0,10,0
98,98,35340.0,10,0
99,99,35340.0,10,0
100,100,35340.0,10,0
101,101,35340.0,10,0
102,102,35339.0,11,0
103,103,35339.0,11,0
104,104,35337.0,13,0
105,105,35337.0,13,0
106,106,35332.0,18,0
107,107,35332.0,18,0
108,108,35332.0,18,0
109,109,35332.0,18,0
110,110,35331.0,19,0
111,111,35330.0,20,0
112,112,35330.0,20,0
113,113,35329.0,21,0
114,114,35329.0,21,0
115,115,35329.0,21,0
116,116,35329.0,21,0
117,117,35329.0,21,0
118,118,35329.0,21,0
119,119,35328.0,22,0
120,120,35328.0,22,0
121,121,35326.0,24,0
122,122,35326.0,24,0
123,123,35326.0,24,0
124,124,35326.0,24,0
125,125,35326.0,24,0
126,126,35326.0,24,0
127,127,35326.0,24,0
128,128,35326.0,24,0
