,Days,S,I,D
0,0,28067.0,0,0
1,1,28067.0,0,0
2,2,28067.0,0,0
3,3,28067.0,0,0
4,4,28067.0,0,0
5,5,28067.0,0,0
6,6,28067.0,0,0
7,7,28067.0,0,0
8,8,28067.0,0,0
9,9,28067.0,0,0
10,10,28067.0,0,0
11,11,28067.0,0,0
12,12,28067.0,0,0
13,13,28067.0,0,0
14,14,28067.0,0,0
15,15,28067.0,0,0
16,16,28067.0,0,0
17,17,28067.0,0,0
18,18,28067.0,0,0
19,19,28067.0,0,0
20,20,28067.0,0,0
21,21,28067.0,0,0
22,22,28067.0,0,0
23,23,28067.0,0,0
24,24,28067.0,0,0
25,25,28067.0,0,0
26,26,28067.0,0,0
27,27,28067.0,0,0
28,28,28067.0,0,0
29,29,28067.0,0,0
30,30,28067.0,0,0
31,31,28067.0,0,0
32,32,28067.0,0,0
33,33,28067.0,0,0
34,34,28067.0,0,0
35,35,28067.0,0,0
36,36,28067.0,0,0
37,37,28067.0,0,0
38,38,28067.0,0,0
39,39,28067.0,0,0
40,40,28067.0,0,0
41,41,28067.0,0,0
42,42,28067.0,0,0
43,43,28067.0,0,0
44,44,28067.0,0,0
45,45,28067.0,0,0
46,46,28067.0,0,0
47,47,28067.0,0,0
48,48,28067.0,0,0
49,49,28067.0,0,0
50,50,28067.0,0,0
51,51,28067.0,0,0
52,52,28067.0,0,0
53,53,28067.0,0,0
54,54,28067.0,0,0
55,55,28067.0,0,0
56,56,28067.0,0,0
57,57,28067.0,0,0
58,58,28067.0,0,0
59,59,28067.0,0,0
60,60,28067.0,0,0
61,61,28067.0,0,0
62,62,28067.0,0,0
63,63,28067.0,0,0
64,64,28067.0,0,0
65,65,28067.0,0,0
66,66,28066.0,1,0
67,67,28066.0,1,0
68,68,28066.0,1,0
69,69,28066.0,1,0
70,70,28066.0,1,0
71,71,28066.0,1,0
72,72,28066.0,1,0
73,73,28066.0,1,0
74,74,28066.0,1,0
75,75,28066.0,1,0
76,76,28066.0,1,0
77,77,28066.0,1,0
78,78,28066.0,1,0
79,79,28066.0,1,0
80,80,28066.0,1,0
81,81,28066.0,1,0
82,82,28066.0,1,0
83,83,28066.0,1,0
84,84,28066.0,1,0
85,85,28066.0,1,0
86,86,28066.0,1,0
87,87,28066.0,1,0
88,88,28066.0,1,0
89,89,28065.0,2,0
90,90,28065.0,2,0
91,91,28065.0,2,0
92,92,28065.0,2,0
93,93,28065.0,2,0
94,94,28064.0,3,0
95,95,28064.0,3,0
96,96,28064.0,3,0
97,97,28064.0,3,0
98,98,28064.0,3,0
99,99,28064.0,3,0
100,100,28064.0,3,0
101,101,28064.0,3,0
102,102,28064.0,3,0
103,103,28064.0,3,0
104,104,28063.0,4,0
105,105,28063.0,4,0
106,106,28063.0,4,0
107,107,28063.0,4,0
108,108,28062.0,5,0
109,109,28062.0,5,0
110,110,28062.0,5,0
111,111,28062.0,5,0
112,112,28062.0,5,0
113,113,28062.0,5,0
114,114,28062.0,5,0
115,115,28062.0,5,0
116,116,28062.0,5,0
117,117,28062.0,5,0
118,118,28061.0,6,0
119,119,28061.0,6,0
120,120,28061.0,6,0
121,121,28061.0,6,0
122,122,28061.0,6,0
123,123,28061.0,6,0
124,124,28061.0,6,0
125,125,28061.0,6,0
126,126,28061.0,6,0
127,127,28061.0,6,0
128,128,28061.0,6,0
