,Days,S,I,D
0,0,2192.0,0,0
1,1,2192.0,0,0
2,2,2192.0,0,0
3,3,2192.0,0,0
4,4,2192.0,0,0
5,5,2192.0,0,0
6,6,2192.0,0,0
7,7,2192.0,0,0
8,8,2192.0,0,0
9,9,2192.0,0,0
10,10,2192.0,0,0
11,11,2192.0,0,0
12,12,2192.0,0,0
13,13,2192.0,0,0
14,14,2192.0,0,0
15,15,2192.0,0,0
16,16,2192.0,0,0
17,17,2192.0,0,0
18,18,2192.0,0,0
19,19,2192.0,0,0
20,20,2192.0,0,0
21,21,2192.0,0,0
22,22,2192.0,0,0
23,23,2192.0,0,0
24,24,2192.0,0,0
25,25,2192.0,0,0
26,26,2192.0,0,0
27,27,2192.0,0,0
28,28,2192.0,0,0
29,29,2192.0,0,0
30,30,2192.0,0,0
31,31,2192.0,0,0
32,32,2192.0,0,0
33,33,2192.0,0,0
34,34,2192.0,0,0
35,35,2192.0,0,0
36,36,2192.0,0,0
37,37,2192.0,0,0
38,38,2192.0,0,0
39,39,2192.0,0,0
40,40,2192.0,0,0
41,41,2192.0,0,0
42,42,2192.0,0,0
43,43,2192.0,0,0
44,44,2192.0,0,0
45,45,2192.0,0,0
46,46,2192.0,0,0
47,47,2192.0,0,0
48,48,2192.0,0,0
49,49,2192.0,0,0
50,50,2192.0,0,0
51,51,2192.0,0,0
52,52,2192.0,0,0
53,53,2192.0,0,0
54,54,2192.0,0,0
55,55,2192.0,0,0
56,56,2192.0,0,0
57,57,2192.0,0,0
58,58,2192.0,0,0
59,59,2192.0,0,0
60,60,2192.0,0,0
61,61,2192.0,0,0
62,62,2192.0,0,0
63,63,2192.0,0,0
64,64,2192.0,0,0
65,65,2192.0,0,0
66,66,2192.0,0,0
67,67,2192.0,0,0
68,68,2192.0,0,0
69,69,2192.0,0,0
70,70,2192.0,0,0
71,71,2192.0,0,0
72,72,2192.0,0,0
73,73,2192.0,0,0
74,74,2192.0,0,0
75,75,2192.0,0,0
76,76,2192.0,0,0
77,77,2192.0,0,0
78,78,2192.0,0,0
79,79,2192.0,0,0
80,80,2192.0,0,0
81,81,2192.0,0,0
82,82,2192.0,0,0
83,83,2192.0,0,0
84,84,2192.0,0,0
85,85,2192.0,0,0
86,86,2192.0,0,0
87,87,2192.0,0,0
88,88,2192.0,0,0
89,89,2192.0,0,0
90,90,2192.0,0,0
91,91,2192.0,0,0
92,92,2192.0,0,0
93,93,2192.0,0,0
94,94,2192.0,0,0
95,95,2192.0,0,0
96,96,2192.0,0,0
97,97,2192.0,0,0
98,98,2192.0,0,0
99,99,2192.0,0,0
100,100,2192.0,0,0
101,101,2192.0,0,0
102,102,2192.0,0,0
103,103,2192.0,0,0
104,104,2192.0,0,0
105,105,2192.0,0,0
106,106,2192.0,0,0
107,107,2192.0,0,0
108,108,2192.0,0,0
109,109,2192.0,0,0
110,110,2192.0,0,0
111,111,2192.0,0,0
112,112,2192.0,0,0
113,113,2192.0,0,0
114,114,2192.0,0,0
115,115,2192.0,0,0
116,116,2192.0,0,0
117,117,2192.0,0,0
118,118,2192.0,0,0
119,119,2192.0,0,0
120,120,2192.0,0,0
121,121,2192.0,0,0
122,122,2192.0,0,0
123,123,2192.0,0,0
124,124,2192.0,0,0
125,125,2192.0,0,0
126,126,2192.0,0,0
127,127,2192.0,0,0
128,128,2192.0,0,0
