,Days,S,I,D
0,0,4358.0,0,0
1,1,4358.0,0,0
2,2,4358.0,0,0
3,3,4358.0,0,0
4,4,4358.0,0,0
5,5,4358.0,0,0
6,6,4358.0,0,0
7,7,4358.0,0,0
8,8,4358.0,0,0
9,9,4358.0,0,0
10,10,4358.0,0,0
11,11,4358.0,0,0
12,12,4358.0,0,0
13,13,4358.0,0,0
14,14,4358.0,0,0
15,15,4358.0,0,0
16,16,4358.0,0,0
17,17,4358.0,0,0
18,18,4358.0,0,0
19,19,4358.0,0,0
20,20,4358.0,0,0
21,21,4358.0,0,0
22,22,4358.0,0,0
23,23,4358.0,0,0
24,24,4358.0,0,0
25,25,4358.0,0,0
26,26,4358.0,0,0
27,27,4358.0,0,0
28,28,4358.0,0,0
29,29,4358.0,0,0
30,30,4358.0,0,0
31,31,4358.0,0,0
32,32,4358.0,0,0
33,33,4358.0,0,0
34,34,4358.0,0,0
35,35,4358.0,0,0
36,36,4358.0,0,0
37,37,4358.0,0,0
38,38,4358.0,0,0
39,39,4358.0,0,0
40,40,4358.0,0,0
41,41,4358.0,0,0
42,42,4358.0,0,0
43,43,4358.0,0,0
44,44,4358.0,0,0
45,45,4358.0,0,0
46,46,4358.0,0,0
47,47,4358.0,0,0
48,48,4358.0,0,0
49,49,4358.0,0,0
50,50,4358.0,0,0
51,51,4358.0,0,0
52,52,4358.0,0,0
53,53,4358.0,0,0
54,54,4358.0,0,0
55,55,4358.0,0,0
56,56,4358.0,0,0
57,57,4358.0,0,0
58,58,4358.0,0,0
59,59,4358.0,0,0
60,60,4358.0,0,0
61,61,4358.0,0,0
62,62,4358.0,0,0
63,63,4358.0,0,0
64,64,4358.0,0,0
65,65,4358.0,0,0
66,66,4357.0,1,0
67,67,4357.0,1,0
68,68,4357.0,1,0
69,69,4357.0,1,0
70,70,4357.0,1,0
71,71,4357.0,1,0
72,72,4357.0,1,0
73,73,4357.0,1,0
74,74,4357.0,1,0
75,75,4357.0,1,0
76,76,4357.0,1,0
77,77,4357.0,1,0
78,78,4357.0,1,0
79,79,4357.0,1,0
80,80,4357.0,1,0
81,81,4357.0,1,0
82,82,4357.0,1,0
83,83,4357.0,1,0
84,84,4357.0,1,0
85,85,4357.0,1,0
86,86,4357.0,1,0
87,87,4357.0,1,0
88,88,4357.0,1,0
89,89,4357.0,1,0
90,90,4357.0,1,0
91,91,4357.0,1,0
92,92,4357.0,1,0
93,93,4357.0,1,0
94,94,4357.0,1,0
95,95,4357.0,1,0
96,96,4357.0,1,0
97,97,4357.0,1,0
98,98,4357.0,1,0
99,99,4357.0,1,0
100,100,4357.0,1,0
101,101,4357.0,1,0
102,102,4357.0,1,0
103,103,4357.0,1,0
104,104,4357.0,1,0
105,105,4357.0,1,0
106,106,4357.0,1,0
107,107,4357.0,1,0
108,108,4357.0,1,0
109,109,4357.0,1,0
110,110,4357.0,1,0
111,111,4357.0,1,0
112,112,4357.0,1,0
113,113,4357.0,1,0
114,114,4357.0,1,0
115,115,4357.0,1,0
116,116,4357.0,1,0
117,117,4356.0,2,0
118,118,4356.0,2,0
119,119,4356.0,2,0
120,120,4356.0,2,0
121,121,4356.0,2,0
122,122,4356.0,2,0
123,123,4356.0,2,0
124,124,4356.0,2,0
125,125,4356.0,2,0
126,126,4356.0,2,0
127,127,4356.0,2,0
128,128,4356.0,2,0
