,Days,S,I,D
0,0,15174.0,0,0
1,1,15174.0,0,0
2,2,15174.0,0,0
3,3,15174.0,0,0
4,4,15174.0,0,0
5,5,15174.0,0,0
6,6,15174.0,0,0
7,7,15174.0,0,0
8,8,15174.0,0,0
9,9,15174.0,0,0
10,10,15174.0,0,0
11,11,15174.0,0,0
12,12,15174.0,0,0
13,13,15174.0,0,0
14,14,15174.0,0,0
15,15,15174.0,0,0
16,16,15174.0,0,0
17,17,15174.0,0,0
18,18,15174.0,0,0
19,19,15174.0,0,0
20,20,15174.0,0,0
21,21,15174.0,0,0
22,22,15174.0,0,0
23,23,15174.0,0,0
24,24,15174.0,0,0
25,25,15174.0,0,0
26,26,15174.0,0,0
27,27,15174.0,0,0
28,28,15174.0,0,0
29,29,15174.0,0,0
30,30,15174.0,0,0
31,31,15174.0,0,0
32,32,15174.0,0,0
33,33,15174.0,0,0
34,34,15174.0,0,0
35,35,15174.0,0,0
36,36,15174.0,0,0
37,37,15174.0,0,0
38,38,15174.0,0,0
39,39,15174.0,0,0
40,40,15174.0,0,0
41,41,15174.0,0,0
42,42,15174.0,0,0
43,43,15174.0,0,0
44,44,15174.0,0,0
45,45,15174.0,0,0
46,46,15174.0,0,0
47,47,15174.0,0,0
48,48,15174.0,0,0
49,49,15174.0,0,0
50,50,15174.0,0,0
51,51,15174.0,0,0
52,52,15174.0,0,0
53,53,15174.0,0,0
54,54,15174.0,0,0
55,55,15174.0,0,0
56,56,15174.0,0,0
57,57,15174.0,0,0
58,58,15174.0,0,0
59,59,15174.0,0,0
60,60,15174.0,0,0
61,61,15174.0,0,0
62,62,15174.0,0,0
63,63,15174.0,0,0
64,64,15174.0,0,0
65,65,15174.0,0,0
66,66,15174.0,0,0
67,67,15174.0,0,0
68,68,15174.0,0,0
69,69,15174.0,0,0
70,70,15174.0,0,0
71,71,15174.0,0,0
72,72,15174.0,0,0
73,73,15174.0,0,0
74,74,15174.0,0,0
75,75,15174.0,0,0
76,76,15174.0,0,0
77,77,15174.0,0,0
78,78,15174.0,0,0
79,79,15174.0,0,0
80,80,15174.0,0,0
81,81,15174.0,0,0
82,82,15174.0,0,0
83,83,15174.0,0,0
84,84,15173.0,1,0
85,85,15173.0,1,0
86,86,15172.0,2,0
87,87,15172.0,2,0
88,88,15172.0,2,0
89,89,15172.0,2,0
90,90,15172.0,2,0
91,91,15172.0,2,0
92,92,15172.0,2,0
93,93,15172.0,2,0
94,94,15172.0,2,0
95,95,15170.0,4,0
96,96,15170.0,4,0
97,97,15170.0,4,0
98,98,15170.0,4,0
99,99,15170.0,4,0
100,100,15170.0,4,0
101,101,15169.0,5,0
102,102,15168.0,6,0
103,103,15168.0,6,0
104,104,15168.0,6,0
105,105,15168.0,6,0
106,106,15168.0,6,0
107,107,15168.0,6,0
108,108,15168.0,6,0
109,109,15168.0,6,0
110,110,15168.0,6,0
111,111,15167.0,7,0
112,112,15166.0,8,0
113,113,15166.0,8,0
114,114,15165.0,9,0
115,115,15165.0,9,0
116,116,15165.0,9,0
117,117,15165.0,9,0
118,118,15164.0,10,0
119,119,15164.0,10,0
120,120,15164.0,10,0
121,121,15164.0,10,0
122,122,15164.0,10,0
123,123,15164.0,10,0
124,124,15164.0,10,0
125,125,15164.0,10,0
126,126,15164.0,10,0
127,127,15164.0,10,0
128,128,15164.0,10,0
