,Days,S,I,D
0,0,423908.0,0,0
1,1,423908.0,0,0
2,2,423908.0,0,0
3,3,423908.0,0,0
4,4,423908.0,0,0
5,5,423908.0,0,0
6,6,423908.0,0,0
7,7,423908.0,0,0
8,8,423908.0,0,0
9,9,423908.0,0,0
10,10,423908.0,0,0
11,11,423908.0,0,0
12,12,423908.0,0,0
13,13,423908.0,0,0
14,14,423908.0,0,0
15,15,423908.0,0,0
16,16,423908.0,0,0
17,17,423908.0,0,0
18,18,423908.0,0,0
19,19,423908.0,0,0
20,20,423908.0,0,0
21,21,423908.0,0,0
22,22,423908.0,0,0
23,23,423908.0,0,0
24,24,423908.0,0,0
25,25,423908.0,0,0
26,26,423908.0,0,0
27,27,423908.0,0,0
28,28,423908.0,0,0
29,29,423908.0,0,0
30,30,423908.0,0,0
31,31,423908.0,0,0
32,32,423908.0,0,0
33,33,423908.0,0,0
34,34,423908.0,0,0
35,35,423908.0,0,0
36,36,423908.0,0,0
37,37,423908.0,0,0
38,38,423908.0,0,0
39,39,423908.0,0,0
40,40,423908.0,0,0
41,41,423908.0,0,0
42,42,423908.0,0,0
43,43,423908.0,0,0
44,44,423908.0,0,0
45,45,423908.0,0,0
46,46,423908.0,0,0
47,47,423908.0,0,0
48,48,423908.0,0,0
49,49,423908.0,0,0
50,50,423908.0,0,0
51,51,423908.0,0,0
52,52,423908.0,0,0
53,53,423908.0,0,0
54,54,423908.0,0,0
55,55,423908.0,0,0
56,56,423908.0,0,0
57,57,423908.0,0,0
58,58,423907.0,1,0
59,59,423907.0,1,0
60,60,423902.0,6,0
61,61,423902.0,6,0
62,62,423902.0,6,0
63,63,423902.0,6,0
64,64,423901.0,7,0
65,65,423898.0,10,0
66,66,423895.0,13,0
67,67,423888.0,20,0
68,68,423888.0,20,0
69,69,423882.0,26,0
70,70,423871.0,37,0
71,71,423871.0,37,0
72,72,423853.0,55,0
73,73,423846.0,62,0
74,74,423831.0,77,0
75,75,423821.0,87,0
76,76,423806.0,101,1
77,77,423799.0,108,1
78,78,423789.0,118,1
79,79,423758.0,147,3
80,80,423746.0,159,3
81,81,423710.0,195,3
82,82,423710.0,195,3
83,83,423689.0,216,3
84,84,423666.0,239,3
85,85,423651.0,254,3
86,86,423634.0,270,4
87,87,423624.0,279,5
88,88,423604.0,298,6
89,89,423604.0,298,6
90,90,423591.0,310,7
91,91,423591.0,310,7
92,92,423578.0,321,9
93,93,423563.0,333,12
94,94,423540.0,354,14
95,95,423528.0,366,14
96,96,423528.0,366,14
97,97,423518.0,376,14
98,98,423505.0,387,16
99,99,423490.0,401,17
100,100,423478.0,412,18
101,101,423469.0,421,18
102,102,423458.0,432,18
103,103,423458.0,432,18
104,104,423447.0,443,18
105,105,423436.0,454,18
106,106,423420.0,469,19
107,107,423405.0,483,20
108,108,423392.0,494,22
109,109,423374.0,512,22
110,110,423374.0,512,22
111,111,423358.0,527,23
112,112,423339.0,544,25
113,113,423314.0,569,25
114,114,423300.0,582,26
115,115,423300.0,582,26
116,116,423262.0,619,27
117,117,423262.0,619,27
118,118,423244.0,635,29
119,119,423229.0,649,30
120,120,423212.0,664,32
121,121,423212.0,664,32
122,122,423190.0,686,32
123,123,423177.0,698,33
124,124,423177.0,698,33
125,125,423177.0,698,33
126,126,423164.0,711,33
127,127,423144.0,731,33
128,128,423130.0,743,35
