,Days,S,I,D
0,0,173588.0,0,0
1,1,173588.0,0,0
2,2,173588.0,0,0
3,3,173588.0,0,0
4,4,173588.0,0,0
5,5,173588.0,0,0
6,6,173588.0,0,0
7,7,173588.0,0,0
8,8,173588.0,0,0
9,9,173588.0,0,0
10,10,173588.0,0,0
11,11,173588.0,0,0
12,12,173588.0,0,0
13,13,173588.0,0,0
14,14,173588.0,0,0
15,15,173588.0,0,0
16,16,173588.0,0,0
17,17,173588.0,0,0
18,18,173588.0,0,0
19,19,173588.0,0,0
20,20,173588.0,0,0
21,21,173588.0,0,0
22,22,173588.0,0,0
23,23,173588.0,0,0
24,24,173588.0,0,0
25,25,173588.0,0,0
26,26,173588.0,0,0
27,27,173588.0,0,0
28,28,173588.0,0,0
29,29,173588.0,0,0
30,30,173588.0,0,0
31,31,173588.0,0,0
32,32,173588.0,0,0
33,33,173588.0,0,0
34,34,173588.0,0,0
35,35,173588.0,0,0
36,36,173588.0,0,0
37,37,173588.0,0,0
38,38,173588.0,0,0
39,39,173588.0,0,0
40,40,173588.0,0,0
41,41,173588.0,0,0
42,42,173588.0,0,0
43,43,173588.0,0,0
44,44,173588.0,0,0
45,45,173588.0,0,0
46,46,173588.0,0,0
47,47,173588.0,0,0
48,48,173588.0,0,0
49,49,173588.0,0,0
50,50,173588.0,0,0
51,51,173588.0,0,0
52,52,173588.0,0,0
53,53,173588.0,0,0
54,54,173588.0,0,0
55,55,173588.0,0,0
56,56,173588.0,0,0
57,57,173588.0,0,0
58,58,173588.0,0,0
59,59,173588.0,0,0
60,60,173588.0,0,0
61,61,173587.0,1,0
62,62,173585.0,3,0
63,63,173585.0,3,0
64,64,173585.0,3,0
65,65,173582.0,6,0
66,66,173581.0,7,0
67,67,173573.0,13,2
68,68,173568.0,18,2
69,69,173568.0,18,2
70,70,173568.0,18,2
71,71,173560.0,26,2
72,72,173556.0,30,2
73,73,173555.0,31,2
74,74,173553.0,31,4
75,75,173551.0,33,4
76,76,173543.0,41,4
77,77,173542.0,42,4
78,78,173531.0,53,4
79,79,173527.0,57,4
80,80,173527.0,57,4
81,81,173525.0,59,4
82,82,173516.0,68,4
83,83,173498.0,85,5
84,84,173490.0,93,5
85,85,173473.0,110,5
86,86,173455.0,128,5
87,87,173447.0,136,5
88,88,173439.0,143,6
89,89,173432.0,149,7
90,90,173418.0,160,10
91,91,173404.0,173,11
92,92,173390.0,186,12
93,93,173371.0,204,13
94,94,173362.0,213,13
95,95,173347.0,228,13
96,96,173341.0,234,13
97,97,173331.0,242,15
98,98,173310.0,262,16
99,99,173295.0,276,17
100,100,173283.0,288,17
101,101,173270.0,301,17
102,102,173267.0,304,17
103,103,173258.0,313,17
104,104,173252.0,318,18
105,105,173234.0,335,19
106,106,173225.0,344,19
107,107,173225.0,344,19
108,108,173214.0,354,20
109,109,173201.0,367,20
110,110,173184.0,384,20
111,111,173167.0,401,20
112,112,173162.0,406,20
113,113,173132.0,435,21
114,114,173114.0,452,22
115,115,173097.0,468,23
116,116,173078.0,486,24
117,117,173051.0,513,24
118,118,173044.0,519,25
119,119,173032.0,530,26
120,120,173010.0,552,26
121,121,173001.0,561,26
122,122,172977.0,583,28
123,123,172968.0,590,30
124,124,172954.0,603,31
125,125,172953.0,604,31
126,126,172949.0,606,33
127,127,172933.0,619,36
128,128,172921.0,631,36
