,Days,S,I,D
0,0,59866.0,0,0
1,1,59866.0,0,0
2,2,59866.0,0,0
3,3,59866.0,0,0
4,4,59866.0,0,0
5,5,59866.0,0,0
6,6,59866.0,0,0
7,7,59866.0,0,0
8,8,59866.0,0,0
9,9,59866.0,0,0
10,10,59866.0,0,0
11,11,59866.0,0,0
12,12,59866.0,0,0
13,13,59866.0,0,0
14,14,59866.0,0,0
15,15,59866.0,0,0
16,16,59866.0,0,0
17,17,59866.0,0,0
18,18,59866.0,0,0
19,19,59866.0,0,0
20,20,59866.0,0,0
21,21,59866.0,0,0
22,22,59866.0,0,0
23,23,59866.0,0,0
24,24,59866.0,0,0
25,25,59866.0,0,0
26,26,59866.0,0,0
27,27,59866.0,0,0
28,28,59866.0,0,0
29,29,59866.0,0,0
30,30,59866.0,0,0
31,31,59866.0,0,0
32,32,59866.0,0,0
33,33,59866.0,0,0
34,34,59866.0,0,0
35,35,59866.0,0,0
36,36,59866.0,0,0
37,37,59866.0,0,0
38,38,59866.0,0,0
39,39,59866.0,0,0
40,40,59866.0,0,0
41,41,59866.0,0,0
42,42,59866.0,0,0
43,43,59866.0,0,0
44,44,59866.0,0,0
45,45,59866.0,0,0
46,46,59866.0,0,0
47,47,59866.0,0,0
48,48,59866.0,0,0
49,49,59866.0,0,0
50,50,59866.0,0,0
51,51,59866.0,0,0
52,52,59866.0,0,0
53,53,59866.0,0,0
54,54,59866.0,0,0
55,55,59866.0,0,0
56,56,59866.0,0,0
57,57,59866.0,0,0
58,58,59866.0,0,0
59,59,59866.0,0,0
60,60,59866.0,0,0
61,61,59866.0,0,0
62,62,59866.0,0,0
63,63,59865.0,1,0
64,64,59865.0,1,0
65,65,59865.0,1,0
66,66,59865.0,1,0
67,67,59865.0,1,0
68,68,59865.0,1,0
69,69,59865.0,1,0
70,70,59865.0,1,0
71,71,59864.0,2,0
72,72,59862.0,4,0
73,73,59859.0,7,0
74,74,59858.0,8,0
75,75,59857.0,9,0
76,76,59857.0,9,0
77,77,59853.0,13,0
78,78,59851.0,15,0
79,79,59851.0,15,0
80,80,59851.0,15,0
81,81,59850.0,16,0
82,82,59849.0,17,0
83,83,59849.0,17,0
84,84,59849.0,17,0
85,85,59847.0,19,0
86,86,59846.0,20,0
87,87,59846.0,20,0
88,88,59845.0,21,0
89,89,59845.0,21,0
90,90,59844.0,22,0
91,91,59844.0,22,0
92,92,59844.0,22,0
93,93,59844.0,22,0
94,94,59844.0,22,0
95,95,59843.0,23,0
96,96,59842.0,24,0
97,97,59842.0,24,0
98,98,59842.0,24,0
99,99,59842.0,24,0
100,100,59842.0,24,0
101,101,59842.0,24,0
102,102,59842.0,24,0
103,103,59842.0,24,0
104,104,59842.0,24,0
105,105,59842.0,24,0
106,106,59842.0,24,0
107,107,59842.0,24,0
108,108,59842.0,24,0
109,109,59841.0,25,0
110,110,59841.0,25,0
111,111,59841.0,25,0
112,112,59840.0,26,0
113,113,59839.0,27,0
114,114,59839.0,27,0
115,115,59839.0,27,0
116,116,59839.0,27,0
117,117,59839.0,27,0
118,118,59839.0,27,0
119,119,59839.0,27,0
120,120,59839.0,27,0
121,121,59838.0,28,0
122,122,59838.0,28,0
123,123,59838.0,28,0
124,124,59838.0,28,0
125,125,59838.0,28,0
126,126,59838.0,28,0
127,127,59837.0,29,0
128,128,59836.0,30,0
