,Days,S,I,D
0,0,5427.0,0,0
1,1,5427.0,0,0
2,2,5427.0,0,0
3,3,5427.0,0,0
4,4,5427.0,0,0
5,5,5427.0,0,0
6,6,5427.0,0,0
7,7,5427.0,0,0
8,8,5427.0,0,0
9,9,5427.0,0,0
10,10,5427.0,0,0
11,11,5427.0,0,0
12,12,5427.0,0,0
13,13,5427.0,0,0
14,14,5427.0,0,0
15,15,5427.0,0,0
16,16,5427.0,0,0
17,17,5427.0,0,0
18,18,5427.0,0,0
19,19,5427.0,0,0
20,20,5427.0,0,0
21,21,5427.0,0,0
22,22,5427.0,0,0
23,23,5427.0,0,0
24,24,5427.0,0,0
25,25,5427.0,0,0
26,26,5427.0,0,0
27,27,5427.0,0,0
28,28,5427.0,0,0
29,29,5427.0,0,0
30,30,5427.0,0,0
31,31,5427.0,0,0
32,32,5427.0,0,0
33,33,5427.0,0,0
34,34,5427.0,0,0
35,35,5427.0,0,0
36,36,5427.0,0,0
37,37,5427.0,0,0
38,38,5427.0,0,0
39,39,5427.0,0,0
40,40,5427.0,0,0
41,41,5427.0,0,0
42,42,5427.0,0,0
43,43,5427.0,0,0
44,44,5427.0,0,0
45,45,5427.0,0,0
46,46,5427.0,0,0
47,47,5427.0,0,0
48,48,5427.0,0,0
49,49,5427.0,0,0
50,50,5427.0,0,0
51,51,5427.0,0,0
52,52,5427.0,0,0
53,53,5427.0,0,0
54,54,5427.0,0,0
55,55,5427.0,0,0
56,56,5427.0,0,0
57,57,5427.0,0,0
58,58,5427.0,0,0
59,59,5427.0,0,0
60,60,5427.0,0,0
61,61,5427.0,0,0
62,62,5427.0,0,0
63,63,5427.0,0,0
64,64,5427.0,0,0
65,65,5427.0,0,0
66,66,5427.0,0,0
67,67,5427.0,0,0
68,68,5427.0,0,0
69,69,5427.0,0,0
70,70,5427.0,0,0
71,71,5427.0,0,0
72,72,5427.0,0,0
73,73,5427.0,0,0
74,74,5427.0,0,0
75,75,5427.0,0,0
76,76,5427.0,0,0
77,77,5426.0,1,0
78,78,5426.0,1,0
79,79,5426.0,1,0
80,80,5426.0,1,0
81,81,5426.0,1,0
82,82,5426.0,1,0
83,83,5426.0,1,0
84,84,5426.0,1,0
85,85,5426.0,1,0
86,86,5426.0,1,0
87,87,5426.0,1,0
88,88,5426.0,1,0
89,89,5426.0,1,0
90,90,5426.0,1,0
91,91,5426.0,1,0
92,92,5426.0,1,0
93,93,5426.0,1,0
94,94,5426.0,1,0
95,95,5426.0,1,0
96,96,5426.0,1,0
97,97,5426.0,1,0
98,98,5426.0,1,0
99,99,5426.0,1,0
100,100,5426.0,1,0
101,101,5426.0,1,0
102,102,5426.0,1,0
103,103,5426.0,1,0
104,104,5426.0,1,0
105,105,5426.0,1,0
106,106,5426.0,1,0
107,107,5426.0,1,0
108,108,5426.0,1,0
109,109,5426.0,1,0
110,110,5426.0,1,0
111,111,5426.0,1,0
112,112,5426.0,1,0
113,113,5426.0,1,0
114,114,5426.0,1,0
115,115,5426.0,1,0
116,116,5426.0,1,0
117,117,5425.0,2,0
118,118,5425.0,2,0
119,119,5425.0,2,0
120,120,5425.0,2,0
121,121,5424.0,3,0
122,122,5424.0,3,0
123,123,5424.0,3,0
124,124,5424.0,3,0
125,125,5424.0,3,0
126,126,5424.0,3,0
127,127,5424.0,3,0
128,128,5424.0,3,0
