,Days,S,I,D
0,0,46236.0,0,0
1,1,46236.0,0,0
2,2,46236.0,0,0
3,3,46236.0,0,0
4,4,46236.0,0,0
5,5,46236.0,0,0
6,6,46236.0,0,0
7,7,46236.0,0,0
8,8,46236.0,0,0
9,9,46236.0,0,0
10,10,46236.0,0,0
11,11,46236.0,0,0
12,12,46236.0,0,0
13,13,46236.0,0,0
14,14,46236.0,0,0
15,15,46236.0,0,0
16,16,46236.0,0,0
17,17,46236.0,0,0
18,18,46236.0,0,0
19,19,46236.0,0,0
20,20,46236.0,0,0
21,21,46236.0,0,0
22,22,46236.0,0,0
23,23,46236.0,0,0
24,24,46236.0,0,0
25,25,46236.0,0,0
26,26,46236.0,0,0
27,27,46236.0,0,0
28,28,46236.0,0,0
29,29,46236.0,0,0
30,30,46236.0,0,0
31,31,46236.0,0,0
32,32,46236.0,0,0
33,33,46236.0,0,0
34,34,46236.0,0,0
35,35,46236.0,0,0
36,36,46236.0,0,0
37,37,46236.0,0,0
38,38,46236.0,0,0
39,39,46236.0,0,0
40,40,46236.0,0,0
41,41,46236.0,0,0
42,42,46236.0,0,0
43,43,46236.0,0,0
44,44,46236.0,0,0
45,45,46236.0,0,0
46,46,46236.0,0,0
47,47,46236.0,0,0
48,48,46236.0,0,0
49,49,46236.0,0,0
50,50,46236.0,0,0
51,51,46236.0,0,0
52,52,46236.0,0,0
53,53,46236.0,0,0
54,54,46236.0,0,0
55,55,46236.0,0,0
56,56,46236.0,0,0
57,57,46236.0,0,0
58,58,46236.0,0,0
59,59,46234.0,2,0
60,60,46233.0,3,0
61,61,46235.0,1,0
62,62,46235.0,1,0
63,63,46235.0,1,0
64,64,46235.0,1,0
65,65,46235.0,1,0
66,66,46235.0,1,0
67,67,46235.0,1,0
68,68,46235.0,1,0
69,69,46234.0,2,0
70,70,46234.0,2,0
71,71,46234.0,2,0
72,72,46234.0,2,0
73,73,46234.0,2,0
74,74,46234.0,2,0
75,75,46234.0,2,0
76,76,46234.0,2,0
77,77,46234.0,2,0
78,78,46234.0,2,0
79,79,46234.0,2,0
80,80,46234.0,2,0
81,81,46234.0,2,0
82,82,46234.0,2,0
83,83,46234.0,2,0
84,84,46234.0,2,0
85,85,46233.0,3,0
86,86,46233.0,3,0
87,87,46233.0,3,0
88,88,46233.0,3,0
89,89,46233.0,3,0
90,90,46233.0,3,0
91,91,46233.0,3,0
92,92,46233.0,3,0
93,93,46233.0,3,0
94,94,46233.0,3,0
95,95,46233.0,3,0
96,96,46233.0,3,0
97,97,46233.0,3,0
98,98,46232.0,4,0
99,99,46232.0,4,0
100,100,46232.0,4,0
101,101,46232.0,4,0
102,102,46232.0,4,0
103,103,46232.0,4,0
104,104,46232.0,4,0
105,105,46232.0,4,0
106,106,46232.0,4,0
107,107,46232.0,4,0
108,108,46232.0,4,0
109,109,46232.0,4,0
110,110,46232.0,4,0
111,111,46232.0,4,0
112,112,46230.0,6,0
113,113,46230.0,6,0
114,114,46230.0,6,0
115,115,46230.0,6,0
116,116,46230.0,6,0
117,117,46230.0,6,0
118,118,46230.0,6,0
119,119,46230.0,6,0
120,120,46230.0,6,0
121,121,46230.0,6,0
122,122,46230.0,6,0
123,123,46230.0,6,0
124,124,46230.0,6,0
125,125,46230.0,6,0
126,126,46230.0,6,0
127,127,46230.0,6,0
128,128,46230.0,6,0
