,Days,S,I,D
0,0,44727.0,0,0
1,1,44727.0,0,0
2,2,44727.0,0,0
3,3,44727.0,0,0
4,4,44727.0,0,0
5,5,44727.0,0,0
6,6,44727.0,0,0
7,7,44727.0,0,0
8,8,44727.0,0,0
9,9,44727.0,0,0
10,10,44727.0,0,0
11,11,44727.0,0,0
12,12,44727.0,0,0
13,13,44727.0,0,0
14,14,44727.0,0,0
15,15,44727.0,0,0
16,16,44727.0,0,0
17,17,44727.0,0,0
18,18,44727.0,0,0
19,19,44727.0,0,0
20,20,44727.0,0,0
21,21,44727.0,0,0
22,22,44727.0,0,0
23,23,44727.0,0,0
24,24,44727.0,0,0
25,25,44727.0,0,0
26,26,44727.0,0,0
27,27,44727.0,0,0
28,28,44727.0,0,0
29,29,44727.0,0,0
30,30,44727.0,0,0
31,31,44727.0,0,0
32,32,44727.0,0,0
33,33,44727.0,0,0
34,34,44727.0,0,0
35,35,44727.0,0,0
36,36,44727.0,0,0
37,37,44727.0,0,0
38,38,44727.0,0,0
39,39,44727.0,0,0
40,40,44727.0,0,0
41,41,44727.0,0,0
42,42,44727.0,0,0
43,43,44727.0,0,0
44,44,44727.0,0,0
45,45,44727.0,0,0
46,46,44727.0,0,0
47,47,44727.0,0,0
48,48,44727.0,0,0
49,49,44727.0,0,0
50,50,44727.0,0,0
51,51,44727.0,0,0
52,52,44727.0,0,0
53,53,44727.0,0,0
54,54,44727.0,0,0
55,55,44727.0,0,0
56,56,44727.0,0,0
57,57,44727.0,0,0
58,58,44727.0,0,0
59,59,44727.0,0,0
60,60,44727.0,0,0
61,61,44727.0,0,0
62,62,44727.0,0,0
63,63,44727.0,0,0
64,64,44727.0,0,0
65,65,44727.0,0,0
66,66,44727.0,0,0
67,67,44727.0,0,0
68,68,44726.0,1,0
69,69,44726.0,1,0
70,70,44726.0,1,0
71,71,44726.0,1,0
72,72,44725.0,2,0
73,73,44725.0,2,0
74,74,44725.0,2,0
75,75,44724.0,3,0
76,76,44724.0,3,0
77,77,44724.0,3,0
78,78,44724.0,3,0
79,79,44723.0,4,0
80,80,44723.0,4,0
81,81,44723.0,4,0
82,82,44723.0,4,0
83,83,44723.0,4,0
84,84,44723.0,4,0
85,85,44723.0,4,0
86,86,44723.0,4,0
87,87,44723.0,4,0
88,88,44723.0,4,0
89,89,44723.0,4,0
90,90,44723.0,4,0
91,91,44723.0,4,0
92,92,44723.0,4,0
93,93,44723.0,4,0
94,94,44723.0,4,0
95,95,44723.0,4,0
96,96,44723.0,4,0
97,97,44723.0,4,0
98,98,44723.0,4,0
99,99,44723.0,4,0
100,100,44723.0,4,0
101,101,44723.0,4,0
102,102,44723.0,4,0
103,103,44723.0,4,0
104,104,44723.0,4,0
105,105,44723.0,4,0
106,106,44723.0,4,0
107,107,44723.0,4,0
108,108,44723.0,4,0
109,109,44723.0,4,0
110,110,44723.0,4,0
111,111,44723.0,4,0
112,112,44723.0,4,0
113,113,44723.0,4,0
114,114,44723.0,4,0
115,115,44723.0,4,0
116,116,44723.0,4,0
117,117,44723.0,4,0
118,118,44723.0,4,0
119,119,44723.0,4,0
120,120,44723.0,4,0
121,121,44723.0,4,0
122,122,44723.0,4,0
123,123,44723.0,4,0
124,124,44723.0,4,0
125,125,44723.0,4,0
126,126,44723.0,4,0
127,127,44723.0,4,0
128,128,44723.0,4,0
