,Days,S,I,D
0,0,30169.0,0,0
1,1,30169.0,0,0
2,2,30169.0,0,0
3,3,30169.0,0,0
4,4,30169.0,0,0
5,5,30169.0,0,0
6,6,30169.0,0,0
7,7,30169.0,0,0
8,8,30169.0,0,0
9,9,30169.0,0,0
10,10,30169.0,0,0
11,11,30169.0,0,0
12,12,30169.0,0,0
13,13,30169.0,0,0
14,14,30169.0,0,0
15,15,30169.0,0,0
16,16,30169.0,0,0
17,17,30169.0,0,0
18,18,30169.0,0,0
19,19,30169.0,0,0
20,20,30169.0,0,0
21,21,30169.0,0,0
22,22,30169.0,0,0
23,23,30169.0,0,0
24,24,30169.0,0,0
25,25,30169.0,0,0
26,26,30169.0,0,0
27,27,30169.0,0,0
28,28,30169.0,0,0
29,29,30169.0,0,0
30,30,30169.0,0,0
31,31,30169.0,0,0
32,32,30169.0,0,0
33,33,30169.0,0,0
34,34,30169.0,0,0
35,35,30169.0,0,0
36,36,30169.0,0,0
37,37,30169.0,0,0
38,38,30169.0,0,0
39,39,30169.0,0,0
40,40,30169.0,0,0
41,41,30169.0,0,0
42,42,30169.0,0,0
43,43,30169.0,0,0
44,44,30169.0,0,0
45,45,30169.0,0,0
46,46,30169.0,0,0
47,47,30169.0,0,0
48,48,30169.0,0,0
49,49,30169.0,0,0
50,50,30169.0,0,0
51,51,30169.0,0,0
52,52,30169.0,0,0
53,53,30169.0,0,0
54,54,30169.0,0,0
55,55,30169.0,0,0
56,56,30169.0,0,0
57,57,30169.0,0,0
58,58,30169.0,0,0
59,59,30169.0,0,0
60,60,30169.0,0,0
61,61,30169.0,0,0
62,62,30169.0,0,0
63,63,30169.0,0,0
64,64,30169.0,0,0
65,65,30169.0,0,0
66,66,30169.0,0,0
67,67,30169.0,0,0
68,68,30169.0,0,0
69,69,30169.0,0,0
70,70,30169.0,0,0
71,71,30169.0,0,0
72,72,30169.0,0,0
73,73,30169.0,0,0
74,74,30169.0,0,0
75,75,30169.0,0,0
76,76,30167.0,2,0
77,77,30167.0,2,0
78,78,30167.0,2,0
79,79,30167.0,2,0
80,80,30167.0,2,0
81,81,30167.0,2,0
82,82,30167.0,2,0
83,83,30167.0,2,0
84,84,30167.0,2,0
85,85,30167.0,2,0
86,86,30167.0,2,0
87,87,30167.0,2,0
88,88,30167.0,2,0
89,89,30167.0,2,0
90,90,30167.0,2,0
91,91,30167.0,2,0
92,92,30167.0,2,0
93,93,30167.0,2,0
94,94,30167.0,2,0
95,95,30166.0,3,0
96,96,30166.0,3,0
97,97,30166.0,3,0
98,98,30166.0,3,0
99,99,30166.0,3,0
100,100,30166.0,3,0
101,101,30165.0,4,0
102,102,30165.0,4,0
103,103,30165.0,4,0
104,104,30165.0,4,0
105,105,30165.0,4,0
106,106,30164.0,5,0
107,107,30164.0,5,0
108,108,30164.0,5,0
109,109,30164.0,5,0
110,110,30164.0,5,0
111,111,30164.0,5,0
112,112,30163.0,6,0
113,113,30163.0,6,0
114,114,30163.0,6,0
115,115,30163.0,6,0
116,116,30163.0,6,0
117,117,30163.0,6,0
118,118,30163.0,6,0
119,119,30163.0,6,0
120,120,30163.0,6,0
121,121,30163.0,6,0
122,122,30163.0,6,0
123,123,30163.0,6,0
124,124,30163.0,6,0
125,125,30163.0,6,0
126,126,30163.0,6,0
127,127,30163.0,6,0
128,128,30163.0,6,0
