,Days,S,I,D
0,0,116854.0,0,0
1,1,116854.0,0,0
2,2,116854.0,0,0
3,3,116854.0,0,0
4,4,116854.0,0,0
5,5,116854.0,0,0
6,6,116854.0,0,0
7,7,116854.0,0,0
8,8,116854.0,0,0
9,9,116854.0,0,0
10,10,116854.0,0,0
11,11,116854.0,0,0
12,12,116854.0,0,0
13,13,116854.0,0,0
14,14,116854.0,0,0
15,15,116854.0,0,0
16,16,116854.0,0,0
17,17,116854.0,0,0
18,18,116854.0,0,0
19,19,116854.0,0,0
20,20,116854.0,0,0
21,21,116854.0,0,0
22,22,116854.0,0,0
23,23,116854.0,0,0
24,24,116854.0,0,0
25,25,116854.0,0,0
26,26,116854.0,0,0
27,27,116854.0,0,0
28,28,116854.0,0,0
29,29,116854.0,0,0
30,30,116854.0,0,0
31,31,116854.0,0,0
32,32,116854.0,0,0
33,33,116854.0,0,0
34,34,116854.0,0,0
35,35,116854.0,0,0
36,36,116854.0,0,0
37,37,116854.0,0,0
38,38,116854.0,0,0
39,39,116854.0,0,0
40,40,116854.0,0,0
41,41,116854.0,0,0
42,42,116854.0,0,0
43,43,116854.0,0,0
44,44,116854.0,0,0
45,45,116854.0,0,0
46,46,116854.0,0,0
47,47,116854.0,0,0
48,48,116854.0,0,0
49,49,116854.0,0,0
50,50,116854.0,0,0
51,51,116854.0,0,0
52,52,116854.0,0,0
53,53,116854.0,0,0
54,54,116854.0,0,0
55,55,116854.0,0,0
56,56,116854.0,0,0
57,57,116854.0,0,0
58,58,116854.0,0,0
59,59,116854.0,0,0
60,60,116854.0,0,0
61,61,116854.0,0,0
62,62,116854.0,0,0
63,63,116854.0,0,0
64,64,116854.0,0,0
65,65,116854.0,0,0
66,66,116853.0,1,0
67,67,116853.0,1,0
68,68,116852.0,2,0
69,69,116852.0,2,0
70,70,116852.0,2,0
71,71,116851.0,3,0
72,72,116849.0,5,0
73,73,116849.0,5,0
74,74,116848.0,6,0
75,75,116848.0,6,0
76,76,116847.0,7,0
77,77,116847.0,7,0
78,78,116843.0,11,0
79,79,116843.0,11,0
80,80,116842.0,12,0
81,81,116841.0,13,0
82,82,116840.0,14,0
83,83,116838.0,16,0
84,84,116830.0,24,0
85,85,116830.0,24,0
86,86,116830.0,24,0
87,87,116830.0,24,0
88,88,116830.0,24,0
89,89,116830.0,24,0
90,90,116830.0,24,0
91,91,116828.0,26,0
92,92,116828.0,26,0
93,93,116828.0,26,0
94,94,116828.0,26,0
95,95,116828.0,26,0
96,96,116828.0,26,0
97,97,116827.0,27,0
98,98,116826.0,28,0
99,99,116826.0,28,0
100,100,116826.0,28,0
101,101,116826.0,28,0
102,102,116826.0,28,0
103,103,116826.0,28,0
104,104,116826.0,28,0
105,105,116826.0,28,0
106,106,116826.0,28,0
107,107,116824.0,30,0
108,108,116824.0,30,0
109,109,116824.0,30,0
110,110,116824.0,30,0
111,111,116824.0,30,0
112,112,116824.0,30,0
113,113,116824.0,30,0
114,114,116824.0,30,0
115,115,116822.0,32,0
116,116,116822.0,32,0
117,117,116822.0,32,0
118,118,116822.0,32,0
119,119,116822.0,32,0
120,120,116822.0,32,0
121,121,116822.0,32,0
122,122,116822.0,32,0
123,123,116822.0,32,0
124,124,116822.0,32,0
125,125,116821.0,33,0
126,126,116821.0,33,0
127,127,116817.0,37,0
128,128,116817.0,37,0
