,Days,S,I,D
0,0,1127.0,0,0
1,1,1127.0,0,0
2,2,1127.0,0,0
3,3,1127.0,0,0
4,4,1127.0,0,0
5,5,1127.0,0,0
6,6,1127.0,0,0
7,7,1127.0,0,0
8,8,1127.0,0,0
9,9,1127.0,0,0
10,10,1127.0,0,0
11,11,1127.0,0,0
12,12,1127.0,0,0
13,13,1127.0,0,0
14,14,1127.0,0,0
15,15,1127.0,0,0
16,16,1127.0,0,0
17,17,1127.0,0,0
18,18,1127.0,0,0
19,19,1127.0,0,0
20,20,1127.0,0,0
21,21,1127.0,0,0
22,22,1127.0,0,0
23,23,1127.0,0,0
24,24,1127.0,0,0
25,25,1127.0,0,0
26,26,1127.0,0,0
27,27,1127.0,0,0
28,28,1127.0,0,0
29,29,1127.0,0,0
30,30,1127.0,0,0
31,31,1127.0,0,0
32,32,1127.0,0,0
33,33,1127.0,0,0
34,34,1127.0,0,0
35,35,1127.0,0,0
36,36,1127.0,0,0
37,37,1127.0,0,0
38,38,1127.0,0,0
39,39,1127.0,0,0
40,40,1127.0,0,0
41,41,1127.0,0,0
42,42,1127.0,0,0
43,43,1127.0,0,0
44,44,1127.0,0,0
45,45,1127.0,0,0
46,46,1127.0,0,0
47,47,1127.0,0,0
48,48,1127.0,0,0
49,49,1127.0,0,0
50,50,1127.0,0,0
51,51,1127.0,0,0
52,52,1127.0,0,0
53,53,1127.0,0,0
54,54,1127.0,0,0
55,55,1127.0,0,0
56,56,1127.0,0,0
57,57,1127.0,0,0
58,58,1127.0,0,0
59,59,1127.0,0,0
60,60,1127.0,0,0
61,61,1127.0,0,0
62,62,1127.0,0,0
63,63,1127.0,0,0
64,64,1127.0,0,0
65,65,1127.0,0,0
66,66,1127.0,0,0
67,67,1127.0,0,0
68,68,1127.0,0,0
69,69,1126.0,1,0
70,70,1126.0,1,0
71,71,1126.0,1,0
72,72,1126.0,1,0
73,73,1126.0,1,0
74,74,1126.0,1,0
75,75,1126.0,1,0
76,76,1126.0,1,0
77,77,1126.0,1,0
78,78,1126.0,1,0
79,79,1126.0,1,0
80,80,1126.0,1,0
81,81,1126.0,1,0
82,82,1126.0,1,0
83,83,1126.0,1,0
84,84,1126.0,1,0
85,85,1126.0,1,0
86,86,1126.0,1,0
87,87,1126.0,1,0
88,88,1126.0,1,0
89,89,1126.0,1,0
90,90,1126.0,1,0
91,91,1126.0,1,0
92,92,1126.0,1,0
93,93,1126.0,1,0
94,94,1126.0,1,0
95,95,1126.0,1,0
96,96,1126.0,1,0
97,97,1126.0,1,0
98,98,1126.0,1,0
99,99,1126.0,1,0
100,100,1126.0,1,0
101,101,1126.0,1,0
102,102,1126.0,1,0
103,103,1126.0,1,0
104,104,1126.0,1,0
105,105,1126.0,1,0
106,106,1126.0,1,0
107,107,1126.0,1,0
108,108,1126.0,1,0
109,109,1126.0,1,0
110,110,1126.0,1,0
111,111,1126.0,1,0
112,112,1126.0,1,0
113,113,1126.0,1,0
114,114,1126.0,1,0
115,115,1126.0,1,0
116,116,1126.0,1,0
117,117,1126.0,1,0
118,118,1126.0,1,0
119,119,1126.0,1,0
120,120,1126.0,1,0
121,121,1126.0,1,0
122,122,1126.0,1,0
123,123,1126.0,1,0
124,124,1126.0,1,0
125,125,1126.0,1,0
126,126,1126.0,1,0
127,127,1126.0,1,0
128,128,1126.0,1,0
