,Days,S,I,D
0,0,66999.0,0,0
1,1,66999.0,0,0
2,2,66999.0,0,0
3,3,66999.0,0,0
4,4,66999.0,0,0
5,5,66999.0,0,0
6,6,66999.0,0,0
7,7,66999.0,0,0
8,8,66999.0,0,0
9,9,66999.0,0,0
10,10,66999.0,0,0
11,11,66999.0,0,0
12,12,66999.0,0,0
13,13,66999.0,0,0
14,14,66999.0,0,0
15,15,66999.0,0,0
16,16,66999.0,0,0
17,17,66999.0,0,0
18,18,66999.0,0,0
19,19,66999.0,0,0
20,20,66999.0,0,0
21,21,66999.0,0,0
22,22,66999.0,0,0
23,23,66999.0,0,0
24,24,66999.0,0,0
25,25,66999.0,0,0
26,26,66999.0,0,0
27,27,66999.0,0,0
28,28,66999.0,0,0
29,29,66999.0,0,0
30,30,66999.0,0,0
31,31,66999.0,0,0
32,32,66999.0,0,0
33,33,66999.0,0,0
34,34,66999.0,0,0
35,35,66999.0,0,0
36,36,66999.0,0,0
37,37,66999.0,0,0
38,38,66999.0,0,0
39,39,66999.0,0,0
40,40,66999.0,0,0
41,41,66999.0,0,0
42,42,66999.0,0,0
43,43,66999.0,0,0
44,44,66999.0,0,0
45,45,66999.0,0,0
46,46,66999.0,0,0
47,47,66998.0,1,0
48,48,66998.0,1,0
49,49,66998.0,1,0
50,50,66998.0,1,0
51,51,66998.0,1,0
52,52,66998.0,1,0
53,53,66998.0,1,0
54,54,66998.0,1,0
55,55,66998.0,1,0
56,56,66998.0,1,0
57,57,66998.0,1,0
58,58,66997.0,2,0
59,59,66997.0,2,0
60,60,66996.0,3,0
61,61,66996.0,3,0
62,62,66996.0,3,0
63,63,66995.0,4,0
64,64,66992.0,7,0
65,65,66992.0,7,0
66,66,66991.0,8,0
67,67,66986.0,13,0
68,68,66979.0,20,0
69,69,66977.0,22,0
70,70,66970.0,29,0
71,71,66967.0,32,0
72,72,66961.0,38,0
73,73,66949.0,50,0
74,74,66941.0,57,1
75,75,66934.0,64,1
76,76,66924.0,74,1
77,77,66921.0,76,2
78,78,66913.0,84,2
79,79,66907.0,90,2
80,80,66894.0,103,2
81,81,66888.0,109,2
82,82,66888.0,109,2
83,83,66871.0,125,3
84,84,66866.0,129,4
85,85,66858.0,136,5
86,86,66847.0,145,7
87,87,66840.0,151,8
88,88,66838.0,153,8
89,89,66837.0,154,8
90,90,66821.0,161,17
91,91,66815.0,166,18
92,92,66815.0,166,18
93,93,66804.0,177,18
94,94,66799.0,182,18
95,95,66799.0,182,18
96,96,66798.0,183,18
97,97,66796.0,185,18
98,98,66793.0,186,20
99,99,66790.0,189,20
100,100,66787.0,189,23
101,101,66778.0,198,23
102,102,66778.0,198,23
103,103,66776.0,199,24
104,104,66766.0,207,26
105,105,66766.0,207,26
106,106,66761.0,211,27
107,107,66758.0,214,27
108,108,66750.0,219,30
109,109,66745.0,223,31
110,110,66742.0,226,31
111,111,66733.0,235,31
112,112,66733.0,235,31
113,113,66719.0,249,31
114,114,66716.0,252,31
115,115,66711.0,256,32
116,116,66709.0,258,32
117,117,66706.0,260,33
118,118,66704.0,261,34
119,119,66702.0,263,34
120,120,66688.0,276,35
121,121,66686.0,278,35
122,122,66685.0,279,35
123,123,66683.0,281,35
124,124,66682.0,282,35
125,125,66676.0,288,35
126,126,66671.0,293,35
127,127,66659.0,305,35
128,128,66655.0,309,35
