,Days,S,I,D
0,0,43641.0,0,0
1,1,43641.0,0,0
2,2,43641.0,0,0
3,3,43641.0,0,0
4,4,43641.0,0,0
5,5,43641.0,0,0
6,6,43641.0,0,0
7,7,43641.0,0,0
8,8,43641.0,0,0
9,9,43641.0,0,0
10,10,43641.0,0,0
11,11,43641.0,0,0
12,12,43641.0,0,0
13,13,43641.0,0,0
14,14,43641.0,0,0
15,15,43641.0,0,0
16,16,43641.0,0,0
17,17,43641.0,0,0
18,18,43641.0,0,0
19,19,43641.0,0,0
20,20,43641.0,0,0
21,21,43641.0,0,0
22,22,43641.0,0,0
23,23,43641.0,0,0
24,24,43641.0,0,0
25,25,43641.0,0,0
26,26,43641.0,0,0
27,27,43641.0,0,0
28,28,43641.0,0,0
29,29,43641.0,0,0
30,30,43641.0,0,0
31,31,43641.0,0,0
32,32,43641.0,0,0
33,33,43641.0,0,0
34,34,43641.0,0,0
35,35,43641.0,0,0
36,36,43641.0,0,0
37,37,43641.0,0,0
38,38,43641.0,0,0
39,39,43641.0,0,0
40,40,43641.0,0,0
41,41,43641.0,0,0
42,42,43641.0,0,0
43,43,43641.0,0,0
44,44,43641.0,0,0
45,45,43641.0,0,0
46,46,43641.0,0,0
47,47,43641.0,0,0
48,48,43641.0,0,0
49,49,43641.0,0,0
50,50,43641.0,0,0
51,51,43641.0,0,0
52,52,43641.0,0,0
53,53,43641.0,0,0
54,54,43641.0,0,0
55,55,43641.0,0,0
56,56,43641.0,0,0
57,57,43641.0,0,0
58,58,43641.0,0,0
59,59,43641.0,0,0
60,60,43641.0,0,0
61,61,43641.0,0,0
62,62,43641.0,0,0
63,63,43641.0,0,0
64,64,43641.0,0,0
65,65,43641.0,0,0
66,66,43641.0,0,0
67,67,43641.0,0,0
68,68,43641.0,0,0
69,69,43641.0,0,0
70,70,43641.0,0,0
71,71,43641.0,0,0
72,72,43641.0,0,0
73,73,43641.0,0,0
74,74,43641.0,0,0
75,75,43641.0,0,0
76,76,43640.0,1,0
77,77,43640.0,1,0
78,78,43640.0,1,0
79,79,43640.0,1,0
80,80,43640.0,1,0
81,81,43639.0,2,0
82,82,43639.0,2,0
83,83,43639.0,2,0
84,84,43639.0,2,0
85,85,43639.0,2,0
86,86,43639.0,2,0
87,87,43639.0,2,0
88,88,43639.0,2,0
89,89,43638.0,3,0
90,90,43638.0,3,0
91,91,43638.0,3,0
92,92,43637.0,4,0
93,93,43637.0,4,0
94,94,43637.0,4,0
95,95,43637.0,4,0
96,96,43637.0,4,0
97,97,43637.0,4,0
98,98,43637.0,4,0
99,99,43637.0,4,0
100,100,43637.0,4,0
101,101,43635.0,6,0
102,102,43635.0,6,0
103,103,43635.0,6,0
104,104,43635.0,6,0
105,105,43634.0,7,0
106,106,43634.0,7,0
107,107,43634.0,7,0
108,108,43634.0,7,0
109,109,43634.0,7,0
110,110,43634.0,7,0
111,111,43634.0,7,0
112,112,43634.0,7,0
113,113,43634.0,7,0
114,114,43634.0,7,0
115,115,43634.0,7,0
116,116,43634.0,7,0
117,117,43634.0,7,0
118,118,43634.0,7,0
119,119,43634.0,7,0
120,120,43634.0,7,0
121,121,43634.0,7,0
122,122,43634.0,7,0
123,123,43634.0,7,0
124,124,43634.0,7,0
125,125,43634.0,7,0
126,126,43634.0,7,0
127,127,43634.0,7,0
128,128,43634.0,7,0
