,Days,S,I,D
0,0,87138.0,0,0
1,1,87138.0,0,0
2,2,87138.0,0,0
3,3,87138.0,0,0
4,4,87138.0,0,0
5,5,87138.0,0,0
6,6,87138.0,0,0
7,7,87138.0,0,0
8,8,87138.0,0,0
9,9,87138.0,0,0
10,10,87138.0,0,0
11,11,87138.0,0,0
12,12,87138.0,0,0
13,13,87138.0,0,0
14,14,87138.0,0,0
15,15,87138.0,0,0
16,16,87138.0,0,0
17,17,87138.0,0,0
18,18,87138.0,0,0
19,19,87138.0,0,0
20,20,87138.0,0,0
21,21,87138.0,0,0
22,22,87138.0,0,0
23,23,87138.0,0,0
24,24,87138.0,0,0
25,25,87138.0,0,0
26,26,87138.0,0,0
27,27,87138.0,0,0
28,28,87138.0,0,0
29,29,87138.0,0,0
30,30,87138.0,0,0
31,31,87138.0,0,0
32,32,87138.0,0,0
33,33,87138.0,0,0
34,34,87138.0,0,0
35,35,87138.0,0,0
36,36,87138.0,0,0
37,37,87138.0,0,0
38,38,87138.0,0,0
39,39,87138.0,0,0
40,40,87138.0,0,0
41,41,87138.0,0,0
42,42,87138.0,0,0
43,43,87138.0,0,0
44,44,87138.0,0,0
45,45,87138.0,0,0
46,46,87138.0,0,0
47,47,87138.0,0,0
48,48,87138.0,0,0
49,49,87138.0,0,0
50,50,87138.0,0,0
51,51,87138.0,0,0
52,52,87138.0,0,0
53,53,87138.0,0,0
54,54,87138.0,0,0
55,55,87138.0,0,0
56,56,87138.0,0,0
57,57,87138.0,0,0
58,58,87138.0,0,0
59,59,87138.0,0,0
60,60,87138.0,0,0
61,61,87138.0,0,0
62,62,87136.0,2,0
63,63,87136.0,2,0
64,64,87136.0,2,0
65,65,87135.0,3,0
66,66,87135.0,3,0
67,67,87135.0,3,0
68,68,87135.0,3,0
69,69,87134.0,4,0
70,70,87134.0,4,0
71,71,87134.0,4,0
72,72,87133.0,5,0
73,73,87133.0,5,0
74,74,87133.0,5,0
75,75,87133.0,5,0
76,76,87133.0,5,0
77,77,87133.0,5,0
78,78,87133.0,5,0
79,79,87133.0,5,0
80,80,87133.0,5,0
81,81,87133.0,5,0
82,82,87133.0,5,0
83,83,87133.0,5,0
84,84,87130.0,8,0
85,85,87130.0,8,0
86,86,87130.0,8,0
87,87,87130.0,8,0
88,88,87130.0,8,0
89,89,87130.0,8,0
90,90,87130.0,8,0
91,91,87130.0,8,0
92,92,87130.0,8,0
93,93,87130.0,8,0
94,94,87130.0,8,0
95,95,87130.0,8,0
96,96,87130.0,8,0
97,97,87128.0,10,0
98,98,87127.0,11,0
99,99,87127.0,11,0
100,100,87127.0,11,0
101,101,87127.0,11,0
102,102,87127.0,11,0
103,103,87127.0,11,0
104,104,87127.0,11,0
105,105,87126.0,12,0
106,106,87126.0,12,0
107,107,87126.0,12,0
108,108,87126.0,12,0
109,109,87126.0,12,0
110,110,87125.0,13,0
111,111,87125.0,13,0
112,112,87125.0,13,0
113,113,87125.0,13,0
114,114,87124.0,14,0
115,115,87124.0,14,0
116,116,87124.0,14,0
117,117,87122.0,16,0
118,118,87122.0,16,0
119,119,87122.0,16,0
120,120,87122.0,16,0
121,121,87121.0,17,0
122,122,87120.0,18,0
123,123,87120.0,18,0
124,124,87120.0,18,0
125,125,87118.0,20,0
126,126,87118.0,20,0
127,127,87114.0,24,0
128,128,87114.0,24,0
