,Days,S,I,D
0,0,4250.0,0,0
1,1,4250.0,0,0
2,2,4250.0,0,0
3,3,4250.0,0,0
4,4,4250.0,0,0
5,5,4250.0,0,0
6,6,4250.0,0,0
7,7,4250.0,0,0
8,8,4250.0,0,0
9,9,4250.0,0,0
10,10,4250.0,0,0
11,11,4250.0,0,0
12,12,4250.0,0,0
13,13,4250.0,0,0
14,14,4250.0,0,0
15,15,4250.0,0,0
16,16,4250.0,0,0
17,17,4250.0,0,0
18,18,4250.0,0,0
19,19,4250.0,0,0
20,20,4250.0,0,0
21,21,4250.0,0,0
22,22,4250.0,0,0
23,23,4250.0,0,0
24,24,4250.0,0,0
25,25,4250.0,0,0
26,26,4250.0,0,0
27,27,4250.0,0,0
28,28,4250.0,0,0
29,29,4250.0,0,0
30,30,4250.0,0,0
31,31,4250.0,0,0
32,32,4250.0,0,0
33,33,4250.0,0,0
34,34,4250.0,0,0
35,35,4250.0,0,0
36,36,4250.0,0,0
37,37,4250.0,0,0
38,38,4250.0,0,0
39,39,4250.0,0,0
40,40,4250.0,0,0
41,41,4250.0,0,0
42,42,4250.0,0,0
43,43,4250.0,0,0
44,44,4250.0,0,0
45,45,4250.0,0,0
46,46,4250.0,0,0
47,47,4250.0,0,0
48,48,4250.0,0,0
49,49,4250.0,0,0
50,50,4250.0,0,0
51,51,4250.0,0,0
52,52,4250.0,0,0
53,53,4250.0,0,0
54,54,4250.0,0,0
55,55,4250.0,0,0
56,56,4250.0,0,0
57,57,4250.0,0,0
58,58,4250.0,0,0
59,59,4250.0,0,0
60,60,4250.0,0,0
61,61,4250.0,0,0
62,62,4250.0,0,0
63,63,4250.0,0,0
64,64,4250.0,0,0
65,65,4250.0,0,0
66,66,4250.0,0,0
67,67,4250.0,0,0
68,68,4250.0,0,0
69,69,4249.0,1,0
70,70,4249.0,1,0
71,71,4249.0,1,0
72,72,4249.0,1,0
73,73,4249.0,1,0
74,74,4249.0,1,0
75,75,4249.0,1,0
76,76,4249.0,1,0
77,77,4249.0,1,0
78,78,4249.0,1,0
79,79,4249.0,1,0
80,80,4249.0,1,0
81,81,4249.0,1,0
82,82,4249.0,1,0
83,83,4249.0,1,0
84,84,4249.0,1,0
85,85,4249.0,1,0
86,86,4249.0,1,0
87,87,4249.0,1,0
88,88,4249.0,1,0
89,89,4247.0,3,0
90,90,4247.0,3,0
91,91,4247.0,3,0
92,92,4247.0,3,0
93,93,4247.0,3,0
94,94,4247.0,3,0
95,95,4247.0,3,0
96,96,4247.0,3,0
97,97,4247.0,3,0
98,98,4247.0,3,0
99,99,4247.0,3,0
100,100,4247.0,3,0
101,101,4247.0,3,0
102,102,4247.0,3,0
103,103,4247.0,3,0
104,104,4247.0,3,0
105,105,4247.0,3,0
106,106,4247.0,3,0
107,107,4247.0,3,0
108,108,4247.0,3,0
109,109,4247.0,3,0
110,110,4247.0,3,0
111,111,4247.0,3,0
112,112,4247.0,3,0
113,113,4247.0,3,0
114,114,4247.0,3,0
115,115,4247.0,3,0
116,116,4247.0,3,0
117,117,4247.0,3,0
118,118,4247.0,3,0
119,119,4247.0,3,0
120,120,4247.0,3,0
121,121,4247.0,3,0
122,122,4247.0,3,0
123,123,4247.0,3,0
124,124,4247.0,3,0
125,125,4247.0,3,0
126,126,4247.0,3,0
127,127,4247.0,3,0
128,128,4247.0,3,0
