,Days,S,I,D
0,0,32251.0,0,0
1,1,32251.0,0,0
2,2,32251.0,0,0
3,3,32251.0,0,0
4,4,32251.0,0,0
5,5,32251.0,0,0
6,6,32251.0,0,0
7,7,32251.0,0,0
8,8,32251.0,0,0
9,9,32251.0,0,0
10,10,32251.0,0,0
11,11,32251.0,0,0
12,12,32251.0,0,0
13,13,32251.0,0,0
14,14,32251.0,0,0
15,15,32251.0,0,0
16,16,32251.0,0,0
17,17,32251.0,0,0
18,18,32251.0,0,0
19,19,32251.0,0,0
20,20,32251.0,0,0
21,21,32251.0,0,0
22,22,32251.0,0,0
23,23,32251.0,0,0
24,24,32251.0,0,0
25,25,32251.0,0,0
26,26,32251.0,0,0
27,27,32251.0,0,0
28,28,32251.0,0,0
29,29,32251.0,0,0
30,30,32251.0,0,0
31,31,32251.0,0,0
32,32,32251.0,0,0
33,33,32251.0,0,0
34,34,32251.0,0,0
35,35,32251.0,0,0
36,36,32251.0,0,0
37,37,32251.0,0,0
38,38,32251.0,0,0
39,39,32251.0,0,0
40,40,32251.0,0,0
41,41,32251.0,0,0
42,42,32251.0,0,0
43,43,32251.0,0,0
44,44,32251.0,0,0
45,45,32251.0,0,0
46,46,32251.0,0,0
47,47,32251.0,0,0
48,48,32251.0,0,0
49,49,32251.0,0,0
50,50,32251.0,0,0
51,51,32251.0,0,0
52,52,32251.0,0,0
53,53,32251.0,0,0
54,54,32251.0,0,0
55,55,32251.0,0,0
56,56,32251.0,0,0
57,57,32251.0,0,0
58,58,32251.0,0,0
59,59,32251.0,0,0
60,60,32251.0,0,0
61,61,32249.0,1,1
62,62,32250.0,1,0
63,63,32250.0,1,0
64,64,32250.0,1,0
65,65,32250.0,1,0
66,66,32249.0,2,0
67,67,32249.0,2,0
68,68,32249.0,2,0
69,69,32249.0,2,0
70,70,32248.0,3,0
71,71,32245.0,6,0
72,72,32244.0,7,0
73,73,32239.0,12,0
74,74,32239.0,12,0
75,75,32237.0,14,0
76,76,32236.0,15,0
77,77,32235.0,16,0
78,78,32235.0,16,0
79,79,32234.0,17,0
80,80,32234.0,17,0
81,81,32232.0,19,0
82,82,32231.0,20,0
83,83,32231.0,20,0
84,84,32229.0,22,0
85,85,32229.0,22,0
86,86,32228.0,23,0
87,87,32228.0,23,0
88,88,32227.0,24,0
89,89,32226.0,25,0
90,90,32226.0,25,0
91,91,32226.0,25,0
92,92,32225.0,26,0
93,93,32225.0,26,0
94,94,32224.0,27,0
95,95,32224.0,27,0
96,96,32224.0,27,0
97,97,32224.0,27,0
98,98,32224.0,27,0
99,99,32221.0,30,0
100,100,32221.0,30,0
101,101,32219.0,32,0
102,102,32217.0,34,0
103,103,32217.0,34,0
104,104,32217.0,34,0
105,105,32217.0,34,0
106,106,32216.0,35,0
107,107,32213.0,38,0
108,108,32213.0,38,0
109,109,32213.0,38,0
110,110,32212.0,39,0
111,111,32212.0,39,0
112,112,32212.0,39,0
113,113,32212.0,39,0
114,114,32211.0,40,0
115,115,32210.0,41,0
116,116,32210.0,41,0
117,117,32210.0,41,0
118,118,32210.0,41,0
119,119,32210.0,41,0
120,120,32210.0,41,0
121,121,32207.0,44,0
122,122,32205.0,46,0
123,123,32200.0,51,0
124,124,32199.0,52,0
125,125,32196.0,55,0
126,126,32192.0,59,0
127,127,32192.0,59,0
128,128,32189.0,62,0
