,Days,S,I,D
0,0,154835.0,0,0
1,1,154835.0,0,0
2,2,154835.0,0,0
3,3,154835.0,0,0
4,4,154835.0,0,0
5,5,154835.0,0,0
6,6,154835.0,0,0
7,7,154835.0,0,0
8,8,154835.0,0,0
9,9,154835.0,0,0
10,10,154835.0,0,0
11,11,154835.0,0,0
12,12,154835.0,0,0
13,13,154835.0,0,0
14,14,154835.0,0,0
15,15,154835.0,0,0
16,16,154835.0,0,0
17,17,154835.0,0,0
18,18,154835.0,0,0
19,19,154835.0,0,0
20,20,154835.0,0,0
21,21,154835.0,0,0
22,22,154835.0,0,0
23,23,154835.0,0,0
24,24,154835.0,0,0
25,25,154835.0,0,0
26,26,154835.0,0,0
27,27,154835.0,0,0
28,28,154835.0,0,0
29,29,154835.0,0,0
30,30,154835.0,0,0
31,31,154835.0,0,0
32,32,154835.0,0,0
33,33,154835.0,0,0
34,34,154835.0,0,0
35,35,154835.0,0,0
36,36,154835.0,0,0
37,37,154835.0,0,0
38,38,154835.0,0,0
39,39,154835.0,0,0
40,40,154835.0,0,0
41,41,154835.0,0,0
42,42,154835.0,0,0
43,43,154835.0,0,0
44,44,154835.0,0,0
45,45,154835.0,0,0
46,46,154835.0,0,0
47,47,154835.0,0,0
48,48,154835.0,0,0
49,49,154835.0,0,0
50,50,154835.0,0,0
51,51,154835.0,0,0
52,52,154835.0,0,0
53,53,154835.0,0,0
54,54,154835.0,0,0
55,55,154835.0,0,0
56,56,154835.0,0,0
57,57,154835.0,0,0
58,58,154834.0,1,0
59,59,154834.0,1,0
60,60,154834.0,1,0
61,61,154834.0,1,0
62,62,154832.0,3,0
63,63,154830.0,5,0
64,64,154830.0,5,0
65,65,154830.0,5,0
66,66,154828.0,7,0
67,67,154824.0,11,0
68,68,154823.0,12,0
69,69,154816.0,19,0
70,70,154814.0,21,0
71,71,154812.0,23,0
72,72,154809.0,26,0
73,73,154808.0,27,0
74,74,154805.0,30,0
75,75,154803.0,32,0
76,76,154796.0,39,0
77,77,154792.0,43,0
78,78,154783.0,52,0
79,79,154778.0,57,0
80,80,154776.0,59,0
81,81,154771.0,64,0
82,82,154769.0,66,0
83,83,154766.0,69,0
84,84,154757.0,78,0
85,85,154755.0,80,0
86,86,154746.0,89,0
87,87,154729.0,106,0
88,88,154724.0,111,0
89,89,154720.0,115,0
90,90,154692.0,143,0
91,91,154684.0,151,0
92,92,154683.0,151,1
93,93,154670.0,164,1
94,94,154653.0,181,1
95,95,154628.0,205,2
96,96,154606.0,227,2
97,97,154594.0,237,4
98,98,154565.0,264,6
99,99,154545.0,284,6
100,100,154515.0,313,7
101,101,154502.0,325,8
102,102,154476.0,351,8
103,103,154450.0,377,8
104,104,154430.0,396,9
105,105,154420.0,406,9
106,106,154399.0,425,11
107,107,154372.0,452,11
108,108,154345.0,478,12
109,109,154330.0,493,12
110,110,154310.0,513,12
111,111,154301.0,522,12
112,112,154277.0,545,13
113,113,154259.0,563,13
114,114,154242.0,580,13
115,115,154221.0,601,13
116,116,154201.0,621,13
117,117,154179.0,631,25
118,118,154164.0,644,27
119,119,154146.0,662,27
120,120,154130.0,677,28
121,121,154110.0,697,28
122,122,154095.0,711,29
123,123,154072.0,734,29
124,124,154066.0,740,29
125,125,154060.0,746,29
126,126,154049.0,756,30
127,127,154045.0,759,31
128,128,154039.0,762,34
