,Days,S,I,D
0,0,14275.0,0,0
1,1,14275.0,0,0
2,2,14275.0,0,0
3,3,14275.0,0,0
4,4,14275.0,0,0
5,5,14275.0,0,0
6,6,14275.0,0,0
7,7,14275.0,0,0
8,8,14275.0,0,0
9,9,14275.0,0,0
10,10,14275.0,0,0
11,11,14275.0,0,0
12,12,14275.0,0,0
13,13,14275.0,0,0
14,14,14275.0,0,0
15,15,14275.0,0,0
16,16,14275.0,0,0
17,17,14275.0,0,0
18,18,14275.0,0,0
19,19,14275.0,0,0
20,20,14275.0,0,0
21,21,14275.0,0,0
22,22,14275.0,0,0
23,23,14275.0,0,0
24,24,14275.0,0,0
25,25,14275.0,0,0
26,26,14275.0,0,0
27,27,14275.0,0,0
28,28,14275.0,0,0
29,29,14275.0,0,0
30,30,14275.0,0,0
31,31,14275.0,0,0
32,32,14275.0,0,0
33,33,14275.0,0,0
34,34,14275.0,0,0
35,35,14275.0,0,0
36,36,14275.0,0,0
37,37,14275.0,0,0
38,38,14275.0,0,0
39,39,14275.0,0,0
40,40,14275.0,0,0
41,41,14275.0,0,0
42,42,14275.0,0,0
43,43,14275.0,0,0
44,44,14275.0,0,0
45,45,14275.0,0,0
46,46,14275.0,0,0
47,47,14275.0,0,0
48,48,14275.0,0,0
49,49,14275.0,0,0
50,50,14275.0,0,0
51,51,14275.0,0,0
52,52,14275.0,0,0
53,53,14275.0,0,0
54,54,14275.0,0,0
55,55,14275.0,0,0
56,56,14275.0,0,0
57,57,14275.0,0,0
58,58,14275.0,0,0
59,59,14275.0,0,0
60,60,14275.0,0,0
61,61,14275.0,0,0
62,62,14275.0,0,0
63,63,14275.0,0,0
64,64,14275.0,0,0
65,65,14275.0,0,0
66,66,14275.0,0,0
67,67,14275.0,0,0
68,68,14275.0,0,0
69,69,14273.0,2,0
70,70,14271.0,4,0
71,71,14270.0,5,0
72,72,14270.0,5,0
73,73,14270.0,5,0
74,74,14270.0,5,0
75,75,14270.0,5,0
76,76,14269.0,6,0
77,77,14269.0,6,0
78,78,14269.0,6,0
79,79,14269.0,6,0
80,80,14269.0,6,0
81,81,14268.0,7,0
82,82,14268.0,7,0
83,83,14268.0,7,0
84,84,14268.0,7,0
85,85,14268.0,7,0
86,86,14268.0,7,0
87,87,14268.0,7,0
88,88,14268.0,7,0
89,89,14268.0,7,0
90,90,14268.0,7,0
91,91,14268.0,7,0
92,92,14268.0,7,0
93,93,14268.0,7,0
94,94,14268.0,7,0
95,95,14268.0,7,0
96,96,14267.0,8,0
97,97,14266.0,9,0
98,98,14266.0,9,0
99,99,14265.0,10,0
100,100,14265.0,10,0
101,101,14263.0,12,0
102,102,14263.0,12,0
103,103,14262.0,13,0
104,104,14262.0,13,0
105,105,14261.0,14,0
106,106,14261.0,14,0
107,107,14261.0,14,0
108,108,14260.0,15,0
109,109,14259.0,16,0
110,110,14259.0,16,0
111,111,14259.0,16,0
112,112,14259.0,16,0
113,113,14259.0,16,0
114,114,14259.0,16,0
115,115,14259.0,16,0
116,116,14258.0,17,0
117,117,14258.0,17,0
118,118,14257.0,18,0
119,119,14257.0,18,0
120,120,14255.0,20,0
121,121,14255.0,20,0
122,122,14255.0,20,0
123,123,14255.0,20,0
124,124,14254.0,21,0
125,125,14254.0,21,0
126,126,14254.0,21,0
127,127,14254.0,21,0
128,128,14254.0,21,0
