,Days,S,I,D
0,0,51266.0,0,0
1,1,51266.0,0,0
2,2,51266.0,0,0
3,3,51266.0,0,0
4,4,51266.0,0,0
5,5,51266.0,0,0
6,6,51266.0,0,0
7,7,51266.0,0,0
8,8,51266.0,0,0
9,9,51266.0,0,0
10,10,51266.0,0,0
11,11,51266.0,0,0
12,12,51266.0,0,0
13,13,51266.0,0,0
14,14,51266.0,0,0
15,15,51266.0,0,0
16,16,51266.0,0,0
17,17,51266.0,0,0
18,18,51266.0,0,0
19,19,51266.0,0,0
20,20,51266.0,0,0
21,21,51266.0,0,0
22,22,51266.0,0,0
23,23,51266.0,0,0
24,24,51266.0,0,0
25,25,51266.0,0,0
26,26,51266.0,0,0
27,27,51266.0,0,0
28,28,51266.0,0,0
29,29,51266.0,0,0
30,30,51266.0,0,0
31,31,51266.0,0,0
32,32,51266.0,0,0
33,33,51266.0,0,0
34,34,51266.0,0,0
35,35,51266.0,0,0
36,36,51266.0,0,0
37,37,51266.0,0,0
38,38,51266.0,0,0
39,39,51266.0,0,0
40,40,51266.0,0,0
41,41,51266.0,0,0
42,42,51266.0,0,0
43,43,51266.0,0,0
44,44,51266.0,0,0
45,45,51266.0,0,0
46,46,51266.0,0,0
47,47,51266.0,0,0
48,48,51266.0,0,0
49,49,51266.0,0,0
50,50,51266.0,0,0
51,51,51266.0,0,0
52,52,51266.0,0,0
53,53,51266.0,0,0
54,54,51266.0,0,0
55,55,51266.0,0,0
56,56,51266.0,0,0
57,57,51266.0,0,0
58,58,51266.0,0,0
59,59,51266.0,0,0
60,60,51266.0,0,0
61,61,51266.0,0,0
62,62,51266.0,0,0
63,63,51266.0,0,0
64,64,51266.0,0,0
65,65,51266.0,0,0
66,66,51266.0,0,0
67,67,51265.0,1,0
68,68,51265.0,1,0
69,69,51263.0,3,0
70,70,51263.0,3,0
71,71,51263.0,3,0
72,72,51263.0,3,0
73,73,51263.0,3,0
74,74,51263.0,3,0
75,75,51261.0,5,0
76,76,51261.0,5,0
77,77,51261.0,5,0
78,78,51261.0,5,0
79,79,51261.0,5,0
80,80,51260.0,6,0
81,81,51260.0,6,0
82,82,51260.0,6,0
83,83,51260.0,6,0
84,84,51260.0,6,0
85,85,51260.0,6,0
86,86,51260.0,6,0
87,87,51260.0,6,0
88,88,51260.0,6,0
89,89,51260.0,6,0
90,90,51260.0,6,0
91,91,51260.0,6,0
92,92,51259.0,7,0
93,93,51259.0,7,0
94,94,51259.0,7,0
95,95,51259.0,7,0
96,96,51259.0,7,0
97,97,51259.0,7,0
98,98,51259.0,7,0
99,99,51259.0,7,0
100,100,51259.0,7,0
101,101,51259.0,7,0
102,102,51259.0,7,0
103,103,51259.0,7,0
104,104,51259.0,7,0
105,105,51259.0,7,0
106,106,51259.0,7,0
107,107,51259.0,7,0
108,108,51259.0,7,0
109,109,51259.0,7,0
110,110,51259.0,7,0
111,111,51259.0,7,0
112,112,51259.0,7,0
113,113,51259.0,7,0
114,114,51259.0,7,0
115,115,51259.0,7,0
116,116,51258.0,8,0
117,117,51258.0,8,0
118,118,51258.0,8,0
119,119,51258.0,8,0
120,120,51258.0,8,0
121,121,51258.0,8,0
122,122,51258.0,8,0
123,123,51258.0,8,0
124,124,51258.0,8,0
125,125,51258.0,8,0
126,126,51258.0,8,0
127,127,51258.0,8,0
128,128,51258.0,8,0
