,Days,S,I,D
0,0,6809.0,0,0
1,1,6809.0,0,0
2,2,6809.0,0,0
3,3,6809.0,0,0
4,4,6809.0,0,0
5,5,6809.0,0,0
6,6,6809.0,0,0
7,7,6809.0,0,0
8,8,6809.0,0,0
9,9,6809.0,0,0
10,10,6809.0,0,0
11,11,6809.0,0,0
12,12,6809.0,0,0
13,13,6809.0,0,0
14,14,6809.0,0,0
15,15,6809.0,0,0
16,16,6809.0,0,0
17,17,6809.0,0,0
18,18,6809.0,0,0
19,19,6809.0,0,0
20,20,6809.0,0,0
21,21,6809.0,0,0
22,22,6809.0,0,0
23,23,6809.0,0,0
24,24,6809.0,0,0
25,25,6809.0,0,0
26,26,6809.0,0,0
27,27,6809.0,0,0
28,28,6809.0,0,0
29,29,6809.0,0,0
30,30,6809.0,0,0
31,31,6809.0,0,0
32,32,6809.0,0,0
33,33,6809.0,0,0
34,34,6809.0,0,0
35,35,6809.0,0,0
36,36,6809.0,0,0
37,37,6809.0,0,0
38,38,6809.0,0,0
39,39,6809.0,0,0
40,40,6809.0,0,0
41,41,6809.0,0,0
42,42,6809.0,0,0
43,43,6809.0,0,0
44,44,6809.0,0,0
45,45,6809.0,0,0
46,46,6809.0,0,0
47,47,6809.0,0,0
48,48,6809.0,0,0
49,49,6809.0,0,0
50,50,6809.0,0,0
51,51,6809.0,0,0
52,52,6809.0,0,0
53,53,6809.0,0,0
54,54,6809.0,0,0
55,55,6809.0,0,0
56,56,6809.0,0,0
57,57,6809.0,0,0
58,58,6809.0,0,0
59,59,6809.0,0,0
60,60,6809.0,0,0
61,61,6809.0,0,0
62,62,6809.0,0,0
63,63,6809.0,0,0
64,64,6809.0,0,0
65,65,6809.0,0,0
66,66,6809.0,0,0
67,67,6809.0,0,0
68,68,6809.0,0,0
69,69,6809.0,0,0
70,70,6809.0,0,0
71,71,6809.0,0,0
72,72,6809.0,0,0
73,73,6809.0,0,0
74,74,6809.0,0,0
75,75,6808.0,1,0
76,76,6808.0,1,0
77,77,6808.0,1,0
78,78,6808.0,1,0
79,79,6808.0,1,0
80,80,6808.0,1,0
81,81,6808.0,1,0
82,82,6808.0,1,0
83,83,6808.0,1,0
84,84,6808.0,1,0
85,85,6808.0,1,0
86,86,6808.0,1,0
87,87,6808.0,1,0
88,88,6808.0,1,0
89,89,6807.0,2,0
90,90,6807.0,2,0
91,91,6807.0,2,0
92,92,6807.0,2,0
93,93,6807.0,2,0
94,94,6807.0,2,0
95,95,6807.0,2,0
96,96,6807.0,2,0
97,97,6806.0,3,0
98,98,6806.0,3,0
99,99,6806.0,3,0
100,100,6806.0,3,0
101,101,6806.0,3,0
102,102,6806.0,3,0
103,103,6806.0,3,0
104,104,6806.0,3,0
105,105,6805.0,4,0
106,106,6804.0,5,0
107,107,6804.0,5,0
108,108,6804.0,5,0
109,109,6804.0,5,0
110,110,6804.0,5,0
111,111,6804.0,5,0
112,112,6802.0,7,0
113,113,6802.0,7,0
114,114,6802.0,7,0
115,115,6801.0,8,0
116,116,6801.0,8,0
117,117,6801.0,8,0
118,118,6801.0,8,0
119,119,6801.0,8,0
120,120,6801.0,8,0
121,121,6801.0,8,0
122,122,6801.0,8,0
123,123,6801.0,8,0
124,124,6801.0,8,0
125,125,6801.0,8,0
126,126,6801.0,8,0
127,127,6801.0,8,0
128,128,6800.0,9,0
