,Days,S,I,D
0,0,18240.0,0,0
1,1,18240.0,0,0
2,2,18240.0,0,0
3,3,18240.0,0,0
4,4,18240.0,0,0
5,5,18240.0,0,0
6,6,18240.0,0,0
7,7,18240.0,0,0
8,8,18240.0,0,0
9,9,18240.0,0,0
10,10,18240.0,0,0
11,11,18240.0,0,0
12,12,18240.0,0,0
13,13,18240.0,0,0
14,14,18240.0,0,0
15,15,18240.0,0,0
16,16,18240.0,0,0
17,17,18240.0,0,0
18,18,18240.0,0,0
19,19,18240.0,0,0
20,20,18240.0,0,0
21,21,18240.0,0,0
22,22,18240.0,0,0
23,23,18240.0,0,0
24,24,18240.0,0,0
25,25,18240.0,0,0
26,26,18240.0,0,0
27,27,18240.0,0,0
28,28,18240.0,0,0
29,29,18240.0,0,0
30,30,18240.0,0,0
31,31,18240.0,0,0
32,32,18240.0,0,0
33,33,18240.0,0,0
34,34,18240.0,0,0
35,35,18240.0,0,0
36,36,18240.0,0,0
37,37,18240.0,0,0
38,38,18240.0,0,0
39,39,18240.0,0,0
40,40,18240.0,0,0
41,41,18240.0,0,0
42,42,18240.0,0,0
43,43,18240.0,0,0
44,44,18240.0,0,0
45,45,18240.0,0,0
46,46,18240.0,0,0
47,47,18240.0,0,0
48,48,18240.0,0,0
49,49,18240.0,0,0
50,50,18240.0,0,0
51,51,18240.0,0,0
52,52,18240.0,0,0
53,53,18240.0,0,0
54,54,18240.0,0,0
55,55,18240.0,0,0
56,56,18240.0,0,0
57,57,18240.0,0,0
58,58,18240.0,0,0
59,59,18240.0,0,0
60,60,18239.0,1,0
61,61,18239.0,1,0
62,62,18237.0,3,0
63,63,18236.0,4,0
64,64,18236.0,4,0
65,65,18236.0,4,0
66,66,18236.0,4,0
67,67,18236.0,4,0
68,68,18231.0,9,0
69,69,18231.0,9,0
70,70,18227.0,13,0
71,71,18225.0,15,0
72,72,18224.0,16,0
73,73,18221.0,19,0
74,74,18213.0,27,0
75,75,18213.0,27,0
76,76,18213.0,27,0
77,77,18214.0,26,0
78,78,18215.0,25,0
79,79,18211.0,29,0
80,80,18211.0,29,0
81,81,18211.0,29,0
82,82,18201.0,39,0
83,83,18196.0,44,0
84,84,18196.0,44,0
85,85,18193.0,47,0
86,86,18193.0,47,0
87,87,18193.0,47,0
88,88,18193.0,47,0
89,89,18193.0,47,0
90,90,18193.0,47,0
91,91,18193.0,47,0
92,92,18193.0,47,0
93,93,18193.0,47,0
94,94,18193.0,47,0
95,95,18193.0,47,0
96,96,18193.0,47,0
97,97,18193.0,47,0
98,98,18193.0,47,0
99,99,18193.0,47,0
100,100,18192.0,48,0
101,101,18191.0,49,0
102,102,18191.0,49,0
103,103,18191.0,49,0
104,104,18191.0,49,0
105,105,18191.0,49,0
106,106,18191.0,49,0
107,107,18191.0,49,0
108,108,18191.0,49,0
109,109,18191.0,49,0
110,110,18191.0,49,0
111,111,18191.0,49,0
112,112,18190.0,50,0
113,113,18190.0,50,0
114,114,18189.0,50,1
115,115,18189.0,50,1
116,116,18189.0,50,1
117,117,18190.0,50,0
118,118,18190.0,50,0
119,119,18190.0,50,0
120,120,18190.0,50,0
121,121,18190.0,50,0
122,122,18190.0,50,0
123,123,18190.0,50,0
124,124,18190.0,50,0
125,125,18190.0,50,0
126,126,18190.0,50,0
127,127,18190.0,50,0
128,128,18190.0,50,0
