,Days,S,I,D
0,0,69410.0,0,0
1,1,69410.0,0,0
2,2,69410.0,0,0
3,3,69410.0,0,0
4,4,69410.0,0,0
5,5,69410.0,0,0
6,6,69410.0,0,0
7,7,69410.0,0,0
8,8,69410.0,0,0
9,9,69410.0,0,0
10,10,69410.0,0,0
11,11,69410.0,0,0
12,12,69410.0,0,0
13,13,69410.0,0,0
14,14,69410.0,0,0
15,15,69410.0,0,0
16,16,69410.0,0,0
17,17,69410.0,0,0
18,18,69410.0,0,0
19,19,69410.0,0,0
20,20,69410.0,0,0
21,21,69410.0,0,0
22,22,69410.0,0,0
23,23,69410.0,0,0
24,24,69410.0,0,0
25,25,69410.0,0,0
26,26,69410.0,0,0
27,27,69410.0,0,0
28,28,69410.0,0,0
29,29,69410.0,0,0
30,30,69410.0,0,0
31,31,69410.0,0,0
32,32,69410.0,0,0
33,33,69410.0,0,0
34,34,69410.0,0,0
35,35,69410.0,0,0
36,36,69410.0,0,0
37,37,69410.0,0,0
38,38,69410.0,0,0
39,39,69410.0,0,0
40,40,69410.0,0,0
41,41,69410.0,0,0
42,42,69410.0,0,0
43,43,69410.0,0,0
44,44,69410.0,0,0
45,45,69410.0,0,0
46,46,69410.0,0,0
47,47,69410.0,0,0
48,48,69410.0,0,0
49,49,69410.0,0,0
50,50,69410.0,0,0
51,51,69410.0,0,0
52,52,69410.0,0,0
53,53,69410.0,0,0
54,54,69410.0,0,0
55,55,69410.0,0,0
56,56,69410.0,0,0
57,57,69410.0,0,0
58,58,69410.0,0,0
59,59,69410.0,0,0
60,60,69410.0,0,0
61,61,69410.0,0,0
62,62,69410.0,0,0
63,63,69410.0,0,0
64,64,69410.0,0,0
65,65,69410.0,0,0
66,66,69410.0,0,0
67,67,69410.0,0,0
68,68,69410.0,0,0
69,69,69409.0,1,0
70,70,69408.0,2,0
71,71,69408.0,2,0
72,72,69407.0,3,0
73,73,69407.0,3,0
74,74,69407.0,3,0
75,75,69407.0,3,0
76,76,69406.0,4,0
77,77,69406.0,4,0
78,78,69406.0,4,0
79,79,69404.0,6,0
80,80,69404.0,6,0
81,81,69404.0,6,0
82,82,69403.0,7,0
83,83,69400.0,10,0
84,84,69397.0,13,0
85,85,69397.0,13,0
86,86,69397.0,13,0
87,87,69396.0,14,0
88,88,69395.0,15,0
89,89,69391.0,19,0
90,90,69374.0,36,0
91,91,69359.0,51,0
92,92,69359.0,51,0
93,93,69359.0,51,0
94,94,69359.0,51,0
95,95,69359.0,51,0
96,96,69359.0,51,0
97,97,69359.0,51,0
98,98,69359.0,51,0
99,99,69359.0,51,0
100,100,69359.0,51,0
101,101,69359.0,51,0
102,102,69359.0,51,0
103,103,69349.0,61,0
104,104,69349.0,61,0
105,105,69349.0,61,0
106,106,69349.0,61,0
107,107,69348.0,62,0
108,108,69346.0,64,0
109,109,69345.0,65,0
110,110,69343.0,67,0
111,111,69342.0,68,0
112,112,69337.0,73,0
113,113,69336.0,74,0
114,114,69336.0,74,0
115,115,69336.0,74,0
116,116,69336.0,74,0
117,117,69336.0,74,0
118,118,69333.0,77,0
119,119,69329.0,81,0
120,120,69326.0,84,0
121,121,69316.0,94,0
122,122,69316.0,94,0
123,123,69316.0,94,0
124,124,69314.0,96,0
125,125,69308.0,102,0
126,126,69301.0,109,0
127,127,69298.0,112,0
128,128,69271.0,139,0
