,Days,S,I,D
0,0,7879.0,0,0
1,1,7879.0,0,0
2,2,7879.0,0,0
3,3,7879.0,0,0
4,4,7879.0,0,0
5,5,7879.0,0,0
6,6,7879.0,0,0
7,7,7879.0,0,0
8,8,7879.0,0,0
9,9,7879.0,0,0
10,10,7879.0,0,0
11,11,7879.0,0,0
12,12,7879.0,0,0
13,13,7879.0,0,0
14,14,7879.0,0,0
15,15,7879.0,0,0
16,16,7879.0,0,0
17,17,7879.0,0,0
18,18,7879.0,0,0
19,19,7879.0,0,0
20,20,7879.0,0,0
21,21,7879.0,0,0
22,22,7879.0,0,0
23,23,7879.0,0,0
24,24,7879.0,0,0
25,25,7879.0,0,0
26,26,7879.0,0,0
27,27,7879.0,0,0
28,28,7879.0,0,0
29,29,7879.0,0,0
30,30,7879.0,0,0
31,31,7879.0,0,0
32,32,7879.0,0,0
33,33,7879.0,0,0
34,34,7879.0,0,0
35,35,7879.0,0,0
36,36,7879.0,0,0
37,37,7879.0,0,0
38,38,7879.0,0,0
39,39,7879.0,0,0
40,40,7879.0,0,0
41,41,7879.0,0,0
42,42,7879.0,0,0
43,43,7879.0,0,0
44,44,7879.0,0,0
45,45,7879.0,0,0
46,46,7879.0,0,0
47,47,7879.0,0,0
48,48,7879.0,0,0
49,49,7879.0,0,0
50,50,7879.0,0,0
51,51,7879.0,0,0
52,52,7879.0,0,0
53,53,7879.0,0,0
54,54,7879.0,0,0
55,55,7879.0,0,0
56,56,7879.0,0,0
57,57,7879.0,0,0
58,58,7879.0,0,0
59,59,7879.0,0,0
60,60,7879.0,0,0
61,61,7879.0,0,0
62,62,7879.0,0,0
63,63,7879.0,0,0
64,64,7879.0,0,0
65,65,7879.0,0,0
66,66,7878.0,1,0
67,67,7878.0,1,0
68,68,7878.0,1,0
69,69,7878.0,1,0
70,70,7878.0,1,0
71,71,7878.0,1,0
72,72,7878.0,1,0
73,73,7878.0,1,0
74,74,7878.0,1,0
75,75,7878.0,1,0
76,76,7878.0,1,0
77,77,7878.0,1,0
78,78,7877.0,2,0
79,79,7877.0,2,0
80,80,7877.0,2,0
81,81,7877.0,2,0
82,82,7876.0,3,0
83,83,7876.0,3,0
84,84,7876.0,3,0
85,85,7876.0,3,0
86,86,7876.0,3,0
87,87,7876.0,3,0
88,88,7876.0,3,0
89,89,7876.0,3,0
90,90,7876.0,3,0
91,91,7876.0,3,0
92,92,7876.0,3,0
93,93,7876.0,3,0
94,94,7876.0,3,0
95,95,7876.0,3,0
96,96,7875.0,4,0
97,97,7875.0,4,0
98,98,7875.0,4,0
99,99,7875.0,4,0
100,100,7874.0,5,0
101,101,7874.0,5,0
102,102,7874.0,5,0
103,103,7874.0,5,0
104,104,7874.0,5,0
105,105,7874.0,5,0
106,106,7874.0,5,0
107,107,7874.0,5,0
108,108,7874.0,5,0
109,109,7874.0,5,0
110,110,7874.0,5,0
111,111,7873.0,6,0
112,112,7873.0,6,0
113,113,7872.0,7,0
114,114,7872.0,7,0
115,115,7872.0,7,0
116,116,7872.0,7,0
117,117,7872.0,7,0
118,118,7872.0,7,0
119,119,7870.0,9,0
120,120,7870.0,9,0
121,121,7870.0,9,0
122,122,7870.0,9,0
123,123,7870.0,9,0
124,124,7870.0,9,0
125,125,7870.0,9,0
126,126,7870.0,9,0
127,127,7866.0,13,0
128,128,7866.0,13,0
