,Days,S,I,D
0,0,16513.0,0,0
1,1,16513.0,0,0
2,2,16513.0,0,0
3,3,16513.0,0,0
4,4,16513.0,0,0
5,5,16513.0,0,0
6,6,16513.0,0,0
7,7,16513.0,0,0
8,8,16513.0,0,0
9,9,16513.0,0,0
10,10,16513.0,0,0
11,11,16513.0,0,0
12,12,16513.0,0,0
13,13,16513.0,0,0
14,14,16513.0,0,0
15,15,16513.0,0,0
16,16,16513.0,0,0
17,17,16513.0,0,0
18,18,16513.0,0,0
19,19,16513.0,0,0
20,20,16513.0,0,0
21,21,16513.0,0,0
22,22,16513.0,0,0
23,23,16513.0,0,0
24,24,16513.0,0,0
25,25,16513.0,0,0
26,26,16513.0,0,0
27,27,16513.0,0,0
28,28,16513.0,0,0
29,29,16513.0,0,0
30,30,16513.0,0,0
31,31,16513.0,0,0
32,32,16513.0,0,0
33,33,16513.0,0,0
34,34,16513.0,0,0
35,35,16513.0,0,0
36,36,16513.0,0,0
37,37,16513.0,0,0
38,38,16513.0,0,0
39,39,16513.0,0,0
40,40,16513.0,0,0
41,41,16513.0,0,0
42,42,16513.0,0,0
43,43,16513.0,0,0
44,44,16513.0,0,0
45,45,16513.0,0,0
46,46,16513.0,0,0
47,47,16513.0,0,0
48,48,16513.0,0,0
49,49,16513.0,0,0
50,50,16513.0,0,0
51,51,16513.0,0,0
52,52,16513.0,0,0
53,53,16513.0,0,0
54,54,16513.0,0,0
55,55,16513.0,0,0
56,56,16513.0,0,0
57,57,16513.0,0,0
58,58,16513.0,0,0
59,59,16513.0,0,0
60,60,16513.0,0,0
61,61,16513.0,0,0
62,62,16513.0,0,0
63,63,16512.0,1,0
64,64,16512.0,1,0
65,65,16512.0,1,0
66,66,16512.0,1,0
67,67,16512.0,1,0
68,68,16512.0,1,0
69,69,16512.0,1,0
70,70,16512.0,1,0
71,71,16512.0,1,0
72,72,16511.0,2,0
73,73,16511.0,2,0
74,74,16511.0,2,0
75,75,16510.0,3,0
76,76,16510.0,3,0
77,77,16510.0,3,0
78,78,16510.0,3,0
79,79,16510.0,3,0
80,80,16510.0,3,0
81,81,16510.0,3,0
82,82,16510.0,3,0
83,83,16510.0,3,0
84,84,16510.0,3,0
85,85,16510.0,3,0
86,86,16510.0,3,0
87,87,16510.0,3,0
88,88,16510.0,3,0
89,89,16510.0,3,0
90,90,16510.0,3,0
91,91,16510.0,3,0
92,92,16510.0,3,0
93,93,16510.0,3,0
94,94,16510.0,3,0
95,95,16510.0,3,0
96,96,16510.0,3,0
97,97,16510.0,3,0
98,98,16510.0,3,0
99,99,16510.0,3,0
100,100,16510.0,3,0
101,101,16510.0,3,0
102,102,16510.0,3,0
103,103,16510.0,3,0
104,104,16510.0,3,0
105,105,16510.0,3,0
106,106,16510.0,3,0
107,107,16510.0,3,0
108,108,16510.0,3,0
109,109,16510.0,3,0
110,110,16510.0,3,0
111,111,16510.0,3,0
112,112,16510.0,3,0
113,113,16510.0,3,0
114,114,16510.0,3,0
115,115,16510.0,3,0
116,116,16510.0,3,0
117,117,16510.0,3,0
118,118,16510.0,3,0
119,119,16510.0,3,0
120,120,16510.0,3,0
121,121,16510.0,3,0
122,122,16510.0,3,0
123,123,16510.0,3,0
124,124,16510.0,3,0
125,125,16510.0,3,0
126,126,16510.0,3,0
127,127,16510.0,3,0
128,128,16510.0,3,0
