,Days,S,I,D
0,0,161505.0,0,0
1,1,161505.0,0,0
2,2,161505.0,0,0
3,3,161505.0,0,0
4,4,161505.0,0,0
5,5,161505.0,0,0
6,6,161505.0,0,0
7,7,161505.0,0,0
8,8,161505.0,0,0
9,9,161505.0,0,0
10,10,161505.0,0,0
11,11,161505.0,0,0
12,12,161505.0,0,0
13,13,161505.0,0,0
14,14,161505.0,0,0
15,15,161505.0,0,0
16,16,161505.0,0,0
17,17,161505.0,0,0
18,18,161505.0,0,0
19,19,161505.0,0,0
20,20,161505.0,0,0
21,21,161505.0,0,0
22,22,161505.0,0,0
23,23,161505.0,0,0
24,24,161505.0,0,0
25,25,161505.0,0,0
26,26,161505.0,0,0
27,27,161505.0,0,0
28,28,161505.0,0,0
29,29,161505.0,0,0
30,30,161505.0,0,0
31,31,161505.0,0,0
32,32,161505.0,0,0
33,33,161505.0,0,0
34,34,161505.0,0,0
35,35,161505.0,0,0
36,36,161505.0,0,0
37,37,161505.0,0,0
38,38,161505.0,0,0
39,39,161505.0,0,0
40,40,161505.0,0,0
41,41,161505.0,0,0
42,42,161505.0,0,0
43,43,161505.0,0,0
44,44,161505.0,0,0
45,45,161505.0,0,0
46,46,161505.0,0,0
47,47,161505.0,0,0
48,48,161505.0,0,0
49,49,161505.0,0,0
50,50,161505.0,0,0
51,51,161505.0,0,0
52,52,161505.0,0,0
53,53,161505.0,0,0
54,54,161505.0,0,0
55,55,161505.0,0,0
56,56,161505.0,0,0
57,57,161504.0,1,0
58,58,161502.0,3,0
59,59,161502.0,3,0
60,60,161502.0,3,0
61,61,161502.0,3,0
62,62,161502.0,3,0
63,63,161496.0,9,0
64,64,161496.0,9,0
65,65,161494.0,11,0
66,66,161492.0,13,0
67,67,161492.0,13,0
68,68,161477.0,28,0
69,69,161475.0,30,0
70,70,161474.0,31,0
71,71,161468.0,37,0
72,72,161468.0,37,0
73,73,161465.0,40,0
74,74,161463.0,42,0
75,75,161463.0,42,0
76,76,161463.0,42,0
77,77,161463.0,42,0
78,78,161463.0,42,0
79,79,161461.0,44,0
80,80,161461.0,44,0
81,81,161460.0,45,0
82,82,161460.0,45,0
83,83,161460.0,45,0
84,84,161457.0,48,0
85,85,161456.0,49,0
86,86,161455.0,50,0
87,87,161455.0,50,0
88,88,161454.0,51,0
89,89,161453.0,52,0
90,90,161452.0,53,0
91,91,161449.0,56,0
92,92,161446.0,59,0
93,93,161446.0,59,0
94,94,161446.0,59,0
95,95,161444.0,61,0
96,96,161444.0,61,0
97,97,161444.0,61,0
98,98,161444.0,61,0
99,99,161443.0,62,0
100,100,161443.0,62,0
101,101,161443.0,62,0
102,102,161443.0,62,0
103,103,161443.0,62,0
104,104,161443.0,62,0
105,105,161443.0,62,0
106,106,161443.0,62,0
107,107,161442.0,63,0
108,108,161442.0,63,0
109,109,161442.0,63,0
110,110,161441.0,64,0
111,111,161441.0,64,0
112,112,161441.0,64,0
113,113,161441.0,64,0
114,114,161441.0,64,0
115,115,161440.0,65,0
116,116,161440.0,65,0
117,117,161439.0,66,0
118,118,161439.0,66,0
119,119,161439.0,66,0
120,120,161439.0,66,0
121,121,161439.0,66,0
122,122,161439.0,66,0
123,123,161439.0,66,0
124,124,161439.0,66,0
125,125,161439.0,66,0
126,126,161438.0,67,0
127,127,161438.0,67,0
128,128,161438.0,67,0
