,Days,S,I,D
0,0,18807.0,0,0
1,1,18807.0,0,0
2,2,18807.0,0,0
3,3,18807.0,0,0
4,4,18807.0,0,0
5,5,18807.0,0,0
6,6,18807.0,0,0
7,7,18807.0,0,0
8,8,18807.0,0,0
9,9,18807.0,0,0
10,10,18807.0,0,0
11,11,18807.0,0,0
12,12,18807.0,0,0
13,13,18807.0,0,0
14,14,18807.0,0,0
15,15,18807.0,0,0
16,16,18807.0,0,0
17,17,18807.0,0,0
18,18,18807.0,0,0
19,19,18807.0,0,0
20,20,18807.0,0,0
21,21,18807.0,0,0
22,22,18807.0,0,0
23,23,18807.0,0,0
24,24,18807.0,0,0
25,25,18807.0,0,0
26,26,18807.0,0,0
27,27,18807.0,0,0
28,28,18807.0,0,0
29,29,18807.0,0,0
30,30,18807.0,0,0
31,31,18807.0,0,0
32,32,18807.0,0,0
33,33,18807.0,0,0
34,34,18807.0,0,0
35,35,18807.0,0,0
36,36,18807.0,0,0
37,37,18807.0,0,0
38,38,18807.0,0,0
39,39,18807.0,0,0
40,40,18807.0,0,0
41,41,18807.0,0,0
42,42,18807.0,0,0
43,43,18807.0,0,0
44,44,18807.0,0,0
45,45,18807.0,0,0
46,46,18807.0,0,0
47,47,18807.0,0,0
48,48,18807.0,0,0
49,49,18807.0,0,0
50,50,18807.0,0,0
51,51,18807.0,0,0
52,52,18807.0,0,0
53,53,18807.0,0,0
54,54,18807.0,0,0
55,55,18807.0,0,0
56,56,18807.0,0,0
57,57,18807.0,0,0
58,58,18807.0,0,0
59,59,18807.0,0,0
60,60,18807.0,0,0
61,61,18807.0,0,0
62,62,18807.0,0,0
63,63,18807.0,0,0
64,64,18807.0,0,0
65,65,18807.0,0,0
66,66,18807.0,0,0
67,67,18807.0,0,0
68,68,18806.0,1,0
69,69,18806.0,1,0
70,70,18806.0,1,0
71,71,18806.0,1,0
72,72,18806.0,1,0
73,73,18805.0,2,0
74,74,18804.0,3,0
75,75,18803.0,4,0
76,76,18803.0,4,0
77,77,18803.0,4,0
78,78,18803.0,4,0
79,79,18803.0,4,0
80,80,18803.0,4,0
81,81,18803.0,4,0
82,82,18803.0,4,0
83,83,18803.0,4,0
84,84,18803.0,4,0
85,85,18803.0,4,0
86,86,18803.0,4,0
87,87,18803.0,4,0
88,88,18803.0,4,0
89,89,18803.0,4,0
90,90,18800.0,7,0
91,91,18799.0,8,0
92,92,18799.0,8,0
93,93,18799.0,8,0
94,94,18799.0,8,0
95,95,18799.0,8,0
96,96,18799.0,8,0
97,97,18799.0,8,0
98,98,18799.0,8,0
99,99,18799.0,8,0
100,100,18799.0,8,0
101,101,18799.0,8,0
102,102,18799.0,8,0
103,103,18799.0,8,0
104,104,18799.0,8,0
105,105,18797.0,10,0
106,106,18797.0,10,0
107,107,18797.0,10,0
108,108,18797.0,10,0
109,109,18797.0,10,0
110,110,18797.0,10,0
111,111,18796.0,11,0
112,112,18796.0,11,0
113,113,18796.0,11,0
114,114,18796.0,11,0
115,115,18796.0,11,0
116,116,18796.0,11,0
117,117,18796.0,11,0
118,118,18796.0,11,0
119,119,18796.0,11,0
120,120,18796.0,11,0
121,121,18796.0,11,0
122,122,18796.0,11,0
123,123,18796.0,11,0
124,124,18796.0,11,0
125,125,18796.0,11,0
126,126,18796.0,11,0
127,127,18796.0,11,0
128,128,18796.0,11,0
