,Days,S,I,D
0,0,348556.0,0,0
1,1,348556.0,0,0
2,2,348556.0,0,0
3,3,348556.0,0,0
4,4,348556.0,0,0
5,5,348556.0,0,0
6,6,348556.0,0,0
7,7,348556.0,0,0
8,8,348556.0,0,0
9,9,348556.0,0,0
10,10,348556.0,0,0
11,11,348556.0,0,0
12,12,348556.0,0,0
13,13,348556.0,0,0
14,14,348556.0,0,0
15,15,348556.0,0,0
16,16,348556.0,0,0
17,17,348556.0,0,0
18,18,348556.0,0,0
19,19,348556.0,0,0
20,20,348556.0,0,0
21,21,348556.0,0,0
22,22,348556.0,0,0
23,23,348556.0,0,0
24,24,348556.0,0,0
25,25,348556.0,0,0
26,26,348556.0,0,0
27,27,348556.0,0,0
28,28,348556.0,0,0
29,29,348556.0,0,0
30,30,348556.0,0,0
31,31,348556.0,0,0
32,32,348556.0,0,0
33,33,348556.0,0,0
34,34,348556.0,0,0
35,35,348556.0,0,0
36,36,348556.0,0,0
37,37,348556.0,0,0
38,38,348556.0,0,0
39,39,348556.0,0,0
40,40,348556.0,0,0
41,41,348556.0,0,0
42,42,348556.0,0,0
43,43,348556.0,0,0
44,44,348556.0,0,0
45,45,348556.0,0,0
46,46,348556.0,0,0
47,47,348556.0,0,0
48,48,348556.0,0,0
49,49,348556.0,0,0
50,50,348556.0,0,0
51,51,348556.0,0,0
52,52,348555.0,1,0
53,53,348555.0,1,0
54,54,348554.0,2,0
55,55,348552.0,4,0
56,56,348551.0,5,0
57,57,348550.0,6,0
58,58,348551.0,5,0
59,59,348549.0,7,0
60,60,348548.0,8,0
61,61,348547.0,9,0
62,62,348546.0,10,0
63,63,348545.0,11,0
64,64,348544.0,12,0
65,65,348544.0,12,0
66,66,348544.0,12,0
67,67,348543.0,13,0
68,68,348535.0,21,0
69,69,348513.0,43,0
70,70,348497.0,59,0
71,71,348482.0,73,1
72,72,348465.0,89,2
73,73,348448.0,106,2
74,74,348446.0,108,2
75,75,348446.0,108,2
76,76,348426.0,128,2
77,77,348409.0,145,2
78,78,348393.0,158,5
79,79,348372.0,179,5
80,80,348349.0,203,4
81,81,348343.0,209,4
82,82,348341.0,211,4
83,83,348311.0,241,4
84,84,348296.0,254,6
85,85,348283.0,267,6
86,86,348259.0,291,6
87,87,348240.0,310,6
88,88,348239.0,311,6
89,89,348219.0,331,6
90,90,348203.0,346,7
91,91,348193.0,356,7
92,92,348147.0,402,7
93,93,348098.0,440,18
94,94,348081.0,457,18
95,95,348081.0,457,18
96,96,348081.0,457,18
97,97,348049.0,488,19
98,98,348036.0,501,19
99,99,348005.0,531,20
100,100,347975.0,557,24
101,101,347939.0,593,24
102,102,347931.0,601,24
103,103,347931.0,601,24
104,104,347885.0,646,25
105,105,347885.0,646,25
106,106,347823.0,707,26
107,107,347789.0,741,26
108,108,347765.0,765,26
109,109,347743.0,787,26
110,110,347741.0,789,26
111,111,347691.0,837,28
112,112,347665.0,862,29
113,113,347618.0,909,29
114,114,347581.0,946,29
115,115,347549.0,978,29
116,116,347539.0,988,29
117,117,347525.0,1002,29
118,118,347484.0,1043,29
119,119,347427.0,1100,29
120,120,347395.0,1132,29
121,121,347375.0,1152,29
122,122,347334.0,1193,29
123,123,347334.0,1193,29
124,124,347326.0,1200,30
125,125,347311.0,1213,32
126,126,347261.0,1263,32
127,127,347190.0,1331,35
128,128,347121.0,1400,35
