,Days,S,I,D
0,0,64389.0,0,0
1,1,64389.0,0,0
2,2,64389.0,0,0
3,3,64389.0,0,0
4,4,64389.0,0,0
5,5,64389.0,0,0
6,6,64389.0,0,0
7,7,64389.0,0,0
8,8,64389.0,0,0
9,9,64389.0,0,0
10,10,64389.0,0,0
11,11,64389.0,0,0
12,12,64389.0,0,0
13,13,64389.0,0,0
14,14,64389.0,0,0
15,15,64389.0,0,0
16,16,64389.0,0,0
17,17,64389.0,0,0
18,18,64389.0,0,0
19,19,64389.0,0,0
20,20,64389.0,0,0
21,21,64389.0,0,0
22,22,64389.0,0,0
23,23,64389.0,0,0
24,24,64389.0,0,0
25,25,64389.0,0,0
26,26,64389.0,0,0
27,27,64389.0,0,0
28,28,64389.0,0,0
29,29,64389.0,0,0
30,30,64389.0,0,0
31,31,64389.0,0,0
32,32,64389.0,0,0
33,33,64389.0,0,0
34,34,64389.0,0,0
35,35,64389.0,0,0
36,36,64389.0,0,0
37,37,64389.0,0,0
38,38,64389.0,0,0
39,39,64389.0,0,0
40,40,64389.0,0,0
41,41,64389.0,0,0
42,42,64389.0,0,0
43,43,64389.0,0,0
44,44,64389.0,0,0
45,45,64389.0,0,0
46,46,64389.0,0,0
47,47,64389.0,0,0
48,48,64389.0,0,0
49,49,64389.0,0,0
50,50,64389.0,0,0
51,51,64389.0,0,0
52,52,64389.0,0,0
53,53,64389.0,0,0
54,54,64389.0,0,0
55,55,64389.0,0,0
56,56,64389.0,0,0
57,57,64389.0,0,0
58,58,64389.0,0,0
59,59,64389.0,0,0
60,60,64389.0,0,0
61,61,64389.0,0,0
62,62,64389.0,0,0
63,63,64389.0,0,0
64,64,64389.0,0,0
65,65,64389.0,0,0
66,66,64389.0,0,0
67,67,64389.0,0,0
68,68,64389.0,0,0
69,69,64389.0,0,0
70,70,64389.0,0,0
71,71,64389.0,0,0
72,72,64389.0,0,0
73,73,64389.0,0,0
74,74,64389.0,0,0
75,75,64389.0,0,0
76,76,64389.0,0,0
77,77,64389.0,0,0
78,78,64389.0,0,0
79,79,64389.0,0,0
80,80,64388.0,1,0
81,81,64388.0,1,0
82,82,64388.0,1,0
83,83,64388.0,1,0
84,84,64388.0,1,0
85,85,64388.0,1,0
86,86,64388.0,1,0
87,87,64388.0,1,0
88,88,64388.0,1,0
89,89,64388.0,1,0
90,90,64387.0,2,0
91,91,64386.0,3,0
92,92,64385.0,4,0
93,93,64385.0,4,0
94,94,64381.0,8,0
95,95,64377.0,12,0
96,96,64375.0,14,0
97,97,64374.0,15,0
98,98,64374.0,15,0
99,99,64369.0,20,0
100,100,64368.0,21,0
101,101,64368.0,21,0
102,102,64364.0,25,0
103,103,64362.0,27,0
104,104,64361.0,28,0
105,105,64361.0,28,0
106,106,64360.0,29,0
107,107,64360.0,29,0
108,108,64360.0,29,0
109,109,64360.0,29,0
110,110,64360.0,29,0
111,111,64360.0,29,0
112,112,64359.0,30,0
113,113,64359.0,30,0
114,114,64359.0,30,0
115,115,64359.0,30,0
116,116,64359.0,30,0
117,117,64359.0,30,0
118,118,64359.0,30,0
119,119,64359.0,30,0
120,120,64358.0,31,0
121,121,64358.0,31,0
122,122,64358.0,31,0
123,123,64358.0,31,0
124,124,64358.0,31,0
125,125,64358.0,31,0
126,126,64358.0,31,0
127,127,64358.0,31,0
128,128,64358.0,31,0
