,Days,S,I,D
0,0,601651.0,0,0
1,1,601651.0,0,0
2,2,601651.0,0,0
3,3,601651.0,0,0
4,4,601651.0,0,0
5,5,601651.0,0,0
6,6,601651.0,0,0
7,7,601651.0,0,0
8,8,601651.0,0,0
9,9,601651.0,0,0
10,10,601651.0,0,0
11,11,601651.0,0,0
12,12,601651.0,0,0
13,13,601651.0,0,0
14,14,601651.0,0,0
15,15,601651.0,0,0
16,16,601651.0,0,0
17,17,601651.0,0,0
18,18,601651.0,0,0
19,19,601651.0,0,0
20,20,601651.0,0,0
21,21,601651.0,0,0
22,22,601651.0,0,0
23,23,601651.0,0,0
24,24,601651.0,0,0
25,25,601651.0,0,0
26,26,601651.0,0,0
27,27,601651.0,0,0
28,28,601651.0,0,0
29,29,601651.0,0,0
30,30,601651.0,0,0
31,31,601651.0,0,0
32,32,601651.0,0,0
33,33,601651.0,0,0
34,34,601651.0,0,0
35,35,601651.0,0,0
36,36,601651.0,0,0
37,37,601651.0,0,0
38,38,601651.0,0,0
39,39,601651.0,0,0
40,40,601651.0,0,0
41,41,601651.0,0,0
42,42,601651.0,0,0
43,43,601651.0,0,0
44,44,601651.0,0,0
45,45,601651.0,0,0
46,46,601651.0,0,0
47,47,601651.0,0,0
48,48,601651.0,0,0
49,49,601651.0,0,0
50,50,601651.0,0,0
51,51,601650.0,1,0
52,52,601650.0,1,0
53,53,601649.0,2,0
54,54,601648.0,3,0
55,55,601647.0,4,0
56,56,601643.0,8,0
57,57,601617.0,33,1
58,58,601601.0,49,1
59,59,601588.0,62,1
60,60,601548.0,102,1
61,61,601506.0,144,1
62,62,601470.0,180,1
63,63,601428.0,222,1
64,64,601260.0,389,2
65,65,601162.0,484,5
66,66,601017.0,624,10
67,67,600882.0,759,10
68,68,600767.0,874,10
69,69,600613.0,1022,16
70,70,600419.0,1209,23
71,71,600242.0,1371,38
72,72,599921.0,1685,45
73,73,599592.0,2003,56
74,74,599412.0,2177,62
75,75,599206.0,2374,71
76,76,598925.0,2641,85
77,77,598694.0,2856,101
78,78,598439.0,3093,119
79,79,598261.0,3269,121
80,80,598116.0,3403,132
81,81,597959.0,3554,138
82,82,597920.0,3593,138
83,83,597669.0,3833,149
84,84,597469.0,4016,166
85,85,597194.0,4272,185
86,86,597026.0,4424,201
87,87,596891.0,4548,212
88,88,596786.0,4648,217
89,89,596561.0,4868,222
90,90,596362.0,5036,253
91,91,596164.0,5234,253
92,92,595954.0,5444,253
93,93,595738.0,5612,301
94,94,595523.0,5811,317
95,95,595367.0,5962,322
96,96,595297.0,6024,330
97,97,595158.0,6151,342
98,98,595031.0,6253,367
99,99,594879.0,6375,397
100,100,594726.0,6505,420
101,101,594533.0,6692,426
102,102,594340.0,6871,440
103,103,594230.0,6974,447
104,104,594122.0,7060,469
105,105,594043.0,7125,483
106,106,593942.0,7209,500
107,107,593858.0,7277,516
108,108,593763.0,7366,522
109,109,593649.0,7462,540
110,110,593535.0,7569,547
111,111,593456.0,7633,562
112,112,593392.0,7688,571
113,113,593314.0,7742,595
114,114,593212.0,7829,610
115,115,593156.0,7878,617
116,116,593112.0,7913,626
117,117,593024.0,7994,633
118,118,592941.0,8067,643
119,119,592830.0,8165,656
120,120,592776.0,8214,661
121,121,592688.0,8285,678
122,122,592649.0,8316,686
123,123,592593.0,8372,686
124,124,592531.0,8430,690
125,125,592497.0,8462,692
126,126,592433.0,8514,704
127,127,592363.0,8577,711
128,128,592303.0,8627,721
