,Days,S,I,D
0,0,11041.0,0,0
1,1,11041.0,0,0
2,2,11041.0,0,0
3,3,11041.0,0,0
4,4,11041.0,0,0
5,5,11041.0,0,0
6,6,11041.0,0,0
7,7,11041.0,0,0
8,8,11041.0,0,0
9,9,11041.0,0,0
10,10,11041.0,0,0
11,11,11041.0,0,0
12,12,11041.0,0,0
13,13,11041.0,0,0
14,14,11041.0,0,0
15,15,11041.0,0,0
16,16,11041.0,0,0
17,17,11041.0,0,0
18,18,11041.0,0,0
19,19,11041.0,0,0
20,20,11041.0,0,0
21,21,11041.0,0,0
22,22,11041.0,0,0
23,23,11041.0,0,0
24,24,11041.0,0,0
25,25,11041.0,0,0
26,26,11041.0,0,0
27,27,11041.0,0,0
28,28,11041.0,0,0
29,29,11041.0,0,0
30,30,11041.0,0,0
31,31,11041.0,0,0
32,32,11041.0,0,0
33,33,11041.0,0,0
34,34,11041.0,0,0
35,35,11041.0,0,0
36,36,11041.0,0,0
37,37,11041.0,0,0
38,38,11041.0,0,0
39,39,11041.0,0,0
40,40,11041.0,0,0
41,41,11041.0,0,0
42,42,11041.0,0,0
43,43,11041.0,0,0
44,44,11041.0,0,0
45,45,11041.0,0,0
46,46,11041.0,0,0
47,47,11041.0,0,0
48,48,11041.0,0,0
49,49,11041.0,0,0
50,50,11041.0,0,0
51,51,11041.0,0,0
52,52,11041.0,0,0
53,53,11041.0,0,0
54,54,11041.0,0,0
55,55,11041.0,0,0
56,56,11041.0,0,0
57,57,11041.0,0,0
58,58,11041.0,0,0
59,59,11041.0,0,0
60,60,11040.0,1,0
61,61,11040.0,1,0
62,62,11040.0,1,0
63,63,11040.0,1,0
64,64,11040.0,1,0
65,65,11040.0,1,0
66,66,11040.0,1,0
67,67,11040.0,1,0
68,68,11039.0,2,0
69,69,11039.0,2,0
70,70,11039.0,2,0
71,71,11039.0,2,0
72,72,11039.0,2,0
73,73,11039.0,2,0
74,74,11039.0,2,0
75,75,11039.0,2,0
76,76,11039.0,2,0
77,77,11039.0,2,0
78,78,11039.0,2,0
79,79,11039.0,2,0
80,80,11039.0,2,0
81,81,11039.0,2,0
82,82,11039.0,2,0
83,83,11039.0,2,0
84,84,11039.0,2,0
85,85,11039.0,2,0
86,86,11039.0,2,0
87,87,11039.0,2,0
88,88,11039.0,2,0
89,89,11039.0,2,0
90,90,11039.0,2,0
91,91,11039.0,2,0
92,92,11039.0,2,0
93,93,11039.0,2,0
94,94,11039.0,2,0
95,95,11039.0,2,0
96,96,11039.0,2,0
97,97,11039.0,2,0
98,98,11039.0,2,0
99,99,11039.0,2,0
100,100,11039.0,2,0
101,101,11039.0,2,0
102,102,11039.0,2,0
103,103,11039.0,2,0
104,104,11039.0,2,0
105,105,11039.0,2,0
106,106,11039.0,2,0
107,107,11039.0,2,0
108,108,11039.0,2,0
109,109,11039.0,2,0
110,110,11039.0,2,0
111,111,11039.0,2,0
112,112,11039.0,2,0
113,113,11039.0,2,0
114,114,11039.0,2,0
115,115,11039.0,2,0
116,116,11039.0,2,0
117,117,11039.0,2,0
118,118,11039.0,2,0
119,119,11039.0,2,0
120,120,11039.0,2,0
121,121,11039.0,2,0
122,122,11039.0,2,0
123,123,11039.0,2,0
124,124,11039.0,2,0
125,125,11039.0,2,0
126,126,11039.0,2,0
127,127,11039.0,2,0
128,128,11039.0,2,0
