,Days,S,I,D
0,0,71818.0,0,0
1,1,71818.0,0,0
2,2,71818.0,0,0
3,3,71818.0,0,0
4,4,71818.0,0,0
5,5,71818.0,0,0
6,6,71818.0,0,0
7,7,71818.0,0,0
8,8,71818.0,0,0
9,9,71818.0,0,0
10,10,71818.0,0,0
11,11,71818.0,0,0
12,12,71818.0,0,0
13,13,71818.0,0,0
14,14,71818.0,0,0
15,15,71818.0,0,0
16,16,71818.0,0,0
17,17,71818.0,0,0
18,18,71818.0,0,0
19,19,71818.0,0,0
20,20,71818.0,0,0
21,21,71818.0,0,0
22,22,71818.0,0,0
23,23,71818.0,0,0
24,24,71818.0,0,0
25,25,71818.0,0,0
26,26,71818.0,0,0
27,27,71818.0,0,0
28,28,71818.0,0,0
29,29,71818.0,0,0
30,30,71818.0,0,0
31,31,71818.0,0,0
32,32,71818.0,0,0
33,33,71818.0,0,0
34,34,71818.0,0,0
35,35,71818.0,0,0
36,36,71818.0,0,0
37,37,71818.0,0,0
38,38,71818.0,0,0
39,39,71818.0,0,0
40,40,71818.0,0,0
41,41,71818.0,0,0
42,42,71818.0,0,0
43,43,71818.0,0,0
44,44,71818.0,0,0
45,45,71818.0,0,0
46,46,71818.0,0,0
47,47,71818.0,0,0
48,48,71818.0,0,0
49,49,71818.0,0,0
50,50,71818.0,0,0
51,51,71818.0,0,0
52,52,71818.0,0,0
53,53,71818.0,0,0
54,54,71818.0,0,0
55,55,71818.0,0,0
56,56,71818.0,0,0
57,57,71818.0,0,0
58,58,71818.0,0,0
59,59,71815.0,3,0
60,60,71815.0,3,0
61,61,71814.0,4,0
62,62,71814.0,4,0
63,63,71811.0,7,0
64,64,71809.0,9,0
65,65,71807.0,11,0
66,66,71805.0,13,0
67,67,71805.0,13,0
68,68,71802.0,16,0
69,69,71802.0,16,0
70,70,71801.0,17,0
71,71,71801.0,17,0
72,72,71801.0,17,0
73,73,71798.0,20,0
74,74,71795.0,23,0
75,75,71793.0,25,0
76,76,71787.0,28,3
77,77,71781.0,34,3
78,78,71763.0,52,3
79,79,71760.0,55,3
80,80,71749.0,66,3
81,81,71743.0,72,3
82,82,71725.0,89,4
83,83,71717.0,97,4
84,84,71704.0,110,4
85,85,71696.0,118,4
86,86,71673.0,141,4
87,87,71645.0,169,4
88,88,71636.0,178,4
89,89,71612.0,202,4
90,90,71587.0,226,5
91,91,71578.0,235,5
92,92,71545.0,268,5
93,93,71517.0,296,5
94,94,71499.0,314,5
95,95,71477.0,336,5
96,96,71451.0,362,5
97,97,71433.0,380,5
98,98,71421.0,392,5
99,99,71363.0,449,6
100,100,71334.0,478,6
101,101,71305.0,507,6
102,102,71286.0,526,6
103,103,71263.0,549,6
104,104,71235.0,576,7
105,105,71199.0,612,7
106,106,71181.0,630,7
107,107,71137.0,671,10
108,108,71098.0,710,10
109,109,71092.0,716,10
110,110,71081.0,727,10
111,111,71063.0,744,11
112,112,70989.0,817,12
113,113,70947.0,859,12
114,114,70875.0,927,16
115,115,70836.0,962,20
116,116,70817.0,981,20
117,117,70810.0,988,20
118,118,70775.0,1023,20
119,119,70716.0,1080,22
120,120,70675.0,1121,22
121,121,70656.0,1139,23
122,122,70649.0,1144,25
123,123,70602.0,1191,25
124,124,70601.0,1191,26
125,125,70578.0,1214,26
126,126,70542.0,1250,26
127,127,70500.0,1290,28
128,128,70370.0,1414,34
