,Days,S,I,D
0,0,26787.0,0,0
1,1,26787.0,0,0
2,2,26787.0,0,0
3,3,26787.0,0,0
4,4,26787.0,0,0
5,5,26787.0,0,0
6,6,26787.0,0,0
7,7,26787.0,0,0
8,8,26787.0,0,0
9,9,26787.0,0,0
10,10,26787.0,0,0
11,11,26787.0,0,0
12,12,26787.0,0,0
13,13,26787.0,0,0
14,14,26787.0,0,0
15,15,26787.0,0,0
16,16,26787.0,0,0
17,17,26787.0,0,0
18,18,26787.0,0,0
19,19,26787.0,0,0
20,20,26787.0,0,0
21,21,26787.0,0,0
22,22,26787.0,0,0
23,23,26787.0,0,0
24,24,26787.0,0,0
25,25,26787.0,0,0
26,26,26787.0,0,0
27,27,26787.0,0,0
28,28,26787.0,0,0
29,29,26787.0,0,0
30,30,26787.0,0,0
31,31,26787.0,0,0
32,32,26787.0,0,0
33,33,26787.0,0,0
34,34,26787.0,0,0
35,35,26787.0,0,0
36,36,26787.0,0,0
37,37,26787.0,0,0
38,38,26787.0,0,0
39,39,26787.0,0,0
40,40,26787.0,0,0
41,41,26787.0,0,0
42,42,26787.0,0,0
43,43,26787.0,0,0
44,44,26787.0,0,0
45,45,26787.0,0,0
46,46,26787.0,0,0
47,47,26787.0,0,0
48,48,26787.0,0,0
49,49,26787.0,0,0
50,50,26787.0,0,0
51,51,26787.0,0,0
52,52,26787.0,0,0
53,53,26787.0,0,0
54,54,26787.0,0,0
55,55,26787.0,0,0
56,56,26787.0,0,0
57,57,26787.0,0,0
58,58,26787.0,0,0
59,59,26787.0,0,0
60,60,26787.0,0,0
61,61,26787.0,0,0
62,62,26787.0,0,0
63,63,26787.0,0,0
64,64,26786.0,1,0
65,65,26786.0,1,0
66,66,26786.0,1,0
67,67,26785.0,2,0
68,68,26784.0,3,0
69,69,26784.0,3,0
70,70,26784.0,3,0
71,71,26784.0,3,0
72,72,26784.0,3,0
73,73,26784.0,3,0
74,74,26784.0,3,0
75,75,26784.0,3,0
76,76,26784.0,3,0
77,77,26784.0,3,0
78,78,26783.0,4,0
79,79,26783.0,4,0
80,80,26783.0,4,0
81,81,26783.0,4,0
82,82,26783.0,4,0
83,83,26782.0,5,0
84,84,26782.0,5,0
85,85,26782.0,5,0
86,86,26781.0,6,0
87,87,26781.0,6,0
88,88,26781.0,6,0
89,89,26781.0,6,0
90,90,26781.0,6,0
91,91,26781.0,6,0
92,92,26781.0,6,0
93,93,26781.0,6,0
94,94,26781.0,6,0
95,95,26781.0,6,0
96,96,26781.0,6,0
97,97,26781.0,6,0
98,98,26781.0,6,0
99,99,26781.0,6,0
100,100,26781.0,6,0
101,101,26781.0,6,0
102,102,26781.0,6,0
103,103,26781.0,6,0
104,104,26781.0,6,0
105,105,26781.0,6,0
106,106,26781.0,6,0
107,107,26781.0,6,0
108,108,26781.0,6,0
109,109,26781.0,6,0
110,110,26781.0,6,0
111,111,26781.0,6,0
112,112,26781.0,6,0
113,113,26781.0,6,0
114,114,26781.0,6,0
115,115,26781.0,6,0
116,116,26781.0,6,0
117,117,26781.0,6,0
118,118,26781.0,6,0
119,119,26781.0,6,0
120,120,26781.0,6,0
121,121,26781.0,6,0
122,122,26781.0,6,0
123,123,26781.0,6,0
124,124,26781.0,6,0
125,125,26781.0,6,0
126,126,26781.0,6,0
127,127,26781.0,6,0
128,128,26781.0,6,0
