,Days,S,I,D
0,0,39304.0,0,0
1,1,39304.0,0,0
2,2,39304.0,0,0
3,3,39304.0,0,0
4,4,39304.0,0,0
5,5,39304.0,0,0
6,6,39304.0,0,0
7,7,39304.0,0,0
8,8,39304.0,0,0
9,9,39304.0,0,0
10,10,39304.0,0,0
11,11,39304.0,0,0
12,12,39304.0,0,0
13,13,39304.0,0,0
14,14,39304.0,0,0
15,15,39304.0,0,0
16,16,39304.0,0,0
17,17,39304.0,0,0
18,18,39304.0,0,0
19,19,39304.0,0,0
20,20,39304.0,0,0
21,21,39304.0,0,0
22,22,39304.0,0,0
23,23,39304.0,0,0
24,24,39304.0,0,0
25,25,39304.0,0,0
26,26,39304.0,0,0
27,27,39304.0,0,0
28,28,39304.0,0,0
29,29,39304.0,0,0
30,30,39304.0,0,0
31,31,39304.0,0,0
32,32,39304.0,0,0
33,33,39304.0,0,0
34,34,39304.0,0,0
35,35,39304.0,0,0
36,36,39304.0,0,0
37,37,39304.0,0,0
38,38,39304.0,0,0
39,39,39304.0,0,0
40,40,39304.0,0,0
41,41,39304.0,0,0
42,42,39304.0,0,0
43,43,39304.0,0,0
44,44,39304.0,0,0
45,45,39304.0,0,0
46,46,39304.0,0,0
47,47,39304.0,0,0
48,48,39304.0,0,0
49,49,39304.0,0,0
50,50,39304.0,0,0
51,51,39304.0,0,0
52,52,39304.0,0,0
53,53,39304.0,0,0
54,54,39304.0,0,0
55,55,39303.0,1,0
56,56,39303.0,1,0
57,57,39303.0,1,0
58,58,39303.0,1,0
59,59,39303.0,1,0
60,60,39302.0,2,0
61,61,39302.0,2,0
62,62,39302.0,2,0
63,63,39302.0,2,0
64,64,39302.0,2,0
65,65,39302.0,2,0
66,66,39302.0,2,0
67,67,39302.0,2,0
68,68,39302.0,2,0
69,69,39300.0,4,0
70,70,39300.0,4,0
71,71,39300.0,4,0
72,72,39300.0,4,0
73,73,39300.0,4,0
74,74,39300.0,4,0
75,75,39300.0,4,0
76,76,39300.0,4,0
77,77,39300.0,4,0
78,78,39299.0,5,0
79,79,39299.0,5,0
80,80,39299.0,5,0
81,81,39299.0,5,0
82,82,39299.0,5,0
83,83,39299.0,5,0
84,84,39296.0,8,0
85,85,39296.0,8,0
86,86,39296.0,8,0
87,87,39296.0,8,0
88,88,39296.0,8,0
89,89,39296.0,8,0
90,90,39296.0,8,0
91,91,39296.0,8,0
92,92,39296.0,8,0
93,93,39296.0,8,0
94,94,39296.0,8,0
95,95,39296.0,8,0
96,96,39295.0,9,0
97,97,39295.0,9,0
98,98,39294.0,10,0
99,99,39293.0,11,0
100,100,39293.0,11,0
101,101,39292.0,12,0
102,102,39292.0,12,0
103,103,39292.0,12,0
104,104,39291.0,13,0
105,105,39291.0,13,0
106,106,39288.0,16,0
107,107,39288.0,16,0
108,108,39287.0,17,0
109,109,39287.0,17,0
110,110,39286.0,18,0
111,111,39286.0,18,0
112,112,39286.0,18,0
113,113,39286.0,18,0
114,114,39286.0,18,0
115,115,39285.0,19,0
116,116,39285.0,19,0
117,117,39285.0,19,0
118,118,39284.0,20,0
119,119,39284.0,20,0
120,120,39284.0,20,0
121,121,39284.0,20,0
122,122,39284.0,20,0
123,123,39284.0,20,0
124,124,39284.0,20,0
125,125,39283.0,21,0
126,126,39283.0,21,0
127,127,39283.0,21,0
128,128,39283.0,21,0
