,Days,S,I,D
0,0,11693.0,0,0
1,1,11693.0,0,0
2,2,11693.0,0,0
3,3,11693.0,0,0
4,4,11693.0,0,0
5,5,11693.0,0,0
6,6,11693.0,0,0
7,7,11693.0,0,0
8,8,11693.0,0,0
9,9,11693.0,0,0
10,10,11693.0,0,0
11,11,11693.0,0,0
12,12,11693.0,0,0
13,13,11693.0,0,0
14,14,11693.0,0,0
15,15,11693.0,0,0
16,16,11693.0,0,0
17,17,11693.0,0,0
18,18,11693.0,0,0
19,19,11693.0,0,0
20,20,11693.0,0,0
21,21,11693.0,0,0
22,22,11693.0,0,0
23,23,11693.0,0,0
24,24,11693.0,0,0
25,25,11693.0,0,0
26,26,11693.0,0,0
27,27,11693.0,0,0
28,28,11693.0,0,0
29,29,11693.0,0,0
30,30,11693.0,0,0
31,31,11693.0,0,0
32,32,11693.0,0,0
33,33,11693.0,0,0
34,34,11693.0,0,0
35,35,11693.0,0,0
36,36,11693.0,0,0
37,37,11693.0,0,0
38,38,11693.0,0,0
39,39,11693.0,0,0
40,40,11693.0,0,0
41,41,11693.0,0,0
42,42,11693.0,0,0
43,43,11693.0,0,0
44,44,11693.0,0,0
45,45,11693.0,0,0
46,46,11693.0,0,0
47,47,11693.0,0,0
48,48,11693.0,0,0
49,49,11693.0,0,0
50,50,11693.0,0,0
51,51,11693.0,0,0
52,52,11693.0,0,0
53,53,11693.0,0,0
54,54,11693.0,0,0
55,55,11693.0,0,0
56,56,11693.0,0,0
57,57,11693.0,0,0
58,58,11693.0,0,0
59,59,11693.0,0,0
60,60,11693.0,0,0
61,61,11693.0,0,0
62,62,11693.0,0,0
63,63,11693.0,0,0
64,64,11693.0,0,0
65,65,11693.0,0,0
66,66,11693.0,0,0
67,67,11692.0,1,0
68,68,11692.0,1,0
69,69,11692.0,1,0
70,70,11692.0,1,0
71,71,11691.0,2,0
72,72,11691.0,2,0
73,73,11691.0,2,0
74,74,11691.0,2,0
75,75,11691.0,2,0
76,76,11691.0,2,0
77,77,11691.0,2,0
78,78,11689.0,4,0
79,79,11689.0,4,0
80,80,11689.0,4,0
81,81,11689.0,4,0
82,82,11689.0,4,0
83,83,11689.0,4,0
84,84,11689.0,4,0
85,85,11689.0,4,0
86,86,11689.0,4,0
87,87,11689.0,4,0
88,88,11689.0,4,0
89,89,11689.0,4,0
90,90,11688.0,5,0
91,91,11687.0,6,0
92,92,11687.0,6,0
93,93,11685.0,8,0
94,94,11685.0,8,0
95,95,11685.0,8,0
96,96,11685.0,8,0
97,97,11685.0,8,0
98,98,11685.0,8,0
99,99,11685.0,8,0
100,100,11685.0,8,0
101,101,11685.0,8,0
102,102,11685.0,8,0
103,103,11685.0,8,0
104,104,11685.0,8,0
105,105,11685.0,8,0
106,106,11685.0,8,0
107,107,11685.0,8,0
108,108,11685.0,8,0
109,109,11685.0,8,0
110,110,11685.0,8,0
111,111,11685.0,8,0
112,112,11685.0,8,0
113,113,11685.0,8,0
114,114,11685.0,8,0
115,115,11685.0,8,0
116,116,11685.0,8,0
117,117,11685.0,8,0
118,118,11685.0,8,0
119,119,11685.0,8,0
120,120,11685.0,8,0
121,121,11685.0,8,0
122,122,11685.0,8,0
123,123,11685.0,8,0
124,124,11685.0,8,0
125,125,11685.0,8,0
126,126,11685.0,8,0
127,127,11685.0,8,0
128,128,11685.0,8,0
