,Days,S,I,D
0,0,24192.0,0,0
1,1,24192.0,0,0
2,2,24192.0,0,0
3,3,24192.0,0,0
4,4,24192.0,0,0
5,5,24192.0,0,0
6,6,24192.0,0,0
7,7,24192.0,0,0
8,8,24192.0,0,0
9,9,24192.0,0,0
10,10,24192.0,0,0
11,11,24192.0,0,0
12,12,24192.0,0,0
13,13,24192.0,0,0
14,14,24192.0,0,0
15,15,24192.0,0,0
16,16,24192.0,0,0
17,17,24192.0,0,0
18,18,24192.0,0,0
19,19,24192.0,0,0
20,20,24192.0,0,0
21,21,24192.0,0,0
22,22,24192.0,0,0
23,23,24192.0,0,0
24,24,24192.0,0,0
25,25,24192.0,0,0
26,26,24192.0,0,0
27,27,24192.0,0,0
28,28,24192.0,0,0
29,29,24192.0,0,0
30,30,24192.0,0,0
31,31,24192.0,0,0
32,32,24192.0,0,0
33,33,24192.0,0,0
34,34,24192.0,0,0
35,35,24192.0,0,0
36,36,24192.0,0,0
37,37,24192.0,0,0
38,38,24192.0,0,0
39,39,24192.0,0,0
40,40,24192.0,0,0
41,41,24192.0,0,0
42,42,24192.0,0,0
43,43,24192.0,0,0
44,44,24192.0,0,0
45,45,24192.0,0,0
46,46,24192.0,0,0
47,47,24192.0,0,0
48,48,24192.0,0,0
49,49,24192.0,0,0
50,50,24192.0,0,0
51,51,24192.0,0,0
52,52,24192.0,0,0
53,53,24192.0,0,0
54,54,24192.0,0,0
55,55,24192.0,0,0
56,56,24192.0,0,0
57,57,24192.0,0,0
58,58,24192.0,0,0
59,59,24192.0,0,0
60,60,24192.0,0,0
61,61,24192.0,0,0
62,62,24192.0,0,0
63,63,24192.0,0,0
64,64,24192.0,0,0
65,65,24192.0,0,0
66,66,24192.0,0,0
67,67,24192.0,0,0
68,68,24192.0,0,0
69,69,24192.0,0,0
70,70,24192.0,0,0
71,71,24192.0,0,0
72,72,24192.0,0,0
73,73,24192.0,0,0
74,74,24192.0,0,0
75,75,24192.0,0,0
76,76,24192.0,0,0
77,77,24192.0,0,0
78,78,24192.0,0,0
79,79,24192.0,0,0
80,80,24192.0,0,0
81,81,24192.0,0,0
82,82,24192.0,0,0
83,83,24191.0,1,0
84,84,24191.0,1,0
85,85,24191.0,1,0
86,86,24191.0,1,0
87,87,24191.0,1,0
88,88,24191.0,1,0
89,89,24191.0,1,0
90,90,24191.0,1,0
91,91,24190.0,2,0
92,92,24190.0,2,0
93,93,24190.0,2,0
94,94,24187.0,5,0
95,95,24186.0,6,0
96,96,24186.0,6,0
97,97,24186.0,6,0
98,98,24182.0,10,0
99,99,24182.0,10,0
100,100,24182.0,10,0
101,101,24179.0,13,0
102,102,24179.0,13,0
103,103,24178.0,14,0
104,104,24178.0,14,0
105,105,24174.0,18,0
106,106,24170.0,22,0
107,107,24170.0,22,0
108,108,24168.0,24,0
109,109,24168.0,24,0
110,110,24168.0,24,0
111,111,24168.0,24,0
112,112,24168.0,24,0
113,113,24168.0,24,0
114,114,24168.0,24,0
115,115,24168.0,24,0
116,116,24168.0,24,0
117,117,24168.0,24,0
118,118,24168.0,24,0
119,119,24168.0,24,0
120,120,24168.0,24,0
121,121,24168.0,24,0
122,122,24168.0,24,0
123,123,24168.0,24,0
124,124,24168.0,24,0
125,125,24168.0,24,0
126,126,24168.0,24,0
127,127,24167.0,25,0
128,128,24164.0,28,0
