,Days,S,I,D
0,0,26215.0,0,0
1,1,26215.0,0,0
2,2,26215.0,0,0
3,3,26215.0,0,0
4,4,26215.0,0,0
5,5,26215.0,0,0
6,6,26215.0,0,0
7,7,26215.0,0,0
8,8,26215.0,0,0
9,9,26215.0,0,0
10,10,26215.0,0,0
11,11,26215.0,0,0
12,12,26215.0,0,0
13,13,26215.0,0,0
14,14,26215.0,0,0
15,15,26215.0,0,0
16,16,26215.0,0,0
17,17,26215.0,0,0
18,18,26215.0,0,0
19,19,26215.0,0,0
20,20,26215.0,0,0
21,21,26215.0,0,0
22,22,26215.0,0,0
23,23,26215.0,0,0
24,24,26215.0,0,0
25,25,26215.0,0,0
26,26,26215.0,0,0
27,27,26215.0,0,0
28,28,26215.0,0,0
29,29,26215.0,0,0
30,30,26215.0,0,0
31,31,26215.0,0,0
32,32,26215.0,0,0
33,33,26215.0,0,0
34,34,26215.0,0,0
35,35,26215.0,0,0
36,36,26215.0,0,0
37,37,26215.0,0,0
38,38,26215.0,0,0
39,39,26215.0,0,0
40,40,26215.0,0,0
41,41,26215.0,0,0
42,42,26215.0,0,0
43,43,26215.0,0,0
44,44,26215.0,0,0
45,45,26215.0,0,0
46,46,26215.0,0,0
47,47,26215.0,0,0
48,48,26215.0,0,0
49,49,26215.0,0,0
50,50,26215.0,0,0
51,51,26215.0,0,0
52,52,26215.0,0,0
53,53,26215.0,0,0
54,54,26215.0,0,0
55,55,26215.0,0,0
56,56,26215.0,0,0
57,57,26215.0,0,0
58,58,26215.0,0,0
59,59,26215.0,0,0
60,60,26215.0,0,0
61,61,26215.0,0,0
62,62,26215.0,0,0
63,63,26215.0,0,0
64,64,26215.0,0,0
65,65,26211.0,4,0
66,66,26210.0,5,0
67,67,26210.0,5,0
68,68,26210.0,5,0
69,69,26210.0,5,0
70,70,26209.0,6,0
71,71,26209.0,6,0
72,72,26207.0,8,0
73,73,26203.0,12,0
74,74,26202.0,13,0
75,75,26190.0,25,0
76,76,26186.0,29,0
77,77,26176.0,39,0
78,78,26173.0,42,0
79,79,26165.0,50,0
80,80,26163.0,51,1
81,81,26158.0,56,1
82,82,26092.0,122,1
83,83,26082.0,128,5
84,84,26071.0,139,5
85,85,26066.0,143,6
86,86,26043.0,164,8
87,87,26037.0,170,8
88,88,26034.0,173,8
89,89,26030.0,175,10
90,90,26024.0,180,11
91,91,26018.0,185,12
92,92,26010.0,191,14
93,93,26008.0,193,14
94,94,26005.0,196,14
95,95,26004.0,197,14
96,96,25995.0,203,17
97,97,25990.0,208,17
98,98,25987.0,211,17
99,99,25981.0,216,18
100,100,25974.0,223,18
101,101,25973.0,224,18
102,102,25965.0,230,20
103,103,25954.0,240,21
104,104,25949.0,243,23
105,105,25947.0,245,23
106,106,25945.0,246,24
107,107,25944.0,247,24
108,108,25943.0,248,24
109,109,25942.0,249,24
110,110,25940.0,251,24
111,111,25936.0,254,25
112,112,25935.0,255,25
113,113,25933.0,255,27
114,114,25930.0,257,28
115,115,25928.0,258,29
116,116,25926.0,260,29
117,117,25923.0,261,31
118,118,25917.0,267,31
119,119,25917.0,267,31
120,120,25911.0,271,33
121,121,25911.0,271,33
122,122,25910.0,272,33
123,123,25909.0,273,33
124,124,25907.0,275,33
125,125,25903.0,279,33
126,126,25901.0,280,34
127,127,25901.0,280,34
128,128,25901.0,280,34
