,Days,S,I,D
0,0,6947.0,0,0
1,1,6947.0,0,0
2,2,6947.0,0,0
3,3,6947.0,0,0
4,4,6947.0,0,0
5,5,6947.0,0,0
6,6,6947.0,0,0
7,7,6947.0,0,0
8,8,6947.0,0,0
9,9,6947.0,0,0
10,10,6947.0,0,0
11,11,6947.0,0,0
12,12,6947.0,0,0
13,13,6947.0,0,0
14,14,6947.0,0,0
15,15,6947.0,0,0
16,16,6947.0,0,0
17,17,6947.0,0,0
18,18,6947.0,0,0
19,19,6947.0,0,0
20,20,6947.0,0,0
21,21,6947.0,0,0
22,22,6947.0,0,0
23,23,6947.0,0,0
24,24,6947.0,0,0
25,25,6947.0,0,0
26,26,6947.0,0,0
27,27,6947.0,0,0
28,28,6947.0,0,0
29,29,6947.0,0,0
30,30,6947.0,0,0
31,31,6947.0,0,0
32,32,6947.0,0,0
33,33,6947.0,0,0
34,34,6947.0,0,0
35,35,6947.0,0,0
36,36,6947.0,0,0
37,37,6947.0,0,0
38,38,6947.0,0,0
39,39,6947.0,0,0
40,40,6947.0,0,0
41,41,6947.0,0,0
42,42,6947.0,0,0
43,43,6947.0,0,0
44,44,6947.0,0,0
45,45,6947.0,0,0
46,46,6947.0,0,0
47,47,6947.0,0,0
48,48,6947.0,0,0
49,49,6947.0,0,0
50,50,6947.0,0,0
51,51,6947.0,0,0
52,52,6947.0,0,0
53,53,6947.0,0,0
54,54,6947.0,0,0
55,55,6947.0,0,0
56,56,6947.0,0,0
57,57,6947.0,0,0
58,58,6947.0,0,0
59,59,6947.0,0,0
60,60,6947.0,0,0
61,61,6947.0,0,0
62,62,6947.0,0,0
63,63,6947.0,0,0
64,64,6947.0,0,0
65,65,6947.0,0,0
66,66,6947.0,0,0
67,67,6947.0,0,0
68,68,6947.0,0,0
69,69,6947.0,0,0
70,70,6947.0,0,0
71,71,6947.0,0,0
72,72,6947.0,0,0
73,73,6947.0,0,0
74,74,6947.0,0,0
75,75,6947.0,0,0
76,76,6947.0,0,0
77,77,6947.0,0,0
78,78,6947.0,0,0
79,79,6947.0,0,0
80,80,6947.0,0,0
81,81,6947.0,0,0
82,82,6947.0,0,0
83,83,6947.0,0,0
84,84,6947.0,0,0
85,85,6947.0,0,0
86,86,6947.0,0,0
87,87,6947.0,0,0
88,88,6947.0,0,0
89,89,6947.0,0,0
90,90,6947.0,0,0
91,91,6947.0,0,0
92,92,6947.0,0,0
93,93,6947.0,0,0
94,94,6946.0,1,0
95,95,6946.0,1,0
96,96,6946.0,1,0
97,97,6946.0,1,0
98,98,6946.0,1,0
99,99,6944.0,3,0
100,100,6944.0,3,0
101,101,6944.0,3,0
102,102,6944.0,3,0
103,103,6944.0,3,0
104,104,6943.0,4,0
105,105,6943.0,4,0
106,106,6942.0,5,0
107,107,6941.0,6,0
108,108,6941.0,6,0
109,109,6941.0,6,0
110,110,6941.0,6,0
111,111,6941.0,6,0
112,112,6941.0,6,0
113,113,6941.0,6,0
114,114,6941.0,6,0
115,115,6941.0,6,0
116,116,6941.0,6,0
117,117,6941.0,6,0
118,118,6941.0,6,0
119,119,6941.0,6,0
120,120,6941.0,6,0
121,121,6941.0,6,0
122,122,6941.0,6,0
123,123,6941.0,6,0
124,124,6941.0,6,0
125,125,6941.0,6,0
126,126,6941.0,6,0
127,127,6941.0,6,0
128,128,6941.0,6,0
