,Days,S,I,D
0,0,270771.0,0,0
1,1,270771.0,0,0
2,2,270771.0,0,0
3,3,270771.0,0,0
4,4,270771.0,0,0
5,5,270771.0,0,0
6,6,270771.0,0,0
7,7,270771.0,0,0
8,8,270771.0,0,0
9,9,270771.0,0,0
10,10,270771.0,0,0
11,11,270771.0,0,0
12,12,270771.0,0,0
13,13,270771.0,0,0
14,14,270771.0,0,0
15,15,270771.0,0,0
16,16,270771.0,0,0
17,17,270771.0,0,0
18,18,270771.0,0,0
19,19,270771.0,0,0
20,20,270771.0,0,0
21,21,270771.0,0,0
22,22,270771.0,0,0
23,23,270771.0,0,0
24,24,270771.0,0,0
25,25,270771.0,0,0
26,26,270771.0,0,0
27,27,270771.0,0,0
28,28,270771.0,0,0
29,29,270771.0,0,0
30,30,270771.0,0,0
31,31,270771.0,0,0
32,32,270771.0,0,0
33,33,270771.0,0,0
34,34,270771.0,0,0
35,35,270771.0,0,0
36,36,270771.0,0,0
37,37,270771.0,0,0
38,38,270771.0,0,0
39,39,270771.0,0,0
40,40,270771.0,0,0
41,41,270771.0,0,0
42,42,270771.0,0,0
43,43,270771.0,0,0
44,44,270771.0,0,0
45,45,270771.0,0,0
46,46,270771.0,0,0
47,47,270771.0,0,0
48,48,270771.0,0,0
49,49,270771.0,0,0
50,50,270770.0,1,0
51,51,270770.0,1,0
52,52,270770.0,1,0
53,53,270770.0,1,0
54,54,270770.0,1,0
55,55,270770.0,1,0
56,56,270770.0,1,0
57,57,270768.0,3,0
58,58,270765.0,6,0
59,59,270765.0,6,0
60,60,270763.0,8,0
61,61,270762.0,9,0
62,62,270756.0,15,0
63,63,270752.0,19,0
64,64,270744.0,27,0
65,65,270744.0,27,0
66,66,270739.0,31,1
67,67,270738.0,32,1
68,68,270734.0,36,1
69,69,270721.0,49,1
70,70,270713.0,57,1
71,71,270705.0,65,1
72,72,270698.0,72,1
73,73,270681.0,89,1
74,74,270668.0,102,1
75,75,270658.0,112,1
76,76,270641.0,129,1
77,77,270628.0,142,1
78,78,270620.0,150,1
79,79,270604.0,165,2
80,80,270582.0,186,3
81,81,270576.0,192,3
82,82,270574.0,194,3
83,83,270533.0,234,4
84,84,270493.0,273,5
85,85,270458.0,306,7
86,86,270406.0,358,7
87,87,270375.0,388,8
88,88,270361.0,402,8
89,89,270350.0,412,9
90,90,270320.0,442,9
91,91,270307.0,454,10
92,92,270307.0,454,10
93,93,270246.0,515,10
94,94,270208.0,553,10
95,95,270185.0,576,10
96,96,270175.0,586,10
97,97,270159.0,602,10
98,98,270134.0,620,17
99,99,270120.0,634,17
100,100,270110.0,642,19
101,101,270106.0,645,20
102,102,270093.0,658,20
103,103,270083.0,668,20
104,104,270063.0,687,21
105,105,270033.0,714,24
106,106,270017.0,730,24
107,107,269973.0,773,25
108,108,269961.0,785,25
109,109,269936.0,810,25
110,110,269916.0,829,26
111,111,269897.0,847,27
112,112,269886.0,857,28
113,113,269846.0,897,28
114,114,269822.0,921,28
115,115,269796.0,947,28
116,116,269772.0,971,28
117,117,269759.0,984,28
118,118,269727.0,1014,30
119,119,269686.0,1054,31
120,120,269657.0,1082,32
121,121,269641.0,1097,33
122,122,269605.0,1132,34
123,123,269582.0,1155,34
124,124,269567.0,1170,34
125,125,269532.0,1205,34
126,126,269519.0,1218,34
127,127,269516.0,1221,34
128,128,269489.0,1248,34
