,Days,S,I,D
0,0,2660.0,0,0
1,1,2660.0,0,0
2,2,2660.0,0,0
3,3,2660.0,0,0
4,4,2660.0,0,0
5,5,2660.0,0,0
6,6,2660.0,0,0
7,7,2660.0,0,0
8,8,2660.0,0,0
9,9,2660.0,0,0
10,10,2660.0,0,0
11,11,2660.0,0,0
12,12,2660.0,0,0
13,13,2660.0,0,0
14,14,2660.0,0,0
15,15,2660.0,0,0
16,16,2660.0,0,0
17,17,2660.0,0,0
18,18,2660.0,0,0
19,19,2660.0,0,0
20,20,2660.0,0,0
21,21,2660.0,0,0
22,22,2660.0,0,0
23,23,2660.0,0,0
24,24,2660.0,0,0
25,25,2660.0,0,0
26,26,2660.0,0,0
27,27,2660.0,0,0
28,28,2660.0,0,0
29,29,2660.0,0,0
30,30,2660.0,0,0
31,31,2660.0,0,0
32,32,2660.0,0,0
33,33,2660.0,0,0
34,34,2660.0,0,0
35,35,2660.0,0,0
36,36,2660.0,0,0
37,37,2660.0,0,0
38,38,2660.0,0,0
39,39,2660.0,0,0
40,40,2660.0,0,0
41,41,2660.0,0,0
42,42,2660.0,0,0
43,43,2660.0,0,0
44,44,2660.0,0,0
45,45,2660.0,0,0
46,46,2660.0,0,0
47,47,2660.0,0,0
48,48,2660.0,0,0
49,49,2660.0,0,0
50,50,2660.0,0,0
51,51,2660.0,0,0
52,52,2660.0,0,0
53,53,2660.0,0,0
54,54,2660.0,0,0
55,55,2660.0,0,0
56,56,2660.0,0,0
57,57,2660.0,0,0
58,58,2660.0,0,0
59,59,2660.0,0,0
60,60,2660.0,0,0
61,61,2660.0,0,0
62,62,2660.0,0,0
63,63,2660.0,0,0
64,64,2660.0,0,0
65,65,2660.0,0,0
66,66,2660.0,0,0
67,67,2660.0,0,0
68,68,2660.0,0,0
69,69,2660.0,0,0
70,70,2660.0,0,0
71,71,2660.0,0,0
72,72,2660.0,0,0
73,73,2660.0,0,0
74,74,2660.0,0,0
75,75,2660.0,0,0
76,76,2660.0,0,0
77,77,2660.0,0,0
78,78,2660.0,0,0
79,79,2660.0,0,0
80,80,2660.0,0,0
81,81,2660.0,0,0
82,82,2660.0,0,0
83,83,2660.0,0,0
84,84,2660.0,0,0
85,85,2660.0,0,0
86,86,2660.0,0,0
87,87,2660.0,0,0
88,88,2660.0,0,0
89,89,2660.0,0,0
90,90,2660.0,0,0
91,91,2660.0,0,0
92,92,2660.0,0,0
93,93,2660.0,0,0
94,94,2660.0,0,0
95,95,2660.0,0,0
96,96,2660.0,0,0
97,97,2660.0,0,0
98,98,2659.0,1,0
99,99,2658.0,2,0
100,100,2658.0,2,0
101,101,2658.0,2,0
102,102,2658.0,2,0
103,103,2658.0,2,0
104,104,2658.0,2,0
105,105,2658.0,2,0
106,106,2658.0,2,0
107,107,2658.0,2,0
108,108,2658.0,2,0
109,109,2658.0,2,0
110,110,2658.0,2,0
111,111,2658.0,2,0
112,112,2658.0,2,0
113,113,2658.0,2,0
114,114,2658.0,2,0
115,115,2658.0,2,0
116,116,2658.0,2,0
117,117,2658.0,2,0
118,118,2658.0,2,0
119,119,2658.0,2,0
120,120,2658.0,2,0
121,121,2658.0,2,0
122,122,2658.0,2,0
123,123,2658.0,2,0
124,124,2658.0,2,0
125,125,2658.0,2,0
126,126,2658.0,2,0
127,127,2658.0,2,0
128,128,2658.0,2,0
