,Days,S,I,D
0,0,2005.0,0,0
1,1,2005.0,0,0
2,2,2005.0,0,0
3,3,2005.0,0,0
4,4,2005.0,0,0
5,5,2005.0,0,0
6,6,2005.0,0,0
7,7,2005.0,0,0
8,8,2005.0,0,0
9,9,2005.0,0,0
10,10,2005.0,0,0
11,11,2005.0,0,0
12,12,2005.0,0,0
13,13,2005.0,0,0
14,14,2005.0,0,0
15,15,2005.0,0,0
16,16,2005.0,0,0
17,17,2005.0,0,0
18,18,2005.0,0,0
19,19,2005.0,0,0
20,20,2005.0,0,0
21,21,2005.0,0,0
22,22,2005.0,0,0
23,23,2005.0,0,0
24,24,2005.0,0,0
25,25,2005.0,0,0
26,26,2005.0,0,0
27,27,2005.0,0,0
28,28,2005.0,0,0
29,29,2005.0,0,0
30,30,2005.0,0,0
31,31,2005.0,0,0
32,32,2005.0,0,0
33,33,2005.0,0,0
34,34,2005.0,0,0
35,35,2005.0,0,0
36,36,2005.0,0,0
37,37,2005.0,0,0
38,38,2005.0,0,0
39,39,2005.0,0,0
40,40,2005.0,0,0
41,41,2005.0,0,0
42,42,2005.0,0,0
43,43,2005.0,0,0
44,44,2005.0,0,0
45,45,2005.0,0,0
46,46,2005.0,0,0
47,47,2005.0,0,0
48,48,2005.0,0,0
49,49,2005.0,0,0
50,50,2005.0,0,0
51,51,2005.0,0,0
52,52,2005.0,0,0
53,53,2005.0,0,0
54,54,2005.0,0,0
55,55,2005.0,0,0
56,56,2005.0,0,0
57,57,2005.0,0,0
58,58,2005.0,0,0
59,59,2005.0,0,0
60,60,2005.0,0,0
61,61,2005.0,0,0
62,62,2005.0,0,0
63,63,2005.0,0,0
64,64,2005.0,0,0
65,65,2005.0,0,0
66,66,2005.0,0,0
67,67,2005.0,0,0
68,68,2005.0,0,0
69,69,2005.0,0,0
70,70,2005.0,0,0
71,71,2005.0,0,0
72,72,2005.0,0,0
73,73,2005.0,0,0
74,74,2005.0,0,0
75,75,2005.0,0,0
76,76,2005.0,0,0
77,77,2005.0,0,0
78,78,2005.0,0,0
79,79,2005.0,0,0
80,80,2005.0,0,0
81,81,2005.0,0,0
82,82,2005.0,0,0
83,83,2005.0,0,0
84,84,2005.0,0,0
85,85,2005.0,0,0
86,86,2005.0,0,0
87,87,2005.0,0,0
88,88,2005.0,0,0
89,89,2005.0,0,0
90,90,2005.0,0,0
91,91,2005.0,0,0
92,92,2004.0,1,0
93,93,2004.0,1,0
94,94,2004.0,1,0
95,95,2004.0,1,0
96,96,2004.0,1,0
97,97,2004.0,1,0
98,98,2004.0,1,0
99,99,2004.0,1,0
100,100,2004.0,1,0
101,101,2004.0,1,0
102,102,2004.0,1,0
103,103,2003.0,2,0
104,104,1997.0,8,0
105,105,1996.0,9,0
106,106,1988.0,17,0
107,107,1988.0,17,0
108,108,1988.0,17,0
109,109,1988.0,17,0
110,110,1986.0,19,0
111,111,1986.0,19,0
112,112,1986.0,19,0
113,113,1986.0,19,0
114,114,1985.0,20,0
115,115,1985.0,20,0
116,116,1985.0,20,0
117,117,1984.0,21,0
118,118,1984.0,21,0
119,119,1984.0,21,0
120,120,1984.0,21,0
121,121,1974.0,31,0
122,122,1974.0,31,0
123,123,1974.0,31,0
124,124,1974.0,31,0
125,125,1974.0,31,0
126,126,1974.0,31,0
127,127,1974.0,31,0
128,128,1972.0,33,0
