,Days,S,I,D
0,0,32835.0,0,0
1,1,32835.0,0,0
2,2,32835.0,0,0
3,3,32835.0,0,0
4,4,32835.0,0,0
5,5,32835.0,0,0
6,6,32835.0,0,0
7,7,32835.0,0,0
8,8,32835.0,0,0
9,9,32835.0,0,0
10,10,32835.0,0,0
11,11,32835.0,0,0
12,12,32835.0,0,0
13,13,32835.0,0,0
14,14,32835.0,0,0
15,15,32835.0,0,0
16,16,32835.0,0,0
17,17,32835.0,0,0
18,18,32835.0,0,0
19,19,32835.0,0,0
20,20,32835.0,0,0
21,21,32835.0,0,0
22,22,32835.0,0,0
23,23,32835.0,0,0
24,24,32835.0,0,0
25,25,32835.0,0,0
26,26,32835.0,0,0
27,27,32835.0,0,0
28,28,32835.0,0,0
29,29,32835.0,0,0
30,30,32835.0,0,0
31,31,32835.0,0,0
32,32,32835.0,0,0
33,33,32835.0,0,0
34,34,32835.0,0,0
35,35,32835.0,0,0
36,36,32835.0,0,0
37,37,32835.0,0,0
38,38,32835.0,0,0
39,39,32835.0,0,0
40,40,32835.0,0,0
41,41,32835.0,0,0
42,42,32835.0,0,0
43,43,32835.0,0,0
44,44,32835.0,0,0
45,45,32835.0,0,0
46,46,32835.0,0,0
47,47,32835.0,0,0
48,48,32835.0,0,0
49,49,32835.0,0,0
50,50,32835.0,0,0
51,51,32835.0,0,0
52,52,32835.0,0,0
53,53,32835.0,0,0
54,54,32835.0,0,0
55,55,32834.0,1,0
56,56,32834.0,1,0
57,57,32834.0,1,0
58,58,32833.0,2,0
59,59,32832.0,3,0
60,60,32832.0,3,0
61,61,32832.0,3,0
62,62,32832.0,3,0
63,63,32832.0,3,0
64,64,32832.0,3,0
65,65,32832.0,3,0
66,66,32826.0,9,0
67,67,32826.0,9,0
68,68,32825.0,10,0
69,69,32824.0,11,0
70,70,32823.0,12,0
71,71,32822.0,13,0
72,72,32822.0,13,0
73,73,32822.0,13,0
74,74,32822.0,13,0
75,75,32822.0,13,0
76,76,32821.0,14,0
77,77,32821.0,14,0
78,78,32820.0,15,0
79,79,32820.0,15,0
80,80,32820.0,15,0
81,81,32820.0,15,0
82,82,32820.0,15,0
83,83,32820.0,15,0
84,84,32820.0,15,0
85,85,32820.0,15,0
86,86,32820.0,15,0
87,87,32820.0,15,0
88,88,32820.0,15,0
89,89,32819.0,16,0
90,90,32819.0,16,0
91,91,32819.0,16,0
92,92,32818.0,17,0
93,93,32818.0,17,0
94,94,32818.0,17,0
95,95,32818.0,17,0
96,96,32818.0,17,0
97,97,32818.0,17,0
98,98,32818.0,17,0
99,99,32817.0,18,0
100,100,32816.0,19,0
101,101,32816.0,19,0
102,102,32815.0,20,0
103,103,32815.0,20,0
104,104,32815.0,20,0
105,105,32815.0,20,0
106,106,32815.0,20,0
107,107,32815.0,20,0
108,108,32815.0,20,0
109,109,32815.0,20,0
110,110,32815.0,20,0
111,111,32814.0,21,0
112,112,32813.0,22,0
113,113,32813.0,22,0
114,114,32813.0,22,0
115,115,32813.0,22,0
116,116,32813.0,22,0
117,117,32813.0,22,0
118,118,32813.0,22,0
119,119,32813.0,22,0
120,120,32813.0,22,0
121,121,32813.0,22,0
122,122,32813.0,22,0
123,123,32813.0,22,0
124,124,32811.0,24,0
125,125,32811.0,24,0
126,126,32811.0,24,0
127,127,32811.0,24,0
128,128,32811.0,24,0
