,Days,S,I,D
0,0,7682.0,0,0
1,1,7682.0,0,0
2,2,7682.0,0,0
3,3,7682.0,0,0
4,4,7682.0,0,0
5,5,7682.0,0,0
6,6,7682.0,0,0
7,7,7682.0,0,0
8,8,7682.0,0,0
9,9,7682.0,0,0
10,10,7682.0,0,0
11,11,7682.0,0,0
12,12,7682.0,0,0
13,13,7682.0,0,0
14,14,7682.0,0,0
15,15,7682.0,0,0
16,16,7682.0,0,0
17,17,7682.0,0,0
18,18,7682.0,0,0
19,19,7682.0,0,0
20,20,7682.0,0,0
21,21,7682.0,0,0
22,22,7682.0,0,0
23,23,7682.0,0,0
24,24,7682.0,0,0
25,25,7682.0,0,0
26,26,7682.0,0,0
27,27,7682.0,0,0
28,28,7682.0,0,0
29,29,7682.0,0,0
30,30,7682.0,0,0
31,31,7682.0,0,0
32,32,7682.0,0,0
33,33,7682.0,0,0
34,34,7682.0,0,0
35,35,7682.0,0,0
36,36,7682.0,0,0
37,37,7682.0,0,0
38,38,7682.0,0,0
39,39,7682.0,0,0
40,40,7682.0,0,0
41,41,7682.0,0,0
42,42,7682.0,0,0
43,43,7682.0,0,0
44,44,7682.0,0,0
45,45,7682.0,0,0
46,46,7682.0,0,0
47,47,7682.0,0,0
48,48,7682.0,0,0
49,49,7682.0,0,0
50,50,7682.0,0,0
51,51,7682.0,0,0
52,52,7682.0,0,0
53,53,7682.0,0,0
54,54,7682.0,0,0
55,55,7682.0,0,0
56,56,7682.0,0,0
57,57,7682.0,0,0
58,58,7682.0,0,0
59,59,7682.0,0,0
60,60,7682.0,0,0
61,61,7682.0,0,0
62,62,7681.0,1,0
63,63,7681.0,1,0
64,64,7681.0,1,0
65,65,7681.0,1,0
66,66,7681.0,1,0
67,67,7681.0,1,0
68,68,7681.0,1,0
69,69,7681.0,1,0
70,70,7681.0,1,0
71,71,7681.0,1,0
72,72,7681.0,1,0
73,73,7681.0,1,0
74,74,7681.0,1,0
75,75,7681.0,1,0
76,76,7681.0,1,0
77,77,7681.0,1,0
78,78,7681.0,1,0
79,79,7681.0,1,0
80,80,7681.0,1,0
81,81,7681.0,1,0
82,82,7681.0,1,0
83,83,7681.0,1,0
84,84,7681.0,1,0
85,85,7681.0,1,0
86,86,7681.0,1,0
87,87,7681.0,1,0
88,88,7681.0,1,0
89,89,7681.0,1,0
90,90,7679.0,3,0
91,91,7679.0,3,0
92,92,7679.0,3,0
93,93,7679.0,3,0
94,94,7679.0,3,0
95,95,7679.0,3,0
96,96,7679.0,3,0
97,97,7679.0,3,0
98,98,7679.0,3,0
99,99,7679.0,3,0
100,100,7679.0,3,0
101,101,7678.0,4,0
102,102,7678.0,4,0
103,103,7678.0,4,0
104,104,7678.0,4,0
105,105,7678.0,4,0
106,106,7675.0,7,0
107,107,7675.0,7,0
108,108,7675.0,7,0
109,109,7674.0,8,0
110,110,7674.0,8,0
111,111,7674.0,8,0
112,112,7673.0,9,0
113,113,7673.0,9,0
114,114,7673.0,9,0
115,115,7673.0,9,0
116,116,7673.0,9,0
117,117,7673.0,9,0
118,118,7673.0,9,0
119,119,7673.0,9,0
120,120,7673.0,9,0
121,121,7671.0,11,0
122,122,7671.0,11,0
123,123,7671.0,11,0
124,124,7671.0,11,0
125,125,7670.0,12,0
126,126,7670.0,12,0
127,127,7670.0,12,0
128,128,7669.0,13,0
