,Days,S,I,D
0,0,33407.0,0,0
1,1,33407.0,0,0
2,2,33407.0,0,0
3,3,33407.0,0,0
4,4,33407.0,0,0
5,5,33407.0,0,0
6,6,33407.0,0,0
7,7,33407.0,0,0
8,8,33407.0,0,0
9,9,33407.0,0,0
10,10,33407.0,0,0
11,11,33407.0,0,0
12,12,33407.0,0,0
13,13,33407.0,0,0
14,14,33407.0,0,0
15,15,33407.0,0,0
16,16,33407.0,0,0
17,17,33407.0,0,0
18,18,33407.0,0,0
19,19,33407.0,0,0
20,20,33407.0,0,0
21,21,33407.0,0,0
22,22,33407.0,0,0
23,23,33407.0,0,0
24,24,33407.0,0,0
25,25,33407.0,0,0
26,26,33407.0,0,0
27,27,33407.0,0,0
28,28,33407.0,0,0
29,29,33407.0,0,0
30,30,33407.0,0,0
31,31,33407.0,0,0
32,32,33407.0,0,0
33,33,33407.0,0,0
34,34,33407.0,0,0
35,35,33407.0,0,0
36,36,33407.0,0,0
37,37,33407.0,0,0
38,38,33407.0,0,0
39,39,33407.0,0,0
40,40,33407.0,0,0
41,41,33407.0,0,0
42,42,33407.0,0,0
43,43,33407.0,0,0
44,44,33407.0,0,0
45,45,33407.0,0,0
46,46,33407.0,0,0
47,47,33407.0,0,0
48,48,33407.0,0,0
49,49,33407.0,0,0
50,50,33407.0,0,0
51,51,33407.0,0,0
52,52,33407.0,0,0
53,53,33407.0,0,0
54,54,33407.0,0,0
55,55,33407.0,0,0
56,56,33407.0,0,0
57,57,33407.0,0,0
58,58,33407.0,0,0
59,59,33407.0,0,0
60,60,33407.0,0,0
61,61,33407.0,0,0
62,62,33407.0,0,0
63,63,33407.0,0,0
64,64,33407.0,0,0
65,65,33407.0,0,0
66,66,33407.0,0,0
67,67,33407.0,0,0
68,68,33407.0,0,0
69,69,33407.0,0,0
70,70,33407.0,0,0
71,71,33407.0,0,0
72,72,33407.0,0,0
73,73,33407.0,0,0
74,74,33407.0,0,0
75,75,33406.0,1,0
76,76,33405.0,2,0
77,77,33405.0,2,0
78,78,33405.0,2,0
79,79,33405.0,2,0
80,80,33404.0,3,0
81,81,33404.0,3,0
82,82,33404.0,3,0
83,83,33404.0,3,0
84,84,33404.0,3,0
85,85,33404.0,3,0
86,86,33404.0,3,0
87,87,33403.0,4,0
88,88,33403.0,4,0
89,89,33402.0,5,0
90,90,33402.0,5,0
91,91,33402.0,5,0
92,92,33402.0,5,0
93,93,33401.0,6,0
94,94,33401.0,6,0
95,95,33400.0,7,0
96,96,33400.0,7,0
97,97,33399.0,8,0
98,98,33399.0,8,0
99,99,33399.0,8,0
100,100,33397.0,10,0
101,101,33395.0,12,0
102,102,33395.0,12,0
103,103,33395.0,12,0
104,104,33395.0,12,0
105,105,33395.0,12,0
106,106,33395.0,12,0
107,107,33394.0,13,0
108,108,33394.0,13,0
109,109,33394.0,13,0
110,110,33393.0,14,0
111,111,33391.0,16,0
112,112,33390.0,17,0
113,113,33390.0,17,0
114,114,33388.0,19,0
115,115,33387.0,20,0
116,116,33386.0,21,0
117,117,33385.0,22,0
118,118,33385.0,22,0
119,119,33383.0,24,0
120,120,33381.0,26,0
121,121,33379.0,28,0
122,122,33379.0,28,0
123,123,33378.0,29,0
124,124,33378.0,29,0
125,125,33377.0,30,0
126,126,33377.0,30,0
127,127,33377.0,30,0
128,128,33375.0,32,0
