,Days,S,I,D
0,0,13840.0,0,0
1,1,13840.0,0,0
2,2,13840.0,0,0
3,3,13840.0,0,0
4,4,13840.0,0,0
5,5,13840.0,0,0
6,6,13840.0,0,0
7,7,13840.0,0,0
8,8,13840.0,0,0
9,9,13840.0,0,0
10,10,13840.0,0,0
11,11,13840.0,0,0
12,12,13840.0,0,0
13,13,13840.0,0,0
14,14,13840.0,0,0
15,15,13840.0,0,0
16,16,13840.0,0,0
17,17,13840.0,0,0
18,18,13840.0,0,0
19,19,13840.0,0,0
20,20,13840.0,0,0
21,21,13840.0,0,0
22,22,13840.0,0,0
23,23,13840.0,0,0
24,24,13840.0,0,0
25,25,13840.0,0,0
26,26,13840.0,0,0
27,27,13840.0,0,0
28,28,13840.0,0,0
29,29,13840.0,0,0
30,30,13840.0,0,0
31,31,13840.0,0,0
32,32,13840.0,0,0
33,33,13840.0,0,0
34,34,13840.0,0,0
35,35,13840.0,0,0
36,36,13840.0,0,0
37,37,13840.0,0,0
38,38,13840.0,0,0
39,39,13840.0,0,0
40,40,13840.0,0,0
41,41,13840.0,0,0
42,42,13840.0,0,0
43,43,13840.0,0,0
44,44,13840.0,0,0
45,45,13840.0,0,0
46,46,13840.0,0,0
47,47,13840.0,0,0
48,48,13840.0,0,0
49,49,13840.0,0,0
50,50,13840.0,0,0
51,51,13840.0,0,0
52,52,13840.0,0,0
53,53,13840.0,0,0
54,54,13840.0,0,0
55,55,13840.0,0,0
56,56,13840.0,0,0
57,57,13840.0,0,0
58,58,13840.0,0,0
59,59,13840.0,0,0
60,60,13840.0,0,0
61,61,13840.0,0,0
62,62,13840.0,0,0
63,63,13840.0,0,0
64,64,13840.0,0,0
65,65,13840.0,0,0
66,66,13840.0,0,0
67,67,13840.0,0,0
68,68,13840.0,0,0
69,69,13840.0,0,0
70,70,13838.0,2,0
71,71,13838.0,2,0
72,72,13837.0,3,0
73,73,13837.0,3,0
74,74,13837.0,3,0
75,75,13837.0,3,0
76,76,13837.0,3,0
77,77,13837.0,3,0
78,78,13837.0,3,0
79,79,13837.0,3,0
80,80,13837.0,3,0
81,81,13837.0,3,0
82,82,13837.0,3,0
83,83,13837.0,3,0
84,84,13837.0,3,0
85,85,13837.0,3,0
86,86,13837.0,3,0
87,87,13837.0,3,0
88,88,13837.0,3,0
89,89,13837.0,3,0
90,90,13837.0,3,0
91,91,13837.0,3,0
92,92,13837.0,3,0
93,93,13836.0,4,0
94,94,13836.0,4,0
95,95,13835.0,5,0
96,96,13834.0,6,0
97,97,13833.0,7,0
98,98,13833.0,7,0
99,99,13832.0,8,0
100,100,13831.0,9,0
101,101,13830.0,10,0
102,102,13829.0,11,0
103,103,13829.0,11,0
104,104,13829.0,11,0
105,105,13829.0,11,0
106,106,13827.0,13,0
107,107,13827.0,13,0
108,108,13825.0,15,0
109,109,13825.0,15,0
110,110,13824.0,16,0
111,111,13822.0,18,0
112,112,13821.0,19,0
113,113,13820.0,20,0
114,114,13820.0,20,0
115,115,13819.0,21,0
116,116,13819.0,21,0
117,117,13819.0,21,0
118,118,13819.0,21,0
119,119,13819.0,21,0
120,120,13817.0,23,0
121,121,13816.0,24,0
122,122,13816.0,24,0
123,123,13816.0,24,0
124,124,13816.0,24,0
125,125,13816.0,24,0
126,126,13813.0,27,0
127,127,13813.0,27,0
128,128,13812.0,28,0
