,Days,S,I,D
0,0,102539.0,0,0
1,1,102539.0,0,0
2,2,102539.0,0,0
3,3,102539.0,0,0
4,4,102539.0,0,0
5,5,102539.0,0,0
6,6,102539.0,0,0
7,7,102539.0,0,0
8,8,102539.0,0,0
9,9,102539.0,0,0
10,10,102539.0,0,0
11,11,102539.0,0,0
12,12,102539.0,0,0
13,13,102539.0,0,0
14,14,102539.0,0,0
15,15,102539.0,0,0
16,16,102539.0,0,0
17,17,102539.0,0,0
18,18,102539.0,0,0
19,19,102539.0,0,0
20,20,102539.0,0,0
21,21,102539.0,0,0
22,22,102539.0,0,0
23,23,102539.0,0,0
24,24,102539.0,0,0
25,25,102539.0,0,0
26,26,102539.0,0,0
27,27,102539.0,0,0
28,28,102539.0,0,0
29,29,102539.0,0,0
30,30,102539.0,0,0
31,31,102539.0,0,0
32,32,102539.0,0,0
33,33,102539.0,0,0
34,34,102539.0,0,0
35,35,102539.0,0,0
36,36,102539.0,0,0
37,37,102539.0,0,0
38,38,102539.0,0,0
39,39,102539.0,0,0
40,40,102539.0,0,0
41,41,102539.0,0,0
42,42,102539.0,0,0
43,43,102539.0,0,0
44,44,102539.0,0,0
45,45,102539.0,0,0
46,46,102539.0,0,0
47,47,102539.0,0,0
48,48,102539.0,0,0
49,49,102539.0,0,0
50,50,102539.0,0,0
51,51,102539.0,0,0
52,52,102539.0,0,0
53,53,102539.0,0,0
54,54,102539.0,0,0
55,55,102539.0,0,0
56,56,102539.0,0,0
57,57,102539.0,0,0
58,58,102539.0,0,0
59,59,102539.0,0,0
60,60,102538.0,1,0
61,61,102537.0,2,0
62,62,102538.0,1,0
63,63,102537.0,2,0
64,64,102537.0,2,0
65,65,102536.0,3,0
66,66,102536.0,3,0
67,67,102535.0,4,0
68,68,102535.0,4,0
69,69,102535.0,4,0
70,70,102535.0,4,0
71,71,102532.0,7,0
72,72,102531.0,8,0
73,73,102531.0,8,0
74,74,102531.0,8,0
75,75,102531.0,8,0
76,76,102530.0,9,0
77,77,102528.0,11,0
78,78,102527.0,12,0
79,79,102524.0,15,0
80,80,102521.0,18,0
81,81,102521.0,18,0
82,82,102520.0,19,0
83,83,102519.0,20,0
84,84,102518.0,21,0
85,85,102517.0,22,0
86,86,102514.0,25,0
87,87,102504.0,35,0
88,88,102502.0,37,0
89,89,102495.0,44,0
90,90,102458.0,81,0
91,91,102438.0,100,1
92,92,102418.0,120,1
93,93,102349.0,189,1
94,94,102222.0,316,1
95,95,102129.0,409,1
96,96,102043.0,495,1
97,97,101843.0,695,1
98,98,101810.0,728,1
99,99,101796.0,742,1
100,100,101616.0,922,1
101,101,101463.0,1074,2
102,102,101425.0,1112,2
103,103,101385.0,1152,2
104,104,101240.0,1296,3
105,105,101212.0,1323,4
106,106,101106.0,1429,4
107,107,101000.0,1532,7
108,108,100978.0,1554,7
109,109,100904.0,1627,8
110,110,100854.0,1676,9
111,111,100540.0,1988,11
112,112,100471.0,2054,14
113,113,100447.0,2078,14
114,114,100414.0,2111,14
115,115,100366.0,2157,16
116,116,100308.0,2215,16
117,117,100244.0,2278,17
118,118,100180.0,2342,17
119,119,100168.0,2353,18
120,120,100105.0,2412,22
121,121,100054.0,2462,23
122,122,100002.0,2514,23
123,123,99967.0,2548,24
124,124,99891.0,2624,24
125,125,99877.0,2638,24
126,126,99858.0,2650,31
127,127,99839.0,2669,31
128,128,99820.0,2686,33
