,Days,S,I,D
0,0,4968.0,0,0
1,1,4968.0,0,0
2,2,4968.0,0,0
3,3,4968.0,0,0
4,4,4968.0,0,0
5,5,4968.0,0,0
6,6,4968.0,0,0
7,7,4968.0,0,0
8,8,4968.0,0,0
9,9,4968.0,0,0
10,10,4968.0,0,0
11,11,4968.0,0,0
12,12,4968.0,0,0
13,13,4968.0,0,0
14,14,4968.0,0,0
15,15,4968.0,0,0
16,16,4968.0,0,0
17,17,4968.0,0,0
18,18,4968.0,0,0
19,19,4968.0,0,0
20,20,4968.0,0,0
21,21,4968.0,0,0
22,22,4968.0,0,0
23,23,4968.0,0,0
24,24,4968.0,0,0
25,25,4968.0,0,0
26,26,4968.0,0,0
27,27,4968.0,0,0
28,28,4968.0,0,0
29,29,4968.0,0,0
30,30,4968.0,0,0
31,31,4968.0,0,0
32,32,4968.0,0,0
33,33,4968.0,0,0
34,34,4968.0,0,0
35,35,4968.0,0,0
36,36,4968.0,0,0
37,37,4968.0,0,0
38,38,4968.0,0,0
39,39,4968.0,0,0
40,40,4968.0,0,0
41,41,4968.0,0,0
42,42,4968.0,0,0
43,43,4968.0,0,0
44,44,4968.0,0,0
45,45,4968.0,0,0
46,46,4968.0,0,0
47,47,4968.0,0,0
48,48,4968.0,0,0
49,49,4968.0,0,0
50,50,4968.0,0,0
51,51,4968.0,0,0
52,52,4968.0,0,0
53,53,4968.0,0,0
54,54,4968.0,0,0
55,55,4968.0,0,0
56,56,4968.0,0,0
57,57,4968.0,0,0
58,58,4968.0,0,0
59,59,4968.0,0,0
60,60,4968.0,0,0
61,61,4968.0,0,0
62,62,4968.0,0,0
63,63,4968.0,0,0
64,64,4968.0,0,0
65,65,4968.0,0,0
66,66,4968.0,0,0
67,67,4968.0,0,0
68,68,4968.0,0,0
69,69,4968.0,0,0
70,70,4968.0,0,0
71,71,4968.0,0,0
72,72,4968.0,0,0
73,73,4968.0,0,0
74,74,4968.0,0,0
75,75,4968.0,0,0
76,76,4968.0,0,0
77,77,4968.0,0,0
78,78,4968.0,0,0
79,79,4968.0,0,0
80,80,4968.0,0,0
81,81,4968.0,0,0
82,82,4968.0,0,0
83,83,4968.0,0,0
84,84,4968.0,0,0
85,85,4968.0,0,0
86,86,4968.0,0,0
87,87,4968.0,0,0
88,88,4968.0,0,0
89,89,4968.0,0,0
90,90,4968.0,0,0
91,91,4968.0,0,0
92,92,4968.0,0,0
93,93,4968.0,0,0
94,94,4968.0,0,0
95,95,4968.0,0,0
96,96,4968.0,0,0
97,97,4968.0,0,0
98,98,4968.0,0,0
99,99,4968.0,0,0
100,100,4968.0,0,0
101,101,4968.0,0,0
102,102,4968.0,0,0
103,103,4968.0,0,0
104,104,4968.0,0,0
105,105,4968.0,0,0
106,106,4968.0,0,0
107,107,4968.0,0,0
108,108,4968.0,0,0
109,109,4968.0,0,0
110,110,4968.0,0,0
111,111,4968.0,0,0
112,112,4968.0,0,0
113,113,4968.0,0,0
114,114,4968.0,0,0
115,115,4968.0,0,0
116,116,4968.0,0,0
117,117,4968.0,0,0
118,118,4967.0,1,0
119,119,4967.0,1,0
120,120,4967.0,1,0
121,121,4966.0,2,0
122,122,4966.0,2,0
123,123,4964.0,4,0
124,124,4964.0,4,0
125,125,4964.0,4,0
126,126,4964.0,4,0
127,127,4964.0,4,0
128,128,4964.0,4,0
