,Days,S,I,D
0,0,34909.0,0,0
1,1,34909.0,0,0
2,2,34909.0,0,0
3,3,34909.0,0,0
4,4,34909.0,0,0
5,5,34909.0,0,0
6,6,34909.0,0,0
7,7,34909.0,0,0
8,8,34909.0,0,0
9,9,34909.0,0,0
10,10,34909.0,0,0
11,11,34909.0,0,0
12,12,34909.0,0,0
13,13,34909.0,0,0
14,14,34909.0,0,0
15,15,34909.0,0,0
16,16,34909.0,0,0
17,17,34909.0,0,0
18,18,34909.0,0,0
19,19,34909.0,0,0
20,20,34909.0,0,0
21,21,34909.0,0,0
22,22,34909.0,0,0
23,23,34909.0,0,0
24,24,34909.0,0,0
25,25,34909.0,0,0
26,26,34909.0,0,0
27,27,34909.0,0,0
28,28,34909.0,0,0
29,29,34909.0,0,0
30,30,34909.0,0,0
31,31,34909.0,0,0
32,32,34909.0,0,0
33,33,34909.0,0,0
34,34,34909.0,0,0
35,35,34909.0,0,0
36,36,34909.0,0,0
37,37,34909.0,0,0
38,38,34909.0,0,0
39,39,34909.0,0,0
40,40,34909.0,0,0
41,41,34909.0,0,0
42,42,34909.0,0,0
43,43,34909.0,0,0
44,44,34909.0,0,0
45,45,34909.0,0,0
46,46,34909.0,0,0
47,47,34909.0,0,0
48,48,34909.0,0,0
49,49,34909.0,0,0
50,50,34909.0,0,0
51,51,34909.0,0,0
52,52,34909.0,0,0
53,53,34909.0,0,0
54,54,34909.0,0,0
55,55,34909.0,0,0
56,56,34909.0,0,0
57,57,34909.0,0,0
58,58,34909.0,0,0
59,59,34909.0,0,0
60,60,34908.0,1,0
61,61,34908.0,1,0
62,62,34908.0,1,0
63,63,34908.0,1,0
64,64,34907.0,2,0
65,65,34907.0,2,0
66,66,34907.0,2,0
67,67,34907.0,2,0
68,68,34907.0,2,0
69,69,34905.0,4,0
70,70,34905.0,4,0
71,71,34905.0,4,0
72,72,34904.0,5,0
73,73,34902.0,7,0
74,74,34902.0,7,0
75,75,34902.0,7,0
76,76,34902.0,7,0
77,77,34902.0,7,0
78,78,34902.0,7,0
79,79,34902.0,7,0
80,80,34902.0,7,0
81,81,34902.0,7,0
82,82,34902.0,7,0
83,83,34902.0,7,0
84,84,34902.0,7,0
85,85,34902.0,7,0
86,86,34902.0,7,0
87,87,34902.0,7,0
88,88,34902.0,7,0
89,89,34902.0,7,0
90,90,34902.0,7,0
91,91,34902.0,7,0
92,92,34902.0,7,0
93,93,34902.0,7,0
94,94,34902.0,7,0
95,95,34902.0,7,0
96,96,34902.0,7,0
97,97,34901.0,8,0
98,98,34901.0,8,0
99,99,34900.0,9,0
100,100,34898.0,11,0
101,101,34898.0,11,0
102,102,34892.0,17,0
103,103,34886.0,23,0
104,104,34885.0,24,0
105,105,34884.0,25,0
106,106,34878.0,31,0
107,107,34872.0,37,0
108,108,34867.0,42,0
109,109,34825.0,84,0
110,110,34816.0,93,0
111,111,34809.0,100,0
112,112,34806.0,103,0
113,113,34798.0,111,0
114,114,34783.0,126,0
115,115,34778.0,131,0
116,116,34774.0,135,0
117,117,34770.0,139,0
118,118,34763.0,146,0
119,119,34756.0,153,0
120,120,34731.0,178,0
121,121,34727.0,182,0
122,122,34715.0,194,0
123,123,34710.0,199,0
124,124,34705.0,204,0
125,125,34705.0,204,0
126,126,34699.0,210,0
127,127,34697.0,212,0
128,128,34695.0,214,0
