,Days,S,I,D
0,0,6191.0,0,0
1,1,6191.0,0,0
2,2,6191.0,0,0
3,3,6191.0,0,0
4,4,6191.0,0,0
5,5,6191.0,0,0
6,6,6191.0,0,0
7,7,6191.0,0,0
8,8,6191.0,0,0
9,9,6191.0,0,0
10,10,6191.0,0,0
11,11,6191.0,0,0
12,12,6191.0,0,0
13,13,6191.0,0,0
14,14,6191.0,0,0
15,15,6191.0,0,0
16,16,6191.0,0,0
17,17,6191.0,0,0
18,18,6191.0,0,0
19,19,6191.0,0,0
20,20,6191.0,0,0
21,21,6191.0,0,0
22,22,6191.0,0,0
23,23,6191.0,0,0
24,24,6191.0,0,0
25,25,6191.0,0,0
26,26,6191.0,0,0
27,27,6191.0,0,0
28,28,6191.0,0,0
29,29,6191.0,0,0
30,30,6191.0,0,0
31,31,6191.0,0,0
32,32,6191.0,0,0
33,33,6191.0,0,0
34,34,6191.0,0,0
35,35,6191.0,0,0
36,36,6191.0,0,0
37,37,6191.0,0,0
38,38,6191.0,0,0
39,39,6191.0,0,0
40,40,6191.0,0,0
41,41,6191.0,0,0
42,42,6191.0,0,0
43,43,6191.0,0,0
44,44,6191.0,0,0
45,45,6191.0,0,0
46,46,6191.0,0,0
47,47,6191.0,0,0
48,48,6191.0,0,0
49,49,6191.0,0,0
50,50,6191.0,0,0
51,51,6191.0,0,0
52,52,6191.0,0,0
53,53,6191.0,0,0
54,54,6191.0,0,0
55,55,6191.0,0,0
56,56,6191.0,0,0
57,57,6191.0,0,0
58,58,6191.0,0,0
59,59,6191.0,0,0
60,60,6191.0,0,0
61,61,6191.0,0,0
62,62,6191.0,0,0
63,63,6191.0,0,0
64,64,6191.0,0,0
65,65,6191.0,0,0
66,66,6190.0,1,0
67,67,6190.0,1,0
68,68,6190.0,1,0
69,69,6190.0,1,0
70,70,6190.0,1,0
71,71,6190.0,1,0
72,72,6190.0,1,0
73,73,6190.0,1,0
74,74,6190.0,1,0
75,75,6190.0,1,0
76,76,6190.0,1,0
77,77,6190.0,1,0
78,78,6190.0,1,0
79,79,6190.0,1,0
80,80,6190.0,1,0
81,81,6190.0,1,0
82,82,6190.0,1,0
83,83,6190.0,1,0
84,84,6190.0,1,0
85,85,6190.0,1,0
86,86,6190.0,1,0
87,87,6190.0,1,0
88,88,6190.0,1,0
89,89,6190.0,1,0
90,90,6190.0,1,0
91,91,6190.0,1,0
92,92,6190.0,1,0
93,93,6190.0,1,0
94,94,6190.0,1,0
95,95,6190.0,1,0
96,96,6190.0,1,0
97,97,6190.0,1,0
98,98,6190.0,1,0
99,99,6190.0,1,0
100,100,6190.0,1,0
101,101,6190.0,1,0
102,102,6190.0,1,0
103,103,6190.0,1,0
104,104,6190.0,1,0
105,105,6190.0,1,0
106,106,6190.0,1,0
107,107,6190.0,1,0
108,108,6190.0,1,0
109,109,6190.0,1,0
110,110,6190.0,1,0
111,111,6190.0,1,0
112,112,6190.0,1,0
113,113,6190.0,1,0
114,114,6190.0,1,0
115,115,6190.0,1,0
116,116,6189.0,2,0
117,117,6189.0,2,0
118,118,6188.0,3,0
119,119,6187.0,4,0
120,120,6186.0,5,0
121,121,6186.0,5,0
122,122,6180.0,11,0
123,123,6156.0,35,0
124,124,6152.0,39,0
125,125,6152.0,39,0
126,126,6147.0,44,0
127,127,6142.0,49,0
128,128,6142.0,49,0
