,Days,S,I,D
0,0,7020.0,0,0
1,1,7020.0,0,0
2,2,7020.0,0,0
3,3,7020.0,0,0
4,4,7020.0,0,0
5,5,7020.0,0,0
6,6,7020.0,0,0
7,7,7020.0,0,0
8,8,7020.0,0,0
9,9,7020.0,0,0
10,10,7020.0,0,0
11,11,7020.0,0,0
12,12,7020.0,0,0
13,13,7020.0,0,0
14,14,7020.0,0,0
15,15,7020.0,0,0
16,16,7020.0,0,0
17,17,7020.0,0,0
18,18,7020.0,0,0
19,19,7020.0,0,0
20,20,7020.0,0,0
21,21,7020.0,0,0
22,22,7020.0,0,0
23,23,7020.0,0,0
24,24,7020.0,0,0
25,25,7020.0,0,0
26,26,7020.0,0,0
27,27,7020.0,0,0
28,28,7020.0,0,0
29,29,7020.0,0,0
30,30,7020.0,0,0
31,31,7020.0,0,0
32,32,7020.0,0,0
33,33,7020.0,0,0
34,34,7020.0,0,0
35,35,7020.0,0,0
36,36,7020.0,0,0
37,37,7020.0,0,0
38,38,7020.0,0,0
39,39,7020.0,0,0
40,40,7020.0,0,0
41,41,7020.0,0,0
42,42,7020.0,0,0
43,43,7020.0,0,0
44,44,7020.0,0,0
45,45,7020.0,0,0
46,46,7020.0,0,0
47,47,7020.0,0,0
48,48,7020.0,0,0
49,49,7020.0,0,0
50,50,7020.0,0,0
51,51,7020.0,0,0
52,52,7020.0,0,0
53,53,7020.0,0,0
54,54,7020.0,0,0
55,55,7020.0,0,0
56,56,7020.0,0,0
57,57,7020.0,0,0
58,58,7020.0,0,0
59,59,7020.0,0,0
60,60,7020.0,0,0
61,61,7020.0,0,0
62,62,7020.0,0,0
63,63,7020.0,0,0
64,64,7020.0,0,0
65,65,7020.0,0,0
66,66,7020.0,0,0
67,67,7020.0,0,0
68,68,7019.0,1,0
69,69,7019.0,1,0
70,70,7018.0,2,0
71,71,7017.0,3,0
72,72,7015.0,5,0
73,73,7014.0,6,0
74,74,7014.0,6,0
75,75,7014.0,6,0
76,76,7014.0,6,0
77,77,7014.0,6,0
78,78,7014.0,6,0
79,79,7014.0,6,0
80,80,7014.0,6,0
81,81,7014.0,6,0
82,82,7012.0,8,0
83,83,7012.0,8,0
84,84,7012.0,8,0
85,85,7012.0,8,0
86,86,7012.0,8,0
87,87,7012.0,8,0
88,88,7012.0,8,0
89,89,7012.0,8,0
90,90,7012.0,8,0
91,91,7012.0,8,0
92,92,7012.0,8,0
93,93,7012.0,8,0
94,94,7012.0,8,0
95,95,7012.0,8,0
96,96,7012.0,8,0
97,97,7012.0,8,0
98,98,7012.0,8,0
99,99,7012.0,8,0
100,100,7012.0,8,0
101,101,7012.0,8,0
102,102,7012.0,8,0
103,103,7012.0,8,0
104,104,7012.0,8,0
105,105,7012.0,8,0
106,106,7012.0,8,0
107,107,7012.0,8,0
108,108,7012.0,8,0
109,109,7012.0,8,0
110,110,7012.0,8,0
111,111,7012.0,8,0
112,112,7012.0,8,0
113,113,7012.0,8,0
114,114,7012.0,8,0
115,115,7012.0,8,0
116,116,7012.0,8,0
117,117,7012.0,8,0
118,118,7012.0,8,0
119,119,7012.0,8,0
120,120,7012.0,8,0
121,121,7012.0,8,0
122,122,7012.0,8,0
123,123,7012.0,8,0
124,124,7011.0,9,0
125,125,7011.0,9,0
126,126,7011.0,9,0
127,127,7011.0,9,0
128,128,7011.0,9,0
