,Days,S,I,D
0,0,2841.0,0,0
1,1,2841.0,0,0
2,2,2841.0,0,0
3,3,2841.0,0,0
4,4,2841.0,0,0
5,5,2841.0,0,0
6,6,2841.0,0,0
7,7,2841.0,0,0
8,8,2841.0,0,0
9,9,2841.0,0,0
10,10,2841.0,0,0
11,11,2841.0,0,0
12,12,2841.0,0,0
13,13,2841.0,0,0
14,14,2841.0,0,0
15,15,2841.0,0,0
16,16,2841.0,0,0
17,17,2841.0,0,0
18,18,2841.0,0,0
19,19,2841.0,0,0
20,20,2841.0,0,0
21,21,2841.0,0,0
22,22,2841.0,0,0
23,23,2841.0,0,0
24,24,2841.0,0,0
25,25,2841.0,0,0
26,26,2841.0,0,0
27,27,2841.0,0,0
28,28,2841.0,0,0
29,29,2841.0,0,0
30,30,2841.0,0,0
31,31,2841.0,0,0
32,32,2841.0,0,0
33,33,2841.0,0,0
34,34,2841.0,0,0
35,35,2841.0,0,0
36,36,2841.0,0,0
37,37,2841.0,0,0
38,38,2841.0,0,0
39,39,2841.0,0,0
40,40,2841.0,0,0
41,41,2841.0,0,0
42,42,2841.0,0,0
43,43,2841.0,0,0
44,44,2841.0,0,0
45,45,2841.0,0,0
46,46,2841.0,0,0
47,47,2841.0,0,0
48,48,2841.0,0,0
49,49,2841.0,0,0
50,50,2841.0,0,0
51,51,2841.0,0,0
52,52,2841.0,0,0
53,53,2841.0,0,0
54,54,2841.0,0,0
55,55,2841.0,0,0
56,56,2841.0,0,0
57,57,2841.0,0,0
58,58,2841.0,0,0
59,59,2841.0,0,0
60,60,2841.0,0,0
61,61,2841.0,0,0
62,62,2841.0,0,0
63,63,2841.0,0,0
64,64,2841.0,0,0
65,65,2841.0,0,0
66,66,2841.0,0,0
67,67,2841.0,0,0
68,68,2841.0,0,0
69,69,2841.0,0,0
70,70,2841.0,0,0
71,71,2841.0,0,0
72,72,2841.0,0,0
73,73,2840.0,1,0
74,74,2840.0,1,0
75,75,2840.0,1,0
76,76,2840.0,1,0
77,77,2840.0,1,0
78,78,2839.0,2,0
79,79,2839.0,2,0
80,80,2839.0,2,0
81,81,2838.0,3,0
82,82,2838.0,3,0
83,83,2838.0,3,0
84,84,2838.0,3,0
85,85,2838.0,3,0
86,86,2838.0,3,0
87,87,2838.0,3,0
88,88,2837.0,4,0
89,89,2837.0,4,0
90,90,2837.0,4,0
91,91,2837.0,4,0
92,92,2837.0,4,0
93,93,2837.0,4,0
94,94,2837.0,4,0
95,95,2837.0,4,0
96,96,2837.0,4,0
97,97,2837.0,4,0
98,98,2837.0,4,0
99,99,2837.0,4,0
100,100,2837.0,4,0
101,101,2837.0,4,0
102,102,2837.0,4,0
103,103,2837.0,4,0
104,104,2837.0,4,0
105,105,2837.0,4,0
106,106,2837.0,4,0
107,107,2837.0,4,0
108,108,2837.0,4,0
109,109,2837.0,4,0
110,110,2837.0,4,0
111,111,2837.0,4,0
112,112,2837.0,4,0
113,113,2837.0,4,0
114,114,2837.0,4,0
115,115,2837.0,4,0
116,116,2837.0,4,0
117,117,2837.0,4,0
118,118,2837.0,4,0
119,119,2837.0,4,0
120,120,2837.0,4,0
121,121,2837.0,4,0
122,122,2837.0,4,0
123,123,2837.0,4,0
124,124,2837.0,4,0
125,125,2837.0,4,0
126,126,2837.0,4,0
127,127,2837.0,4,0
128,128,2837.0,4,0
