,Days,S,I,D
0,0,3943.0,0,0
1,1,3943.0,0,0
2,2,3943.0,0,0
3,3,3943.0,0,0
4,4,3943.0,0,0
5,5,3943.0,0,0
6,6,3943.0,0,0
7,7,3943.0,0,0
8,8,3943.0,0,0
9,9,3943.0,0,0
10,10,3943.0,0,0
11,11,3943.0,0,0
12,12,3943.0,0,0
13,13,3943.0,0,0
14,14,3943.0,0,0
15,15,3943.0,0,0
16,16,3943.0,0,0
17,17,3943.0,0,0
18,18,3943.0,0,0
19,19,3943.0,0,0
20,20,3943.0,0,0
21,21,3943.0,0,0
22,22,3943.0,0,0
23,23,3943.0,0,0
24,24,3943.0,0,0
25,25,3943.0,0,0
26,26,3943.0,0,0
27,27,3943.0,0,0
28,28,3943.0,0,0
29,29,3943.0,0,0
30,30,3943.0,0,0
31,31,3943.0,0,0
32,32,3943.0,0,0
33,33,3943.0,0,0
34,34,3943.0,0,0
35,35,3943.0,0,0
36,36,3943.0,0,0
37,37,3943.0,0,0
38,38,3943.0,0,0
39,39,3943.0,0,0
40,40,3943.0,0,0
41,41,3943.0,0,0
42,42,3943.0,0,0
43,43,3943.0,0,0
44,44,3943.0,0,0
45,45,3943.0,0,0
46,46,3943.0,0,0
47,47,3943.0,0,0
48,48,3943.0,0,0
49,49,3943.0,0,0
50,50,3943.0,0,0
51,51,3943.0,0,0
52,52,3943.0,0,0
53,53,3943.0,0,0
54,54,3943.0,0,0
55,55,3943.0,0,0
56,56,3943.0,0,0
57,57,3943.0,0,0
58,58,3943.0,0,0
59,59,3943.0,0,0
60,60,3943.0,0,0
61,61,3943.0,0,0
62,62,3943.0,0,0
63,63,3943.0,0,0
64,64,3943.0,0,0
65,65,3943.0,0,0
66,66,3943.0,0,0
67,67,3943.0,0,0
68,68,3943.0,0,0
69,69,3943.0,0,0
70,70,3943.0,0,0
71,71,3943.0,0,0
72,72,3943.0,0,0
73,73,3943.0,0,0
74,74,3943.0,0,0
75,75,3943.0,0,0
76,76,3943.0,0,0
77,77,3943.0,0,0
78,78,3943.0,0,0
79,79,3943.0,0,0
80,80,3943.0,0,0
81,81,3943.0,0,0
82,82,3943.0,0,0
83,83,3943.0,0,0
84,84,3943.0,0,0
85,85,3943.0,0,0
86,86,3943.0,0,0
87,87,3943.0,0,0
88,88,3942.0,1,0
89,89,3941.0,2,0
90,90,3939.0,4,0
91,91,3939.0,4,0
92,92,3935.0,8,0
93,93,3933.0,10,0
94,94,3933.0,10,0
95,95,3933.0,10,0
96,96,3931.0,12,0
97,97,3931.0,12,0
98,98,3930.0,13,0
99,99,3927.0,16,0
100,100,3924.0,19,0
101,101,3924.0,19,0
102,102,3924.0,19,0
103,103,3922.0,21,0
104,104,3920.0,23,0
105,105,3919.0,24,0
106,106,3917.0,26,0
107,107,3915.0,28,0
108,108,3914.0,29,0
109,109,3913.0,30,0
110,110,3913.0,30,0
111,111,3913.0,30,0
112,112,3909.0,34,0
113,113,3909.0,34,0
114,114,3907.0,36,0
115,115,3907.0,36,0
116,116,3907.0,36,0
117,117,3905.0,38,0
118,118,3905.0,38,0
119,119,3904.0,39,0
120,120,3904.0,39,0
121,121,3904.0,39,0
122,122,3904.0,39,0
123,123,3904.0,39,0
124,124,3904.0,39,0
125,125,3903.0,40,0
126,126,3899.0,44,0
127,127,3899.0,44,0
128,128,3898.0,45,0
