,Days,S,I,D
0,0,1432132.0,0,0
1,1,1432132.0,0,0
2,2,1432132.0,0,0
3,3,1432132.0,0,0
4,4,1432132.0,0,0
5,5,1432132.0,0,0
6,6,1432132.0,0,0
7,7,1432132.0,0,0
8,8,1432132.0,0,0
9,9,1432132.0,0,0
10,10,1432132.0,0,0
11,11,1432132.0,0,0
12,12,1432132.0,0,0
13,13,1432132.0,0,0
14,14,1432132.0,0,0
15,15,1432132.0,0,0
16,16,1432132.0,0,0
17,17,1432132.0,0,0
18,18,1432132.0,0,0
19,19,1432132.0,0,0
20,20,1432132.0,0,0
21,21,1432132.0,0,0
22,22,1432132.0,0,0
23,23,1432132.0,0,0
24,24,1432132.0,0,0
25,25,1432132.0,0,0
26,26,1432132.0,0,0
27,27,1432132.0,0,0
28,28,1432132.0,0,0
29,29,1432132.0,0,0
30,30,1432132.0,0,0
31,31,1432132.0,0,0
32,32,1432132.0,0,0
33,33,1432132.0,0,0
34,34,1432132.0,0,0
35,35,1432132.0,0,0
36,36,1432132.0,0,0
37,37,1432132.0,0,0
38,38,1432132.0,0,0
39,39,1432132.0,0,0
40,40,1432132.0,0,0
41,41,1432132.0,0,0
42,42,1432132.0,0,0
43,43,1432132.0,0,0
44,44,1432132.0,0,0
45,45,1432132.0,0,0
46,46,1432131.0,1,0
47,47,1432130.0,2,0
48,48,1432129.0,3,0
49,49,1432129.0,3,0
50,50,1432122.0,10,0
51,51,1432119.0,13,0
52,52,1432119.0,13,0
53,53,1432111.0,21,0
54,54,1432097.0,34,1
55,55,1432035.0,96,1
56,56,1431828.0,303,1
57,57,1431635.0,496,1
58,58,1431464.0,667,1
59,59,1431061.0,1071,0
60,60,1430707.0,1411,14
61,61,1430275.0,1829,28
62,62,1429760.0,2328,44
63,63,1428530.0,3542,60
64,64,1427810.0,4243,79
65,65,1427376.0,4655,101
66,66,1426228.0,5752,152
67,67,1425694.0,6250,188
68,68,1424992.0,6925,215
69,69,1424056.0,7814,262
70,70,1423165.0,8607,360
71,71,1422368.0,9343,421
72,72,1420566.0,11086,480
73,73,1419241.0,12315,576
74,74,1418137.0,13368,627
75,75,1417096.0,14327,709
76,76,1415882.0,15348,902
77,77,1414505.0,16626,1001
78,78,1413294.0,17792,1046
79,79,1411731.0,19160,1241
80,80,1410347.0,20477,1308
81,81,1409291.0,21441,1400
82,82,1408493.0,22205,1434
83,83,1406932.0,23266,1934
84,84,1405427.0,24653,2052
85,85,1404021.0,25932,2179
86,86,1402831.0,27035,2266
87,87,1401775.0,28019,2338
88,88,1400776.0,28823,2533
89,89,1400139.0,29372,2621
90,90,1399245.0,30142,2745
91,91,1398149.0,31130,2853
92,92,1397505.0,31659,2968
93,93,1396379.0,32701,3052
94,94,1394797.0,34183,3152
95,95,1393950.0,34970,3212
96,96,1393297.0,35556,3279
97,97,1392787.0,35994,3351
98,98,1392116.0,36600,3416
99,99,1391428.0,37244,3460
100,100,1390820.0,37785,3527
101,101,1390086.0,38450,3596
102,102,1389558.0,38916,3658
103,103,1389213.0,39223,3696
104,104,1388911.0,39476,3745
105,105,1388503.0,39839,3790
106,106,1388118.0,40181,3833
107,107,1387723.0,40533,3876
108,108,1387404.0,40804,3924
109,109,1387129.0,41059,3944
110,110,1386864.0,41296,3972
111,111,1386690.0,41441,4001
112,112,1386425.0,41677,4030
113,113,1386094.0,41980,4058
114,114,1385532.0,42519,4081
115,115,1385225.0,42812,4095
116,116,1384996.0,43022,4114
117,117,1384845.0,43158,4129
118,118,1384720.0,43270,4142
119,119,1384547.0,43418,4167
120,120,1384348.0,43603,4181
121,121,1384165.0,43766,4201
122,122,1383996.0,43921,4215
123,123,1383769.0,44137,4226
124,124,1383645.0,44247,4240
125,125,1383523.0,44364,4245
126,126,1383374.0,44503,4255
127,127,1383107.0,44753,4272
128,128,1382876.0,44974,4282
