,Days,S,I,D
0,0,18743.0,0,0
1,1,18743.0,0,0
2,2,18743.0,0,0
3,3,18743.0,0,0
4,4,18743.0,0,0
5,5,18743.0,0,0
6,6,18743.0,0,0
7,7,18743.0,0,0
8,8,18743.0,0,0
9,9,18743.0,0,0
10,10,18743.0,0,0
11,11,18743.0,0,0
12,12,18743.0,0,0
13,13,18743.0,0,0
14,14,18743.0,0,0
15,15,18743.0,0,0
16,16,18743.0,0,0
17,17,18743.0,0,0
18,18,18743.0,0,0
19,19,18743.0,0,0
20,20,18743.0,0,0
21,21,18743.0,0,0
22,22,18743.0,0,0
23,23,18743.0,0,0
24,24,18743.0,0,0
25,25,18743.0,0,0
26,26,18743.0,0,0
27,27,18743.0,0,0
28,28,18743.0,0,0
29,29,18743.0,0,0
30,30,18743.0,0,0
31,31,18743.0,0,0
32,32,18743.0,0,0
33,33,18743.0,0,0
34,34,18743.0,0,0
35,35,18743.0,0,0
36,36,18743.0,0,0
37,37,18743.0,0,0
38,38,18743.0,0,0
39,39,18743.0,0,0
40,40,18743.0,0,0
41,41,18743.0,0,0
42,42,18743.0,0,0
43,43,18743.0,0,0
44,44,18743.0,0,0
45,45,18743.0,0,0
46,46,18743.0,0,0
47,47,18743.0,0,0
48,48,18743.0,0,0
49,49,18743.0,0,0
50,50,18743.0,0,0
51,51,18743.0,0,0
52,52,18743.0,0,0
53,53,18743.0,0,0
54,54,18743.0,0,0
55,55,18743.0,0,0
56,56,18743.0,0,0
57,57,18743.0,0,0
58,58,18743.0,0,0
59,59,18743.0,0,0
60,60,18743.0,0,0
61,61,18743.0,0,0
62,62,18743.0,0,0
63,63,18743.0,0,0
64,64,18743.0,0,0
65,65,18742.0,1,0
66,66,18742.0,1,0
67,67,18742.0,1,0
68,68,18742.0,1,0
69,69,18742.0,1,0
70,70,18742.0,1,0
71,71,18742.0,1,0
72,72,18742.0,1,0
73,73,18742.0,1,0
74,74,18742.0,1,0
75,75,18742.0,1,0
76,76,18742.0,1,0
77,77,18742.0,1,0
78,78,18742.0,1,0
79,79,18742.0,1,0
80,80,18742.0,1,0
81,81,18742.0,1,0
82,82,18742.0,1,0
83,83,18742.0,1,0
84,84,18742.0,1,0
85,85,18742.0,1,0
86,86,18742.0,1,0
87,87,18742.0,1,0
88,88,18742.0,1,0
89,89,18742.0,1,0
90,90,18742.0,1,0
91,91,18739.0,4,0
92,92,18739.0,4,0
93,93,18739.0,4,0
94,94,18737.0,6,0
95,95,18736.0,7,0
96,96,18736.0,7,0
97,97,18735.0,8,0
98,98,18735.0,8,0
99,99,18734.0,9,0
100,100,18734.0,9,0
101,101,18734.0,9,0
102,102,18733.0,10,0
103,103,18733.0,10,0
104,104,18733.0,10,0
105,105,18732.0,11,0
106,106,18732.0,11,0
107,107,18732.0,11,0
108,108,18732.0,11,0
109,109,18732.0,11,0
110,110,18732.0,11,0
111,111,18731.0,12,0
112,112,18730.0,13,0
113,113,18729.0,14,0
114,114,18729.0,14,0
115,115,18729.0,14,0
116,116,18729.0,14,0
117,117,18717.0,26,0
118,118,18717.0,26,0
119,119,18717.0,26,0
120,120,18717.0,26,0
121,121,18712.0,31,0
122,122,18712.0,31,0
123,123,18712.0,31,0
124,124,18707.0,36,0
125,125,18707.0,36,0
126,126,18706.0,37,0
127,127,18706.0,37,0
128,128,18706.0,37,0
