,Days,S,I,D
0,0,31589.0,0,0
1,1,31589.0,0,0
2,2,31589.0,0,0
3,3,31589.0,0,0
4,4,31589.0,0,0
5,5,31589.0,0,0
6,6,31589.0,0,0
7,7,31589.0,0,0
8,8,31589.0,0,0
9,9,31589.0,0,0
10,10,31589.0,0,0
11,11,31589.0,0,0
12,12,31589.0,0,0
13,13,31589.0,0,0
14,14,31589.0,0,0
15,15,31589.0,0,0
16,16,31589.0,0,0
17,17,31589.0,0,0
18,18,31589.0,0,0
19,19,31589.0,0,0
20,20,31589.0,0,0
21,21,31589.0,0,0
22,22,31589.0,0,0
23,23,31589.0,0,0
24,24,31589.0,0,0
25,25,31589.0,0,0
26,26,31589.0,0,0
27,27,31589.0,0,0
28,28,31589.0,0,0
29,29,31589.0,0,0
30,30,31589.0,0,0
31,31,31589.0,0,0
32,32,31589.0,0,0
33,33,31589.0,0,0
34,34,31589.0,0,0
35,35,31589.0,0,0
36,36,31589.0,0,0
37,37,31589.0,0,0
38,38,31589.0,0,0
39,39,31589.0,0,0
40,40,31589.0,0,0
41,41,31589.0,0,0
42,42,31589.0,0,0
43,43,31589.0,0,0
44,44,31589.0,0,0
45,45,31589.0,0,0
46,46,31589.0,0,0
47,47,31589.0,0,0
48,48,31589.0,0,0
49,49,31589.0,0,0
50,50,31589.0,0,0
51,51,31589.0,0,0
52,52,31589.0,0,0
53,53,31589.0,0,0
54,54,31589.0,0,0
55,55,31589.0,0,0
56,56,31589.0,0,0
57,57,31589.0,0,0
58,58,31589.0,0,0
59,59,31589.0,0,0
60,60,31589.0,0,0
61,61,31589.0,0,0
62,62,31589.0,0,0
63,63,31589.0,0,0
64,64,31589.0,0,0
65,65,31589.0,0,0
66,66,31589.0,0,0
67,67,31589.0,0,0
68,68,31589.0,0,0
69,69,31589.0,0,0
70,70,31589.0,0,0
71,71,31589.0,0,0
72,72,31588.0,1,0
73,73,31588.0,1,0
74,74,31588.0,1,0
75,75,31588.0,1,0
76,76,31588.0,1,0
77,77,31588.0,1,0
78,78,31588.0,1,0
79,79,31587.0,2,0
80,80,31587.0,2,0
81,81,31587.0,2,0
82,82,31587.0,2,0
83,83,31587.0,2,0
84,84,31587.0,2,0
85,85,31587.0,2,0
86,86,31587.0,2,0
87,87,31587.0,2,0
88,88,31587.0,2,0
89,89,31587.0,2,0
90,90,31587.0,2,0
91,91,31587.0,2,0
92,92,31587.0,2,0
93,93,31587.0,2,0
94,94,31587.0,2,0
95,95,31587.0,2,0
96,96,31587.0,2,0
97,97,31587.0,2,0
98,98,31587.0,2,0
99,99,31587.0,2,0
100,100,31587.0,2,0
101,101,31587.0,2,0
102,102,31587.0,2,0
103,103,31587.0,2,0
104,104,31587.0,2,0
105,105,31587.0,2,0
106,106,31587.0,2,0
107,107,31587.0,2,0
108,108,31587.0,2,0
109,109,31587.0,2,0
110,110,31587.0,2,0
111,111,31587.0,2,0
112,112,31587.0,2,0
113,113,31587.0,2,0
114,114,31585.0,4,0
115,115,31585.0,4,0
116,116,31585.0,4,0
117,117,31585.0,4,0
118,118,31585.0,4,0
119,119,31585.0,4,0
120,120,31585.0,4,0
121,121,31585.0,4,0
122,122,31585.0,4,0
123,123,31585.0,4,0
124,124,31585.0,4,0
125,125,31584.0,5,0
126,126,31584.0,5,0
127,127,31584.0,5,0
128,128,31584.0,5,0
