,Days,S,I,D
0,0,9475.0,0,0
1,1,9475.0,0,0
2,2,9475.0,0,0
3,3,9475.0,0,0
4,4,9475.0,0,0
5,5,9475.0,0,0
6,6,9475.0,0,0
7,7,9475.0,0,0
8,8,9475.0,0,0
9,9,9475.0,0,0
10,10,9475.0,0,0
11,11,9475.0,0,0
12,12,9475.0,0,0
13,13,9475.0,0,0
14,14,9475.0,0,0
15,15,9475.0,0,0
16,16,9475.0,0,0
17,17,9475.0,0,0
18,18,9475.0,0,0
19,19,9475.0,0,0
20,20,9475.0,0,0
21,21,9475.0,0,0
22,22,9475.0,0,0
23,23,9475.0,0,0
24,24,9475.0,0,0
25,25,9475.0,0,0
26,26,9475.0,0,0
27,27,9475.0,0,0
28,28,9475.0,0,0
29,29,9475.0,0,0
30,30,9475.0,0,0
31,31,9475.0,0,0
32,32,9475.0,0,0
33,33,9475.0,0,0
34,34,9475.0,0,0
35,35,9475.0,0,0
36,36,9475.0,0,0
37,37,9475.0,0,0
38,38,9475.0,0,0
39,39,9475.0,0,0
40,40,9475.0,0,0
41,41,9475.0,0,0
42,42,9475.0,0,0
43,43,9475.0,0,0
44,44,9475.0,0,0
45,45,9475.0,0,0
46,46,9475.0,0,0
47,47,9475.0,0,0
48,48,9475.0,0,0
49,49,9475.0,0,0
50,50,9475.0,0,0
51,51,9475.0,0,0
52,52,9475.0,0,0
53,53,9475.0,0,0
54,54,9475.0,0,0
55,55,9475.0,0,0
56,56,9475.0,0,0
57,57,9475.0,0,0
58,58,9475.0,0,0
59,59,9475.0,0,0
60,60,9475.0,0,0
61,61,9475.0,0,0
62,62,9475.0,0,0
63,63,9475.0,0,0
64,64,9475.0,0,0
65,65,9475.0,0,0
66,66,9475.0,0,0
67,67,9475.0,0,0
68,68,9474.0,1,0
69,69,9474.0,1,0
70,70,9474.0,1,0
71,71,9474.0,1,0
72,72,9474.0,1,0
73,73,9474.0,1,0
74,74,9474.0,1,0
75,75,9474.0,1,0
76,76,9474.0,1,0
77,77,9474.0,1,0
78,78,9474.0,1,0
79,79,9474.0,1,0
80,80,9474.0,1,0
81,81,9474.0,1,0
82,82,9474.0,1,0
83,83,9474.0,1,0
84,84,9474.0,1,0
85,85,9472.0,3,0
86,86,9472.0,3,0
87,87,9472.0,3,0
88,88,9472.0,3,0
89,89,9472.0,3,0
90,90,9472.0,3,0
91,91,9472.0,3,0
92,92,9472.0,3,0
93,93,9472.0,3,0
94,94,9472.0,3,0
95,95,9472.0,3,0
96,96,9472.0,3,0
97,97,9472.0,3,0
98,98,9472.0,3,0
99,99,9472.0,3,0
100,100,9472.0,3,0
101,101,9472.0,3,0
102,102,9472.0,3,0
103,103,9472.0,3,0
104,104,9472.0,3,0
105,105,9472.0,3,0
106,106,9472.0,3,0
107,107,9472.0,3,0
108,108,9472.0,3,0
109,109,9472.0,3,0
110,110,9472.0,3,0
111,111,9472.0,3,0
112,112,9472.0,3,0
113,113,9472.0,3,0
114,114,9472.0,3,0
115,115,9472.0,3,0
116,116,9472.0,3,0
117,117,9472.0,3,0
118,118,9471.0,4,0
119,119,9471.0,4,0
120,120,9471.0,4,0
121,121,9471.0,4,0
122,122,9471.0,4,0
123,123,9471.0,4,0
124,124,9471.0,4,0
125,125,9471.0,4,0
126,126,9471.0,4,0
127,127,9471.0,4,0
128,128,9471.0,4,0
