,Days,S,I,D
0,0,28710.0,0,0
1,1,28710.0,0,0
2,2,28710.0,0,0
3,3,28710.0,0,0
4,4,28710.0,0,0
5,5,28710.0,0,0
6,6,28710.0,0,0
7,7,28710.0,0,0
8,8,28710.0,0,0
9,9,28710.0,0,0
10,10,28710.0,0,0
11,11,28710.0,0,0
12,12,28710.0,0,0
13,13,28710.0,0,0
14,14,28710.0,0,0
15,15,28710.0,0,0
16,16,28710.0,0,0
17,17,28710.0,0,0
18,18,28710.0,0,0
19,19,28710.0,0,0
20,20,28710.0,0,0
21,21,28710.0,0,0
22,22,28710.0,0,0
23,23,28710.0,0,0
24,24,28710.0,0,0
25,25,28710.0,0,0
26,26,28710.0,0,0
27,27,28710.0,0,0
28,28,28710.0,0,0
29,29,28710.0,0,0
30,30,28710.0,0,0
31,31,28710.0,0,0
32,32,28710.0,0,0
33,33,28710.0,0,0
34,34,28710.0,0,0
35,35,28710.0,0,0
36,36,28710.0,0,0
37,37,28710.0,0,0
38,38,28710.0,0,0
39,39,28710.0,0,0
40,40,28710.0,0,0
41,41,28710.0,0,0
42,42,28710.0,0,0
43,43,28710.0,0,0
44,44,28710.0,0,0
45,45,28710.0,0,0
46,46,28710.0,0,0
47,47,28710.0,0,0
48,48,28710.0,0,0
49,49,28710.0,0,0
50,50,28710.0,0,0
51,51,28710.0,0,0
52,52,28710.0,0,0
53,53,28710.0,0,0
54,54,28710.0,0,0
55,55,28710.0,0,0
56,56,28710.0,0,0
57,57,28710.0,0,0
58,58,28710.0,0,0
59,59,28710.0,0,0
60,60,28710.0,0,0
61,61,28710.0,0,0
62,62,28710.0,0,0
63,63,28710.0,0,0
64,64,28710.0,0,0
65,65,28710.0,0,0
66,66,28710.0,0,0
67,67,28710.0,0,0
68,68,28710.0,0,0
69,69,28710.0,0,0
70,70,28710.0,0,0
71,71,28710.0,0,0
72,72,28710.0,0,0
73,73,28710.0,0,0
74,74,28710.0,0,0
75,75,28710.0,0,0
76,76,28710.0,0,0
77,77,28710.0,0,0
78,78,28710.0,0,0
79,79,28710.0,0,0
80,80,28709.0,1,0
81,81,28709.0,1,0
82,82,28709.0,1,0
83,83,28706.0,4,0
84,84,28706.0,4,0
85,85,28706.0,4,0
86,86,28706.0,4,0
87,87,28706.0,4,0
88,88,28706.0,4,0
89,89,28706.0,4,0
90,90,28705.0,5,0
91,91,28702.0,8,0
92,92,28702.0,8,0
93,93,28702.0,8,0
94,94,28702.0,8,0
95,95,28702.0,8,0
96,96,28702.0,8,0
97,97,28702.0,8,0
98,98,28702.0,8,0
99,99,28702.0,8,0
100,100,28702.0,8,0
101,101,28702.0,8,0
102,102,28702.0,8,0
103,103,28702.0,8,0
104,104,28702.0,8,0
105,105,28702.0,8,0
106,106,28701.0,9,0
107,107,28701.0,9,0
108,108,28701.0,9,0
109,109,28701.0,9,0
110,110,28701.0,9,0
111,111,28701.0,9,0
112,112,28701.0,9,0
113,113,28701.0,9,0
114,114,28701.0,9,0
115,115,28701.0,9,0
116,116,28701.0,9,0
117,117,28701.0,9,0
118,118,28701.0,9,0
119,119,28701.0,9,0
120,120,28701.0,9,0
121,121,28701.0,9,0
122,122,28701.0,9,0
123,123,28701.0,9,0
124,124,28701.0,9,0
125,125,28701.0,9,0
126,126,28701.0,9,0
127,127,28701.0,9,0
128,128,28700.0,10,0
