,Days,S,I,D
0,0,49437.0,0,0
1,1,49437.0,0,0
2,2,49437.0,0,0
3,3,49437.0,0,0
4,4,49437.0,0,0
5,5,49437.0,0,0
6,6,49437.0,0,0
7,7,49437.0,0,0
8,8,49437.0,0,0
9,9,49437.0,0,0
10,10,49437.0,0,0
11,11,49437.0,0,0
12,12,49437.0,0,0
13,13,49437.0,0,0
14,14,49437.0,0,0
15,15,49437.0,0,0
16,16,49437.0,0,0
17,17,49437.0,0,0
18,18,49437.0,0,0
19,19,49437.0,0,0
20,20,49437.0,0,0
21,21,49437.0,0,0
22,22,49437.0,0,0
23,23,49437.0,0,0
24,24,49437.0,0,0
25,25,49437.0,0,0
26,26,49437.0,0,0
27,27,49437.0,0,0
28,28,49437.0,0,0
29,29,49437.0,0,0
30,30,49437.0,0,0
31,31,49437.0,0,0
32,32,49437.0,0,0
33,33,49437.0,0,0
34,34,49437.0,0,0
35,35,49437.0,0,0
36,36,49437.0,0,0
37,37,49437.0,0,0
38,38,49437.0,0,0
39,39,49437.0,0,0
40,40,49437.0,0,0
41,41,49437.0,0,0
42,42,49437.0,0,0
43,43,49437.0,0,0
44,44,49437.0,0,0
45,45,49437.0,0,0
46,46,49437.0,0,0
47,47,49437.0,0,0
48,48,49437.0,0,0
49,49,49437.0,0,0
50,50,49437.0,0,0
51,51,49437.0,0,0
52,52,49437.0,0,0
53,53,49437.0,0,0
54,54,49437.0,0,0
55,55,49437.0,0,0
56,56,49437.0,0,0
57,57,49437.0,0,0
58,58,49437.0,0,0
59,59,49437.0,0,0
60,60,49437.0,0,0
61,61,49437.0,0,0
62,62,49436.0,1,0
63,63,49436.0,1,0
64,64,49436.0,1,0
65,65,49436.0,1,0
66,66,49436.0,1,0
67,67,49434.0,3,0
68,68,49434.0,3,0
69,69,49434.0,3,0
70,70,49432.0,5,0
71,71,49431.0,6,0
72,72,49431.0,6,0
73,73,49431.0,6,0
74,74,49431.0,6,0
75,75,49431.0,6,0
76,76,49429.0,8,0
77,77,49429.0,8,0
78,78,49428.0,9,0
79,79,49428.0,9,0
80,80,49428.0,9,0
81,81,49427.0,10,0
82,82,49427.0,10,0
83,83,49427.0,10,0
84,84,49427.0,10,0
85,85,49427.0,10,0
86,86,49427.0,10,0
87,87,49427.0,10,0
88,88,49427.0,10,0
89,89,49427.0,10,0
90,90,49427.0,10,0
91,91,49427.0,10,0
92,92,49427.0,10,0
93,93,49427.0,10,0
94,94,49426.0,11,0
95,95,49425.0,12,0
96,96,49425.0,12,0
97,97,49424.0,13,0
98,98,49424.0,13,0
99,99,49420.0,17,0
100,100,49420.0,17,0
101,101,49419.0,18,0
102,102,49419.0,18,0
103,103,49418.0,19,0
104,104,49417.0,20,0
105,105,49414.0,23,0
106,106,49411.0,26,0
107,107,49409.0,28,0
108,108,49408.0,29,0
109,109,49408.0,29,0
110,110,49406.0,31,0
111,111,49405.0,32,0
112,112,49403.0,34,0
113,113,49403.0,34,0
114,114,49401.0,36,0
115,115,49401.0,36,0
116,116,49401.0,36,0
117,117,49396.0,41,0
118,118,49394.0,43,0
119,119,49393.0,44,0
120,120,49393.0,44,0
121,121,49392.0,45,0
122,122,49392.0,45,0
123,123,49392.0,45,0
124,124,49391.0,46,0
125,125,49388.0,49,0
126,126,49387.0,50,0
127,127,49386.0,51,0
128,128,49386.0,51,0
