,Days,S,I,D
0,0,32594.0,0,0
1,1,32594.0,0,0
2,2,32594.0,0,0
3,3,32594.0,0,0
4,4,32594.0,0,0
5,5,32594.0,0,0
6,6,32594.0,0,0
7,7,32594.0,0,0
8,8,32594.0,0,0
9,9,32594.0,0,0
10,10,32594.0,0,0
11,11,32594.0,0,0
12,12,32594.0,0,0
13,13,32594.0,0,0
14,14,32594.0,0,0
15,15,32594.0,0,0
16,16,32594.0,0,0
17,17,32594.0,0,0
18,18,32594.0,0,0
19,19,32594.0,0,0
20,20,32594.0,0,0
21,21,32594.0,0,0
22,22,32594.0,0,0
23,23,32594.0,0,0
24,24,32594.0,0,0
25,25,32594.0,0,0
26,26,32594.0,0,0
27,27,32594.0,0,0
28,28,32594.0,0,0
29,29,32594.0,0,0
30,30,32594.0,0,0
31,31,32594.0,0,0
32,32,32594.0,0,0
33,33,32594.0,0,0
34,34,32594.0,0,0
35,35,32594.0,0,0
36,36,32594.0,0,0
37,37,32594.0,0,0
38,38,32594.0,0,0
39,39,32594.0,0,0
40,40,32594.0,0,0
41,41,32594.0,0,0
42,42,32594.0,0,0
43,43,32594.0,0,0
44,44,32594.0,0,0
45,45,32594.0,0,0
46,46,32594.0,0,0
47,47,32594.0,0,0
48,48,32594.0,0,0
49,49,32594.0,0,0
50,50,32594.0,0,0
51,51,32594.0,0,0
52,52,32594.0,0,0
53,53,32594.0,0,0
54,54,32594.0,0,0
55,55,32594.0,0,0
56,56,32594.0,0,0
57,57,32594.0,0,0
58,58,32594.0,0,0
59,59,32594.0,0,0
60,60,32594.0,0,0
61,61,32594.0,0,0
62,62,32594.0,0,0
63,63,32594.0,0,0
64,64,32594.0,0,0
65,65,32594.0,0,0
66,66,32594.0,0,0
67,67,32594.0,0,0
68,68,32594.0,0,0
69,69,32594.0,0,0
70,70,32594.0,0,0
71,71,32594.0,0,0
72,72,32594.0,0,0
73,73,32594.0,0,0
74,74,32592.0,2,0
75,75,32592.0,2,0
76,76,32590.0,4,0
77,77,32590.0,4,0
78,78,32589.0,5,0
79,79,32589.0,5,0
80,80,32589.0,5,0
81,81,32589.0,5,0
82,82,32586.0,8,0
83,83,32584.0,10,0
84,84,32584.0,10,0
85,85,32584.0,10,0
86,86,32584.0,10,0
87,87,32584.0,10,0
88,88,32584.0,10,0
89,89,32584.0,10,0
90,90,32584.0,10,0
91,91,32584.0,10,0
92,92,32584.0,10,0
93,93,32584.0,10,0
94,94,32583.0,11,0
95,95,32583.0,11,0
96,96,32583.0,11,0
97,97,32583.0,11,0
98,98,32582.0,12,0
99,99,32582.0,12,0
100,100,32581.0,13,0
101,101,32581.0,13,0
102,102,32581.0,13,0
103,103,32581.0,13,0
104,104,32581.0,13,0
105,105,32580.0,14,0
106,106,32579.0,15,0
107,107,32578.0,16,0
108,108,32578.0,16,0
109,109,32578.0,16,0
110,110,32578.0,16,0
111,111,32578.0,16,0
112,112,32578.0,16,0
113,113,32578.0,16,0
114,114,32578.0,16,0
115,115,32578.0,16,0
116,116,32578.0,16,0
117,117,32578.0,16,0
118,118,32578.0,16,0
119,119,32578.0,16,0
120,120,32578.0,16,0
121,121,32578.0,16,0
122,122,32578.0,16,0
123,123,32578.0,16,0
124,124,32578.0,16,0
125,125,32578.0,16,0
126,126,32578.0,16,0
127,127,32578.0,16,0
128,128,32577.0,17,0
