,Days,S,I,D
0,0,2612.0,0,0
1,1,2612.0,0,0
2,2,2612.0,0,0
3,3,2612.0,0,0
4,4,2612.0,0,0
5,5,2612.0,0,0
6,6,2612.0,0,0
7,7,2612.0,0,0
8,8,2612.0,0,0
9,9,2612.0,0,0
10,10,2612.0,0,0
11,11,2612.0,0,0
12,12,2612.0,0,0
13,13,2612.0,0,0
14,14,2612.0,0,0
15,15,2612.0,0,0
16,16,2612.0,0,0
17,17,2612.0,0,0
18,18,2612.0,0,0
19,19,2612.0,0,0
20,20,2612.0,0,0
21,21,2612.0,0,0
22,22,2612.0,0,0
23,23,2612.0,0,0
24,24,2612.0,0,0
25,25,2612.0,0,0
26,26,2612.0,0,0
27,27,2612.0,0,0
28,28,2612.0,0,0
29,29,2612.0,0,0
30,30,2612.0,0,0
31,31,2612.0,0,0
32,32,2612.0,0,0
33,33,2612.0,0,0
34,34,2612.0,0,0
35,35,2612.0,0,0
36,36,2612.0,0,0
37,37,2612.0,0,0
38,38,2612.0,0,0
39,39,2612.0,0,0
40,40,2612.0,0,0
41,41,2612.0,0,0
42,42,2612.0,0,0
43,43,2612.0,0,0
44,44,2612.0,0,0
45,45,2612.0,0,0
46,46,2612.0,0,0
47,47,2612.0,0,0
48,48,2612.0,0,0
49,49,2612.0,0,0
50,50,2612.0,0,0
51,51,2612.0,0,0
52,52,2612.0,0,0
53,53,2612.0,0,0
54,54,2612.0,0,0
55,55,2612.0,0,0
56,56,2612.0,0,0
57,57,2612.0,0,0
58,58,2612.0,0,0
59,59,2612.0,0,0
60,60,2612.0,0,0
61,61,2612.0,0,0
62,62,2612.0,0,0
63,63,2612.0,0,0
64,64,2612.0,0,0
65,65,2611.0,1,0
66,66,2611.0,1,0
67,67,2611.0,1,0
68,68,2611.0,1,0
69,69,2611.0,1,0
70,70,2611.0,1,0
71,71,2611.0,1,0
72,72,2611.0,1,0
73,73,2611.0,1,0
74,74,2611.0,1,0
75,75,2611.0,1,0
76,76,2611.0,1,0
77,77,2611.0,1,0
78,78,2611.0,1,0
79,79,2611.0,1,0
80,80,2611.0,1,0
81,81,2611.0,1,0
82,82,2611.0,1,0
83,83,2611.0,1,0
84,84,2611.0,1,0
85,85,2611.0,1,0
86,86,2611.0,1,0
87,87,2611.0,1,0
88,88,2611.0,1,0
89,89,2611.0,1,0
90,90,2611.0,1,0
91,91,2611.0,1,0
92,92,2611.0,1,0
93,93,2611.0,1,0
94,94,2611.0,1,0
95,95,2611.0,1,0
96,96,2611.0,1,0
97,97,2611.0,1,0
98,98,2611.0,1,0
99,99,2611.0,1,0
100,100,2611.0,1,0
101,101,2611.0,1,0
102,102,2611.0,1,0
103,103,2611.0,1,0
104,104,2611.0,1,0
105,105,2611.0,1,0
106,106,2611.0,1,0
107,107,2611.0,1,0
108,108,2611.0,1,0
109,109,2611.0,1,0
110,110,2611.0,1,0
111,111,2611.0,1,0
112,112,2611.0,1,0
113,113,2611.0,1,0
114,114,2611.0,1,0
115,115,2611.0,1,0
116,116,2611.0,1,0
117,117,2611.0,1,0
118,118,2611.0,1,0
119,119,2611.0,1,0
120,120,2611.0,1,0
121,121,2611.0,1,0
122,122,2611.0,1,0
123,123,2611.0,1,0
124,124,2611.0,1,0
125,125,2611.0,1,0
126,126,2611.0,1,0
127,127,2611.0,1,0
128,128,2611.0,1,0
