,Days,S,I,D
0,0,7336.0,0,0
1,1,7336.0,0,0
2,2,7336.0,0,0
3,3,7336.0,0,0
4,4,7336.0,0,0
5,5,7336.0,0,0
6,6,7336.0,0,0
7,7,7336.0,0,0
8,8,7336.0,0,0
9,9,7336.0,0,0
10,10,7336.0,0,0
11,11,7336.0,0,0
12,12,7336.0,0,0
13,13,7336.0,0,0
14,14,7336.0,0,0
15,15,7336.0,0,0
16,16,7336.0,0,0
17,17,7336.0,0,0
18,18,7336.0,0,0
19,19,7336.0,0,0
20,20,7336.0,0,0
21,21,7336.0,0,0
22,22,7336.0,0,0
23,23,7336.0,0,0
24,24,7336.0,0,0
25,25,7336.0,0,0
26,26,7336.0,0,0
27,27,7336.0,0,0
28,28,7336.0,0,0
29,29,7336.0,0,0
30,30,7336.0,0,0
31,31,7336.0,0,0
32,32,7336.0,0,0
33,33,7336.0,0,0
34,34,7336.0,0,0
35,35,7336.0,0,0
36,36,7336.0,0,0
37,37,7336.0,0,0
38,38,7336.0,0,0
39,39,7336.0,0,0
40,40,7336.0,0,0
41,41,7336.0,0,0
42,42,7336.0,0,0
43,43,7336.0,0,0
44,44,7336.0,0,0
45,45,7336.0,0,0
46,46,7336.0,0,0
47,47,7336.0,0,0
48,48,7336.0,0,0
49,49,7336.0,0,0
50,50,7336.0,0,0
51,51,7336.0,0,0
52,52,7336.0,0,0
53,53,7336.0,0,0
54,54,7336.0,0,0
55,55,7336.0,0,0
56,56,7336.0,0,0
57,57,7336.0,0,0
58,58,7336.0,0,0
59,59,7336.0,0,0
60,60,7336.0,0,0
61,61,7336.0,0,0
62,62,7336.0,0,0
63,63,7336.0,0,0
64,64,7336.0,0,0
65,65,7336.0,0,0
66,66,7336.0,0,0
67,67,7336.0,0,0
68,68,7336.0,0,0
69,69,7336.0,0,0
70,70,7336.0,0,0
71,71,7336.0,0,0
72,72,7336.0,0,0
73,73,7336.0,0,0
74,74,7336.0,0,0
75,75,7336.0,0,0
76,76,7336.0,0,0
77,77,7336.0,0,0
78,78,7336.0,0,0
79,79,7336.0,0,0
80,80,7336.0,0,0
81,81,7336.0,0,0
82,82,7336.0,0,0
83,83,7336.0,0,0
84,84,7336.0,0,0
85,85,7336.0,0,0
86,86,7336.0,0,0
87,87,7336.0,0,0
88,88,7336.0,0,0
89,89,7336.0,0,0
90,90,7336.0,0,0
91,91,7336.0,0,0
92,92,7336.0,0,0
93,93,7335.0,1,0
94,94,7335.0,1,0
95,95,7335.0,1,0
96,96,7335.0,1,0
97,97,7335.0,1,0
98,98,7334.0,2,0
99,99,7332.0,4,0
100,100,7331.0,5,0
101,101,7331.0,5,0
102,102,7329.0,7,0
103,103,7329.0,7,0
104,104,7329.0,7,0
105,105,7329.0,7,0
106,106,7328.0,8,0
107,107,7325.0,11,0
108,108,7325.0,11,0
109,109,7325.0,11,0
110,110,7325.0,11,0
111,111,7325.0,11,0
112,112,7324.0,12,0
113,113,7324.0,12,0
114,114,7324.0,12,0
115,115,7324.0,12,0
116,116,7324.0,12,0
117,117,7322.0,14,0
118,118,7322.0,14,0
119,119,7320.0,16,0
120,120,7320.0,16,0
121,121,7319.0,17,0
122,122,7319.0,17,0
123,123,7319.0,17,0
124,124,7319.0,17,0
125,125,7319.0,17,0
126,126,7319.0,17,0
127,127,7319.0,17,0
128,128,7319.0,17,0
