,Days,S,I,D
0,0,34215.0,0,0
1,1,34215.0,0,0
2,2,34215.0,0,0
3,3,34215.0,0,0
4,4,34215.0,0,0
5,5,34215.0,0,0
6,6,34215.0,0,0
7,7,34215.0,0,0
8,8,34215.0,0,0
9,9,34215.0,0,0
10,10,34215.0,0,0
11,11,34215.0,0,0
12,12,34215.0,0,0
13,13,34215.0,0,0
14,14,34215.0,0,0
15,15,34215.0,0,0
16,16,34215.0,0,0
17,17,34215.0,0,0
18,18,34215.0,0,0
19,19,34215.0,0,0
20,20,34215.0,0,0
21,21,34215.0,0,0
22,22,34215.0,0,0
23,23,34215.0,0,0
24,24,34215.0,0,0
25,25,34215.0,0,0
26,26,34215.0,0,0
27,27,34215.0,0,0
28,28,34215.0,0,0
29,29,34215.0,0,0
30,30,34215.0,0,0
31,31,34215.0,0,0
32,32,34215.0,0,0
33,33,34215.0,0,0
34,34,34215.0,0,0
35,35,34215.0,0,0
36,36,34215.0,0,0
37,37,34215.0,0,0
38,38,34215.0,0,0
39,39,34215.0,0,0
40,40,34215.0,0,0
41,41,34215.0,0,0
42,42,34215.0,0,0
43,43,34215.0,0,0
44,44,34215.0,0,0
45,45,34215.0,0,0
46,46,34215.0,0,0
47,47,34215.0,0,0
48,48,34215.0,0,0
49,49,34215.0,0,0
50,50,34215.0,0,0
51,51,34215.0,0,0
52,52,34215.0,0,0
53,53,34215.0,0,0
54,54,34215.0,0,0
55,55,34215.0,0,0
56,56,34215.0,0,0
57,57,34215.0,0,0
58,58,34215.0,0,0
59,59,34215.0,0,0
60,60,34215.0,0,0
61,61,34215.0,0,0
62,62,34214.0,1,0
63,63,34213.0,2,0
64,64,34213.0,2,0
65,65,34213.0,2,0
66,66,34212.0,3,0
67,67,34212.0,3,0
68,68,34212.0,3,0
69,69,34210.0,5,0
70,70,34210.0,5,0
71,71,34210.0,5,0
72,72,34210.0,5,0
73,73,34210.0,5,0
74,74,34210.0,5,0
75,75,34210.0,5,0
76,76,34209.0,6,0
77,77,34209.0,6,0
78,78,34209.0,6,0
79,79,34209.0,6,0
80,80,34209.0,6,0
81,81,34209.0,6,0
82,82,34209.0,6,0
83,83,34209.0,6,0
84,84,34209.0,6,0
85,85,34209.0,6,0
86,86,34209.0,6,0
87,87,34208.0,7,0
88,88,34208.0,7,0
89,89,34208.0,7,0
90,90,34208.0,7,0
91,91,34208.0,7,0
92,92,34208.0,7,0
93,93,34208.0,7,0
94,94,34208.0,7,0
95,95,34208.0,7,0
96,96,34208.0,7,0
97,97,34208.0,7,0
98,98,34208.0,7,0
99,99,34208.0,7,0
100,100,34208.0,7,0
101,101,34208.0,7,0
102,102,34208.0,7,0
103,103,34208.0,7,0
104,104,34208.0,7,0
105,105,34208.0,7,0
106,106,34208.0,7,0
107,107,34208.0,7,0
108,108,34208.0,7,0
109,109,34208.0,7,0
110,110,34208.0,7,0
111,111,34208.0,7,0
112,112,34208.0,7,0
113,113,34208.0,7,0
114,114,34208.0,7,0
115,115,34208.0,7,0
116,116,34208.0,7,0
117,117,34208.0,7,0
118,118,34207.0,8,0
119,119,34207.0,8,0
120,120,34206.0,9,0
121,121,34206.0,9,0
122,122,34204.0,11,0
123,123,34204.0,11,0
124,124,34204.0,11,0
125,125,34204.0,11,0
126,126,34204.0,11,0
127,127,34203.0,12,0
128,128,34203.0,12,0
