,Days,S,I,D
0,0,10542.0,0,0
1,1,10542.0,0,0
2,2,10542.0,0,0
3,3,10542.0,0,0
4,4,10542.0,0,0
5,5,10542.0,0,0
6,6,10542.0,0,0
7,7,10542.0,0,0
8,8,10542.0,0,0
9,9,10542.0,0,0
10,10,10542.0,0,0
11,11,10542.0,0,0
12,12,10542.0,0,0
13,13,10542.0,0,0
14,14,10542.0,0,0
15,15,10542.0,0,0
16,16,10542.0,0,0
17,17,10542.0,0,0
18,18,10542.0,0,0
19,19,10542.0,0,0
20,20,10542.0,0,0
21,21,10542.0,0,0
22,22,10542.0,0,0
23,23,10542.0,0,0
24,24,10542.0,0,0
25,25,10542.0,0,0
26,26,10542.0,0,0
27,27,10542.0,0,0
28,28,10542.0,0,0
29,29,10542.0,0,0
30,30,10542.0,0,0
31,31,10542.0,0,0
32,32,10542.0,0,0
33,33,10542.0,0,0
34,34,10542.0,0,0
35,35,10542.0,0,0
36,36,10542.0,0,0
37,37,10542.0,0,0
38,38,10542.0,0,0
39,39,10542.0,0,0
40,40,10542.0,0,0
41,41,10542.0,0,0
42,42,10542.0,0,0
43,43,10542.0,0,0
44,44,10542.0,0,0
45,45,10542.0,0,0
46,46,10542.0,0,0
47,47,10542.0,0,0
48,48,10542.0,0,0
49,49,10542.0,0,0
50,50,10542.0,0,0
51,51,10542.0,0,0
52,52,10542.0,0,0
53,53,10542.0,0,0
54,54,10542.0,0,0
55,55,10542.0,0,0
56,56,10542.0,0,0
57,57,10542.0,0,0
58,58,10542.0,0,0
59,59,10542.0,0,0
60,60,10542.0,0,0
61,61,10542.0,0,0
62,62,10542.0,0,0
63,63,10542.0,0,0
64,64,10542.0,0,0
65,65,10542.0,0,0
66,66,10540.0,2,0
67,67,10540.0,2,0
68,68,10540.0,2,0
69,69,10540.0,2,0
70,70,10540.0,2,0
71,71,10540.0,2,0
72,72,10540.0,2,0
73,73,10540.0,2,0
74,74,10540.0,2,0
75,75,10540.0,2,0
76,76,10540.0,2,0
77,77,10540.0,2,0
78,78,10540.0,2,0
79,79,10540.0,2,0
80,80,10540.0,2,0
81,81,10540.0,2,0
82,82,10540.0,2,0
83,83,10540.0,2,0
84,84,10540.0,2,0
85,85,10540.0,2,0
86,86,10540.0,2,0
87,87,10540.0,2,0
88,88,10540.0,2,0
89,89,10539.0,3,0
90,90,10539.0,3,0
91,91,10539.0,3,0
92,92,10539.0,3,0
93,93,10539.0,3,0
94,94,10538.0,4,0
95,95,10538.0,4,0
96,96,10538.0,4,0
97,97,10538.0,4,0
98,98,10538.0,4,0
99,99,10538.0,4,0
100,100,10538.0,4,0
101,101,10538.0,4,0
102,102,10538.0,4,0
103,103,10538.0,4,0
104,104,10538.0,4,0
105,105,10538.0,4,0
106,106,10538.0,4,0
107,107,10538.0,4,0
108,108,10538.0,4,0
109,109,10538.0,4,0
110,110,10538.0,4,0
111,111,10538.0,4,0
112,112,10538.0,4,0
113,113,10538.0,4,0
114,114,10538.0,4,0
115,115,10538.0,4,0
116,116,10538.0,4,0
117,117,10538.0,4,0
118,118,10538.0,4,0
119,119,10538.0,4,0
120,120,10538.0,4,0
121,121,10538.0,4,0
122,122,10538.0,4,0
123,123,10538.0,4,0
124,124,10538.0,4,0
125,125,10538.0,4,0
126,126,10538.0,4,0
127,127,10538.0,4,0
128,128,10538.0,4,0
