,Days,S,I,D
0,0,55945.0,0,0
1,1,55945.0,0,0
2,2,55945.0,0,0
3,3,55945.0,0,0
4,4,55945.0,0,0
5,5,55945.0,0,0
6,6,55945.0,0,0
7,7,55945.0,0,0
8,8,55945.0,0,0
9,9,55945.0,0,0
10,10,55945.0,0,0
11,11,55945.0,0,0
12,12,55945.0,0,0
13,13,55945.0,0,0
14,14,55945.0,0,0
15,15,55945.0,0,0
16,16,55945.0,0,0
17,17,55945.0,0,0
18,18,55945.0,0,0
19,19,55945.0,0,0
20,20,55945.0,0,0
21,21,55945.0,0,0
22,22,55945.0,0,0
23,23,55945.0,0,0
24,24,55945.0,0,0
25,25,55945.0,0,0
26,26,55945.0,0,0
27,27,55945.0,0,0
28,28,55945.0,0,0
29,29,55945.0,0,0
30,30,55945.0,0,0
31,31,55945.0,0,0
32,32,55945.0,0,0
33,33,55945.0,0,0
34,34,55945.0,0,0
35,35,55945.0,0,0
36,36,55945.0,0,0
37,37,55945.0,0,0
38,38,55945.0,0,0
39,39,55945.0,0,0
40,40,55945.0,0,0
41,41,55945.0,0,0
42,42,55945.0,0,0
43,43,55945.0,0,0
44,44,55945.0,0,0
45,45,55945.0,0,0
46,46,55945.0,0,0
47,47,55945.0,0,0
48,48,55945.0,0,0
49,49,55945.0,0,0
50,50,55945.0,0,0
51,51,55945.0,0,0
52,52,55944.0,1,0
53,53,55944.0,1,0
54,54,55944.0,1,0
55,55,55944.0,1,0
56,56,55944.0,1,0
57,57,55943.0,2,0
58,58,55943.0,2,0
59,59,55943.0,2,0
60,60,55943.0,2,0
61,61,55943.0,2,0
62,62,55943.0,2,0
63,63,55943.0,2,0
64,64,55942.0,3,0
65,65,55941.0,4,0
66,66,55940.0,5,0
67,67,55940.0,5,0
68,68,55940.0,5,0
69,69,55940.0,5,0
70,70,55939.0,6,0
71,71,55938.0,7,0
72,72,55938.0,7,0
73,73,55938.0,7,0
74,74,55938.0,7,0
75,75,55938.0,7,0
76,76,55937.0,8,0
77,77,55937.0,8,0
78,78,55937.0,8,0
79,79,55938.0,7,0
80,80,55937.0,8,0
81,81,55937.0,8,0
82,82,55937.0,8,0
83,83,55937.0,8,0
84,84,55937.0,8,0
85,85,55937.0,8,0
86,86,55937.0,8,0
87,87,55937.0,8,0
88,88,55937.0,8,0
89,89,55937.0,8,0
90,90,55937.0,8,0
91,91,55937.0,8,0
92,92,55937.0,8,0
93,93,55937.0,8,0
94,94,55937.0,8,0
95,95,55937.0,8,0
96,96,55937.0,8,0
97,97,55937.0,8,0
98,98,55937.0,8,0
99,99,55937.0,8,0
100,100,55937.0,8,0
101,101,55937.0,8,0
102,102,55937.0,8,0
103,103,55937.0,8,0
104,104,55937.0,8,0
105,105,55937.0,8,0
106,106,55936.0,9,0
107,107,55936.0,9,0
108,108,55936.0,9,0
109,109,55936.0,9,0
110,110,55936.0,9,0
111,111,55936.0,9,0
112,112,55936.0,9,0
113,113,55936.0,9,0
114,114,55936.0,9,0
115,115,55936.0,9,0
116,116,55936.0,9,0
117,117,55934.0,11,0
118,118,55933.0,12,0
119,119,55933.0,12,0
120,120,55933.0,12,0
121,121,55933.0,12,0
122,122,55933.0,12,0
123,123,55932.0,13,0
124,124,55932.0,13,0
125,125,55932.0,13,0
126,126,55931.0,14,0
127,127,55930.0,15,0
128,128,55930.0,15,0
