,Days,S,I,D
0,0,10217.0,0,0
1,1,10217.0,0,0
2,2,10217.0,0,0
3,3,10217.0,0,0
4,4,10217.0,0,0
5,5,10217.0,0,0
6,6,10217.0,0,0
7,7,10217.0,0,0
8,8,10217.0,0,0
9,9,10217.0,0,0
10,10,10217.0,0,0
11,11,10217.0,0,0
12,12,10217.0,0,0
13,13,10217.0,0,0
14,14,10217.0,0,0
15,15,10217.0,0,0
16,16,10217.0,0,0
17,17,10217.0,0,0
18,18,10217.0,0,0
19,19,10217.0,0,0
20,20,10217.0,0,0
21,21,10217.0,0,0
22,22,10217.0,0,0
23,23,10217.0,0,0
24,24,10217.0,0,0
25,25,10217.0,0,0
26,26,10217.0,0,0
27,27,10217.0,0,0
28,28,10217.0,0,0
29,29,10217.0,0,0
30,30,10217.0,0,0
31,31,10217.0,0,0
32,32,10217.0,0,0
33,33,10217.0,0,0
34,34,10217.0,0,0
35,35,10217.0,0,0
36,36,10217.0,0,0
37,37,10217.0,0,0
38,38,10217.0,0,0
39,39,10217.0,0,0
40,40,10217.0,0,0
41,41,10217.0,0,0
42,42,10217.0,0,0
43,43,10217.0,0,0
44,44,10217.0,0,0
45,45,10217.0,0,0
46,46,10217.0,0,0
47,47,10217.0,0,0
48,48,10217.0,0,0
49,49,10217.0,0,0
50,50,10217.0,0,0
51,51,10217.0,0,0
52,52,10217.0,0,0
53,53,10217.0,0,0
54,54,10217.0,0,0
55,55,10217.0,0,0
56,56,10217.0,0,0
57,57,10217.0,0,0
58,58,10217.0,0,0
59,59,10217.0,0,0
60,60,10217.0,0,0
61,61,10217.0,0,0
62,62,10217.0,0,0
63,63,10217.0,0,0
64,64,10217.0,0,0
65,65,10217.0,0,0
66,66,10217.0,0,0
67,67,10217.0,0,0
68,68,10217.0,0,0
69,69,10217.0,0,0
70,70,10217.0,0,0
71,71,10217.0,0,0
72,72,10217.0,0,0
73,73,10216.0,1,0
74,74,10216.0,1,0
75,75,10216.0,1,0
76,76,10216.0,1,0
77,77,10216.0,1,0
78,78,10215.0,2,0
79,79,10215.0,2,0
80,80,10215.0,2,0
81,81,10212.0,5,0
82,82,10212.0,5,0
83,83,10212.0,5,0
84,84,10212.0,5,0
85,85,10212.0,5,0
86,86,10212.0,5,0
87,87,10212.0,5,0
88,88,10212.0,5,0
89,89,10211.0,6,0
90,90,10211.0,6,0
91,91,10211.0,6,0
92,92,10211.0,6,0
93,93,10210.0,7,0
94,94,10210.0,7,0
95,95,10210.0,7,0
96,96,10210.0,7,0
97,97,10210.0,7,0
98,98,10210.0,7,0
99,99,10210.0,7,0
100,100,10210.0,7,0
101,101,10210.0,7,0
102,102,10210.0,7,0
103,103,10210.0,7,0
104,104,10210.0,7,0
105,105,10210.0,7,0
106,106,10210.0,7,0
107,107,10210.0,7,0
108,108,10210.0,7,0
109,109,10210.0,7,0
110,110,10210.0,7,0
111,111,10210.0,7,0
112,112,10210.0,7,0
113,113,10210.0,7,0
114,114,10210.0,7,0
115,115,10210.0,7,0
116,116,10210.0,7,0
117,117,10209.0,8,0
118,118,10209.0,8,0
119,119,10209.0,8,0
120,120,10209.0,8,0
121,121,10209.0,8,0
122,122,10208.0,9,0
123,123,10208.0,9,0
124,124,10208.0,9,0
125,125,10208.0,9,0
126,126,10208.0,9,0
127,127,10208.0,9,0
128,128,10206.0,11,0
