,Days,S,I,D
0,0,5844.0,0,0
1,1,5844.0,0,0
2,2,5844.0,0,0
3,3,5844.0,0,0
4,4,5844.0,0,0
5,5,5844.0,0,0
6,6,5844.0,0,0
7,7,5844.0,0,0
8,8,5844.0,0,0
9,9,5844.0,0,0
10,10,5844.0,0,0
11,11,5844.0,0,0
12,12,5844.0,0,0
13,13,5844.0,0,0
14,14,5844.0,0,0
15,15,5844.0,0,0
16,16,5844.0,0,0
17,17,5844.0,0,0
18,18,5844.0,0,0
19,19,5844.0,0,0
20,20,5844.0,0,0
21,21,5844.0,0,0
22,22,5844.0,0,0
23,23,5844.0,0,0
24,24,5844.0,0,0
25,25,5844.0,0,0
26,26,5844.0,0,0
27,27,5844.0,0,0
28,28,5844.0,0,0
29,29,5844.0,0,0
30,30,5844.0,0,0
31,31,5844.0,0,0
32,32,5844.0,0,0
33,33,5844.0,0,0
34,34,5844.0,0,0
35,35,5844.0,0,0
36,36,5844.0,0,0
37,37,5844.0,0,0
38,38,5844.0,0,0
39,39,5844.0,0,0
40,40,5844.0,0,0
41,41,5844.0,0,0
42,42,5844.0,0,0
43,43,5844.0,0,0
44,44,5844.0,0,0
45,45,5844.0,0,0
46,46,5844.0,0,0
47,47,5844.0,0,0
48,48,5844.0,0,0
49,49,5844.0,0,0
50,50,5844.0,0,0
51,51,5844.0,0,0
52,52,5844.0,0,0
53,53,5844.0,0,0
54,54,5844.0,0,0
55,55,5844.0,0,0
56,56,5844.0,0,0
57,57,5844.0,0,0
58,58,5844.0,0,0
59,59,5844.0,0,0
60,60,5844.0,0,0
61,61,5844.0,0,0
62,62,5843.0,1,0
63,63,5843.0,1,0
64,64,5843.0,1,0
65,65,5843.0,1,0
66,66,5843.0,1,0
67,67,5843.0,1,0
68,68,5843.0,1,0
69,69,5843.0,1,0
70,70,5843.0,1,0
71,71,5843.0,1,0
72,72,5843.0,1,0
73,73,5843.0,1,0
74,74,5843.0,1,0
75,75,5843.0,1,0
76,76,5843.0,1,0
77,77,5843.0,1,0
78,78,5843.0,1,0
79,79,5843.0,1,0
80,80,5843.0,1,0
81,81,5843.0,1,0
82,82,5843.0,1,0
83,83,5843.0,1,0
84,84,5843.0,1,0
85,85,5843.0,1,0
86,86,5843.0,1,0
87,87,5843.0,1,0
88,88,5843.0,1,0
89,89,5843.0,1,0
90,90,5842.0,2,0
91,91,5842.0,2,0
92,92,5842.0,2,0
93,93,5841.0,3,0
94,94,5841.0,3,0
95,95,5841.0,3,0
96,96,5841.0,3,0
97,97,5840.0,4,0
98,98,5840.0,4,0
99,99,5840.0,4,0
100,100,5840.0,4,0
101,101,5840.0,4,0
102,102,5839.0,5,0
103,103,5838.0,6,0
104,104,5838.0,6,0
105,105,5837.0,7,0
106,106,5837.0,7,0
107,107,5837.0,7,0
108,108,5835.0,9,0
109,109,5835.0,9,0
110,110,5835.0,9,0
111,111,5834.0,10,0
112,112,5833.0,11,0
113,113,5833.0,11,0
114,114,5833.0,11,0
115,115,5832.0,12,0
116,116,5832.0,12,0
117,117,5831.0,13,0
118,118,5831.0,13,0
119,119,5831.0,13,0
120,120,5831.0,13,0
121,121,5831.0,13,0
122,122,5831.0,13,0
123,123,5831.0,13,0
124,124,5831.0,13,0
125,125,5831.0,13,0
126,126,5831.0,13,0
127,127,5831.0,13,0
128,128,5831.0,13,0
