,Days,S,I,D
0,0,34810.0,0,0
1,1,34810.0,0,0
2,2,34810.0,0,0
3,3,34810.0,0,0
4,4,34810.0,0,0
5,5,34810.0,0,0
6,6,34810.0,0,0
7,7,34810.0,0,0
8,8,34810.0,0,0
9,9,34810.0,0,0
10,10,34810.0,0,0
11,11,34810.0,0,0
12,12,34810.0,0,0
13,13,34810.0,0,0
14,14,34810.0,0,0
15,15,34810.0,0,0
16,16,34810.0,0,0
17,17,34810.0,0,0
18,18,34810.0,0,0
19,19,34810.0,0,0
20,20,34810.0,0,0
21,21,34810.0,0,0
22,22,34810.0,0,0
23,23,34810.0,0,0
24,24,34810.0,0,0
25,25,34810.0,0,0
26,26,34810.0,0,0
27,27,34810.0,0,0
28,28,34810.0,0,0
29,29,34810.0,0,0
30,30,34810.0,0,0
31,31,34810.0,0,0
32,32,34810.0,0,0
33,33,34810.0,0,0
34,34,34810.0,0,0
35,35,34810.0,0,0
36,36,34810.0,0,0
37,37,34810.0,0,0
38,38,34810.0,0,0
39,39,34810.0,0,0
40,40,34810.0,0,0
41,41,34810.0,0,0
42,42,34810.0,0,0
43,43,34810.0,0,0
44,44,34810.0,0,0
45,45,34810.0,0,0
46,46,34810.0,0,0
47,47,34810.0,0,0
48,48,34810.0,0,0
49,49,34810.0,0,0
50,50,34810.0,0,0
51,51,34810.0,0,0
52,52,34810.0,0,0
53,53,34810.0,0,0
54,54,34810.0,0,0
55,55,34810.0,0,0
56,56,34810.0,0,0
57,57,34810.0,0,0
58,58,34810.0,0,0
59,59,34809.0,1,0
60,60,34809.0,1,0
61,61,34809.0,1,0
62,62,34809.0,1,0
63,63,34809.0,1,0
64,64,34809.0,1,0
65,65,34809.0,1,0
66,66,34809.0,1,0
67,67,34808.0,2,0
68,68,34808.0,2,0
69,69,34808.0,2,0
70,70,34808.0,2,0
71,71,34808.0,2,0
72,72,34808.0,2,0
73,73,34808.0,2,0
74,74,34808.0,2,0
75,75,34808.0,2,0
76,76,34807.0,3,0
77,77,34807.0,3,0
78,78,34806.0,4,0
79,79,34806.0,4,0
80,80,34801.0,9,0
81,81,34801.0,9,0
82,82,34801.0,9,0
83,83,34801.0,9,0
84,84,34801.0,9,0
85,85,34801.0,9,0
86,86,34799.0,11,0
87,87,34799.0,11,0
88,88,34798.0,12,0
89,89,34798.0,12,0
90,90,34797.0,13,0
91,91,34795.0,15,0
92,92,34794.0,16,0
93,93,34793.0,17,0
94,94,34789.0,21,0
95,95,34788.0,22,0
96,96,34787.0,23,0
97,97,34786.0,24,0
98,98,34786.0,24,0
99,99,34786.0,24,0
100,100,34784.0,26,0
101,101,34781.0,29,0
102,102,34781.0,29,0
103,103,34780.0,30,0
104,104,34780.0,30,0
105,105,34778.0,32,0
106,106,34776.0,34,0
107,107,34774.0,36,0
108,108,34774.0,36,0
109,109,34770.0,40,0
110,110,34769.0,41,0
111,111,34767.0,43,0
112,112,34767.0,43,0
113,113,34764.0,46,0
114,114,34762.0,48,0
115,115,34760.0,50,0
116,116,34758.0,52,0
117,117,34757.0,53,0
118,118,34755.0,55,0
119,119,34754.0,56,0
120,120,34751.0,59,0
121,121,34750.0,60,0
122,122,34748.0,62,0
123,123,34746.0,64,0
124,124,34743.0,67,0
125,125,34743.0,67,0
126,126,34741.0,69,0
127,127,34732.0,78,0
128,128,34726.0,84,0
