,Days,S,I,D
0,0,12469.0,0,0
1,1,12469.0,0,0
2,2,12469.0,0,0
3,3,12469.0,0,0
4,4,12469.0,0,0
5,5,12469.0,0,0
6,6,12469.0,0,0
7,7,12469.0,0,0
8,8,12469.0,0,0
9,9,12469.0,0,0
10,10,12469.0,0,0
11,11,12469.0,0,0
12,12,12469.0,0,0
13,13,12469.0,0,0
14,14,12469.0,0,0
15,15,12469.0,0,0
16,16,12469.0,0,0
17,17,12469.0,0,0
18,18,12469.0,0,0
19,19,12469.0,0,0
20,20,12469.0,0,0
21,21,12469.0,0,0
22,22,12469.0,0,0
23,23,12469.0,0,0
24,24,12469.0,0,0
25,25,12469.0,0,0
26,26,12469.0,0,0
27,27,12469.0,0,0
28,28,12469.0,0,0
29,29,12469.0,0,0
30,30,12469.0,0,0
31,31,12469.0,0,0
32,32,12469.0,0,0
33,33,12469.0,0,0
34,34,12469.0,0,0
35,35,12469.0,0,0
36,36,12469.0,0,0
37,37,12469.0,0,0
38,38,12469.0,0,0
39,39,12469.0,0,0
40,40,12469.0,0,0
41,41,12469.0,0,0
42,42,12469.0,0,0
43,43,12469.0,0,0
44,44,12469.0,0,0
45,45,12469.0,0,0
46,46,12469.0,0,0
47,47,12469.0,0,0
48,48,12469.0,0,0
49,49,12469.0,0,0
50,50,12469.0,0,0
51,51,12469.0,0,0
52,52,12469.0,0,0
53,53,12469.0,0,0
54,54,12469.0,0,0
55,55,12469.0,0,0
56,56,12469.0,0,0
57,57,12469.0,0,0
58,58,12469.0,0,0
59,59,12469.0,0,0
60,60,12469.0,0,0
61,61,12469.0,0,0
62,62,12469.0,0,0
63,63,12469.0,0,0
64,64,12469.0,0,0
65,65,12469.0,0,0
66,66,12469.0,0,0
67,67,12469.0,0,0
68,68,12469.0,0,0
69,69,12469.0,0,0
70,70,12469.0,0,0
71,71,12469.0,0,0
72,72,12469.0,0,0
73,73,12469.0,0,0
74,74,12469.0,0,0
75,75,12468.0,1,0
76,76,12468.0,1,0
77,77,12468.0,1,0
78,78,12468.0,1,0
79,79,12468.0,1,0
80,80,12468.0,1,0
81,81,12468.0,1,0
82,82,12468.0,1,0
83,83,12468.0,1,0
84,84,12468.0,1,0
85,85,12468.0,1,0
86,86,12468.0,1,0
87,87,12468.0,1,0
88,88,12468.0,1,0
89,89,12468.0,1,0
90,90,12468.0,1,0
91,91,12468.0,1,0
92,92,12468.0,1,0
93,93,12462.0,7,0
94,94,12460.0,9,0
95,95,12456.0,13,0
96,96,12451.0,18,0
97,97,12448.0,21,0
98,98,12446.0,23,0
99,99,12446.0,23,0
100,100,12444.0,25,0
101,101,12443.0,26,0
102,102,12440.0,29,0
103,103,12440.0,29,0
104,104,12440.0,29,0
105,105,12438.0,31,0
106,106,12436.0,33,0
107,107,12436.0,33,0
108,108,12435.0,34,0
109,109,12435.0,34,0
110,110,12435.0,34,0
111,111,12435.0,34,0
112,112,12435.0,34,0
113,113,12435.0,34,0
114,114,12435.0,34,0
115,115,12435.0,34,0
116,116,12435.0,34,0
117,117,12434.0,35,0
118,118,12434.0,35,0
119,119,12432.0,37,0
120,120,12432.0,37,0
121,121,12432.0,37,0
122,122,12431.0,38,0
123,123,12430.0,39,0
124,124,12430.0,39,0
125,125,12430.0,39,0
126,126,12429.0,40,0
127,127,12428.0,41,0
128,128,12423.0,46,0
