,Days,S,I,D
0,0,15479.0,0,0
1,1,15479.0,0,0
2,2,15479.0,0,0
3,3,15479.0,0,0
4,4,15479.0,0,0
5,5,15479.0,0,0
6,6,15479.0,0,0
7,7,15479.0,0,0
8,8,15479.0,0,0
9,9,15479.0,0,0
10,10,15479.0,0,0
11,11,15479.0,0,0
12,12,15479.0,0,0
13,13,15479.0,0,0
14,14,15479.0,0,0
15,15,15479.0,0,0
16,16,15479.0,0,0
17,17,15479.0,0,0
18,18,15479.0,0,0
19,19,15479.0,0,0
20,20,15479.0,0,0
21,21,15479.0,0,0
22,22,15479.0,0,0
23,23,15479.0,0,0
24,24,15479.0,0,0
25,25,15479.0,0,0
26,26,15479.0,0,0
27,27,15479.0,0,0
28,28,15479.0,0,0
29,29,15479.0,0,0
30,30,15479.0,0,0
31,31,15479.0,0,0
32,32,15479.0,0,0
33,33,15479.0,0,0
34,34,15479.0,0,0
35,35,15479.0,0,0
36,36,15479.0,0,0
37,37,15479.0,0,0
38,38,15479.0,0,0
39,39,15479.0,0,0
40,40,15479.0,0,0
41,41,15479.0,0,0
42,42,15479.0,0,0
43,43,15479.0,0,0
44,44,15479.0,0,0
45,45,15479.0,0,0
46,46,15479.0,0,0
47,47,15479.0,0,0
48,48,15479.0,0,0
49,49,15479.0,0,0
50,50,15479.0,0,0
51,51,15479.0,0,0
52,52,15479.0,0,0
53,53,15479.0,0,0
54,54,15479.0,0,0
55,55,15479.0,0,0
56,56,15479.0,0,0
57,57,15479.0,0,0
58,58,15479.0,0,0
59,59,15479.0,0,0
60,60,15479.0,0,0
61,61,15479.0,0,0
62,62,15479.0,0,0
63,63,15479.0,0,0
64,64,15479.0,0,0
65,65,15479.0,0,0
66,66,15478.0,1,0
67,67,15478.0,1,0
68,68,15478.0,1,0
69,69,15478.0,1,0
70,70,15478.0,1,0
71,71,15478.0,1,0
72,72,15477.0,2,0
73,73,15477.0,2,0
74,74,15477.0,2,0
75,75,15477.0,2,0
76,76,15477.0,2,0
77,77,15477.0,2,0
78,78,15476.0,3,0
79,79,15476.0,3,0
80,80,15476.0,3,0
81,81,15476.0,3,0
82,82,15476.0,3,0
83,83,15476.0,3,0
84,84,15475.0,4,0
85,85,15475.0,4,0
86,86,15474.0,5,0
87,87,15474.0,5,0
88,88,15473.0,6,0
89,89,15473.0,6,0
90,90,15473.0,6,0
91,91,15472.0,7,0
92,92,15472.0,7,0
93,93,15472.0,7,0
94,94,15472.0,7,0
95,95,15472.0,7,0
96,96,15472.0,7,0
97,97,15472.0,7,0
98,98,15472.0,7,0
99,99,15472.0,7,0
100,100,15472.0,7,0
101,101,15472.0,7,0
102,102,15472.0,7,0
103,103,15472.0,7,0
104,104,15472.0,7,0
105,105,15472.0,7,0
106,106,15472.0,7,0
107,107,15472.0,7,0
108,108,15472.0,7,0
109,109,15472.0,7,0
110,110,15472.0,7,0
111,111,15472.0,7,0
112,112,15472.0,7,0
113,113,15472.0,7,0
114,114,15472.0,7,0
115,115,15472.0,7,0
116,116,15472.0,7,0
117,117,15472.0,7,0
118,118,15472.0,7,0
119,119,15471.0,8,0
120,120,15471.0,8,0
121,121,15471.0,8,0
122,122,15471.0,8,0
123,123,15470.0,9,0
124,124,15470.0,9,0
125,125,15470.0,9,0
126,126,15469.0,10,0
127,127,15469.0,10,0
128,128,15469.0,10,0
