,Days,S,I,D
0,0,290494.0,0,0
1,1,290494.0,0,0
2,2,290494.0,0,0
3,3,290494.0,0,0
4,4,290494.0,0,0
5,5,290494.0,0,0
6,6,290494.0,0,0
7,7,290494.0,0,0
8,8,290494.0,0,0
9,9,290494.0,0,0
10,10,290494.0,0,0
11,11,290494.0,0,0
12,12,290494.0,0,0
13,13,290494.0,0,0
14,14,290494.0,0,0
15,15,290494.0,0,0
16,16,290494.0,0,0
17,17,290494.0,0,0
18,18,290494.0,0,0
19,19,290494.0,0,0
20,20,290494.0,0,0
21,21,290494.0,0,0
22,22,290494.0,0,0
23,23,290494.0,0,0
24,24,290494.0,0,0
25,25,290494.0,0,0
26,26,290494.0,0,0
27,27,290494.0,0,0
28,28,290494.0,0,0
29,29,290494.0,0,0
30,30,290494.0,0,0
31,31,290494.0,0,0
32,32,290494.0,0,0
33,33,290494.0,0,0
34,34,290494.0,0,0
35,35,290494.0,0,0
36,36,290494.0,0,0
37,37,290494.0,0,0
38,38,290494.0,0,0
39,39,290494.0,0,0
40,40,290494.0,0,0
41,41,290494.0,0,0
42,42,290494.0,0,0
43,43,290494.0,0,0
44,44,290494.0,0,0
45,45,290494.0,0,0
46,46,290494.0,0,0
47,47,290494.0,0,0
48,48,290494.0,0,0
49,49,290494.0,0,0
50,50,290494.0,0,0
51,51,290494.0,0,0
52,52,290494.0,0,0
53,53,290493.0,1,0
54,54,290493.0,1,0
55,55,290493.0,1,0
56,56,290493.0,1,0
57,57,290493.0,1,0
58,58,290493.0,1,0
59,59,290492.0,2,0
60,60,290488.0,6,0
61,61,290483.0,11,0
62,62,290479.0,15,0
63,63,290478.0,16,0
64,64,290476.0,18,0
65,65,290473.0,21,0
66,66,290471.0,23,0
67,67,290469.0,25,0
68,68,290466.0,28,0
69,69,290463.0,31,0
70,70,290463.0,31,0
71,71,290459.0,35,0
72,72,290457.0,37,0
73,73,290455.0,39,0
74,74,290450.0,44,0
75,75,290450.0,44,0
76,76,290442.0,52,0
77,77,290439.0,55,0
78,78,290434.0,59,1
79,79,290432.0,61,1
80,80,290428.0,64,2
81,81,290426.0,66,2
82,82,290425.0,67,2
83,83,290425.0,67,2
84,84,290418.0,74,2
85,85,290410.0,82,2
86,86,290401.0,88,5
87,87,290391.0,98,5
88,88,290382.0,107,5
89,89,290368.0,119,7
90,90,290358.0,129,7
91,91,290338.0,149,7
92,92,290326.0,161,7
93,93,290319.0,167,8
94,94,290313.0,173,8
95,95,290305.0,180,9
96,96,290294.0,191,9
97,97,290275.0,210,9
98,98,290261.0,224,9
99,99,290249.0,236,9
100,100,290229.0,254,11
101,101,290221.0,261,12
102,102,290207.0,275,12
103,103,290201.0,281,12
104,104,290187.0,295,12
105,105,290167.0,313,14
106,106,290146.0,331,17
107,107,290124.0,353,17
108,108,290102.0,373,19
109,109,290087.0,388,19
110,110,290055.0,420,19
111,111,290044.0,430,20
112,112,290029.0,444,21
113,113,289988.0,483,23
114,114,289969.0,501,24
115,115,289952.0,518,24
116,116,289939.0,531,24
117,117,289912.0,558,24
118,118,289896.0,573,25
119,119,289852.0,616,26
120,120,289836.0,632,26
121,121,289811.0,657,26
122,122,289795.0,673,26
123,123,289772.0,696,26
124,124,289758.0,709,27
125,125,289751.0,714,29
126,126,289748.0,715,31
127,127,289719.0,744,31
128,128,289702.0,759,33
