,Days,S,I,D
0,0,10218.0,0,0
1,1,10218.0,0,0
2,2,10218.0,0,0
3,3,10218.0,0,0
4,4,10218.0,0,0
5,5,10218.0,0,0
6,6,10218.0,0,0
7,7,10218.0,0,0
8,8,10218.0,0,0
9,9,10218.0,0,0
10,10,10218.0,0,0
11,11,10218.0,0,0
12,12,10218.0,0,0
13,13,10218.0,0,0
14,14,10218.0,0,0
15,15,10218.0,0,0
16,16,10218.0,0,0
17,17,10218.0,0,0
18,18,10218.0,0,0
19,19,10218.0,0,0
20,20,10218.0,0,0
21,21,10218.0,0,0
22,22,10218.0,0,0
23,23,10218.0,0,0
24,24,10218.0,0,0
25,25,10218.0,0,0
26,26,10218.0,0,0
27,27,10218.0,0,0
28,28,10218.0,0,0
29,29,10218.0,0,0
30,30,10218.0,0,0
31,31,10218.0,0,0
32,32,10218.0,0,0
33,33,10218.0,0,0
34,34,10218.0,0,0
35,35,10218.0,0,0
36,36,10218.0,0,0
37,37,10218.0,0,0
38,38,10218.0,0,0
39,39,10218.0,0,0
40,40,10218.0,0,0
41,41,10218.0,0,0
42,42,10218.0,0,0
43,43,10218.0,0,0
44,44,10218.0,0,0
45,45,10218.0,0,0
46,46,10218.0,0,0
47,47,10218.0,0,0
48,48,10218.0,0,0
49,49,10218.0,0,0
50,50,10218.0,0,0
51,51,10218.0,0,0
52,52,10218.0,0,0
53,53,10218.0,0,0
54,54,10218.0,0,0
55,55,10218.0,0,0
56,56,10218.0,0,0
57,57,10218.0,0,0
58,58,10218.0,0,0
59,59,10218.0,0,0
60,60,10218.0,0,0
61,61,10218.0,0,0
62,62,10218.0,0,0
63,63,10218.0,0,0
64,64,10218.0,0,0
65,65,10218.0,0,0
66,66,10216.0,2,0
67,67,10216.0,2,0
68,68,10214.0,4,0
69,69,10213.0,5,0
70,70,10212.0,6,0
71,71,10210.0,8,0
72,72,10207.0,11,0
73,73,10205.0,13,0
74,74,10199.0,19,0
75,75,10199.0,19,0
76,76,10198.0,20,0
77,77,10198.0,20,0
78,78,10198.0,20,0
79,79,10198.0,20,0
80,80,10197.0,21,0
81,81,10197.0,21,0
82,82,10191.0,27,0
83,83,10191.0,27,0
84,84,10189.0,29,0
85,85,10189.0,29,0
86,86,10189.0,29,0
87,87,10189.0,29,0
88,88,10189.0,29,0
89,89,10188.0,30,0
90,90,10187.0,31,0
91,91,10187.0,31,0
92,92,10185.0,33,0
93,93,10185.0,33,0
94,94,10185.0,33,0
95,95,10185.0,33,0
96,96,10184.0,34,0
97,97,10183.0,35,0
98,98,10183.0,35,0
99,99,10183.0,35,0
100,100,10183.0,35,0
101,101,10183.0,35,0
102,102,10183.0,35,0
103,103,10183.0,35,0
104,104,10183.0,35,0
105,105,10183.0,35,0
106,106,10183.0,35,0
107,107,10181.0,37,0
108,108,10181.0,37,0
109,109,10181.0,37,0
110,110,10181.0,37,0
111,111,10181.0,37,0
112,112,10181.0,37,0
113,113,10180.0,38,0
114,114,10180.0,38,0
115,115,10179.0,39,0
116,116,10179.0,39,0
117,117,10179.0,39,0
118,118,10179.0,39,0
119,119,10179.0,39,0
120,120,10179.0,39,0
121,121,10179.0,39,0
122,122,10179.0,39,0
123,123,10179.0,39,0
124,124,10179.0,39,0
125,125,10179.0,39,0
126,126,10179.0,39,0
127,127,10179.0,39,0
128,128,10179.0,39,0
