,Days,S,I,D
0,0,13632.0,0,0
1,1,13632.0,0,0
2,2,13632.0,0,0
3,3,13632.0,0,0
4,4,13632.0,0,0
5,5,13632.0,0,0
6,6,13632.0,0,0
7,7,13632.0,0,0
8,8,13632.0,0,0
9,9,13632.0,0,0
10,10,13632.0,0,0
11,11,13632.0,0,0
12,12,13632.0,0,0
13,13,13632.0,0,0
14,14,13632.0,0,0
15,15,13632.0,0,0
16,16,13632.0,0,0
17,17,13632.0,0,0
18,18,13632.0,0,0
19,19,13632.0,0,0
20,20,13632.0,0,0
21,21,13632.0,0,0
22,22,13632.0,0,0
23,23,13632.0,0,0
24,24,13632.0,0,0
25,25,13632.0,0,0
26,26,13632.0,0,0
27,27,13632.0,0,0
28,28,13632.0,0,0
29,29,13632.0,0,0
30,30,13632.0,0,0
31,31,13632.0,0,0
32,32,13632.0,0,0
33,33,13632.0,0,0
34,34,13632.0,0,0
35,35,13632.0,0,0
36,36,13632.0,0,0
37,37,13632.0,0,0
38,38,13632.0,0,0
39,39,13632.0,0,0
40,40,13632.0,0,0
41,41,13632.0,0,0
42,42,13632.0,0,0
43,43,13632.0,0,0
44,44,13632.0,0,0
45,45,13632.0,0,0
46,46,13632.0,0,0
47,47,13632.0,0,0
48,48,13632.0,0,0
49,49,13632.0,0,0
50,50,13632.0,0,0
51,51,13632.0,0,0
52,52,13632.0,0,0
53,53,13632.0,0,0
54,54,13632.0,0,0
55,55,13632.0,0,0
56,56,13632.0,0,0
57,57,13632.0,0,0
58,58,13632.0,0,0
59,59,13632.0,0,0
60,60,13632.0,0,0
61,61,13632.0,0,0
62,62,13632.0,0,0
63,63,13632.0,0,0
64,64,13632.0,0,0
65,65,13632.0,0,0
66,66,13632.0,0,0
67,67,13632.0,0,0
68,68,13632.0,0,0
69,69,13631.0,1,0
70,70,13630.0,2,0
71,71,13630.0,2,0
72,72,13630.0,2,0
73,73,13630.0,2,0
74,74,13629.0,3,0
75,75,13629.0,3,0
76,76,13627.0,5,0
77,77,13627.0,5,0
78,78,13626.0,6,0
79,79,13626.0,6,0
80,80,13626.0,6,0
81,81,13626.0,6,0
82,82,13624.0,8,0
83,83,13624.0,8,0
84,84,13623.0,9,0
85,85,13622.0,10,0
86,86,13622.0,10,0
87,87,13622.0,10,0
88,88,13622.0,10,0
89,89,13622.0,10,0
90,90,13622.0,10,0
91,91,13622.0,10,0
92,92,13622.0,10,0
93,93,13622.0,10,0
94,94,13620.0,12,0
95,95,13620.0,12,0
96,96,13620.0,12,0
97,97,13620.0,12,0
98,98,13619.0,13,0
99,99,13619.0,13,0
100,100,13619.0,13,0
101,101,13619.0,13,0
102,102,13619.0,13,0
103,103,13619.0,13,0
104,104,13619.0,13,0
105,105,13619.0,13,0
106,106,13617.0,15,0
107,107,13617.0,15,0
108,108,13617.0,15,0
109,109,13617.0,15,0
110,110,13617.0,15,0
111,111,13617.0,15,0
112,112,13617.0,15,0
113,113,13617.0,15,0
114,114,13617.0,15,0
115,115,13617.0,15,0
116,116,13617.0,15,0
117,117,13617.0,15,0
118,118,13616.0,16,0
119,119,13616.0,16,0
120,120,13616.0,16,0
121,121,13616.0,16,0
122,122,13616.0,16,0
123,123,13616.0,16,0
124,124,13616.0,16,0
125,125,13616.0,16,0
126,126,13616.0,16,0
127,127,13616.0,16,0
128,128,13616.0,16,0
