,Days,S,I,D
0,0,254149.0,0,0
1,1,254149.0,0,0
2,2,254149.0,0,0
3,3,254149.0,0,0
4,4,254149.0,0,0
5,5,254149.0,0,0
6,6,254149.0,0,0
7,7,254149.0,0,0
8,8,254149.0,0,0
9,9,254149.0,0,0
10,10,254149.0,0,0
11,11,254149.0,0,0
12,12,254149.0,0,0
13,13,254149.0,0,0
14,14,254149.0,0,0
15,15,254149.0,0,0
16,16,254149.0,0,0
17,17,254149.0,0,0
18,18,254149.0,0,0
19,19,254149.0,0,0
20,20,254149.0,0,0
21,21,254149.0,0,0
22,22,254149.0,0,0
23,23,254149.0,0,0
24,24,254149.0,0,0
25,25,254149.0,0,0
26,26,254149.0,0,0
27,27,254149.0,0,0
28,28,254149.0,0,0
29,29,254149.0,0,0
30,30,254149.0,0,0
31,31,254149.0,0,0
32,32,254149.0,0,0
33,33,254149.0,0,0
34,34,254149.0,0,0
35,35,254149.0,0,0
36,36,254149.0,0,0
37,37,254149.0,0,0
38,38,254149.0,0,0
39,39,254149.0,0,0
40,40,254149.0,0,0
41,41,254149.0,0,0
42,42,254149.0,0,0
43,43,254149.0,0,0
44,44,254149.0,0,0
45,45,254149.0,0,0
46,46,254149.0,0,0
47,47,254148.0,1,0
48,48,254148.0,1,0
49,49,254148.0,1,0
50,50,254147.0,2,0
51,51,254147.0,2,0
52,52,254144.0,5,0
53,53,254144.0,5,0
54,54,254142.0,7,0
55,55,254142.0,7,0
56,56,254140.0,9,0
57,57,254136.0,13,0
58,58,254133.0,16,0
59,59,254132.0,17,0
60,60,254131.0,18,0
61,61,254125.0,24,0
62,62,254119.0,30,0
63,63,254113.0,36,0
64,64,254105.0,44,0
65,65,254098.0,50,1
66,66,254094.0,54,1
67,67,254088.0,60,1
68,68,254079.0,69,1
69,69,254068.0,78,3
70,70,254060.0,85,4
71,71,254051.0,94,4
72,72,254030.0,114,5
73,73,254024.0,120,5
74,74,254020.0,124,5
75,75,254003.0,141,5
76,76,253996.0,147,6
77,77,253988.0,155,6
78,78,253976.0,167,6
79,79,253965.0,177,7
80,80,253956.0,186,7
81,81,253955.0,187,7
82,82,253938.0,204,7
83,83,253923.0,219,7
84,84,253909.0,232,8
85,85,253896.0,245,8
86,86,253867.0,274,8
87,87,253856.0,285,8
88,88,253841.0,300,8
89,89,253823.0,317,9
90,90,253815.0,324,10
91,91,253799.0,340,10
92,92,253774.0,365,10
93,93,253772.0,367,10
94,94,253771.0,368,10
95,95,253765.0,374,10
96,96,253746.0,393,10
97,97,253708.0,430,11
98,98,253682.0,456,11
99,99,253671.0,467,11
100,100,253662.0,474,13
101,101,253654.0,482,13
102,102,253646.0,490,13
103,103,253627.0,509,13
104,104,253618.0,516,15
105,105,253589.0,544,16
106,106,253564.0,568,17
107,107,253554.0,578,17
108,108,253539.0,593,17
109,109,253525.0,607,17
110,110,253507.0,624,18
111,111,253493.0,635,21
112,112,253472.0,656,21
113,113,253452.0,676,21
114,114,253431.0,695,23
115,115,253425.0,700,24
116,116,253411.0,714,24
117,117,253391.0,732,26
118,118,253378.0,745,26
119,119,253365.0,758,26
120,120,253350.0,770,29
121,121,253330.0,790,29
122,122,253312.0,808,29
123,123,253295.0,825,29
124,124,253289.0,831,29
125,125,253268.0,850,31
126,126,253256.0,861,32
127,127,253243.0,874,32
128,128,253231.0,885,33
