,Days,S,I,D
0,0,95273.0,0,0
1,1,95273.0,0,0
2,2,95273.0,0,0
3,3,95273.0,0,0
4,4,95273.0,0,0
5,5,95273.0,0,0
6,6,95273.0,0,0
7,7,95273.0,0,0
8,8,95273.0,0,0
9,9,95273.0,0,0
10,10,95273.0,0,0
11,11,95273.0,0,0
12,12,95273.0,0,0
13,13,95273.0,0,0
14,14,95273.0,0,0
15,15,95273.0,0,0
16,16,95273.0,0,0
17,17,95273.0,0,0
18,18,95273.0,0,0
19,19,95273.0,0,0
20,20,95273.0,0,0
21,21,95273.0,0,0
22,22,95273.0,0,0
23,23,95273.0,0,0
24,24,95273.0,0,0
25,25,95273.0,0,0
26,26,95273.0,0,0
27,27,95273.0,0,0
28,28,95273.0,0,0
29,29,95273.0,0,0
30,30,95273.0,0,0
31,31,95273.0,0,0
32,32,95273.0,0,0
33,33,95273.0,0,0
34,34,95273.0,0,0
35,35,95273.0,0,0
36,36,95273.0,0,0
37,37,95273.0,0,0
38,38,95273.0,0,0
39,39,95273.0,0,0
40,40,95273.0,0,0
41,41,95273.0,0,0
42,42,95273.0,0,0
43,43,95273.0,0,0
44,44,95273.0,0,0
45,45,95273.0,0,0
46,46,95273.0,0,0
47,47,95273.0,0,0
48,48,95273.0,0,0
49,49,95273.0,0,0
50,50,95273.0,0,0
51,51,95273.0,0,0
52,52,95273.0,0,0
53,53,95273.0,0,0
54,54,95273.0,0,0
55,55,95271.0,2,0
56,56,95271.0,2,0
57,57,95262.0,11,0
58,58,95260.0,13,0
59,59,95258.0,15,0
60,60,95257.0,16,0
61,61,95256.0,17,0
62,62,95255.0,18,0
63,63,95255.0,18,0
64,64,95250.0,23,0
65,65,95248.0,25,0
66,66,95245.0,28,0
67,67,95245.0,28,0
68,68,95244.0,29,0
69,69,95243.0,30,0
70,70,95241.0,32,0
71,71,95241.0,32,0
72,72,95241.0,32,0
73,73,95239.0,34,0
74,74,95236.0,37,0
75,75,95235.0,38,0
76,76,95234.0,39,0
77,77,95231.0,42,0
78,78,95227.0,46,0
79,79,95225.0,48,0
80,80,95224.0,49,0
81,81,95223.0,50,0
82,82,95222.0,51,0
83,83,95221.0,52,0
84,84,95221.0,52,0
85,85,95219.0,54,0
86,86,95219.0,54,0
87,87,95219.0,54,0
88,88,95219.0,54,0
89,89,95210.0,63,0
90,90,95210.0,63,0
91,91,95208.0,65,0
92,92,95206.0,67,0
93,93,95205.0,68,0
94,94,95199.0,74,0
95,95,95199.0,74,0
96,96,95199.0,74,0
97,97,95199.0,74,0
98,98,95197.0,76,0
99,99,95196.0,77,0
100,100,95194.0,79,0
101,101,95193.0,80,0
102,102,95193.0,80,0
103,103,95190.0,83,0
104,104,95181.0,92,0
105,105,95171.0,102,0
106,106,95171.0,102,0
107,107,95170.0,103,0
108,108,95170.0,103,0
109,109,95170.0,103,0
110,110,95169.0,104,0
111,111,95168.0,105,0
112,112,95167.0,106,0
113,113,95166.0,107,0
114,114,95164.0,109,0
115,115,95161.0,112,0
116,116,95160.0,113,0
117,117,95157.0,116,0
118,118,95156.0,117,0
119,119,95153.0,120,0
120,120,95150.0,123,0
121,121,95150.0,123,0
122,122,95150.0,123,0
123,123,95150.0,123,0
124,124,95150.0,123,0
125,125,95150.0,123,0
126,126,95150.0,123,0
127,127,95148.0,125,0
128,128,95147.0,126,0
