,Days,S,I,D
0,0,28206.0,0,0
1,1,28206.0,0,0
2,2,28206.0,0,0
3,3,28206.0,0,0
4,4,28206.0,0,0
5,5,28206.0,0,0
6,6,28206.0,0,0
7,7,28206.0,0,0
8,8,28206.0,0,0
9,9,28206.0,0,0
10,10,28206.0,0,0
11,11,28206.0,0,0
12,12,28206.0,0,0
13,13,28206.0,0,0
14,14,28206.0,0,0
15,15,28206.0,0,0
16,16,28206.0,0,0
17,17,28206.0,0,0
18,18,28206.0,0,0
19,19,28206.0,0,0
20,20,28206.0,0,0
21,21,28206.0,0,0
22,22,28206.0,0,0
23,23,28206.0,0,0
24,24,28206.0,0,0
25,25,28206.0,0,0
26,26,28206.0,0,0
27,27,28206.0,0,0
28,28,28206.0,0,0
29,29,28206.0,0,0
30,30,28206.0,0,0
31,31,28206.0,0,0
32,32,28206.0,0,0
33,33,28206.0,0,0
34,34,28206.0,0,0
35,35,28206.0,0,0
36,36,28206.0,0,0
37,37,28206.0,0,0
38,38,28206.0,0,0
39,39,28206.0,0,0
40,40,28206.0,0,0
41,41,28206.0,0,0
42,42,28206.0,0,0
43,43,28206.0,0,0
44,44,28206.0,0,0
45,45,28206.0,0,0
46,46,28206.0,0,0
47,47,28206.0,0,0
48,48,28206.0,0,0
49,49,28206.0,0,0
50,50,28206.0,0,0
51,51,28206.0,0,0
52,52,28205.0,1,0
53,53,28205.0,1,0
54,54,28205.0,1,0
55,55,28205.0,1,0
56,56,28205.0,1,0
57,57,28205.0,1,0
58,58,28205.0,1,0
59,59,28205.0,1,0
60,60,28205.0,1,0
61,61,28205.0,1,0
62,62,28205.0,1,0
63,63,28205.0,1,0
64,64,28205.0,1,0
65,65,28205.0,1,0
66,66,28205.0,1,0
67,67,28205.0,1,0
68,68,28205.0,1,0
69,69,28204.0,2,0
70,70,28204.0,2,0
71,71,28204.0,2,0
72,72,28204.0,2,0
73,73,28204.0,2,0
74,74,28204.0,2,0
75,75,28204.0,2,0
76,76,28204.0,2,0
77,77,28204.0,2,0
78,78,28203.0,3,0
79,79,28203.0,3,0
80,80,28203.0,3,0
81,81,28202.0,4,0
82,82,28202.0,4,0
83,83,28202.0,4,0
84,84,28202.0,4,0
85,85,28202.0,4,0
86,86,28201.0,5,0
87,87,28201.0,5,0
88,88,28201.0,5,0
89,89,28201.0,5,0
90,90,28201.0,5,0
91,91,28201.0,5,0
92,92,28201.0,5,0
93,93,28201.0,5,0
94,94,28201.0,5,0
95,95,28201.0,5,0
96,96,28201.0,5,0
97,97,28201.0,5,0
98,98,28201.0,5,0
99,99,28201.0,5,0
100,100,28201.0,5,0
101,101,28200.0,6,0
102,102,28199.0,7,0
103,103,28199.0,7,0
104,104,28199.0,7,0
105,105,28199.0,7,0
106,106,28197.0,9,0
107,107,28197.0,9,0
108,108,28196.0,10,0
109,109,28196.0,10,0
110,110,28195.0,11,0
111,111,28194.0,12,0
112,112,28194.0,12,0
113,113,28193.0,13,0
114,114,28191.0,15,0
115,115,28190.0,16,0
116,116,28190.0,16,0
117,117,28190.0,16,0
118,118,28188.0,18,0
119,119,28186.0,20,0
120,120,28185.0,21,0
121,121,28184.0,22,0
122,122,28184.0,22,0
123,123,28184.0,22,0
124,124,28183.0,23,0
125,125,28182.0,24,0
126,126,28180.0,26,0
127,127,28179.0,27,0
128,128,28178.0,28,0
