,Days,S,I,D
0,0,11139.0,0,0
1,1,11139.0,0,0
2,2,11139.0,0,0
3,3,11139.0,0,0
4,4,11139.0,0,0
5,5,11139.0,0,0
6,6,11139.0,0,0
7,7,11139.0,0,0
8,8,11139.0,0,0
9,9,11139.0,0,0
10,10,11139.0,0,0
11,11,11139.0,0,0
12,12,11139.0,0,0
13,13,11139.0,0,0
14,14,11139.0,0,0
15,15,11139.0,0,0
16,16,11139.0,0,0
17,17,11139.0,0,0
18,18,11139.0,0,0
19,19,11139.0,0,0
20,20,11139.0,0,0
21,21,11139.0,0,0
22,22,11139.0,0,0
23,23,11139.0,0,0
24,24,11139.0,0,0
25,25,11139.0,0,0
26,26,11139.0,0,0
27,27,11139.0,0,0
28,28,11139.0,0,0
29,29,11139.0,0,0
30,30,11139.0,0,0
31,31,11139.0,0,0
32,32,11139.0,0,0
33,33,11139.0,0,0
34,34,11139.0,0,0
35,35,11139.0,0,0
36,36,11139.0,0,0
37,37,11139.0,0,0
38,38,11139.0,0,0
39,39,11139.0,0,0
40,40,11139.0,0,0
41,41,11139.0,0,0
42,42,11139.0,0,0
43,43,11139.0,0,0
44,44,11139.0,0,0
45,45,11139.0,0,0
46,46,11139.0,0,0
47,47,11139.0,0,0
48,48,11139.0,0,0
49,49,11139.0,0,0
50,50,11139.0,0,0
51,51,11139.0,0,0
52,52,11139.0,0,0
53,53,11139.0,0,0
54,54,11139.0,0,0
55,55,11139.0,0,0
56,56,11139.0,0,0
57,57,11139.0,0,0
58,58,11139.0,0,0
59,59,11139.0,0,0
60,60,11139.0,0,0
61,61,11139.0,0,0
62,62,11139.0,0,0
63,63,11139.0,0,0
64,64,11139.0,0,0
65,65,11139.0,0,0
66,66,11139.0,0,0
67,67,11139.0,0,0
68,68,11139.0,0,0
69,69,11138.0,1,0
70,70,11138.0,1,0
71,71,11137.0,2,0
72,72,11136.0,3,0
73,73,11136.0,3,0
74,74,11136.0,3,0
75,75,11136.0,3,0
76,76,11136.0,3,0
77,77,11136.0,3,0
78,78,11135.0,4,0
79,79,11136.0,3,0
80,80,11136.0,3,0
81,81,11136.0,3,0
82,82,11136.0,3,0
83,83,11136.0,3,0
84,84,11136.0,3,0
85,85,11135.0,4,0
86,86,11134.0,5,0
87,87,11134.0,5,0
88,88,11134.0,5,0
89,89,11134.0,5,0
90,90,11134.0,5,0
91,91,11134.0,5,0
92,92,11134.0,5,0
93,93,11134.0,5,0
94,94,11134.0,5,0
95,95,11134.0,5,0
96,96,11134.0,5,0
97,97,11134.0,5,0
98,98,11134.0,5,0
99,99,11134.0,5,0
100,100,11134.0,5,0
101,101,11134.0,5,0
102,102,11134.0,5,0
103,103,11134.0,5,0
104,104,11134.0,5,0
105,105,11134.0,5,0
106,106,11134.0,5,0
107,107,11134.0,5,0
108,108,11134.0,5,0
109,109,11134.0,5,0
110,110,11134.0,5,0
111,111,11134.0,5,0
112,112,11134.0,5,0
113,113,11134.0,5,0
114,114,11134.0,5,0
115,115,11134.0,5,0
116,116,11134.0,5,0
117,117,11134.0,5,0
118,118,11134.0,5,0
119,119,11134.0,5,0
120,120,11134.0,5,0
121,121,11134.0,5,0
122,122,11134.0,5,0
123,123,11134.0,5,0
124,124,11134.0,5,0
125,125,11134.0,5,0
126,126,11134.0,5,0
127,127,11134.0,5,0
128,128,11134.0,5,0
