,Days,S,I,D
0,0,12304.0,0,0
1,1,12304.0,0,0
2,2,12304.0,0,0
3,3,12304.0,0,0
4,4,12304.0,0,0
5,5,12304.0,0,0
6,6,12304.0,0,0
7,7,12304.0,0,0
8,8,12304.0,0,0
9,9,12304.0,0,0
10,10,12304.0,0,0
11,11,12304.0,0,0
12,12,12304.0,0,0
13,13,12304.0,0,0
14,14,12304.0,0,0
15,15,12304.0,0,0
16,16,12304.0,0,0
17,17,12304.0,0,0
18,18,12304.0,0,0
19,19,12304.0,0,0
20,20,12304.0,0,0
21,21,12304.0,0,0
22,22,12304.0,0,0
23,23,12304.0,0,0
24,24,12304.0,0,0
25,25,12304.0,0,0
26,26,12304.0,0,0
27,27,12304.0,0,0
28,28,12304.0,0,0
29,29,12304.0,0,0
30,30,12304.0,0,0
31,31,12304.0,0,0
32,32,12304.0,0,0
33,33,12304.0,0,0
34,34,12304.0,0,0
35,35,12304.0,0,0
36,36,12304.0,0,0
37,37,12304.0,0,0
38,38,12304.0,0,0
39,39,12304.0,0,0
40,40,12304.0,0,0
41,41,12304.0,0,0
42,42,12304.0,0,0
43,43,12304.0,0,0
44,44,12304.0,0,0
45,45,12304.0,0,0
46,46,12304.0,0,0
47,47,12304.0,0,0
48,48,12304.0,0,0
49,49,12304.0,0,0
50,50,12304.0,0,0
51,51,12304.0,0,0
52,52,12304.0,0,0
53,53,12304.0,0,0
54,54,12304.0,0,0
55,55,12304.0,0,0
56,56,12304.0,0,0
57,57,12304.0,0,0
58,58,12304.0,0,0
59,59,12304.0,0,0
60,60,12304.0,0,0
61,61,12304.0,0,0
62,62,12304.0,0,0
63,63,12304.0,0,0
64,64,12304.0,0,0
65,65,12304.0,0,0
66,66,12304.0,0,0
67,67,12304.0,0,0
68,68,12304.0,0,0
69,69,12304.0,0,0
70,70,12304.0,0,0
71,71,12304.0,0,0
72,72,12304.0,0,0
73,73,12303.0,1,0
74,74,12303.0,1,0
75,75,12303.0,1,0
76,76,12303.0,1,0
77,77,12303.0,1,0
78,78,12303.0,1,0
79,79,12303.0,1,0
80,80,12303.0,1,0
81,81,12303.0,1,0
82,82,12303.0,1,0
83,83,12303.0,1,0
84,84,12303.0,1,0
85,85,12303.0,1,0
86,86,12302.0,2,0
87,87,12302.0,2,0
88,88,12300.0,4,0
89,89,12299.0,5,0
90,90,12298.0,6,0
91,91,12298.0,6,0
92,92,12298.0,6,0
93,93,12297.0,7,0
94,94,12296.0,8,0
95,95,12296.0,8,0
96,96,12295.0,9,0
97,97,12293.0,11,0
98,98,12293.0,11,0
99,99,12293.0,11,0
100,100,12293.0,11,0
101,101,12289.0,15,0
102,102,12289.0,15,0
103,103,12289.0,15,0
104,104,12289.0,15,0
105,105,12289.0,15,0
106,106,12289.0,15,0
107,107,12289.0,15,0
108,108,12289.0,15,0
109,109,12289.0,15,0
110,110,12289.0,15,0
111,111,12288.0,16,0
112,112,12288.0,16,0
113,113,12287.0,17,0
114,114,12287.0,17,0
115,115,12287.0,17,0
116,116,12287.0,17,0
117,117,12287.0,17,0
118,118,12287.0,17,0
119,119,12287.0,17,0
120,120,12285.0,19,0
121,121,12285.0,19,0
122,122,12285.0,19,0
123,123,12285.0,19,0
124,124,12285.0,19,0
125,125,12285.0,19,0
126,126,12285.0,19,0
127,127,12285.0,19,0
128,128,12285.0,19,0
