,Days,S,I,D
0,0,10712.0,0,0
1,1,10712.0,0,0
2,2,10712.0,0,0
3,3,10712.0,0,0
4,4,10712.0,0,0
5,5,10712.0,0,0
6,6,10712.0,0,0
7,7,10712.0,0,0
8,8,10712.0,0,0
9,9,10712.0,0,0
10,10,10712.0,0,0
11,11,10712.0,0,0
12,12,10712.0,0,0
13,13,10712.0,0,0
14,14,10712.0,0,0
15,15,10712.0,0,0
16,16,10712.0,0,0
17,17,10712.0,0,0
18,18,10712.0,0,0
19,19,10712.0,0,0
20,20,10712.0,0,0
21,21,10712.0,0,0
22,22,10712.0,0,0
23,23,10712.0,0,0
24,24,10712.0,0,0
25,25,10712.0,0,0
26,26,10712.0,0,0
27,27,10712.0,0,0
28,28,10712.0,0,0
29,29,10712.0,0,0
30,30,10712.0,0,0
31,31,10712.0,0,0
32,32,10712.0,0,0
33,33,10712.0,0,0
34,34,10712.0,0,0
35,35,10712.0,0,0
36,36,10712.0,0,0
37,37,10712.0,0,0
38,38,10712.0,0,0
39,39,10712.0,0,0
40,40,10712.0,0,0
41,41,10712.0,0,0
42,42,10712.0,0,0
43,43,10712.0,0,0
44,44,10712.0,0,0
45,45,10712.0,0,0
46,46,10712.0,0,0
47,47,10712.0,0,0
48,48,10712.0,0,0
49,49,10712.0,0,0
50,50,10712.0,0,0
51,51,10712.0,0,0
52,52,10712.0,0,0
53,53,10712.0,0,0
54,54,10712.0,0,0
55,55,10712.0,0,0
56,56,10712.0,0,0
57,57,10712.0,0,0
58,58,10712.0,0,0
59,59,10712.0,0,0
60,60,10712.0,0,0
61,61,10710.0,2,0
62,62,10710.0,2,0
63,63,10709.0,3,0
64,64,10709.0,3,0
65,65,10709.0,3,0
66,66,10709.0,3,0
67,67,10709.0,3,0
68,68,10709.0,3,0
69,69,10709.0,3,0
70,70,10709.0,3,0
71,71,10709.0,3,0
72,72,10709.0,3,0
73,73,10709.0,3,0
74,74,10709.0,3,0
75,75,10709.0,3,0
76,76,10709.0,3,0
77,77,10709.0,3,0
78,78,10709.0,3,0
79,79,10709.0,3,0
80,80,10709.0,3,0
81,81,10709.0,3,0
82,82,10709.0,3,0
83,83,10709.0,3,0
84,84,10709.0,3,0
85,85,10709.0,3,0
86,86,10709.0,3,0
87,87,10709.0,3,0
88,88,10709.0,3,0
89,89,10709.0,3,0
90,90,10709.0,3,0
91,91,10709.0,3,0
92,92,10709.0,3,0
93,93,10709.0,3,0
94,94,10709.0,3,0
95,95,10709.0,3,0
96,96,10709.0,3,0
97,97,10709.0,3,0
98,98,10709.0,3,0
99,99,10709.0,3,0
100,100,10709.0,3,0
101,101,10709.0,3,0
102,102,10709.0,3,0
103,103,10709.0,3,0
104,104,10709.0,3,0
105,105,10709.0,3,0
106,106,10709.0,3,0
107,107,10709.0,3,0
108,108,10709.0,3,0
109,109,10709.0,3,0
110,110,10709.0,3,0
111,111,10709.0,3,0
112,112,10709.0,3,0
113,113,10709.0,3,0
114,114,10709.0,3,0
115,115,10709.0,3,0
116,116,10707.0,5,0
117,117,10707.0,5,0
118,118,10707.0,5,0
119,119,10707.0,5,0
120,120,10703.0,9,0
121,121,10702.0,10,0
122,122,10701.0,11,0
123,123,10700.0,12,0
124,124,10700.0,12,0
125,125,10699.0,13,0
126,126,10698.0,14,0
127,127,10697.0,15,0
128,128,10696.0,16,0
