,Days,S,I,D
0,0,16868.0,0,0
1,1,16868.0,0,0
2,2,16868.0,0,0
3,3,16868.0,0,0
4,4,16868.0,0,0
5,5,16868.0,0,0
6,6,16868.0,0,0
7,7,16868.0,0,0
8,8,16868.0,0,0
9,9,16868.0,0,0
10,10,16868.0,0,0
11,11,16868.0,0,0
12,12,16868.0,0,0
13,13,16868.0,0,0
14,14,16868.0,0,0
15,15,16868.0,0,0
16,16,16868.0,0,0
17,17,16868.0,0,0
18,18,16868.0,0,0
19,19,16868.0,0,0
20,20,16868.0,0,0
21,21,16868.0,0,0
22,22,16868.0,0,0
23,23,16868.0,0,0
24,24,16868.0,0,0
25,25,16868.0,0,0
26,26,16868.0,0,0
27,27,16868.0,0,0
28,28,16868.0,0,0
29,29,16868.0,0,0
30,30,16868.0,0,0
31,31,16868.0,0,0
32,32,16868.0,0,0
33,33,16868.0,0,0
34,34,16868.0,0,0
35,35,16868.0,0,0
36,36,16868.0,0,0
37,37,16868.0,0,0
38,38,16868.0,0,0
39,39,16868.0,0,0
40,40,16868.0,0,0
41,41,16868.0,0,0
42,42,16868.0,0,0
43,43,16868.0,0,0
44,44,16868.0,0,0
45,45,16868.0,0,0
46,46,16868.0,0,0
47,47,16868.0,0,0
48,48,16868.0,0,0
49,49,16868.0,0,0
50,50,16868.0,0,0
51,51,16868.0,0,0
52,52,16868.0,0,0
53,53,16868.0,0,0
54,54,16868.0,0,0
55,55,16868.0,0,0
56,56,16868.0,0,0
57,57,16868.0,0,0
58,58,16868.0,0,0
59,59,16868.0,0,0
60,60,16868.0,0,0
61,61,16868.0,0,0
62,62,16868.0,0,0
63,63,16868.0,0,0
64,64,16868.0,0,0
65,65,16867.0,1,0
66,66,16867.0,1,0
67,67,16867.0,1,0
68,68,16867.0,1,0
69,69,16867.0,1,0
70,70,16867.0,1,0
71,71,16867.0,1,0
72,72,16867.0,1,0
73,73,16867.0,1,0
74,74,16867.0,1,0
75,75,16867.0,1,0
76,76,16867.0,1,0
77,77,16867.0,1,0
78,78,16867.0,1,0
79,79,16867.0,1,0
80,80,16867.0,1,0
81,81,16867.0,1,0
82,82,16866.0,2,0
83,83,16866.0,2,0
84,84,16867.0,1,0
85,85,16867.0,1,0
86,86,16867.0,1,0
87,87,16866.0,2,0
88,88,16866.0,2,0
89,89,16865.0,3,0
90,90,16864.0,4,0
91,91,16864.0,4,0
92,92,16864.0,4,0
93,93,16864.0,4,0
94,94,16863.0,5,0
95,95,16862.0,6,0
96,96,16861.0,7,0
97,97,16861.0,7,0
98,98,16861.0,7,0
99,99,16860.0,8,0
100,100,16859.0,9,0
101,101,16859.0,9,0
102,102,16859.0,9,0
103,103,16859.0,9,0
104,104,16859.0,9,0
105,105,16859.0,9,0
106,106,16857.0,11,0
107,107,16857.0,11,0
108,108,16857.0,11,0
109,109,16857.0,11,0
110,110,16857.0,11,0
111,111,16857.0,11,0
112,112,16856.0,12,0
113,113,16857.0,11,0
114,114,16857.0,11,0
115,115,16856.0,12,0
116,116,16856.0,12,0
117,117,16856.0,12,0
118,118,16856.0,12,0
119,119,16856.0,12,0
120,120,16855.0,13,0
121,121,16855.0,13,0
122,122,16855.0,13,0
123,123,16855.0,13,0
124,124,16855.0,13,0
125,125,16855.0,13,0
126,126,16853.0,15,0
127,127,16852.0,16,0
128,128,16852.0,16,0
