,Days,S,I,D
0,0,14134.0,0,0
1,1,14134.0,0,0
2,2,14134.0,0,0
3,3,14134.0,0,0
4,4,14134.0,0,0
5,5,14134.0,0,0
6,6,14134.0,0,0
7,7,14134.0,0,0
8,8,14134.0,0,0
9,9,14134.0,0,0
10,10,14134.0,0,0
11,11,14134.0,0,0
12,12,14134.0,0,0
13,13,14134.0,0,0
14,14,14134.0,0,0
15,15,14134.0,0,0
16,16,14134.0,0,0
17,17,14134.0,0,0
18,18,14134.0,0,0
19,19,14134.0,0,0
20,20,14134.0,0,0
21,21,14134.0,0,0
22,22,14134.0,0,0
23,23,14134.0,0,0
24,24,14134.0,0,0
25,25,14134.0,0,0
26,26,14134.0,0,0
27,27,14134.0,0,0
28,28,14134.0,0,0
29,29,14134.0,0,0
30,30,14134.0,0,0
31,31,14134.0,0,0
32,32,14134.0,0,0
33,33,14134.0,0,0
34,34,14134.0,0,0
35,35,14134.0,0,0
36,36,14134.0,0,0
37,37,14134.0,0,0
38,38,14134.0,0,0
39,39,14134.0,0,0
40,40,14134.0,0,0
41,41,14134.0,0,0
42,42,14134.0,0,0
43,43,14134.0,0,0
44,44,14134.0,0,0
45,45,14134.0,0,0
46,46,14134.0,0,0
47,47,14134.0,0,0
48,48,14134.0,0,0
49,49,14134.0,0,0
50,50,14134.0,0,0
51,51,14133.0,1,0
52,52,14133.0,1,0
53,53,14133.0,1,0
54,54,14133.0,1,0
55,55,14133.0,1,0
56,56,14133.0,1,0
57,57,14133.0,1,0
58,58,14133.0,1,0
59,59,14133.0,1,0
60,60,14131.0,3,0
61,61,14131.0,3,0
62,62,14131.0,3,0
63,63,14131.0,3,0
64,64,14131.0,3,0
65,65,14127.0,7,0
66,66,14126.0,8,0
67,67,14126.0,8,0
68,68,14126.0,8,0
69,69,14125.0,9,0
70,70,14124.0,10,0
71,71,14124.0,10,0
72,72,14124.0,10,0
73,73,14124.0,10,0
74,74,14124.0,10,0
75,75,14124.0,10,0
76,76,14124.0,10,0
77,77,14123.0,11,0
78,78,14123.0,11,0
79,79,14122.0,12,0
80,80,14122.0,12,0
81,81,14122.0,12,0
82,82,14122.0,12,0
83,83,14122.0,12,0
84,84,14122.0,12,0
85,85,14122.0,12,0
86,86,14122.0,12,0
87,87,14122.0,12,0
88,88,14121.0,13,0
89,89,14120.0,14,0
90,90,14120.0,14,0
91,91,14119.0,15,0
92,92,14119.0,15,0
93,93,14119.0,15,0
94,94,14119.0,15,0
95,95,14119.0,15,0
96,96,14119.0,15,0
97,97,14119.0,15,0
98,98,14118.0,16,0
99,99,14118.0,16,0
100,100,14118.0,16,0
101,101,14118.0,16,0
102,102,14118.0,16,0
103,103,14118.0,16,0
104,104,14117.0,17,0
105,105,14117.0,17,0
106,106,14117.0,17,0
107,107,14117.0,17,0
108,108,14117.0,17,0
109,109,14117.0,17,0
110,110,14117.0,17,0
111,111,14117.0,17,0
112,112,14117.0,17,0
113,113,14117.0,17,0
114,114,14117.0,17,0
115,115,14117.0,17,0
116,116,14117.0,17,0
117,117,14116.0,18,0
118,118,14116.0,18,0
119,119,14116.0,18,0
120,120,14116.0,18,0
121,121,14116.0,18,0
122,122,14116.0,18,0
123,123,14116.0,18,0
124,124,14115.0,19,0
125,125,14115.0,19,0
126,126,14115.0,19,0
127,127,14115.0,19,0
128,128,14113.0,21,0
