,Days,S,I,D
0,0,9547.0,0,0
1,1,9547.0,0,0
2,2,9547.0,0,0
3,3,9547.0,0,0
4,4,9547.0,0,0
5,5,9547.0,0,0
6,6,9547.0,0,0
7,7,9547.0,0,0
8,8,9547.0,0,0
9,9,9547.0,0,0
10,10,9547.0,0,0
11,11,9547.0,0,0
12,12,9547.0,0,0
13,13,9547.0,0,0
14,14,9547.0,0,0
15,15,9547.0,0,0
16,16,9547.0,0,0
17,17,9547.0,0,0
18,18,9547.0,0,0
19,19,9547.0,0,0
20,20,9547.0,0,0
21,21,9547.0,0,0
22,22,9547.0,0,0
23,23,9547.0,0,0
24,24,9547.0,0,0
25,25,9547.0,0,0
26,26,9547.0,0,0
27,27,9547.0,0,0
28,28,9547.0,0,0
29,29,9547.0,0,0
30,30,9547.0,0,0
31,31,9547.0,0,0
32,32,9547.0,0,0
33,33,9547.0,0,0
34,34,9547.0,0,0
35,35,9547.0,0,0
36,36,9547.0,0,0
37,37,9547.0,0,0
38,38,9547.0,0,0
39,39,9547.0,0,0
40,40,9547.0,0,0
41,41,9547.0,0,0
42,42,9547.0,0,0
43,43,9547.0,0,0
44,44,9547.0,0,0
45,45,9547.0,0,0
46,46,9547.0,0,0
47,47,9547.0,0,0
48,48,9547.0,0,0
49,49,9547.0,0,0
50,50,9547.0,0,0
51,51,9547.0,0,0
52,52,9547.0,0,0
53,53,9547.0,0,0
54,54,9547.0,0,0
55,55,9547.0,0,0
56,56,9547.0,0,0
57,57,9547.0,0,0
58,58,9547.0,0,0
59,59,9547.0,0,0
60,60,9547.0,0,0
61,61,9547.0,0,0
62,62,9547.0,0,0
63,63,9547.0,0,0
64,64,9547.0,0,0
65,65,9547.0,0,0
66,66,9547.0,0,0
67,67,9547.0,0,0
68,68,9547.0,0,0
69,69,9547.0,0,0
70,70,9547.0,0,0
71,71,9547.0,0,0
72,72,9547.0,0,0
73,73,9547.0,0,0
74,74,9547.0,0,0
75,75,9547.0,0,0
76,76,9547.0,0,0
77,77,9547.0,0,0
78,78,9547.0,0,0
79,79,9547.0,0,0
80,80,9547.0,0,0
81,81,9547.0,0,0
82,82,9547.0,0,0
83,83,9547.0,0,0
84,84,9547.0,0,0
85,85,9547.0,0,0
86,86,9547.0,0,0
87,87,9547.0,0,0
88,88,9547.0,0,0
89,89,9547.0,0,0
90,90,9546.0,1,0
91,91,9545.0,2,0
92,92,9545.0,2,0
93,93,9543.0,4,0
94,94,9543.0,4,0
95,95,9543.0,4,0
96,96,9543.0,4,0
97,97,9543.0,4,0
98,98,9543.0,4,0
99,99,9543.0,4,0
100,100,9543.0,4,0
101,101,9543.0,4,0
102,102,9543.0,4,0
103,103,9543.0,4,0
104,104,9543.0,4,0
105,105,9543.0,4,0
106,106,9541.0,6,0
107,107,9541.0,6,0
108,108,9541.0,6,0
109,109,9540.0,7,0
110,110,9540.0,7,0
111,111,9540.0,7,0
112,112,9540.0,7,0
113,113,9540.0,7,0
114,114,9540.0,7,0
115,115,9540.0,7,0
116,116,9540.0,7,0
117,117,9540.0,7,0
118,118,9540.0,7,0
119,119,9540.0,7,0
120,120,9540.0,7,0
121,121,9537.0,10,0
122,122,9537.0,10,0
123,123,9534.0,13,0
124,124,9534.0,13,0
125,125,9534.0,13,0
126,126,9534.0,13,0
127,127,9532.0,15,0
128,128,9531.0,16,0
