,Days,S,I,D
0,0,6841.0,0,0
1,1,6841.0,0,0
2,2,6841.0,0,0
3,3,6841.0,0,0
4,4,6841.0,0,0
5,5,6841.0,0,0
6,6,6841.0,0,0
7,7,6841.0,0,0
8,8,6841.0,0,0
9,9,6841.0,0,0
10,10,6841.0,0,0
11,11,6841.0,0,0
12,12,6841.0,0,0
13,13,6841.0,0,0
14,14,6841.0,0,0
15,15,6841.0,0,0
16,16,6841.0,0,0
17,17,6841.0,0,0
18,18,6841.0,0,0
19,19,6841.0,0,0
20,20,6841.0,0,0
21,21,6841.0,0,0
22,22,6841.0,0,0
23,23,6841.0,0,0
24,24,6841.0,0,0
25,25,6841.0,0,0
26,26,6841.0,0,0
27,27,6841.0,0,0
28,28,6841.0,0,0
29,29,6841.0,0,0
30,30,6841.0,0,0
31,31,6841.0,0,0
32,32,6841.0,0,0
33,33,6841.0,0,0
34,34,6841.0,0,0
35,35,6841.0,0,0
36,36,6841.0,0,0
37,37,6841.0,0,0
38,38,6841.0,0,0
39,39,6841.0,0,0
40,40,6841.0,0,0
41,41,6841.0,0,0
42,42,6841.0,0,0
43,43,6841.0,0,0
44,44,6841.0,0,0
45,45,6841.0,0,0
46,46,6841.0,0,0
47,47,6841.0,0,0
48,48,6841.0,0,0
49,49,6841.0,0,0
50,50,6841.0,0,0
51,51,6841.0,0,0
52,52,6841.0,0,0
53,53,6841.0,0,0
54,54,6841.0,0,0
55,55,6841.0,0,0
56,56,6841.0,0,0
57,57,6841.0,0,0
58,58,6841.0,0,0
59,59,6841.0,0,0
60,60,6841.0,0,0
61,61,6841.0,0,0
62,62,6841.0,0,0
63,63,6841.0,0,0
64,64,6841.0,0,0
65,65,6841.0,0,0
66,66,6841.0,0,0
67,67,6841.0,0,0
68,68,6841.0,0,0
69,69,6841.0,0,0
70,70,6841.0,0,0
71,71,6841.0,0,0
72,72,6841.0,0,0
73,73,6841.0,0,0
74,74,6841.0,0,0
75,75,6841.0,0,0
76,76,6841.0,0,0
77,77,6841.0,0,0
78,78,6841.0,0,0
79,79,6841.0,0,0
80,80,6841.0,0,0
81,81,6841.0,0,0
82,82,6841.0,0,0
83,83,6841.0,0,0
84,84,6841.0,0,0
85,85,6841.0,0,0
86,86,6841.0,0,0
87,87,6841.0,0,0
88,88,6841.0,0,0
89,89,6841.0,0,0
90,90,6841.0,0,0
91,91,6841.0,0,0
92,92,6841.0,0,0
93,93,6841.0,0,0
94,94,6841.0,0,0
95,95,6841.0,0,0
96,96,6841.0,0,0
97,97,6841.0,0,0
98,98,6841.0,0,0
99,99,6841.0,0,0
100,100,6841.0,0,0
101,101,6841.0,0,0
102,102,6841.0,0,0
103,103,6841.0,0,0
104,104,6841.0,0,0
105,105,6841.0,0,0
106,106,6841.0,0,0
107,107,6841.0,0,0
108,108,6841.0,0,0
109,109,6841.0,0,0
110,110,6841.0,0,0
111,111,6840.0,1,0
112,112,6839.0,2,0
113,113,6839.0,2,0
114,114,6838.0,3,0
115,115,6838.0,3,0
116,116,6838.0,3,0
117,117,6834.0,7,0
118,118,6833.0,8,0
119,119,6833.0,8,0
120,120,6833.0,8,0
121,121,6833.0,8,0
122,122,6833.0,8,0
123,123,6831.0,10,0
124,124,6828.0,13,0
125,125,6828.0,13,0
126,126,6827.0,14,0
127,127,6827.0,14,0
128,128,6827.0,14,0
