,Days,S,I,D
0,0,19432.0,0,0
1,1,19432.0,0,0
2,2,19432.0,0,0
3,3,19432.0,0,0
4,4,19432.0,0,0
5,5,19432.0,0,0
6,6,19432.0,0,0
7,7,19432.0,0,0
8,8,19432.0,0,0
9,9,19432.0,0,0
10,10,19432.0,0,0
11,11,19432.0,0,0
12,12,19432.0,0,0
13,13,19432.0,0,0
14,14,19432.0,0,0
15,15,19432.0,0,0
16,16,19432.0,0,0
17,17,19432.0,0,0
18,18,19432.0,0,0
19,19,19432.0,0,0
20,20,19432.0,0,0
21,21,19432.0,0,0
22,22,19432.0,0,0
23,23,19432.0,0,0
24,24,19432.0,0,0
25,25,19432.0,0,0
26,26,19432.0,0,0
27,27,19432.0,0,0
28,28,19432.0,0,0
29,29,19432.0,0,0
30,30,19432.0,0,0
31,31,19432.0,0,0
32,32,19432.0,0,0
33,33,19432.0,0,0
34,34,19432.0,0,0
35,35,19432.0,0,0
36,36,19432.0,0,0
37,37,19432.0,0,0
38,38,19432.0,0,0
39,39,19432.0,0,0
40,40,19432.0,0,0
41,41,19432.0,0,0
42,42,19432.0,0,0
43,43,19432.0,0,0
44,44,19432.0,0,0
45,45,19432.0,0,0
46,46,19432.0,0,0
47,47,19432.0,0,0
48,48,19432.0,0,0
49,49,19432.0,0,0
50,50,19432.0,0,0
51,51,19432.0,0,0
52,52,19432.0,0,0
53,53,19432.0,0,0
54,54,19432.0,0,0
55,55,19432.0,0,0
56,56,19432.0,0,0
57,57,19432.0,0,0
58,58,19432.0,0,0
59,59,19432.0,0,0
60,60,19432.0,0,0
61,61,19432.0,0,0
62,62,19432.0,0,0
63,63,19432.0,0,0
64,64,19432.0,0,0
65,65,19432.0,0,0
66,66,19432.0,0,0
67,67,19432.0,0,0
68,68,19431.0,1,0
69,69,19431.0,1,0
70,70,19431.0,1,0
71,71,19431.0,1,0
72,72,19430.0,2,0
73,73,19429.0,3,0
74,74,19429.0,3,0
75,75,19428.0,4,0
76,76,19428.0,4,0
77,77,19428.0,4,0
78,78,19428.0,4,0
79,79,19428.0,4,0
80,80,19428.0,4,0
81,81,19428.0,4,0
82,82,19428.0,4,0
83,83,19428.0,4,0
84,84,19428.0,4,0
85,85,19428.0,4,0
86,86,19428.0,4,0
87,87,19428.0,4,0
88,88,19428.0,4,0
89,89,19427.0,5,0
90,90,19427.0,5,0
91,91,19427.0,5,0
92,92,19427.0,5,0
93,93,19427.0,5,0
94,94,19427.0,5,0
95,95,19427.0,5,0
96,96,19427.0,5,0
97,97,19427.0,5,0
98,98,19427.0,5,0
99,99,19427.0,5,0
100,100,19427.0,5,0
101,101,19427.0,5,0
102,102,19427.0,5,0
103,103,19427.0,5,0
104,104,19427.0,5,0
105,105,19427.0,5,0
106,106,19425.0,7,0
107,107,19425.0,7,0
108,108,19425.0,7,0
109,109,19425.0,7,0
110,110,19425.0,7,0
111,111,19425.0,7,0
112,112,19425.0,7,0
113,113,19425.0,7,0
114,114,19424.0,8,0
115,115,19424.0,8,0
116,116,19424.0,8,0
117,117,19424.0,8,0
118,118,19424.0,8,0
119,119,19424.0,8,0
120,120,19424.0,8,0
121,121,19424.0,8,0
122,122,19421.0,11,0
123,123,19421.0,11,0
124,124,19421.0,11,0
125,125,19421.0,11,0
126,126,19421.0,11,0
127,127,19421.0,11,0
128,128,19420.0,12,0
