,Days,S,I,D
0,0,20744.0,0,0
1,1,20744.0,0,0
2,2,20744.0,0,0
3,3,20744.0,0,0
4,4,20744.0,0,0
5,5,20744.0,0,0
6,6,20744.0,0,0
7,7,20744.0,0,0
8,8,20744.0,0,0
9,9,20744.0,0,0
10,10,20744.0,0,0
11,11,20744.0,0,0
12,12,20744.0,0,0
13,13,20744.0,0,0
14,14,20744.0,0,0
15,15,20744.0,0,0
16,16,20744.0,0,0
17,17,20744.0,0,0
18,18,20744.0,0,0
19,19,20744.0,0,0
20,20,20744.0,0,0
21,21,20744.0,0,0
22,22,20744.0,0,0
23,23,20744.0,0,0
24,24,20744.0,0,0
25,25,20744.0,0,0
26,26,20744.0,0,0
27,27,20744.0,0,0
28,28,20744.0,0,0
29,29,20744.0,0,0
30,30,20744.0,0,0
31,31,20744.0,0,0
32,32,20744.0,0,0
33,33,20744.0,0,0
34,34,20744.0,0,0
35,35,20744.0,0,0
36,36,20744.0,0,0
37,37,20744.0,0,0
38,38,20744.0,0,0
39,39,20744.0,0,0
40,40,20744.0,0,0
41,41,20744.0,0,0
42,42,20744.0,0,0
43,43,20744.0,0,0
44,44,20744.0,0,0
45,45,20744.0,0,0
46,46,20744.0,0,0
47,47,20744.0,0,0
48,48,20744.0,0,0
49,49,20744.0,0,0
50,50,20744.0,0,0
51,51,20744.0,0,0
52,52,20744.0,0,0
53,53,20744.0,0,0
54,54,20744.0,0,0
55,55,20744.0,0,0
56,56,20744.0,0,0
57,57,20744.0,0,0
58,58,20744.0,0,0
59,59,20744.0,0,0
60,60,20744.0,0,0
61,61,20744.0,0,0
62,62,20744.0,0,0
63,63,20744.0,0,0
64,64,20744.0,0,0
65,65,20744.0,0,0
66,66,20744.0,0,0
67,67,20744.0,0,0
68,68,20743.0,1,0
69,69,20740.0,4,0
70,70,20740.0,4,0
71,71,20739.0,5,0
72,72,20739.0,5,0
73,73,20739.0,5,0
74,74,20738.0,6,0
75,75,20738.0,6,0
76,76,20738.0,6,0
77,77,20738.0,6,0
78,78,20736.0,8,0
79,79,20736.0,8,0
80,80,20736.0,8,0
81,81,20736.0,8,0
82,82,20734.0,10,0
83,83,20733.0,11,0
84,84,20733.0,11,0
85,85,20732.0,12,0
86,86,20731.0,13,0
87,87,20730.0,14,0
88,88,20730.0,14,0
89,89,20729.0,15,0
90,90,20728.0,16,0
91,91,20727.0,17,0
92,92,20726.0,18,0
93,93,20726.0,18,0
94,94,20726.0,18,0
95,95,20726.0,18,0
96,96,20725.0,19,0
97,97,20725.0,19,0
98,98,20724.0,20,0
99,99,20723.0,21,0
100,100,20722.0,22,0
101,101,20720.0,24,0
102,102,20720.0,24,0
103,103,20720.0,24,0
104,104,20719.0,25,0
105,105,20719.0,25,0
106,106,20714.0,30,0
107,107,20713.0,31,0
108,108,20713.0,31,0
109,109,20713.0,31,0
110,110,20710.0,34,0
111,111,20710.0,34,0
112,112,20710.0,34,0
113,113,20709.0,35,0
114,114,20708.0,36,0
115,115,20708.0,36,0
116,116,20708.0,36,0
117,117,20708.0,36,0
118,118,20708.0,36,0
119,119,20708.0,36,0
120,120,20708.0,36,0
121,121,20708.0,36,0
122,122,20708.0,36,0
123,123,20708.0,36,0
124,124,20708.0,36,0
125,125,20708.0,36,0
126,126,20708.0,36,0
127,127,20708.0,36,0
128,128,20708.0,36,0
