,Days,S,I,D
0,0,10225.0,0,0
1,1,10225.0,0,0
2,2,10225.0,0,0
3,3,10225.0,0,0
4,4,10225.0,0,0
5,5,10225.0,0,0
6,6,10225.0,0,0
7,7,10225.0,0,0
8,8,10225.0,0,0
9,9,10225.0,0,0
10,10,10225.0,0,0
11,11,10225.0,0,0
12,12,10225.0,0,0
13,13,10225.0,0,0
14,14,10225.0,0,0
15,15,10225.0,0,0
16,16,10225.0,0,0
17,17,10225.0,0,0
18,18,10225.0,0,0
19,19,10225.0,0,0
20,20,10225.0,0,0
21,21,10225.0,0,0
22,22,10225.0,0,0
23,23,10225.0,0,0
24,24,10225.0,0,0
25,25,10225.0,0,0
26,26,10225.0,0,0
27,27,10225.0,0,0
28,28,10225.0,0,0
29,29,10225.0,0,0
30,30,10225.0,0,0
31,31,10225.0,0,0
32,32,10225.0,0,0
33,33,10225.0,0,0
34,34,10225.0,0,0
35,35,10225.0,0,0
36,36,10225.0,0,0
37,37,10225.0,0,0
38,38,10225.0,0,0
39,39,10225.0,0,0
40,40,10225.0,0,0
41,41,10225.0,0,0
42,42,10225.0,0,0
43,43,10225.0,0,0
44,44,10225.0,0,0
45,45,10225.0,0,0
46,46,10225.0,0,0
47,47,10225.0,0,0
48,48,10225.0,0,0
49,49,10225.0,0,0
50,50,10225.0,0,0
51,51,10225.0,0,0
52,52,10225.0,0,0
53,53,10225.0,0,0
54,54,10225.0,0,0
55,55,10225.0,0,0
56,56,10225.0,0,0
57,57,10225.0,0,0
58,58,10225.0,0,0
59,59,10225.0,0,0
60,60,10225.0,0,0
61,61,10225.0,0,0
62,62,10225.0,0,0
63,63,10225.0,0,0
64,64,10225.0,0,0
65,65,10225.0,0,0
66,66,10224.0,1,0
67,67,10224.0,1,0
68,68,10224.0,1,0
69,69,10224.0,1,0
70,70,10224.0,1,0
71,71,10224.0,1,0
72,72,10224.0,1,0
73,73,10223.0,2,0
74,74,10223.0,2,0
75,75,10223.0,2,0
76,76,10223.0,2,0
77,77,10223.0,2,0
78,78,10223.0,2,0
79,79,10223.0,2,0
80,80,10223.0,2,0
81,81,10223.0,2,0
82,82,10223.0,2,0
83,83,10223.0,2,0
84,84,10223.0,2,0
85,85,10223.0,2,0
86,86,10223.0,2,0
87,87,10223.0,2,0
88,88,10223.0,2,0
89,89,10223.0,2,0
90,90,10223.0,2,0
91,91,10223.0,2,0
92,92,10223.0,2,0
93,93,10223.0,2,0
94,94,10223.0,2,0
95,95,10223.0,2,0
96,96,10223.0,2,0
97,97,10223.0,2,0
98,98,10223.0,2,0
99,99,10223.0,2,0
100,100,10222.0,3,0
101,101,10222.0,3,0
102,102,10222.0,3,0
103,103,10222.0,3,0
104,104,10222.0,3,0
105,105,10222.0,3,0
106,106,10219.0,6,0
107,107,10218.0,7,0
108,108,10218.0,7,0
109,109,10218.0,7,0
110,110,10216.0,9,0
111,111,10216.0,9,0
112,112,10216.0,9,0
113,113,10216.0,9,0
114,114,10216.0,9,0
115,115,10215.0,10,0
116,116,10214.0,11,0
117,117,10214.0,11,0
118,118,10213.0,12,0
119,119,10212.0,13,0
120,120,10212.0,13,0
121,121,10212.0,13,0
122,122,10212.0,13,0
123,123,10212.0,13,0
124,124,10211.0,14,0
125,125,10211.0,14,0
126,126,10211.0,14,0
127,127,10211.0,14,0
128,128,10211.0,14,0
