,Days,S,I,D
0,0,15000.0,0,0
1,1,15000.0,0,0
2,2,15000.0,0,0
3,3,15000.0,0,0
4,4,15000.0,0,0
5,5,15000.0,0,0
6,6,15000.0,0,0
7,7,15000.0,0,0
8,8,15000.0,0,0
9,9,15000.0,0,0
10,10,15000.0,0,0
11,11,15000.0,0,0
12,12,15000.0,0,0
13,13,15000.0,0,0
14,14,15000.0,0,0
15,15,15000.0,0,0
16,16,15000.0,0,0
17,17,15000.0,0,0
18,18,15000.0,0,0
19,19,15000.0,0,0
20,20,15000.0,0,0
21,21,15000.0,0,0
22,22,15000.0,0,0
23,23,15000.0,0,0
24,24,15000.0,0,0
25,25,15000.0,0,0
26,26,15000.0,0,0
27,27,15000.0,0,0
28,28,15000.0,0,0
29,29,15000.0,0,0
30,30,15000.0,0,0
31,31,15000.0,0,0
32,32,15000.0,0,0
33,33,15000.0,0,0
34,34,15000.0,0,0
35,35,15000.0,0,0
36,36,15000.0,0,0
37,37,15000.0,0,0
38,38,15000.0,0,0
39,39,15000.0,0,0
40,40,15000.0,0,0
41,41,15000.0,0,0
42,42,15000.0,0,0
43,43,15000.0,0,0
44,44,15000.0,0,0
45,45,15000.0,0,0
46,46,15000.0,0,0
47,47,15000.0,0,0
48,48,15000.0,0,0
49,49,15000.0,0,0
50,50,15000.0,0,0
51,51,15000.0,0,0
52,52,15000.0,0,0
53,53,15000.0,0,0
54,54,15000.0,0,0
55,55,15000.0,0,0
56,56,15000.0,0,0
57,57,15000.0,0,0
58,58,15000.0,0,0
59,59,15000.0,0,0
60,60,15000.0,0,0
61,61,15000.0,0,0
62,62,15000.0,0,0
63,63,15000.0,0,0
64,64,15000.0,0,0
65,65,15000.0,0,0
66,66,15000.0,0,0
67,67,15000.0,0,0
68,68,15000.0,0,0
69,69,15000.0,0,0
70,70,15000.0,0,0
71,71,14999.0,1,0
72,72,14999.0,1,0
73,73,14999.0,1,0
74,74,14999.0,1,0
75,75,14999.0,1,0
76,76,14998.0,2,0
77,77,14997.0,3,0
78,78,14997.0,3,0
79,79,14997.0,3,0
80,80,14996.0,4,0
81,81,14996.0,4,0
82,82,14996.0,4,0
83,83,14996.0,4,0
84,84,14996.0,4,0
85,85,14996.0,4,0
86,86,14995.0,5,0
87,87,14995.0,5,0
88,88,14995.0,5,0
89,89,14995.0,5,0
90,90,14995.0,5,0
91,91,14995.0,5,0
92,92,14995.0,5,0
93,93,14995.0,5,0
94,94,14995.0,5,0
95,95,14995.0,5,0
96,96,14995.0,5,0
97,97,14995.0,5,0
98,98,14995.0,5,0
99,99,14995.0,5,0
100,100,14995.0,5,0
101,101,14995.0,5,0
102,102,14995.0,5,0
103,103,14995.0,5,0
104,104,14995.0,5,0
105,105,14995.0,5,0
106,106,14995.0,5,0
107,107,14995.0,5,0
108,108,14995.0,5,0
109,109,14995.0,5,0
110,110,14995.0,5,0
111,111,14995.0,5,0
112,112,14995.0,5,0
113,113,14995.0,5,0
114,114,14995.0,5,0
115,115,14993.0,7,0
116,116,14993.0,7,0
117,117,14993.0,7,0
118,118,14993.0,7,0
119,119,14993.0,7,0
120,120,14993.0,7,0
121,121,14992.0,8,0
122,122,14992.0,8,0
123,123,14992.0,8,0
124,124,14992.0,8,0
125,125,14992.0,8,0
126,126,14992.0,8,0
127,127,14991.0,9,0
128,128,14988.0,12,0
