,Days,S,I,D
0,0,21199.0,0,0
1,1,21199.0,0,0
2,2,21199.0,0,0
3,3,21199.0,0,0
4,4,21199.0,0,0
5,5,21199.0,0,0
6,6,21199.0,0,0
7,7,21199.0,0,0
8,8,21199.0,0,0
9,9,21199.0,0,0
10,10,21199.0,0,0
11,11,21199.0,0,0
12,12,21199.0,0,0
13,13,21199.0,0,0
14,14,21199.0,0,0
15,15,21199.0,0,0
16,16,21199.0,0,0
17,17,21199.0,0,0
18,18,21199.0,0,0
19,19,21199.0,0,0
20,20,21199.0,0,0
21,21,21199.0,0,0
22,22,21199.0,0,0
23,23,21199.0,0,0
24,24,21199.0,0,0
25,25,21199.0,0,0
26,26,21199.0,0,0
27,27,21199.0,0,0
28,28,21199.0,0,0
29,29,21199.0,0,0
30,30,21199.0,0,0
31,31,21199.0,0,0
32,32,21199.0,0,0
33,33,21199.0,0,0
34,34,21199.0,0,0
35,35,21199.0,0,0
36,36,21199.0,0,0
37,37,21199.0,0,0
38,38,21199.0,0,0
39,39,21199.0,0,0
40,40,21199.0,0,0
41,41,21199.0,0,0
42,42,21199.0,0,0
43,43,21199.0,0,0
44,44,21199.0,0,0
45,45,21199.0,0,0
46,46,21199.0,0,0
47,47,21199.0,0,0
48,48,21199.0,0,0
49,49,21199.0,0,0
50,50,21199.0,0,0
51,51,21199.0,0,0
52,52,21199.0,0,0
53,53,21199.0,0,0
54,54,21199.0,0,0
55,55,21199.0,0,0
56,56,21199.0,0,0
57,57,21199.0,0,0
58,58,21199.0,0,0
59,59,21199.0,0,0
60,60,21199.0,0,0
61,61,21199.0,0,0
62,62,21199.0,0,0
63,63,21198.0,1,0
64,64,21198.0,1,0
65,65,21198.0,1,0
66,66,21197.0,2,0
67,67,21197.0,2,0
68,68,21197.0,2,0
69,69,21197.0,2,0
70,70,21197.0,2,0
71,71,21196.0,3,0
72,72,21196.0,3,0
73,73,21196.0,3,0
74,74,21194.0,5,0
75,75,21194.0,5,0
76,76,21194.0,5,0
77,77,21194.0,5,0
78,78,21193.0,6,0
79,79,21193.0,6,0
80,80,21193.0,6,0
81,81,21192.0,7,0
82,82,21191.0,8,0
83,83,21191.0,8,0
84,84,21191.0,8,0
85,85,21191.0,8,0
86,86,21191.0,8,0
87,87,21191.0,8,0
88,88,21191.0,8,0
89,89,21188.0,11,0
90,90,21188.0,11,0
91,91,21188.0,11,0
92,92,21188.0,11,0
93,93,21187.0,12,0
94,94,21187.0,12,0
95,95,21187.0,12,0
96,96,21187.0,12,0
97,97,21185.0,14,0
98,98,21183.0,16,0
99,99,21182.0,17,0
100,100,21181.0,18,0
101,101,21180.0,19,0
102,102,21179.0,20,0
103,103,21179.0,20,0
104,104,21177.0,22,0
105,105,21177.0,22,0
106,106,21177.0,22,0
107,107,21176.0,23,0
108,108,21176.0,23,0
109,109,21176.0,23,0
110,110,21176.0,23,0
111,111,21176.0,23,0
112,112,21175.0,24,0
113,113,21175.0,24,0
114,114,21173.0,26,0
115,115,21173.0,26,0
116,116,21173.0,26,0
117,117,21173.0,26,0
118,118,21173.0,26,0
119,119,21171.0,28,0
120,120,21169.0,30,0
121,121,21168.0,31,0
122,122,21168.0,31,0
123,123,21168.0,31,0
124,124,21168.0,31,0
125,125,21168.0,31,0
126,126,21168.0,31,0
127,127,21168.0,31,0
128,128,21167.0,32,0
