,Days,S,I,D
0,0,9699.0,0,0
1,1,9699.0,0,0
2,2,9699.0,0,0
3,3,9699.0,0,0
4,4,9699.0,0,0
5,5,9699.0,0,0
6,6,9699.0,0,0
7,7,9699.0,0,0
8,8,9699.0,0,0
9,9,9699.0,0,0
10,10,9699.0,0,0
11,11,9699.0,0,0
12,12,9699.0,0,0
13,13,9699.0,0,0
14,14,9699.0,0,0
15,15,9699.0,0,0
16,16,9699.0,0,0
17,17,9699.0,0,0
18,18,9699.0,0,0
19,19,9699.0,0,0
20,20,9699.0,0,0
21,21,9699.0,0,0
22,22,9699.0,0,0
23,23,9699.0,0,0
24,24,9699.0,0,0
25,25,9699.0,0,0
26,26,9699.0,0,0
27,27,9699.0,0,0
28,28,9699.0,0,0
29,29,9699.0,0,0
30,30,9699.0,0,0
31,31,9699.0,0,0
32,32,9699.0,0,0
33,33,9699.0,0,0
34,34,9699.0,0,0
35,35,9699.0,0,0
36,36,9699.0,0,0
37,37,9699.0,0,0
38,38,9699.0,0,0
39,39,9699.0,0,0
40,40,9699.0,0,0
41,41,9699.0,0,0
42,42,9699.0,0,0
43,43,9699.0,0,0
44,44,9699.0,0,0
45,45,9699.0,0,0
46,46,9699.0,0,0
47,47,9699.0,0,0
48,48,9699.0,0,0
49,49,9699.0,0,0
50,50,9699.0,0,0
51,51,9699.0,0,0
52,52,9699.0,0,0
53,53,9699.0,0,0
54,54,9699.0,0,0
55,55,9699.0,0,0
56,56,9699.0,0,0
57,57,9699.0,0,0
58,58,9699.0,0,0
59,59,9699.0,0,0
60,60,9699.0,0,0
61,61,9699.0,0,0
62,62,9699.0,0,0
63,63,9699.0,0,0
64,64,9699.0,0,0
65,65,9699.0,0,0
66,66,9699.0,0,0
67,67,9699.0,0,0
68,68,9699.0,0,0
69,69,9699.0,0,0
70,70,9699.0,0,0
71,71,9699.0,0,0
72,72,9699.0,0,0
73,73,9699.0,0,0
74,74,9699.0,0,0
75,75,9699.0,0,0
76,76,9699.0,0,0
77,77,9699.0,0,0
78,78,9699.0,0,0
79,79,9699.0,0,0
80,80,9699.0,0,0
81,81,9699.0,0,0
82,82,9699.0,0,0
83,83,9699.0,0,0
84,84,9699.0,0,0
85,85,9699.0,0,0
86,86,9699.0,0,0
87,87,9699.0,0,0
88,88,9699.0,0,0
89,89,9699.0,0,0
90,90,9699.0,0,0
91,91,9699.0,0,0
92,92,9699.0,0,0
93,93,9699.0,0,0
94,94,9699.0,0,0
95,95,9699.0,0,0
96,96,9699.0,0,0
97,97,9699.0,0,0
98,98,9699.0,0,0
99,99,9699.0,0,0
100,100,9698.0,1,0
101,101,9698.0,1,0
102,102,9698.0,1,0
103,103,9698.0,1,0
104,104,9698.0,1,0
105,105,9698.0,1,0
106,106,9698.0,1,0
107,107,9698.0,1,0
108,108,9698.0,1,0
109,109,9698.0,1,0
110,110,9698.0,1,0
111,111,9698.0,1,0
112,112,9698.0,1,0
113,113,9698.0,1,0
114,114,9698.0,1,0
115,115,9698.0,1,0
116,116,9698.0,1,0
117,117,9698.0,1,0
118,118,9697.0,2,0
119,119,9697.0,2,0
120,120,9697.0,2,0
121,121,9697.0,2,0
122,122,9697.0,2,0
123,123,9697.0,2,0
124,124,9697.0,2,0
125,125,9697.0,2,0
126,126,9697.0,2,0
127,127,9697.0,2,0
128,128,9697.0,2,0
