,Days,S,I,D
0,0,7890.0,0,0
1,1,7890.0,0,0
2,2,7890.0,0,0
3,3,7890.0,0,0
4,4,7890.0,0,0
5,5,7890.0,0,0
6,6,7890.0,0,0
7,7,7890.0,0,0
8,8,7890.0,0,0
9,9,7890.0,0,0
10,10,7890.0,0,0
11,11,7890.0,0,0
12,12,7890.0,0,0
13,13,7890.0,0,0
14,14,7890.0,0,0
15,15,7890.0,0,0
16,16,7890.0,0,0
17,17,7890.0,0,0
18,18,7890.0,0,0
19,19,7890.0,0,0
20,20,7890.0,0,0
21,21,7890.0,0,0
22,22,7890.0,0,0
23,23,7890.0,0,0
24,24,7890.0,0,0
25,25,7890.0,0,0
26,26,7890.0,0,0
27,27,7890.0,0,0
28,28,7890.0,0,0
29,29,7890.0,0,0
30,30,7890.0,0,0
31,31,7890.0,0,0
32,32,7890.0,0,0
33,33,7890.0,0,0
34,34,7890.0,0,0
35,35,7890.0,0,0
36,36,7890.0,0,0
37,37,7890.0,0,0
38,38,7890.0,0,0
39,39,7890.0,0,0
40,40,7890.0,0,0
41,41,7890.0,0,0
42,42,7890.0,0,0
43,43,7890.0,0,0
44,44,7890.0,0,0
45,45,7890.0,0,0
46,46,7890.0,0,0
47,47,7890.0,0,0
48,48,7890.0,0,0
49,49,7890.0,0,0
50,50,7890.0,0,0
51,51,7890.0,0,0
52,52,7890.0,0,0
53,53,7890.0,0,0
54,54,7890.0,0,0
55,55,7890.0,0,0
56,56,7890.0,0,0
57,57,7890.0,0,0
58,58,7890.0,0,0
59,59,7890.0,0,0
60,60,7890.0,0,0
61,61,7890.0,0,0
62,62,7890.0,0,0
63,63,7890.0,0,0
64,64,7890.0,0,0
65,65,7890.0,0,0
66,66,7890.0,0,0
67,67,7890.0,0,0
68,68,7890.0,0,0
69,69,7890.0,0,0
70,70,7890.0,0,0
71,71,7890.0,0,0
72,72,7890.0,0,0
73,73,7890.0,0,0
74,74,7890.0,0,0
75,75,7890.0,0,0
76,76,7890.0,0,0
77,77,7890.0,0,0
78,78,7890.0,0,0
79,79,7890.0,0,0
80,80,7890.0,0,0
81,81,7890.0,0,0
82,82,7890.0,0,0
83,83,7890.0,0,0
84,84,7890.0,0,0
85,85,7890.0,0,0
86,86,7890.0,0,0
87,87,7890.0,0,0
88,88,7890.0,0,0
89,89,7890.0,0,0
90,90,7890.0,0,0
91,91,7890.0,0,0
92,92,7890.0,0,0
93,93,7890.0,0,0
94,94,7890.0,0,0
95,95,7890.0,0,0
96,96,7890.0,0,0
97,97,7890.0,0,0
98,98,7890.0,0,0
99,99,7890.0,0,0
100,100,7890.0,0,0
101,101,7890.0,0,0
102,102,7890.0,0,0
103,103,7890.0,0,0
104,104,7890.0,0,0
105,105,7890.0,0,0
106,106,7890.0,0,0
107,107,7890.0,0,0
108,108,7890.0,0,0
109,109,7890.0,0,0
110,110,7890.0,0,0
111,111,7890.0,0,0
112,112,7890.0,0,0
113,113,7890.0,0,0
114,114,7890.0,0,0
115,115,7890.0,0,0
116,116,7890.0,0,0
117,117,7890.0,0,0
118,118,7890.0,0,0
119,119,7890.0,0,0
120,120,7890.0,0,0
121,121,7890.0,0,0
122,122,7890.0,0,0
123,123,7890.0,0,0
124,124,7890.0,0,0
125,125,7890.0,0,0
126,126,7890.0,0,0
127,127,7889.0,1,0
128,128,7889.0,1,0
