,Days,S,I,D
0,0,17153.0,0,0
1,1,17153.0,0,0
2,2,17153.0,0,0
3,3,17153.0,0,0
4,4,17153.0,0,0
5,5,17153.0,0,0
6,6,17153.0,0,0
7,7,17153.0,0,0
8,8,17153.0,0,0
9,9,17153.0,0,0
10,10,17153.0,0,0
11,11,17153.0,0,0
12,12,17153.0,0,0
13,13,17153.0,0,0
14,14,17153.0,0,0
15,15,17153.0,0,0
16,16,17153.0,0,0
17,17,17153.0,0,0
18,18,17153.0,0,0
19,19,17153.0,0,0
20,20,17153.0,0,0
21,21,17153.0,0,0
22,22,17153.0,0,0
23,23,17153.0,0,0
24,24,17153.0,0,0
25,25,17153.0,0,0
26,26,17153.0,0,0
27,27,17153.0,0,0
28,28,17153.0,0,0
29,29,17153.0,0,0
30,30,17153.0,0,0
31,31,17153.0,0,0
32,32,17153.0,0,0
33,33,17153.0,0,0
34,34,17153.0,0,0
35,35,17153.0,0,0
36,36,17153.0,0,0
37,37,17153.0,0,0
38,38,17153.0,0,0
39,39,17153.0,0,0
40,40,17153.0,0,0
41,41,17153.0,0,0
42,42,17153.0,0,0
43,43,17153.0,0,0
44,44,17153.0,0,0
45,45,17153.0,0,0
46,46,17153.0,0,0
47,47,17153.0,0,0
48,48,17153.0,0,0
49,49,17153.0,0,0
50,50,17153.0,0,0
51,51,17153.0,0,0
52,52,17153.0,0,0
53,53,17153.0,0,0
54,54,17153.0,0,0
55,55,17153.0,0,0
56,56,17153.0,0,0
57,57,17153.0,0,0
58,58,17153.0,0,0
59,59,17153.0,0,0
60,60,17153.0,0,0
61,61,17153.0,0,0
62,62,17153.0,0,0
63,63,17153.0,0,0
64,64,17153.0,0,0
65,65,17152.0,1,0
66,66,17152.0,1,0
67,67,17152.0,1,0
68,68,17152.0,1,0
69,69,17152.0,1,0
70,70,17152.0,1,0
71,71,17152.0,1,0
72,72,17152.0,1,0
73,73,17152.0,1,0
74,74,17152.0,1,0
75,75,17152.0,1,0
76,76,17152.0,1,0
77,77,17152.0,1,0
78,78,17152.0,1,0
79,79,17152.0,1,0
80,80,17152.0,1,0
81,81,17152.0,1,0
82,82,17152.0,1,0
83,83,17152.0,1,0
84,84,17152.0,1,0
85,85,17152.0,1,0
86,86,17152.0,1,0
87,87,17152.0,1,0
88,88,17152.0,1,0
89,89,17152.0,1,0
90,90,17151.0,2,0
91,91,17150.0,3,0
92,92,17150.0,3,0
93,93,17149.0,4,0
94,94,17148.0,5,0
95,95,17148.0,5,0
96,96,17148.0,5,0
97,97,17147.0,6,0
98,98,17147.0,6,0
99,99,17147.0,6,0
100,100,17147.0,6,0
101,101,17147.0,6,0
102,102,17147.0,6,0
103,103,17147.0,6,0
104,104,17147.0,6,0
105,105,17147.0,6,0
106,106,17147.0,6,0
107,107,17147.0,6,0
108,108,17147.0,6,0
109,109,17147.0,6,0
110,110,17147.0,6,0
111,111,17147.0,6,0
112,112,17147.0,6,0
113,113,17147.0,6,0
114,114,17147.0,6,0
115,115,17147.0,6,0
116,116,17147.0,6,0
117,117,17147.0,6,0
118,118,17146.0,7,0
119,119,17145.0,8,0
120,120,17145.0,8,0
121,121,17145.0,8,0
122,122,17145.0,8,0
123,123,17145.0,8,0
124,124,17144.0,9,0
125,125,17144.0,9,0
126,126,17140.0,13,0
127,127,17137.0,16,0
128,128,17134.0,19,0
