,Days,S,I,D
0,0,27072.0,0,0
1,1,27072.0,0,0
2,2,27072.0,0,0
3,3,27072.0,0,0
4,4,27072.0,0,0
5,5,27072.0,0,0
6,6,27072.0,0,0
7,7,27072.0,0,0
8,8,27072.0,0,0
9,9,27072.0,0,0
10,10,27072.0,0,0
11,11,27072.0,0,0
12,12,27072.0,0,0
13,13,27072.0,0,0
14,14,27072.0,0,0
15,15,27072.0,0,0
16,16,27072.0,0,0
17,17,27072.0,0,0
18,18,27072.0,0,0
19,19,27072.0,0,0
20,20,27072.0,0,0
21,21,27072.0,0,0
22,22,27072.0,0,0
23,23,27072.0,0,0
24,24,27072.0,0,0
25,25,27072.0,0,0
26,26,27072.0,0,0
27,27,27072.0,0,0
28,28,27072.0,0,0
29,29,27072.0,0,0
30,30,27072.0,0,0
31,31,27072.0,0,0
32,32,27072.0,0,0
33,33,27072.0,0,0
34,34,27072.0,0,0
35,35,27072.0,0,0
36,36,27072.0,0,0
37,37,27072.0,0,0
38,38,27072.0,0,0
39,39,27072.0,0,0
40,40,27072.0,0,0
41,41,27072.0,0,0
42,42,27072.0,0,0
43,43,27072.0,0,0
44,44,27072.0,0,0
45,45,27072.0,0,0
46,46,27072.0,0,0
47,47,27072.0,0,0
48,48,27072.0,0,0
49,49,27072.0,0,0
50,50,27072.0,0,0
51,51,27072.0,0,0
52,52,27072.0,0,0
53,53,27072.0,0,0
54,54,27072.0,0,0
55,55,27072.0,0,0
56,56,27072.0,0,0
57,57,27072.0,0,0
58,58,27072.0,0,0
59,59,27072.0,0,0
60,60,27072.0,0,0
61,61,27072.0,0,0
62,62,27072.0,0,0
63,63,27072.0,0,0
64,64,27072.0,0,0
65,65,27072.0,0,0
66,66,27072.0,0,0
67,67,27071.0,1,0
68,68,27071.0,1,0
69,69,27071.0,1,0
70,70,27071.0,1,0
71,71,27070.0,2,0
72,72,27070.0,2,0
73,73,27070.0,2,0
74,74,27070.0,2,0
75,75,27070.0,2,0
76,76,27069.0,3,0
77,77,27069.0,3,0
78,78,27069.0,3,0
79,79,27069.0,3,0
80,80,27069.0,3,0
81,81,27069.0,3,0
82,82,27069.0,3,0
83,83,27069.0,3,0
84,84,27070.0,2,0
85,85,27070.0,2,0
86,86,27070.0,2,0
87,87,27070.0,2,0
88,88,27070.0,2,0
89,89,27070.0,2,0
90,90,27070.0,2,0
91,91,27070.0,2,0
92,92,27070.0,2,0
93,93,27070.0,2,0
94,94,27070.0,2,0
95,95,27070.0,2,0
96,96,27070.0,2,0
97,97,27070.0,2,0
98,98,27068.0,4,0
99,99,27068.0,4,0
100,100,27068.0,4,0
101,101,27067.0,5,0
102,102,27067.0,5,0
103,103,27067.0,5,0
104,104,27067.0,5,0
105,105,27067.0,5,0
106,106,27065.0,7,0
107,107,27063.0,9,0
108,108,27063.0,9,0
109,109,27063.0,9,0
110,110,27063.0,9,0
111,111,27063.0,9,0
112,112,27063.0,9,0
113,113,27061.0,11,0
114,114,27061.0,11,0
115,115,27061.0,11,0
116,116,27061.0,11,0
117,117,27061.0,11,0
118,118,27061.0,11,0
119,119,27061.0,11,0
120,120,27061.0,11,0
121,121,27061.0,11,0
122,122,27061.0,11,0
123,123,27061.0,11,0
124,124,27061.0,11,0
125,125,27061.0,11,0
126,126,27059.0,13,0
127,127,27059.0,13,0
128,128,27059.0,13,0
