,Days,S,I,D
0,0,44448.0,0,0
1,1,44448.0,0,0
2,2,44448.0,0,0
3,3,44448.0,0,0
4,4,44448.0,0,0
5,5,44448.0,0,0
6,6,44448.0,0,0
7,7,44448.0,0,0
8,8,44448.0,0,0
9,9,44448.0,0,0
10,10,44448.0,0,0
11,11,44448.0,0,0
12,12,44448.0,0,0
13,13,44448.0,0,0
14,14,44448.0,0,0
15,15,44448.0,0,0
16,16,44448.0,0,0
17,17,44448.0,0,0
18,18,44448.0,0,0
19,19,44448.0,0,0
20,20,44448.0,0,0
21,21,44448.0,0,0
22,22,44448.0,0,0
23,23,44448.0,0,0
24,24,44448.0,0,0
25,25,44448.0,0,0
26,26,44448.0,0,0
27,27,44448.0,0,0
28,28,44448.0,0,0
29,29,44448.0,0,0
30,30,44448.0,0,0
31,31,44448.0,0,0
32,32,44448.0,0,0
33,33,44448.0,0,0
34,34,44448.0,0,0
35,35,44448.0,0,0
36,36,44448.0,0,0
37,37,44448.0,0,0
38,38,44448.0,0,0
39,39,44448.0,0,0
40,40,44448.0,0,0
41,41,44448.0,0,0
42,42,44448.0,0,0
43,43,44448.0,0,0
44,44,44448.0,0,0
45,45,44448.0,0,0
46,46,44448.0,0,0
47,47,44448.0,0,0
48,48,44448.0,0,0
49,49,44448.0,0,0
50,50,44448.0,0,0
51,51,44448.0,0,0
52,52,44448.0,0,0
53,53,44448.0,0,0
54,54,44448.0,0,0
55,55,44448.0,0,0
56,56,44448.0,0,0
57,57,44448.0,0,0
58,58,44448.0,0,0
59,59,44448.0,0,0
60,60,44448.0,0,0
61,61,44448.0,0,0
62,62,44448.0,0,0
63,63,44447.0,1,0
64,64,44447.0,1,0
65,65,44445.0,3,0
66,66,44441.0,7,0
67,67,44441.0,7,0
68,68,44441.0,7,0
69,69,44438.0,10,0
70,70,44434.0,14,0
71,71,44431.0,17,0
72,72,44422.0,26,0
73,73,44422.0,26,0
74,74,44420.0,28,0
75,75,44420.0,28,0
76,76,44404.0,42,2
77,77,44390.0,56,2
78,78,44373.0,72,3
79,79,44371.0,74,3
80,80,44369.0,76,3
81,81,44368.0,77,3
82,82,44367.0,78,3
83,83,44354.0,89,5
84,84,44330.0,109,9
85,85,44322.0,112,14
86,86,44320.0,115,13
87,87,44320.0,115,13
88,88,44310.0,125,13
89,89,44309.0,126,13
90,90,44291.0,143,14
91,91,44286.0,148,14
92,92,44275.0,157,16
93,93,44275.0,157,16
94,94,44275.0,157,16
95,95,44274.0,158,16
96,96,44270.0,162,16
97,97,44258.0,173,17
98,98,44251.0,178,19
99,99,44243.0,186,19
100,100,44239.0,190,19
101,101,44238.0,191,19
102,102,44237.0,192,19
103,103,44232.0,196,20
104,104,44224.0,204,20
105,105,44207.0,219,22
106,106,44199.0,227,22
107,107,44183.0,239,26
108,108,44180.0,242,26
109,109,44180.0,242,26
110,110,44169.0,253,26
111,111,44158.0,264,26
112,112,44153.0,267,28
113,113,44144.0,276,28
114,114,44138.0,281,29
115,115,44136.0,283,29
116,116,44136.0,283,29
117,117,44130.0,288,30
118,118,44129.0,289,30
119,119,44116.0,302,30
120,120,44114.0,304,30
121,121,44109.0,308,31
122,122,44108.0,309,31
123,123,44106.0,311,31
124,124,44104.0,313,31
125,125,44094.0,323,31
126,126,44093.0,324,31
127,127,44093.0,324,31
128,128,44092.0,324,32
