,Days,S,I,D
0,0,91185.0,0,0
1,1,91185.0,0,0
2,2,91185.0,0,0
3,3,91185.0,0,0
4,4,91185.0,0,0
5,5,91185.0,0,0
6,6,91185.0,0,0
7,7,91185.0,0,0
8,8,91185.0,0,0
9,9,91185.0,0,0
10,10,91185.0,0,0
11,11,91185.0,0,0
12,12,91185.0,0,0
13,13,91185.0,0,0
14,14,91185.0,0,0
15,15,91185.0,0,0
16,16,91185.0,0,0
17,17,91185.0,0,0
18,18,91185.0,0,0
19,19,91185.0,0,0
20,20,91185.0,0,0
21,21,91185.0,0,0
22,22,91185.0,0,0
23,23,91185.0,0,0
24,24,91185.0,0,0
25,25,91185.0,0,0
26,26,91185.0,0,0
27,27,91185.0,0,0
28,28,91185.0,0,0
29,29,91185.0,0,0
30,30,91185.0,0,0
31,31,91185.0,0,0
32,32,91185.0,0,0
33,33,91185.0,0,0
34,34,91185.0,0,0
35,35,91185.0,0,0
36,36,91185.0,0,0
37,37,91185.0,0,0
38,38,91185.0,0,0
39,39,91185.0,0,0
40,40,91185.0,0,0
41,41,91185.0,0,0
42,42,91185.0,0,0
43,43,91185.0,0,0
44,44,91185.0,0,0
45,45,91185.0,0,0
46,46,91185.0,0,0
47,47,91185.0,0,0
48,48,91185.0,0,0
49,49,91185.0,0,0
50,50,91185.0,0,0
51,51,91185.0,0,0
52,52,91185.0,0,0
53,53,91185.0,0,0
54,54,91185.0,0,0
55,55,91185.0,0,0
56,56,91185.0,0,0
57,57,91185.0,0,0
58,58,91185.0,0,0
59,59,91184.0,1,0
60,60,91184.0,1,0
61,61,91184.0,1,0
62,62,91184.0,1,0
63,63,91184.0,1,0
64,64,91184.0,1,0
65,65,91184.0,1,0
66,66,91184.0,1,0
67,67,91184.0,1,0
68,68,91182.0,3,0
69,69,91181.0,4,0
70,70,91179.0,6,0
71,71,91179.0,6,0
72,72,91175.0,10,0
73,73,91165.0,20,0
74,74,91163.0,22,0
75,75,91157.0,28,0
76,76,91155.0,30,0
77,77,91154.0,31,0
78,78,91154.0,31,0
79,79,91150.0,35,0
80,80,91145.0,40,0
81,81,91136.0,48,1
82,82,91133.0,51,1
83,83,91127.0,57,1
84,84,91125.0,59,1
85,85,91119.0,65,1
86,86,91114.0,70,1
87,87,91103.0,81,1
88,88,91093.0,91,1
89,89,91092.0,92,1
90,90,91072.0,111,2
91,91,91056.0,126,3
92,92,91046.0,136,3
93,93,91039.0,141,5
94,94,91033.0,147,5
95,95,91033.0,147,5
96,96,91033.0,147,5
97,97,91025.0,152,8
98,98,91019.0,154,12
99,99,91004.0,169,12
100,100,90997.0,175,13
101,101,90994.0,178,13
102,102,90981.0,190,14
103,103,90981.0,190,14
104,104,90965.0,205,15
105,105,90965.0,205,15
106,106,90958.0,208,19
107,107,90957.0,209,19
108,108,90951.0,215,19
109,109,90951.0,215,19
110,110,90950.0,216,19
111,111,90946.0,219,20
112,112,90943.0,221,21
113,113,90942.0,221,22
114,114,90908.0,255,22
115,115,90903.0,260,22
116,116,90899.0,264,22
117,117,90894.0,269,22
118,118,90891.0,269,25
119,119,90886.0,274,25
120,120,90882.0,278,25
121,121,90877.0,283,25
122,122,90870.0,290,25
123,123,90861.0,295,29
124,124,90854.0,300,31
125,125,90851.0,303,31
126,126,90846.0,308,31
127,127,90846.0,308,31
128,128,90842.0,311,32
