,Days,S,I,D
0,0,28919.0,0,0
1,1,28919.0,0,0
2,2,28919.0,0,0
3,3,28919.0,0,0
4,4,28919.0,0,0
5,5,28919.0,0,0
6,6,28919.0,0,0
7,7,28919.0,0,0
8,8,28919.0,0,0
9,9,28919.0,0,0
10,10,28919.0,0,0
11,11,28919.0,0,0
12,12,28919.0,0,0
13,13,28919.0,0,0
14,14,28919.0,0,0
15,15,28919.0,0,0
16,16,28919.0,0,0
17,17,28919.0,0,0
18,18,28919.0,0,0
19,19,28919.0,0,0
20,20,28919.0,0,0
21,21,28919.0,0,0
22,22,28919.0,0,0
23,23,28919.0,0,0
24,24,28919.0,0,0
25,25,28919.0,0,0
26,26,28919.0,0,0
27,27,28919.0,0,0
28,28,28919.0,0,0
29,29,28919.0,0,0
30,30,28919.0,0,0
31,31,28919.0,0,0
32,32,28919.0,0,0
33,33,28919.0,0,0
34,34,28919.0,0,0
35,35,28919.0,0,0
36,36,28919.0,0,0
37,37,28919.0,0,0
38,38,28919.0,0,0
39,39,28919.0,0,0
40,40,28919.0,0,0
41,41,28919.0,0,0
42,42,28919.0,0,0
43,43,28919.0,0,0
44,44,28919.0,0,0
45,45,28919.0,0,0
46,46,28919.0,0,0
47,47,28919.0,0,0
48,48,28919.0,0,0
49,49,28919.0,0,0
50,50,28919.0,0,0
51,51,28918.0,1,0
52,52,28918.0,1,0
53,53,28918.0,1,0
54,54,28918.0,1,0
55,55,28915.0,4,0
56,56,28915.0,4,0
57,57,28915.0,4,0
58,58,28912.0,7,0
59,59,28912.0,7,0
60,60,28911.0,8,0
61,61,28910.0,9,0
62,62,28909.0,10,0
63,63,28906.0,13,0
64,64,28906.0,13,0
65,65,28906.0,13,0
66,66,28906.0,13,0
67,67,28904.0,15,0
68,68,28900.0,18,1
69,69,28899.0,19,1
70,70,28898.0,20,1
71,71,28898.0,20,1
72,72,28897.0,21,1
73,73,28896.0,22,1
74,74,28894.0,22,3
75,75,28892.0,23,4
76,76,28889.0,26,4
77,77,28887.0,28,4
78,78,28883.0,32,4
79,79,28872.0,43,4
80,80,28871.0,44,4
81,81,28870.0,45,4
82,82,28867.0,48,4
83,83,28861.0,52,6
84,84,28858.0,55,6
85,85,28851.0,62,6
86,86,28843.0,70,6
87,87,28838.0,75,6
88,88,28821.0,91,7
89,89,28804.0,105,10
90,90,28798.0,109,12
91,91,28794.0,113,12
92,92,28787.0,119,13
93,93,28781.0,124,14
94,94,28773.0,131,15
95,95,28768.0,136,15
96,96,28767.0,137,15
97,97,28763.0,141,15
98,98,28758.0,145,16
99,99,28754.0,148,17
100,100,28738.0,164,17
101,101,28737.0,165,17
102,102,28734.0,168,17
103,103,28728.0,174,17
104,104,28726.0,175,18
105,105,28724.0,177,18
106,106,28721.0,180,18
107,107,28719.0,182,18
108,108,28716.0,185,18
109,109,28716.0,185,18
110,110,28716.0,185,18
111,111,28708.0,191,20
112,112,28706.0,192,21
113,113,28700.0,197,22
114,114,28698.0,199,22
115,115,28697.0,200,22
116,116,28697.0,200,22
117,117,28697.0,200,22
118,118,28695.0,202,22
119,119,28691.0,205,23
120,120,28689.0,206,24
121,121,28683.0,211,25
122,122,28655.0,239,25
123,123,28655.0,239,25
124,124,28652.0,241,26
125,125,28646.0,246,27
126,126,28639.0,250,30
127,127,28638.0,251,30
128,128,28634.0,255,30
