,Days,S,I,D
0,0,10247.0,0,0
1,1,10247.0,0,0
2,2,10247.0,0,0
3,3,10247.0,0,0
4,4,10247.0,0,0
5,5,10247.0,0,0
6,6,10247.0,0,0
7,7,10247.0,0,0
8,8,10247.0,0,0
9,9,10247.0,0,0
10,10,10247.0,0,0
11,11,10247.0,0,0
12,12,10247.0,0,0
13,13,10247.0,0,0
14,14,10247.0,0,0
15,15,10247.0,0,0
16,16,10247.0,0,0
17,17,10247.0,0,0
18,18,10247.0,0,0
19,19,10247.0,0,0
20,20,10247.0,0,0
21,21,10247.0,0,0
22,22,10247.0,0,0
23,23,10247.0,0,0
24,24,10247.0,0,0
25,25,10247.0,0,0
26,26,10247.0,0,0
27,27,10247.0,0,0
28,28,10247.0,0,0
29,29,10247.0,0,0
30,30,10247.0,0,0
31,31,10247.0,0,0
32,32,10247.0,0,0
33,33,10247.0,0,0
34,34,10247.0,0,0
35,35,10247.0,0,0
36,36,10247.0,0,0
37,37,10247.0,0,0
38,38,10247.0,0,0
39,39,10247.0,0,0
40,40,10247.0,0,0
41,41,10247.0,0,0
42,42,10247.0,0,0
43,43,10247.0,0,0
44,44,10247.0,0,0
45,45,10247.0,0,0
46,46,10247.0,0,0
47,47,10247.0,0,0
48,48,10247.0,0,0
49,49,10247.0,0,0
50,50,10247.0,0,0
51,51,10247.0,0,0
52,52,10247.0,0,0
53,53,10247.0,0,0
54,54,10247.0,0,0
55,55,10247.0,0,0
56,56,10247.0,0,0
57,57,10244.0,2,1
58,58,10244.0,2,1
59,59,10244.0,2,1
60,60,10244.0,2,1
61,61,10244.0,2,1
62,62,10241.0,5,1
63,63,10240.0,6,1
64,64,10239.0,7,1
65,65,10233.0,13,1
66,66,10230.0,16,1
67,67,10230.0,16,1
68,68,10226.0,20,1
69,69,10214.0,32,1
70,70,10212.0,34,1
71,71,10204.0,42,1
72,72,10185.0,61,1
73,73,10182.0,64,1
74,74,10176.0,70,1
75,75,10161.0,81,5
76,76,10146.0,96,5
77,77,10145.0,97,5
78,78,10137.0,105,5
79,79,10134.0,107,6
80,80,10121.0,120,6
81,81,10116.0,125,6
82,82,10113.0,128,6
83,83,10104.0,137,6
84,84,10096.0,145,6
85,85,10091.0,148,8
86,86,10076.0,163,8
87,87,10074.0,165,8
88,88,10069.0,170,8
89,89,10064.0,173,10
90,90,10063.0,174,10
91,91,10051.0,184,12
92,92,10047.0,185,15
93,93,10044.0,188,15
94,94,10038.0,194,15
95,95,10034.0,198,15
96,96,10030.0,202,15
97,97,10030.0,202,15
98,98,10013.0,214,20
99,99,10013.0,214,20
100,100,10013.0,214,20
101,101,10013.0,214,20
102,102,10009.0,218,20
103,103,10002.0,221,24
104,104,10002.0,220,25
105,105,10002.0,220,25
106,106,9997.0,224,26
107,107,9997.0,224,26
108,108,9995.0,226,26
109,109,9995.0,226,26
110,110,9993.0,227,27
111,111,9992.0,228,27
112,112,9990.0,229,28
113,113,9988.0,231,28
114,114,9988.0,231,28
115,115,9988.0,231,28
116,116,9988.0,231,28
117,117,9988.0,231,28
118,118,9985.0,234,28
119,119,9984.0,234,29
120,120,9984.0,234,29
121,121,9984.0,234,29
122,122,9984.0,234,29
123,123,9984.0,234,29
124,124,9983.0,235,29
125,125,9981.0,236,30
126,126,9979.0,238,30
127,127,9979.0,238,30
128,128,9978.0,238,31
