,Days,S,I,D
0,0,494228.0,0,0
1,1,494228.0,0,0
2,2,494228.0,0,0
3,3,494228.0,0,0
4,4,494228.0,0,0
5,5,494228.0,0,0
6,6,494228.0,0,0
7,7,494228.0,0,0
8,8,494228.0,0,0
9,9,494228.0,0,0
10,10,494228.0,0,0
11,11,494228.0,0,0
12,12,494228.0,0,0
13,13,494228.0,0,0
14,14,494228.0,0,0
15,15,494228.0,0,0
16,16,494228.0,0,0
17,17,494228.0,0,0
18,18,494228.0,0,0
19,19,494228.0,0,0
20,20,494228.0,0,0
21,21,494228.0,0,0
22,22,494228.0,0,0
23,23,494228.0,0,0
24,24,494228.0,0,0
25,25,494228.0,0,0
26,26,494228.0,0,0
27,27,494228.0,0,0
28,28,494228.0,0,0
29,29,494228.0,0,0
30,30,494228.0,0,0
31,31,494228.0,0,0
32,32,494228.0,0,0
33,33,494228.0,0,0
34,34,494228.0,0,0
35,35,494228.0,0,0
36,36,494228.0,0,0
37,37,494228.0,0,0
38,38,494228.0,0,0
39,39,494228.0,0,0
40,40,494228.0,0,0
41,41,494228.0,0,0
42,42,494228.0,0,0
43,43,494228.0,0,0
44,44,494228.0,0,0
45,45,494228.0,0,0
46,46,494228.0,0,0
47,47,494228.0,0,0
48,48,494228.0,0,0
49,49,494228.0,0,0
50,50,494227.0,1,0
51,51,494225.0,3,0
52,52,494225.0,3,0
53,53,494224.0,4,0
54,54,494222.0,6,0
55,55,494221.0,7,0
56,56,494209.0,19,0
57,57,494202.0,26,0
58,58,494193.0,35,0
59,59,494163.0,64,1
60,60,494108.0,119,1
61,61,494050.0,177,1
62,62,494020.0,204,4
63,63,494001.0,223,4
64,64,493907.0,315,6
65,65,493829.0,391,8
66,66,493774.0,442,12
67,67,493650.0,566,12
68,68,493496.0,720,12
69,69,493367.0,841,20
70,70,493261.0,942,25
71,71,493106.0,1082,40
72,72,492887.0,1298,43
73,73,492559.0,1618,51
74,74,492373.0,1800,55
75,75,492212.0,1956,60
76,76,491902.0,2239,87
77,77,491658.0,2468,102
78,78,491466.0,2645,117
79,79,491322.0,2771,135
80,80,491151.0,2925,152
81,81,490967.0,3099,162
82,82,490841.0,3225,162
83,83,490612.0,3424,192
84,84,490491.0,3525,212
85,85,490311.0,3701,216
86,86,490174.0,3822,232
87,87,489989.0,3984,255
88,88,489835.0,4136,257
89,89,489723.0,4236,269
90,90,489502.0,4435,291
91,91,489381.0,4556,291
92,92,489257.0,4680,291
93,93,489172.0,4716,340
94,94,489060.0,4821,347
95,95,488901.0,4976,351
96,96,488843.0,5030,355
97,97,488723.0,5128,377
98,98,488628.0,5213,387
99,99,488528.0,5287,413
100,100,488444.0,5354,430
101,101,488382.0,5406,440
102,102,488262.0,5517,449
103,103,488230.0,5549,449
104,104,488129.0,5625,474
105,105,488082.0,5655,491
106,106,488023.0,5702,503
107,107,487955.0,5767,506
108,108,487884.0,5833,511
109,109,487858.0,5854,516
110,110,487834.0,5876,518
111,111,487797.0,5908,523
112,112,487771.0,5926,531
113,113,487735.0,5954,539
114,114,487688.0,5990,550
115,115,487655.0,6012,561
116,116,487631.0,6036,561
117,117,487567.0,6092,569
118,118,487556.0,6100,572
119,119,487508.0,6139,581
120,120,487490.0,6155,583
121,121,487470.0,6171,587
122,122,487446.0,6192,590
123,123,487429.0,6207,592
124,124,487376.0,6259,593
125,125,487354.0,6279,595
126,126,487339.0,6289,600
127,127,487269.0,6354,605
128,128,487251.0,6367,610
