,Days,S,I,D
0,0,75498.0,0,0
1,1,75498.0,0,0
2,2,75498.0,0,0
3,3,75498.0,0,0
4,4,75498.0,0,0
5,5,75498.0,0,0
6,6,75498.0,0,0
7,7,75498.0,0,0
8,8,75498.0,0,0
9,9,75498.0,0,0
10,10,75498.0,0,0
11,11,75498.0,0,0
12,12,75498.0,0,0
13,13,75498.0,0,0
14,14,75498.0,0,0
15,15,75498.0,0,0
16,16,75498.0,0,0
17,17,75498.0,0,0
18,18,75498.0,0,0
19,19,75498.0,0,0
20,20,75498.0,0,0
21,21,75498.0,0,0
22,22,75498.0,0,0
23,23,75498.0,0,0
24,24,75498.0,0,0
25,25,75498.0,0,0
26,26,75498.0,0,0
27,27,75498.0,0,0
28,28,75498.0,0,0
29,29,75498.0,0,0
30,30,75498.0,0,0
31,31,75498.0,0,0
32,32,75498.0,0,0
33,33,75498.0,0,0
34,34,75498.0,0,0
35,35,75498.0,0,0
36,36,75498.0,0,0
37,37,75498.0,0,0
38,38,75498.0,0,0
39,39,75498.0,0,0
40,40,75498.0,0,0
41,41,75498.0,0,0
42,42,75498.0,0,0
43,43,75498.0,0,0
44,44,75498.0,0,0
45,45,75498.0,0,0
46,46,75498.0,0,0
47,47,75498.0,0,0
48,48,75498.0,0,0
49,49,75498.0,0,0
50,50,75498.0,0,0
51,51,75498.0,0,0
52,52,75498.0,0,0
53,53,75498.0,0,0
54,54,75498.0,0,0
55,55,75497.0,1,0
56,56,75497.0,1,0
57,57,75495.0,3,0
58,58,75490.0,8,0
59,59,75490.0,8,0
60,60,75482.0,16,0
61,61,75475.0,23,0
62,62,75468.0,30,0
63,63,75459.0,39,0
64,64,75445.0,53,0
65,65,75434.0,64,0
66,66,75426.0,72,0
67,67,75410.0,88,0
68,68,75397.0,101,0
69,69,75387.0,109,2
70,70,75373.0,121,4
71,71,75350.0,143,5
72,72,75325.0,168,5
73,73,75300.0,193,5
74,74,75259.0,234,5
75,75,75238.0,253,7
76,76,75221.0,270,7
77,77,75212.0,279,7
78,78,75197.0,294,7
79,79,75173.0,318,7
80,80,75151.0,340,7
81,81,75133.0,358,7
82,82,75111.0,380,7
83,83,75076.0,415,7
84,84,75067.0,424,7
85,85,75054.0,437,7
86,86,74986.0,505,7
87,87,74967.0,524,7
88,88,74953.0,537,8
89,89,74945.0,544,9
90,90,74934.0,555,9
91,91,74928.0,561,9
92,92,74909.0,580,9
93,93,74861.0,628,9
94,94,74798.0,689,11
95,95,74761.0,724,13
96,96,74736.0,748,14
97,97,74714.0,769,15
98,98,74672.0,811,15
99,99,74645.0,838,15
100,100,74603.0,880,15
101,101,74552.0,931,15
102,102,74531.0,951,16
103,103,74506.0,976,16
104,104,74498.0,984,16
105,105,74479.0,996,23
106,106,74454.0,1021,23
107,107,74436.0,1039,23
108,108,74404.0,1071,23
109,109,74380.0,1093,25
110,110,74363.0,1109,26
111,111,74351.0,1119,28
112,112,74335.0,1135,28
113,113,74302.0,1168,28
114,114,74281.0,1189,28
115,115,74253.0,1217,28
116,116,74239.0,1231,28
117,117,74224.0,1246,28
118,118,74212.0,1258,28
119,119,74203.0,1267,28
120,120,74189.0,1281,28
121,121,74183.0,1287,28
122,122,74173.0,1297,28
123,123,74159.0,1310,29
124,124,74145.0,1324,29
125,125,74130.0,1338,30
126,126,74128.0,1340,30
127,127,74117.0,1351,30
128,128,74103.0,1364,31
