,Days,S,I,D
0,0,26794.0,0,0
1,1,26794.0,0,0
2,2,26794.0,0,0
3,3,26794.0,0,0
4,4,26794.0,0,0
5,5,26794.0,0,0
6,6,26794.0,0,0
7,7,26794.0,0,0
8,8,26794.0,0,0
9,9,26794.0,0,0
10,10,26794.0,0,0
11,11,26794.0,0,0
12,12,26794.0,0,0
13,13,26794.0,0,0
14,14,26794.0,0,0
15,15,26794.0,0,0
16,16,26794.0,0,0
17,17,26794.0,0,0
18,18,26794.0,0,0
19,19,26794.0,0,0
20,20,26794.0,0,0
21,21,26794.0,0,0
22,22,26794.0,0,0
23,23,26794.0,0,0
24,24,26794.0,0,0
25,25,26794.0,0,0
26,26,26794.0,0,0
27,27,26794.0,0,0
28,28,26794.0,0,0
29,29,26794.0,0,0
30,30,26794.0,0,0
31,31,26794.0,0,0
32,32,26794.0,0,0
33,33,26794.0,0,0
34,34,26794.0,0,0
35,35,26794.0,0,0
36,36,26794.0,0,0
37,37,26794.0,0,0
38,38,26794.0,0,0
39,39,26794.0,0,0
40,40,26794.0,0,0
41,41,26794.0,0,0
42,42,26794.0,0,0
43,43,26794.0,0,0
44,44,26794.0,0,0
45,45,26794.0,0,0
46,46,26794.0,0,0
47,47,26794.0,0,0
48,48,26794.0,0,0
49,49,26794.0,0,0
50,50,26794.0,0,0
51,51,26794.0,0,0
52,52,26794.0,0,0
53,53,26794.0,0,0
54,54,26794.0,0,0
55,55,26794.0,0,0
56,56,26794.0,0,0
57,57,26794.0,0,0
58,58,26794.0,0,0
59,59,26794.0,0,0
60,60,26794.0,0,0
61,61,26794.0,0,0
62,62,26788.0,6,0
63,63,26787.0,7,0
64,64,26768.0,26,0
65,65,26768.0,26,0
66,66,26764.0,30,0
67,67,26754.0,40,0
68,68,26752.0,42,0
69,69,26746.0,47,1
70,70,26745.0,48,1
71,71,26732.0,59,3
72,72,26720.0,70,4
73,73,26711.0,79,4
74,74,26710.0,80,4
75,75,26699.0,90,5
76,76,26698.0,90,6
77,77,26689.0,99,6
78,78,26681.0,107,6
79,79,26668.0,118,8
80,80,26661.0,123,10
81,81,26657.0,127,10
82,82,26655.0,129,10
83,83,26631.0,153,10
84,84,26626.0,155,13
85,85,26620.0,160,14
86,86,26612.0,165,17
87,87,26611.0,166,17
88,88,26608.0,168,18
89,89,26608.0,168,18
90,90,26603.0,171,20
91,91,26595.0,178,21
92,92,26595.0,178,21
93,93,26582.0,191,21
94,94,26579.0,194,21
95,95,26579.0,194,21
96,96,26579.0,194,21
97,97,26578.0,195,21
98,98,26568.0,199,27
99,99,26566.0,200,28
100,100,26566.0,200,28
101,101,26565.0,201,28
102,102,26564.0,202,28
103,103,26564.0,202,28
104,104,26561.0,205,28
105,105,26560.0,206,28
106,106,26558.0,208,28
107,107,26556.0,210,28
108,108,26554.0,212,28
109,109,26554.0,212,28
110,110,26550.0,215,29
111,111,26550.0,215,29
112,112,26549.0,215,30
113,113,26547.0,216,31
114,114,26547.0,216,31
115,115,26546.0,217,31
116,116,26543.0,220,31
117,117,26543.0,220,31
118,118,26543.0,220,31
119,119,26543.0,220,31
120,120,26543.0,220,31
121,121,26543.0,220,31
122,122,26542.0,221,31
123,123,26541.0,222,31
124,124,26539.0,224,31
125,125,26539.0,224,31
126,126,26539.0,224,31
127,127,26539.0,224,31
128,128,26539.0,224,31
