,Days,S,I,D
0,0,65456.0,0,0
1,1,65456.0,0,0
2,2,65456.0,0,0
3,3,65456.0,0,0
4,4,65456.0,0,0
5,5,65456.0,0,0
6,6,65456.0,0,0
7,7,65456.0,0,0
8,8,65456.0,0,0
9,9,65456.0,0,0
10,10,65456.0,0,0
11,11,65456.0,0,0
12,12,65456.0,0,0
13,13,65456.0,0,0
14,14,65456.0,0,0
15,15,65456.0,0,0
16,16,65456.0,0,0
17,17,65456.0,0,0
18,18,65456.0,0,0
19,19,65456.0,0,0
20,20,65456.0,0,0
21,21,65456.0,0,0
22,22,65456.0,0,0
23,23,65456.0,0,0
24,24,65456.0,0,0
25,25,65456.0,0,0
26,26,65456.0,0,0
27,27,65456.0,0,0
28,28,65456.0,0,0
29,29,65456.0,0,0
30,30,65456.0,0,0
31,31,65456.0,0,0
32,32,65456.0,0,0
33,33,65456.0,0,0
34,34,65456.0,0,0
35,35,65456.0,0,0
36,36,65456.0,0,0
37,37,65456.0,0,0
38,38,65456.0,0,0
39,39,65456.0,0,0
40,40,65456.0,0,0
41,41,65456.0,0,0
42,42,65456.0,0,0
43,43,65456.0,0,0
44,44,65456.0,0,0
45,45,65456.0,0,0
46,46,65456.0,0,0
47,47,65456.0,0,0
48,48,65456.0,0,0
49,49,65456.0,0,0
50,50,65456.0,0,0
51,51,65456.0,0,0
52,52,65456.0,0,0
53,53,65456.0,0,0
54,54,65456.0,0,0
55,55,65456.0,0,0
56,56,65456.0,0,0
57,57,65456.0,0,0
58,58,65456.0,0,0
59,59,65456.0,0,0
60,60,65455.0,1,0
61,61,65455.0,1,0
62,62,65455.0,1,0
63,63,65455.0,1,0
64,64,65453.0,3,0
65,65,65453.0,3,0
66,66,65452.0,4,0
67,67,65450.0,6,0
68,68,65450.0,6,0
69,69,65449.0,7,0
70,70,65448.0,8,0
71,71,65445.0,11,0
72,72,65441.0,15,0
73,73,65436.0,20,0
74,74,65434.0,22,0
75,75,65430.0,26,0
76,76,65413.0,42,1
77,77,65401.0,54,1
78,78,65389.0,65,2
79,79,65373.0,81,2
80,80,65355.0,99,2
81,81,65347.0,106,3
82,82,65340.0,113,3
83,83,65328.0,125,3
84,84,65322.0,131,3
85,85,65307.0,146,3
86,86,65287.0,166,3
87,87,65268.0,184,4
88,88,65248.0,202,6
89,89,65241.0,208,7
90,90,65223.0,225,8
91,91,65210.0,239,7
92,92,65204.0,245,7
93,93,65197.0,252,7
94,94,65192.0,257,7
95,95,65180.0,269,7
96,96,65172.0,277,7
97,97,65169.0,279,8
98,98,65160.0,283,13
99,99,65160.0,283,13
100,100,65154.0,289,13
101,101,65153.0,290,13
102,102,65152.0,291,13
103,103,65147.0,296,13
104,104,65142.0,298,16
105,105,65138.0,302,16
106,106,65130.0,306,20
107,107,65129.0,307,20
108,108,65105.0,323,28
109,109,65104.0,324,28
110,110,65100.0,328,28
111,111,65098.0,330,28
112,112,65098.0,330,28
113,113,65094.0,333,29
114,114,65093.0,334,29
115,115,65091.0,336,29
116,116,65091.0,336,29
117,117,65090.0,337,29
118,118,65090.0,337,29
119,119,65087.0,340,29
120,120,65085.0,342,29
121,121,65085.0,342,29
122,122,65085.0,342,29
123,123,65083.0,343,30
124,124,65082.0,343,31
125,125,65082.0,343,31
126,126,65079.0,346,31
127,127,65079.0,346,31
128,128,65079.0,346,31
