,Days,S,I,D
0,0,45068.0,0,0
1,1,45068.0,0,0
2,2,45068.0,0,0
3,3,45068.0,0,0
4,4,45068.0,0,0
5,5,45068.0,0,0
6,6,45068.0,0,0
7,7,45068.0,0,0
8,8,45068.0,0,0
9,9,45068.0,0,0
10,10,45068.0,0,0
11,11,45068.0,0,0
12,12,45068.0,0,0
13,13,45068.0,0,0
14,14,45068.0,0,0
15,15,45068.0,0,0
16,16,45068.0,0,0
17,17,45068.0,0,0
18,18,45068.0,0,0
19,19,45068.0,0,0
20,20,45068.0,0,0
21,21,45068.0,0,0
22,22,45068.0,0,0
23,23,45068.0,0,0
24,24,45068.0,0,0
25,25,45068.0,0,0
26,26,45068.0,0,0
27,27,45068.0,0,0
28,28,45068.0,0,0
29,29,45068.0,0,0
30,30,45068.0,0,0
31,31,45068.0,0,0
32,32,45068.0,0,0
33,33,45068.0,0,0
34,34,45068.0,0,0
35,35,45068.0,0,0
36,36,45068.0,0,0
37,37,45068.0,0,0
38,38,45068.0,0,0
39,39,45068.0,0,0
40,40,45068.0,0,0
41,41,45068.0,0,0
42,42,45068.0,0,0
43,43,45068.0,0,0
44,44,45068.0,0,0
45,45,45068.0,0,0
46,46,45068.0,0,0
47,47,45068.0,0,0
48,48,45068.0,0,0
49,49,45068.0,0,0
50,50,45068.0,0,0
51,51,45068.0,0,0
52,52,45068.0,0,0
53,53,45068.0,0,0
54,54,45068.0,0,0
55,55,45068.0,0,0
56,56,45068.0,0,0
57,57,45068.0,0,0
58,58,45068.0,0,0
59,59,45068.0,0,0
60,60,45068.0,0,0
61,61,45068.0,0,0
62,62,45068.0,0,0
63,63,45068.0,0,0
64,64,45067.0,1,0
65,65,45066.0,1,1
66,66,45064.0,3,1
67,67,45056.0,11,1
68,68,45056.0,11,1
69,69,45056.0,11,1
70,70,45045.0,21,2
71,71,45045.0,21,2
72,72,45045.0,21,2
73,73,45045.0,21,2
74,74,45038.0,28,2
75,75,45038.0,28,2
76,76,45038.0,28,2
77,77,45038.0,28,2
78,78,45004.0,62,2
79,79,45003.0,62,3
80,80,44985.0,80,3
81,81,44982.0,83,3
82,82,44975.0,85,8
83,83,44969.0,91,8
84,84,44963.0,96,9
85,85,44963.0,96,9
86,86,44955.0,104,9
87,87,44950.0,109,9
88,88,44947.0,111,10
89,89,44945.0,112,11
90,90,44908.0,144,16
91,91,44901.0,150,17
92,92,44894.0,157,17
93,93,44879.0,170,19
94,94,44875.0,174,19
95,95,44866.0,183,19
96,96,44860.0,187,21
97,97,44856.0,191,21
98,98,44854.0,192,22
99,99,44850.0,196,22
100,100,44845.0,201,22
101,101,44845.0,201,22
102,102,44843.0,203,22
103,103,44842.0,203,23
104,104,44840.0,204,24
105,105,44833.0,211,24
106,106,44832.0,212,24
107,107,44830.0,213,25
108,108,44829.0,214,25
109,109,44829.0,214,25
110,110,44828.0,214,26
111,111,44827.0,214,27
112,112,44827.0,214,27
113,113,44827.0,214,27
114,114,44827.0,214,27
115,115,44827.0,214,27
116,116,44827.0,214,27
117,117,44827.0,214,27
118,118,44826.0,215,27
119,119,44826.0,215,27
120,120,44825.0,216,27
121,121,44822.0,218,28
122,122,44822.0,218,28
123,123,44822.0,218,28
124,124,44822.0,218,28
125,125,44821.0,219,28
126,126,44820.0,219,29
127,127,44818.0,221,29
128,128,44818.0,221,29
