,Days,S,I,D
0,0,88028.0,0,0
1,1,88028.0,0,0
2,2,88028.0,0,0
3,3,88028.0,0,0
4,4,88028.0,0,0
5,5,88028.0,0,0
6,6,88028.0,0,0
7,7,88028.0,0,0
8,8,88028.0,0,0
9,9,88028.0,0,0
10,10,88028.0,0,0
11,11,88028.0,0,0
12,12,88028.0,0,0
13,13,88028.0,0,0
14,14,88028.0,0,0
15,15,88028.0,0,0
16,16,88028.0,0,0
17,17,88028.0,0,0
18,18,88028.0,0,0
19,19,88028.0,0,0
20,20,88028.0,0,0
21,21,88028.0,0,0
22,22,88028.0,0,0
23,23,88028.0,0,0
24,24,88028.0,0,0
25,25,88028.0,0,0
26,26,88028.0,0,0
27,27,88028.0,0,0
28,28,88028.0,0,0
29,29,88028.0,0,0
30,30,88028.0,0,0
31,31,88028.0,0,0
32,32,88028.0,0,0
33,33,88028.0,0,0
34,34,88028.0,0,0
35,35,88028.0,0,0
36,36,88028.0,0,0
37,37,88028.0,0,0
38,38,88028.0,0,0
39,39,88028.0,0,0
40,40,88028.0,0,0
41,41,88028.0,0,0
42,42,88028.0,0,0
43,43,88028.0,0,0
44,44,88028.0,0,0
45,45,88028.0,0,0
46,46,88028.0,0,0
47,47,88028.0,0,0
48,48,88028.0,0,0
49,49,88028.0,0,0
50,50,88028.0,0,0
51,51,88028.0,0,0
52,52,88028.0,0,0
53,53,88028.0,0,0
54,54,88028.0,0,0
55,55,88028.0,0,0
56,56,88028.0,0,0
57,57,88028.0,0,0
58,58,88028.0,0,0
59,59,88028.0,0,0
60,60,88028.0,0,0
61,61,88028.0,0,0
62,62,88027.0,1,0
63,63,88027.0,1,0
64,64,88025.0,3,0
65,65,88024.0,4,0
66,66,88024.0,4,0
67,67,88024.0,4,0
68,68,88022.0,6,0
69,69,88020.0,8,0
70,70,88020.0,8,0
71,71,88007.0,21,0
72,72,88006.0,22,0
73,73,88001.0,27,0
74,74,87983.0,45,0
75,75,87979.0,49,0
76,76,87969.0,56,3
77,77,87959.0,64,5
78,78,87946.0,77,5
79,79,87935.0,87,6
80,80,87927.0,95,6
81,81,87921.0,101,6
82,82,87916.0,106,6
83,83,87902.0,117,9
84,84,87893.0,125,10
85,85,87884.0,131,13
86,86,87875.0,140,13
87,87,87869.0,141,18
88,88,87867.0,143,18
89,89,87863.0,145,20
90,90,87858.0,148,22
91,91,87851.0,154,23
92,92,87846.0,159,23
93,93,87843.0,162,23
94,94,87843.0,162,23
95,95,87840.0,164,24
96,96,87840.0,164,24
97,97,87838.0,166,24
98,98,87836.0,167,25
99,99,87834.0,170,24
100,100,87832.0,171,25
101,101,87831.0,171,26
102,102,87831.0,171,26
103,103,87830.0,171,27
104,104,87828.0,173,27
105,105,87825.0,174,29
106,106,87825.0,174,29
107,107,87825.0,174,29
108,108,87824.0,175,29
109,109,87824.0,175,29
110,110,87823.0,175,30
111,111,87823.0,175,30
112,112,87823.0,175,30
113,113,87822.0,176,30
114,114,87819.0,179,30
115,115,87818.0,180,30
116,116,87818.0,180,30
117,117,87818.0,180,30
118,118,87818.0,180,30
119,119,87816.0,182,30
120,120,87816.0,182,30
121,121,87815.0,183,30
122,122,87811.0,187,30
123,123,87810.0,188,30
124,124,87810.0,188,30
125,125,87810.0,188,30
126,126,87810.0,188,30
127,127,87810.0,188,30
128,128,87810.0,188,30
