,Days,S,I,D
0,0,103195.0,0,0
1,1,103195.0,0,0
2,2,103195.0,0,0
3,3,103195.0,0,0
4,4,103195.0,0,0
5,5,103195.0,0,0
6,6,103195.0,0,0
7,7,103195.0,0,0
8,8,103195.0,0,0
9,9,103195.0,0,0
10,10,103195.0,0,0
11,11,103195.0,0,0
12,12,103195.0,0,0
13,13,103195.0,0,0
14,14,103195.0,0,0
15,15,103195.0,0,0
16,16,103195.0,0,0
17,17,103195.0,0,0
18,18,103195.0,0,0
19,19,103195.0,0,0
20,20,103195.0,0,0
21,21,103195.0,0,0
22,22,103195.0,0,0
23,23,103195.0,0,0
24,24,103195.0,0,0
25,25,103195.0,0,0
26,26,103195.0,0,0
27,27,103195.0,0,0
28,28,103195.0,0,0
29,29,103195.0,0,0
30,30,103195.0,0,0
31,31,103195.0,0,0
32,32,103195.0,0,0
33,33,103195.0,0,0
34,34,103195.0,0,0
35,35,103195.0,0,0
36,36,103195.0,0,0
37,37,103195.0,0,0
38,38,103195.0,0,0
39,39,103195.0,0,0
40,40,103195.0,0,0
41,41,103195.0,0,0
42,42,103195.0,0,0
43,43,103195.0,0,0
44,44,103195.0,0,0
45,45,103195.0,0,0
46,46,103195.0,0,0
47,47,103195.0,0,0
48,48,103195.0,0,0
49,49,103195.0,0,0
50,50,103195.0,0,0
51,51,103195.0,0,0
52,52,103195.0,0,0
53,53,103195.0,0,0
54,54,103195.0,0,0
55,55,103195.0,0,0
56,56,103195.0,0,0
57,57,103195.0,0,0
58,58,103193.0,2,0
59,59,103193.0,2,0
60,60,103193.0,2,0
61,61,103191.0,4,0
62,62,103191.0,4,0
63,63,103191.0,4,0
64,64,103190.0,5,0
65,65,103190.0,5,0
66,66,103188.0,6,1
67,67,103188.0,6,1
68,68,103188.0,6,1
69,69,103187.0,7,1
70,70,103187.0,7,1
71,71,103187.0,7,1
72,72,103187.0,7,1
73,73,103186.0,8,1
74,74,103183.0,11,1
75,75,103183.0,11,1
76,76,103177.0,17,1
77,77,103174.0,20,1
78,78,103173.0,21,1
79,79,103166.0,28,1
80,80,103161.0,33,1
81,81,103152.0,42,1
82,82,103136.0,58,1
83,83,103131.0,63,1
84,84,103118.0,76,1
85,85,103107.0,87,1
86,86,103091.0,103,1
87,87,103056.0,138,1
88,88,103048.0,145,2
89,89,103027.0,166,2
90,90,103017.0,176,2
91,91,103010.0,183,2
92,92,102989.0,203,3
93,93,102970.0,222,3
94,94,102949.0,242,4
95,95,102921.0,270,4
96,96,102854.0,336,5
97,97,102850.0,340,5
98,98,102838.0,350,7
99,99,102782.0,406,7
100,100,102763.0,425,7
101,101,102733.0,452,10
102,102,102712.0,473,10
103,103,102705.0,480,10
104,104,102684.0,500,11
105,105,102667.0,517,11
106,106,102641.0,541,13
107,107,102627.0,553,15
108,108,102622.0,558,15
109,109,102609.0,571,15
110,110,102489.0,690,16
111,111,102485.0,694,16
112,112,102440.0,738,17
113,113,102424.0,754,17
114,114,102399.0,777,19
115,115,102374.0,801,20
116,116,102356.0,818,21
117,117,102337.0,837,21
118,118,102335.0,839,21
119,119,102330.0,844,21
120,120,102329.0,844,22
121,121,102319.0,854,22
122,122,102314.0,859,22
123,123,102281.0,892,22
124,124,102265.0,908,22
125,125,102265.0,908,22
126,126,102260.0,910,25
127,127,102246.0,919,30
128,128,102234.0,931,30
