,Days,S,I,D
0,0,26427.0,0,0
1,1,26427.0,0,0
2,2,26427.0,0,0
3,3,26427.0,0,0
4,4,26427.0,0,0
5,5,26427.0,0,0
6,6,26427.0,0,0
7,7,26427.0,0,0
8,8,26427.0,0,0
9,9,26427.0,0,0
10,10,26427.0,0,0
11,11,26427.0,0,0
12,12,26427.0,0,0
13,13,26427.0,0,0
14,14,26427.0,0,0
15,15,26427.0,0,0
16,16,26427.0,0,0
17,17,26427.0,0,0
18,18,26427.0,0,0
19,19,26427.0,0,0
20,20,26427.0,0,0
21,21,26427.0,0,0
22,22,26427.0,0,0
23,23,26427.0,0,0
24,24,26427.0,0,0
25,25,26427.0,0,0
26,26,26427.0,0,0
27,27,26427.0,0,0
28,28,26427.0,0,0
29,29,26427.0,0,0
30,30,26427.0,0,0
31,31,26427.0,0,0
32,32,26427.0,0,0
33,33,26427.0,0,0
34,34,26427.0,0,0
35,35,26427.0,0,0
36,36,26427.0,0,0
37,37,26427.0,0,0
38,38,26427.0,0,0
39,39,26427.0,0,0
40,40,26427.0,0,0
41,41,26427.0,0,0
42,42,26427.0,0,0
43,43,26427.0,0,0
44,44,26427.0,0,0
45,45,26427.0,0,0
46,46,26427.0,0,0
47,47,26427.0,0,0
48,48,26427.0,0,0
49,49,26427.0,0,0
50,50,26427.0,0,0
51,51,26427.0,0,0
52,52,26427.0,0,0
53,53,26427.0,0,0
54,54,26427.0,0,0
55,55,26427.0,0,0
56,56,26427.0,0,0
57,57,26425.0,2,0
58,58,26424.0,3,0
59,59,26424.0,3,0
60,60,26424.0,3,0
61,61,26422.0,4,1
62,62,26422.0,4,1
63,63,26419.0,7,1
64,64,26418.0,8,1
65,65,26415.0,11,1
66,66,26414.0,12,1
67,67,26414.0,12,1
68,68,26414.0,12,1
69,69,26413.0,13,1
70,70,26412.0,14,1
71,71,26407.0,19,1
72,72,26401.0,23,3
73,73,26383.0,40,4
74,74,26380.0,40,7
75,75,26375.0,45,7
76,76,26368.0,52,7
77,77,26364.0,54,9
78,78,26361.0,57,9
79,79,26357.0,61,9
80,80,26352.0,66,9
81,81,26350.0,68,9
82,82,26346.0,72,9
83,83,26342.0,76,9
84,84,26340.0,78,9
85,85,26337.0,81,9
86,86,26335.0,83,9
87,87,26331.0,86,10
88,88,26329.0,88,10
89,89,26327.0,90,10
90,90,26325.0,90,12
91,91,26325.0,90,12
92,92,26325.0,90,12
93,93,26323.0,91,13
94,94,26321.0,91,15
95,95,26321.0,91,15
96,96,26317.0,94,16
97,97,26317.0,94,16
98,98,26315.0,96,16
99,99,26311.0,98,18
100,100,26300.0,108,19
101,101,26298.0,110,19
102,102,26295.0,110,22
103,103,26294.0,111,22
104,104,26289.0,115,23
105,105,26285.0,118,24
106,106,26285.0,118,24
107,107,26284.0,119,24
108,108,26280.0,122,25
109,109,26278.0,123,26
110,110,26276.0,123,28
111,111,26275.0,124,28
112,112,26273.0,124,30
113,113,26249.0,148,30
114,114,26249.0,148,30
115,115,26249.0,148,30
116,116,26249.0,148,30
117,117,26249.0,148,30
118,118,26249.0,148,30
119,119,26248.0,149,30
120,120,26245.0,152,30
121,121,26245.0,152,30
122,122,26243.0,154,30
123,123,26243.0,154,30
124,124,26241.0,156,30
125,125,26240.0,157,30
126,126,26239.0,158,30
127,127,26237.0,159,31
128,128,26236.0,161,30
