,Days,S,I,D
0,0,195348.0,0,0
1,1,195348.0,0,0
2,2,195348.0,0,0
3,3,195348.0,0,0
4,4,195348.0,0,0
5,5,195348.0,0,0
6,6,195348.0,0,0
7,7,195348.0,0,0
8,8,195348.0,0,0
9,9,195348.0,0,0
10,10,195348.0,0,0
11,11,195348.0,0,0
12,12,195348.0,0,0
13,13,195348.0,0,0
14,14,195348.0,0,0
15,15,195348.0,0,0
16,16,195348.0,0,0
17,17,195348.0,0,0
18,18,195348.0,0,0
19,19,195348.0,0,0
20,20,195348.0,0,0
21,21,195348.0,0,0
22,22,195348.0,0,0
23,23,195348.0,0,0
24,24,195348.0,0,0
25,25,195348.0,0,0
26,26,195348.0,0,0
27,27,195348.0,0,0
28,28,195348.0,0,0
29,29,195348.0,0,0
30,30,195348.0,0,0
31,31,195348.0,0,0
32,32,195348.0,0,0
33,33,195348.0,0,0
34,34,195348.0,0,0
35,35,195348.0,0,0
36,36,195348.0,0,0
37,37,195348.0,0,0
38,38,195348.0,0,0
39,39,195348.0,0,0
40,40,195348.0,0,0
41,41,195348.0,0,0
42,42,195348.0,0,0
43,43,195348.0,0,0
44,44,195348.0,0,0
45,45,195348.0,0,0
46,46,195348.0,0,0
47,47,195348.0,0,0
48,48,195348.0,0,0
49,49,195348.0,0,0
50,50,195348.0,0,0
51,51,195348.0,0,0
52,52,195348.0,0,0
53,53,195347.0,1,0
54,54,195345.0,3,0
55,55,195345.0,3,0
56,56,195345.0,3,0
57,57,195343.0,4,1
58,58,195343.0,4,1
59,59,195343.0,4,1
60,60,195343.0,4,1
61,61,195343.0,4,1
62,62,195342.0,5,1
63,63,195342.0,5,1
64,64,195340.0,7,1
65,65,195340.0,7,1
66,66,195339.0,8,1
67,67,195338.0,9,1
68,68,195335.0,12,1
69,69,195333.0,14,1
70,70,195329.0,17,2
71,71,195328.0,18,2
72,72,195326.0,20,2
73,73,195321.0,25,2
74,74,195317.0,29,2
75,75,195315.0,31,2
76,76,195314.0,32,2
77,77,195313.0,33,2
78,78,195307.0,39,2
79,79,195304.0,42,2
80,80,195303.0,43,2
81,81,195303.0,43,2
82,82,195298.0,48,2
83,83,195295.0,50,3
84,84,195295.0,50,3
85,85,195291.0,54,3
86,86,195287.0,58,3
87,87,195284.0,61,3
88,88,195282.0,62,4
89,89,195280.0,64,4
90,90,195276.0,68,4
91,91,195275.0,69,4
92,92,195267.0,76,5
93,93,195261.0,81,6
94,94,195247.0,95,6
95,95,195238.0,104,6
96,96,195227.0,113,8
97,97,195181.0,159,8
98,98,195170.0,169,9
99,99,195161.0,178,9
100,100,195143.0,195,10
101,101,195130.0,207,11
102,102,195129.0,208,11
103,103,195125.0,212,11
104,104,195118.0,216,14
105,105,195103.0,231,14
106,106,195096.0,237,15
107,107,195076.0,253,19
108,108,195073.0,256,19
109,109,195071.0,258,19
110,110,195067.0,262,19
111,111,195051.0,276,21
112,112,195046.0,279,23
113,113,195035.0,289,24
114,114,195024.0,299,25
115,115,195019.0,304,25
116,116,195016.0,307,25
117,117,195014.0,309,25
118,118,195012.0,311,25
119,119,195004.0,319,25
120,120,194998.0,324,26
121,121,194997.0,325,26
122,122,194994.0,328,26
123,123,194993.0,329,26
124,124,194991.0,331,26
125,125,194990.0,332,26
126,126,194984.0,337,27
127,127,194977.0,343,28
128,128,194973.0,346,29
