,Days,S,I,D
0,0,382378.0,0,0
1,1,382378.0,0,0
2,2,382378.0,0,0
3,3,382378.0,0,0
4,4,382378.0,0,0
5,5,382378.0,0,0
6,6,382378.0,0,0
7,7,382378.0,0,0
8,8,382378.0,0,0
9,9,382378.0,0,0
10,10,382378.0,0,0
11,11,382378.0,0,0
12,12,382378.0,0,0
13,13,382378.0,0,0
14,14,382378.0,0,0
15,15,382378.0,0,0
16,16,382378.0,0,0
17,17,382378.0,0,0
18,18,382378.0,0,0
19,19,382378.0,0,0
20,20,382378.0,0,0
21,21,382378.0,0,0
22,22,382378.0,0,0
23,23,382378.0,0,0
24,24,382378.0,0,0
25,25,382378.0,0,0
26,26,382378.0,0,0
27,27,382378.0,0,0
28,28,382378.0,0,0
29,29,382378.0,0,0
30,30,382378.0,0,0
31,31,382378.0,0,0
32,32,382378.0,0,0
33,33,382378.0,0,0
34,34,382378.0,0,0
35,35,382378.0,0,0
36,36,382378.0,0,0
37,37,382378.0,0,0
38,38,382378.0,0,0
39,39,382378.0,0,0
40,40,382378.0,0,0
41,41,382378.0,0,0
42,42,382378.0,0,0
43,43,382378.0,0,0
44,44,382378.0,0,0
45,45,382378.0,0,0
46,46,382378.0,0,0
47,47,382378.0,0,0
48,48,382378.0,0,0
49,49,382378.0,0,0
50,50,382378.0,0,0
51,51,382377.0,1,0
52,52,382374.0,4,0
53,53,382372.0,6,0
54,54,382372.0,6,0
55,55,382372.0,6,0
56,56,382370.0,8,0
57,57,382370.0,8,0
58,58,382366.0,12,0
59,59,382362.0,16,0
60,60,382361.0,17,0
61,61,382361.0,17,0
62,62,382360.0,18,0
63,63,382360.0,18,0
64,64,382357.0,21,0
65,65,382355.0,23,0
66,66,382353.0,25,0
67,67,382351.0,27,0
68,68,382348.0,30,0
69,69,382342.0,36,0
70,70,382337.0,41,0
71,71,382333.0,45,0
72,72,382328.0,49,1
73,73,382318.0,59,1
74,74,382308.0,68,2
75,75,382301.0,75,2
76,76,382284.0,92,2
77,77,382274.0,102,2
78,78,382268.0,108,2
79,79,382264.0,112,2
80,80,382261.0,115,2
81,81,382259.0,117,2
82,82,382255.0,121,2
83,83,382249.0,127,2
84,84,382243.0,133,2
85,85,382228.0,148,2
86,86,382221.0,155,2
87,87,382212.0,164,2
88,88,382210.0,166,2
89,89,382196.0,180,2
90,90,382192.0,184,2
91,91,382182.0,192,4
92,92,382173.0,201,4
93,93,382166.0,208,4
94,94,382158.0,216,4
95,95,382149.0,225,4
96,96,382140.0,234,4
97,97,382119.0,254,5
98,98,382110.0,261,7
99,99,382090.0,281,7
100,100,382075.0,296,7
101,101,382053.0,318,7
102,102,382043.0,328,7
103,103,382037.0,334,7
104,104,382024.0,346,8
105,105,382007.0,361,10
106,106,381994.0,372,12
107,107,381962.0,404,12
108,108,381929.0,436,13
109,109,381913.0,452,13
110,110,381886.0,479,13
111,111,381868.0,496,14
112,112,381854.0,509,15
113,113,381820.0,542,16
114,114,381804.0,558,16
115,115,381784.0,578,16
116,116,381771.0,591,16
117,117,381752.0,610,16
118,118,381722.0,639,17
119,119,381688.0,671,19
120,120,381656.0,699,23
121,121,381621.0,734,23
122,122,381603.0,750,25
123,123,381577.0,776,25
124,124,381551.0,802,25
125,125,381536.0,817,25
126,126,381526.0,826,26
127,127,381503.0,847,28
128,128,381487.0,862,29
