,Days,S,I,D
0,0,34205.0,0,0
1,1,34205.0,0,0
2,2,34205.0,0,0
3,3,34205.0,0,0
4,4,34205.0,0,0
5,5,34205.0,0,0
6,6,34205.0,0,0
7,7,34205.0,0,0
8,8,34205.0,0,0
9,9,34205.0,0,0
10,10,34205.0,0,0
11,11,34205.0,0,0
12,12,34205.0,0,0
13,13,34205.0,0,0
14,14,34205.0,0,0
15,15,34205.0,0,0
16,16,34205.0,0,0
17,17,34205.0,0,0
18,18,34205.0,0,0
19,19,34205.0,0,0
20,20,34205.0,0,0
21,21,34205.0,0,0
22,22,34205.0,0,0
23,23,34205.0,0,0
24,24,34205.0,0,0
25,25,34205.0,0,0
26,26,34205.0,0,0
27,27,34205.0,0,0
28,28,34205.0,0,0
29,29,34205.0,0,0
30,30,34205.0,0,0
31,31,34205.0,0,0
32,32,34205.0,0,0
33,33,34205.0,0,0
34,34,34205.0,0,0
35,35,34205.0,0,0
36,36,34205.0,0,0
37,37,34205.0,0,0
38,38,34205.0,0,0
39,39,34205.0,0,0
40,40,34205.0,0,0
41,41,34205.0,0,0
42,42,34205.0,0,0
43,43,34205.0,0,0
44,44,34205.0,0,0
45,45,34205.0,0,0
46,46,34205.0,0,0
47,47,34205.0,0,0
48,48,34205.0,0,0
49,49,34205.0,0,0
50,50,34205.0,0,0
51,51,34205.0,0,0
52,52,34205.0,0,0
53,53,34205.0,0,0
54,54,34205.0,0,0
55,55,34205.0,0,0
56,56,34205.0,0,0
57,57,34205.0,0,0
58,58,34205.0,0,0
59,59,34204.0,1,0
60,60,34201.0,4,0
61,61,34201.0,4,0
62,62,34201.0,4,0
63,63,34201.0,4,0
64,64,34199.0,6,0
65,65,34199.0,6,0
66,66,34199.0,6,0
67,67,34196.0,9,0
68,68,34194.0,11,0
69,69,34194.0,11,0
70,70,34192.0,13,0
71,71,34191.0,14,0
72,72,34191.0,14,0
73,73,34191.0,14,0
74,74,34189.0,16,0
75,75,34187.0,18,0
76,76,34183.0,21,1
77,77,34178.0,26,1
78,78,34171.0,32,2
79,79,34161.0,41,3
80,80,34161.0,41,3
81,81,34155.0,46,4
82,82,34152.0,49,4
83,83,34145.0,56,4
84,84,34120.0,81,4
85,85,34113.0,86,6
86,86,34104.0,95,6
87,87,34098.0,101,6
88,88,34098.0,101,6
89,89,34092.0,107,6
90,90,34090.0,109,6
91,91,34077.0,121,7
92,92,34073.0,125,7
93,93,34066.0,132,7
94,94,34061.0,136,8
95,95,34060.0,136,9
96,96,34060.0,136,9
97,97,34060.0,136,9
98,98,34055.0,141,9
99,99,34054.0,141,10
100,100,34051.0,143,11
101,101,34044.0,150,11
102,102,34043.0,151,11
103,103,34040.0,154,11
104,104,34038.0,155,12
105,105,34027.0,166,12
106,106,34014.0,179,12
107,107,34014.0,179,12
108,108,34009.0,184,12
109,109,34005.0,186,14
110,110,34005.0,186,14
111,111,34002.0,189,14
112,112,33999.0,191,15
113,113,33995.0,194,16
114,114,33991.0,197,17
115,115,33985.0,202,18
116,116,33970.0,217,18
117,117,33969.0,218,18
118,118,33969.0,218,18
119,119,33965.0,222,18
120,120,33962.0,224,19
121,121,33955.0,231,19
122,122,33947.0,238,20
123,123,33942.0,243,20
124,124,33940.0,245,20
125,125,33936.0,248,21
126,126,33933.0,250,22
127,127,33931.0,250,24
128,128,33928.0,250,27
