,Days,S,I,D
0,0,549815.0,0,0
1,1,549815.0,0,0
2,2,549815.0,0,0
3,3,549815.0,0,0
4,4,549815.0,0,0
5,5,549815.0,0,0
6,6,549815.0,0,0
7,7,549815.0,0,0
8,8,549815.0,0,0
9,9,549815.0,0,0
10,10,549815.0,0,0
11,11,549815.0,0,0
12,12,549815.0,0,0
13,13,549815.0,0,0
14,14,549815.0,0,0
15,15,549815.0,0,0
16,16,549815.0,0,0
17,17,549815.0,0,0
18,18,549815.0,0,0
19,19,549815.0,0,0
20,20,549815.0,0,0
21,21,549815.0,0,0
22,22,549815.0,0,0
23,23,549815.0,0,0
24,24,549815.0,0,0
25,25,549815.0,0,0
26,26,549815.0,0,0
27,27,549815.0,0,0
28,28,549815.0,0,0
29,29,549815.0,0,0
30,30,549815.0,0,0
31,31,549815.0,0,0
32,32,549815.0,0,0
33,33,549815.0,0,0
34,34,549815.0,0,0
35,35,549815.0,0,0
36,36,549815.0,0,0
37,37,549815.0,0,0
38,38,549815.0,0,0
39,39,549815.0,0,0
40,40,549815.0,0,0
41,41,549815.0,0,0
42,42,549815.0,0,0
43,43,549815.0,0,0
44,44,549815.0,0,0
45,45,549815.0,0,0
46,46,549815.0,0,0
47,47,549815.0,0,0
48,48,549815.0,0,0
49,49,549815.0,0,0
50,50,549813.0,2,0
51,51,549813.0,2,0
52,52,549813.0,2,0
53,53,549813.0,2,0
54,54,549812.0,3,0
55,55,549811.0,4,0
56,56,549810.0,5,0
57,57,549810.0,5,0
58,58,549810.0,5,0
59,59,549810.0,5,0
60,60,549807.0,8,0
61,61,549805.0,10,0
62,62,549804.0,11,0
63,63,549803.0,12,0
64,64,549798.0,17,0
65,65,549792.0,23,0
66,66,549786.0,29,0
67,67,549784.0,31,0
68,68,549782.0,33,0
69,69,549776.0,39,0
70,70,549771.0,44,0
71,71,549765.0,50,0
72,72,549757.0,58,0
73,73,549750.0,65,0
74,74,549744.0,71,0
75,75,549734.0,81,0
76,76,549725.0,90,0
77,77,549720.0,95,0
78,78,549712.0,103,0
79,79,549698.0,116,1
80,80,549692.0,121,2
81,81,549682.0,131,2
82,82,549667.0,146,2
83,83,549648.0,163,4
84,84,549634.0,177,4
85,85,549624.0,187,4
86,86,549605.0,206,4
87,87,549590.0,221,4
88,88,549585.0,226,4
89,89,549579.0,232,4
90,90,549575.0,236,4
91,91,549559.0,251,5
92,92,549552.0,258,5
93,93,549546.0,264,5
94,94,549524.0,286,5
95,95,549516.0,294,5
96,96,549496.0,312,7
97,97,549481.0,324,10
98,98,549465.0,339,11
99,99,549428.0,374,13
100,100,549422.0,380,13
101,101,549401.0,400,14
102,102,549390.0,411,14
103,103,549372.0,428,15
104,104,549367.0,433,15
105,105,549337.0,461,17
106,106,549320.0,476,19
107,107,549308.0,488,19
108,108,549299.0,496,20
109,109,549293.0,501,21
110,110,549286.0,508,21
111,111,549276.0,517,22
112,112,549266.0,526,23
113,113,549255.0,537,23
114,114,549247.0,544,24
115,115,549232.0,559,24
116,116,549220.0,571,24
117,117,549202.0,587,26
118,118,549196.0,593,26
119,119,549191.0,598,26
120,120,549176.0,611,28
121,121,549166.0,621,28
122,122,549158.0,629,28
123,123,549141.0,646,28
124,124,549128.0,659,28
125,125,549117.0,670,28
126,126,549110.0,677,28
127,127,549104.0,683,28
128,128,549088.0,699,28
