,Days,S,I,D
0,0,65256.0,0,0
1,1,65256.0,0,0
2,2,65256.0,0,0
3,3,65256.0,0,0
4,4,65256.0,0,0
5,5,65256.0,0,0
6,6,65256.0,0,0
7,7,65256.0,0,0
8,8,65256.0,0,0
9,9,65256.0,0,0
10,10,65256.0,0,0
11,11,65256.0,0,0
12,12,65256.0,0,0
13,13,65256.0,0,0
14,14,65256.0,0,0
15,15,65256.0,0,0
16,16,65256.0,0,0
17,17,65256.0,0,0
18,18,65256.0,0,0
19,19,65256.0,0,0
20,20,65256.0,0,0
21,21,65256.0,0,0
22,22,65256.0,0,0
23,23,65256.0,0,0
24,24,65256.0,0,0
25,25,65256.0,0,0
26,26,65256.0,0,0
27,27,65256.0,0,0
28,28,65256.0,0,0
29,29,65256.0,0,0
30,30,65256.0,0,0
31,31,65256.0,0,0
32,32,65256.0,0,0
33,33,65256.0,0,0
34,34,65256.0,0,0
35,35,65256.0,0,0
36,36,65256.0,0,0
37,37,65256.0,0,0
38,38,65256.0,0,0
39,39,65256.0,0,0
40,40,65256.0,0,0
41,41,65256.0,0,0
42,42,65256.0,0,0
43,43,65256.0,0,0
44,44,65256.0,0,0
45,45,65256.0,0,0
46,46,65256.0,0,0
47,47,65256.0,0,0
48,48,65256.0,0,0
49,49,65256.0,0,0
50,50,65256.0,0,0
51,51,65256.0,0,0
52,52,65256.0,0,0
53,53,65256.0,0,0
54,54,65256.0,0,0
55,55,65256.0,0,0
56,56,65256.0,0,0
57,57,65256.0,0,0
58,58,65255.0,1,0
59,59,65255.0,1,0
60,60,65255.0,1,0
61,61,65253.0,3,0
62,62,65252.0,4,0
63,63,65252.0,4,0
64,64,65252.0,4,0
65,65,65251.0,5,0
66,66,65251.0,5,0
67,67,65250.0,6,0
68,68,65249.0,7,0
69,69,65248.0,8,0
70,70,65247.0,9,0
71,71,65246.0,10,0
72,72,65245.0,11,0
73,73,65244.0,12,0
74,74,65237.0,19,0
75,75,65231.0,25,0
76,76,65228.0,28,0
77,77,65224.0,32,0
78,78,65216.0,40,0
79,79,65214.0,42,0
80,80,65207.0,49,0
81,81,65203.0,53,0
82,82,65165.0,91,0
83,83,65146.0,110,0
84,84,65092.0,164,0
85,85,64979.0,276,1
86,86,64827.0,428,1
87,87,64272.0,983,1
88,88,63421.0,1834,1
89,89,63182.0,2073,1
90,90,63123.0,2132,1
91,91,63116.0,2137,3
92,92,63092.0,2161,3
93,93,63083.0,2169,4
94,94,63080.0,2172,4
95,95,63074.0,2178,4
96,96,63064.0,2188,4
97,97,63061.0,2191,4
98,98,63056.0,2196,4
99,99,63056.0,2196,4
100,100,62976.0,2276,4
101,101,62958.0,2294,4
102,102,62923.0,2329,4
103,103,62920.0,2332,4
104,104,62912.0,2335,9
105,105,62896.0,2347,13
106,106,62893.0,2350,13
107,107,62877.0,2366,13
108,108,62862.0,2381,13
109,109,62856.0,2387,13
110,110,62838.0,2404,14
111,111,62830.0,2412,14
112,112,62822.0,2419,15
113,113,62810.0,2431,15
114,114,62805.0,2436,15
115,115,62792.0,2449,15
116,116,62741.0,2500,15
117,117,62728.0,2513,15
118,118,62717.0,2524,15
119,119,62698.0,2540,18
120,120,62681.0,2557,18
121,121,62657.0,2581,18
122,122,62627.0,2608,21
123,123,62618.0,2617,21
124,124,62616.0,2619,21
125,125,62610.0,2623,23
126,126,62605.0,2628,23
127,127,62589.0,2642,25
128,128,62571.0,2657,28
