,Days,S,I,D
0,0,205560.0,0,0
1,1,205560.0,0,0
2,2,205560.0,0,0
3,3,205560.0,0,0
4,4,205560.0,0,0
5,5,205560.0,0,0
6,6,205560.0,0,0
7,7,205560.0,0,0
8,8,205560.0,0,0
9,9,205560.0,0,0
10,10,205560.0,0,0
11,11,205560.0,0,0
12,12,205560.0,0,0
13,13,205560.0,0,0
14,14,205560.0,0,0
15,15,205560.0,0,0
16,16,205560.0,0,0
17,17,205560.0,0,0
18,18,205560.0,0,0
19,19,205560.0,0,0
20,20,205560.0,0,0
21,21,205560.0,0,0
22,22,205560.0,0,0
23,23,205560.0,0,0
24,24,205560.0,0,0
25,25,205560.0,0,0
26,26,205560.0,0,0
27,27,205560.0,0,0
28,28,205560.0,0,0
29,29,205560.0,0,0
30,30,205560.0,0,0
31,31,205560.0,0,0
32,32,205560.0,0,0
33,33,205560.0,0,0
34,34,205560.0,0,0
35,35,205560.0,0,0
36,36,205560.0,0,0
37,37,205560.0,0,0
38,38,205560.0,0,0
39,39,205560.0,0,0
40,40,205560.0,0,0
41,41,205560.0,0,0
42,42,205560.0,0,0
43,43,205560.0,0,0
44,44,205560.0,0,0
45,45,205560.0,0,0
46,46,205560.0,0,0
47,47,205560.0,0,0
48,48,205560.0,0,0
49,49,205560.0,0,0
50,50,205560.0,0,0
51,51,205560.0,0,0
52,52,205560.0,0,0
53,53,205560.0,0,0
54,54,205560.0,0,0
55,55,205560.0,0,0
56,56,205560.0,0,0
57,57,205560.0,0,0
58,58,205559.0,1,0
59,59,205559.0,1,0
60,60,205559.0,1,0
61,61,205556.0,4,0
62,62,205556.0,4,0
63,63,205555.0,5,0
64,64,205551.0,9,0
65,65,205551.0,9,0
66,66,205549.0,11,0
67,67,205548.0,12,0
68,68,205548.0,12,0
69,69,205539.0,20,1
70,70,205535.0,23,2
71,71,205530.0,27,3
72,72,205528.0,29,3
73,73,205526.0,31,3
74,74,205522.0,35,3
75,75,205521.0,36,3
76,76,205514.0,43,3
77,77,205511.0,46,3
78,78,205501.0,56,3
79,79,205496.0,61,3
80,80,205486.0,71,3
81,81,205474.0,83,3
82,82,205468.0,89,3
83,83,205457.0,100,3
84,84,205452.0,105,3
85,85,205434.0,123,3
86,86,205427.0,130,3
87,87,205409.0,148,3
88,88,205405.0,152,3
89,89,205393.0,164,3
90,90,205378.0,179,3
91,91,205372.0,185,3
92,92,205372.0,185,3
93,93,205346.0,211,3
94,94,205319.0,238,3
95,95,205312.0,245,3
96,96,205310.0,247,3
97,97,205288.0,269,3
98,98,205272.0,281,7
99,99,205266.0,287,7
100,100,205258.0,293,9
101,101,205256.0,295,9
102,102,205237.0,311,12
103,103,205226.0,321,13
104,104,205205.0,342,13
105,105,205183.0,361,16
106,106,205157.0,387,16
107,107,205134.0,410,16
108,108,205106.0,436,18
109,109,205058.0,484,18
110,110,205048.0,494,18
111,111,205014.0,525,21
112,112,204990.0,549,21
113,113,204949.0,589,22
114,114,204929.0,609,22
115,115,204899.0,638,23
116,116,204869.0,668,23
117,117,204850.0,687,23
118,118,204803.0,733,24
119,119,204757.0,777,26
120,120,204689.0,844,27
121,121,204630.0,903,27
122,122,204595.0,938,27
123,123,204542.0,991,27
124,124,204525.0,1008,27
125,125,204475.0,1057,28
126,126,204462.0,1070,28
127,127,204431.0,1101,28
128,128,204369.0,1163,28
