,Days,S,I,D
0,0,158823.0,0,0
1,1,158823.0,0,0
2,2,158823.0,0,0
3,3,158823.0,0,0
4,4,158823.0,0,0
5,5,158823.0,0,0
6,6,158823.0,0,0
7,7,158823.0,0,0
8,8,158823.0,0,0
9,9,158823.0,0,0
10,10,158823.0,0,0
11,11,158823.0,0,0
12,12,158823.0,0,0
13,13,158823.0,0,0
14,14,158823.0,0,0
15,15,158823.0,0,0
16,16,158823.0,0,0
17,17,158823.0,0,0
18,18,158823.0,0,0
19,19,158823.0,0,0
20,20,158823.0,0,0
21,21,158823.0,0,0
22,22,158823.0,0,0
23,23,158823.0,0,0
24,24,158823.0,0,0
25,25,158823.0,0,0
26,26,158823.0,0,0
27,27,158823.0,0,0
28,28,158823.0,0,0
29,29,158823.0,0,0
30,30,158823.0,0,0
31,31,158823.0,0,0
32,32,158823.0,0,0
33,33,158823.0,0,0
34,34,158823.0,0,0
35,35,158823.0,0,0
36,36,158823.0,0,0
37,37,158823.0,0,0
38,38,158823.0,0,0
39,39,158823.0,0,0
40,40,158823.0,0,0
41,41,158823.0,0,0
42,42,158823.0,0,0
43,43,158823.0,0,0
44,44,158823.0,0,0
45,45,158823.0,0,0
46,46,158823.0,0,0
47,47,158823.0,0,0
48,48,158823.0,0,0
49,49,158823.0,0,0
50,50,158823.0,0,0
51,51,158823.0,0,0
52,52,158823.0,0,0
53,53,158823.0,0,0
54,54,158823.0,0,0
55,55,158822.0,1,0
56,56,158822.0,1,0
57,57,158822.0,1,0
58,58,158822.0,1,0
59,59,158822.0,1,0
60,60,158822.0,1,0
61,61,158822.0,1,0
62,62,158817.0,6,0
63,63,158811.0,12,0
64,64,158807.0,16,0
65,65,158807.0,16,0
66,66,158803.0,20,0
67,67,158799.0,24,0
68,68,158785.0,37,1
69,69,158775.0,47,1
70,70,158765.0,56,2
71,71,158754.0,67,2
72,72,158751.0,69,3
73,73,158739.0,81,3
74,74,158730.0,90,3
75,75,158716.0,103,4
76,76,158705.0,114,4
77,77,158693.0,126,4
78,78,158688.0,131,4
79,79,158679.0,140,4
80,80,158667.0,152,4
81,81,158648.0,171,4
82,82,158647.0,172,4
83,83,158633.0,183,7
84,84,158620.0,195,8
85,85,158606.0,209,8
86,86,158587.0,227,9
87,87,158582.0,232,9
88,88,158565.0,248,10
89,89,158553.0,260,10
90,90,158531.0,280,12
91,91,158522.0,289,12
92,92,158511.0,298,14
93,93,158495.0,313,15
94,94,158484.0,323,16
95,95,158480.0,327,16
96,96,158464.0,341,18
97,97,158463.0,342,18
98,98,158453.0,351,19
99,99,158440.0,361,22
100,100,158440.0,361,22
101,101,158438.0,361,24
102,102,158438.0,361,24
103,103,158435.0,363,25
104,104,158431.0,367,25
105,105,158425.0,373,25
106,106,158418.0,380,25
107,107,158417.0,381,25
108,108,158408.0,389,26
109,109,158404.0,393,26
110,110,158397.0,400,26
111,111,158396.0,401,26
112,112,158392.0,405,26
113,113,158386.0,411,26
114,114,158383.0,414,26
115,115,158383.0,414,26
116,116,158382.0,415,26
117,117,158382.0,415,26
118,118,158379.0,418,26
119,119,158376.0,421,26
120,120,158372.0,425,26
121,121,158367.0,430,26
122,122,158365.0,432,26
123,123,158361.0,436,26
124,124,158359.0,438,26
125,125,158359.0,438,26
126,126,158358.0,439,26
127,127,158351.0,445,27
128,128,158348.0,447,28
