,Days,S,I,D
0,0,76351.0,0,0
1,1,76351.0,0,0
2,2,76351.0,0,0
3,3,76351.0,0,0
4,4,76351.0,0,0
5,5,76351.0,0,0
6,6,76351.0,0,0
7,7,76351.0,0,0
8,8,76351.0,0,0
9,9,76351.0,0,0
10,10,76351.0,0,0
11,11,76351.0,0,0
12,12,76351.0,0,0
13,13,76351.0,0,0
14,14,76351.0,0,0
15,15,76351.0,0,0
16,16,76351.0,0,0
17,17,76351.0,0,0
18,18,76351.0,0,0
19,19,76351.0,0,0
20,20,76351.0,0,0
21,21,76351.0,0,0
22,22,76351.0,0,0
23,23,76351.0,0,0
24,24,76351.0,0,0
25,25,76351.0,0,0
26,26,76351.0,0,0
27,27,76351.0,0,0
28,28,76351.0,0,0
29,29,76351.0,0,0
30,30,76351.0,0,0
31,31,76351.0,0,0
32,32,76351.0,0,0
33,33,76351.0,0,0
34,34,76351.0,0,0
35,35,76351.0,0,0
36,36,76351.0,0,0
37,37,76351.0,0,0
38,38,76351.0,0,0
39,39,76351.0,0,0
40,40,76351.0,0,0
41,41,76351.0,0,0
42,42,76351.0,0,0
43,43,76351.0,0,0
44,44,76351.0,0,0
45,45,76351.0,0,0
46,46,76351.0,0,0
47,47,76351.0,0,0
48,48,76351.0,0,0
49,49,76351.0,0,0
50,50,76351.0,0,0
51,51,76351.0,0,0
52,52,76351.0,0,0
53,53,76351.0,0,0
54,54,76351.0,0,0
55,55,76351.0,0,0
56,56,76351.0,0,0
57,57,76351.0,0,0
58,58,76350.0,1,0
59,59,76350.0,1,0
60,60,76349.0,2,0
61,61,76348.0,3,0
62,62,76347.0,4,0
63,63,76342.0,8,1
64,64,76337.0,13,1
65,65,76337.0,13,1
66,66,76331.0,19,1
67,67,76328.0,22,1
68,68,76324.0,26,1
69,69,76323.0,26,2
70,70,76316.0,33,2
71,71,76312.0,37,2
72,72,76308.0,41,2
73,73,76292.0,57,2
74,74,76288.0,61,2
75,75,76277.0,72,2
76,76,76260.0,89,2
77,77,76250.0,99,2
78,78,76249.0,100,2
79,79,76238.0,109,4
80,80,76233.0,112,6
81,81,76227.0,118,6
82,82,76227.0,118,6
83,83,76224.0,121,6
84,84,76218.0,127,6
85,85,76218.0,127,6
86,86,76213.0,132,6
87,87,76210.0,135,6
88,88,76201.0,143,7
89,89,76195.0,149,7
90,90,76195.0,149,7
91,91,76193.0,151,7
92,92,76193.0,151,7
93,93,76173.0,171,7
94,94,76167.0,177,7
95,95,76166.0,178,7
96,96,76161.0,183,7
97,97,76140.0,204,7
98,98,76129.0,213,9
99,99,76124.0,218,9
100,100,76115.0,227,9
101,101,76112.0,229,10
102,102,76110.0,230,11
103,103,76109.0,231,11
104,104,76106.0,233,12
105,105,76101.0,236,14
106,106,76094.0,241,16
107,107,76088.0,246,17
108,108,76069.0,264,18
109,109,76069.0,264,18
110,110,76062.0,270,19
111,111,76062.0,270,19
112,112,76055.0,276,20
113,113,76053.0,278,20
114,114,76047.0,282,22
115,115,76041.0,287,23
116,116,76037.0,291,23
117,117,76036.0,292,23
118,118,76026.0,301,24
119,119,76022.0,303,26
120,120,76014.0,310,27
121,121,76012.0,312,27
122,122,76009.0,315,27
123,123,76007.0,317,27
124,124,76005.0,319,27
125,125,76003.0,321,27
126,126,76001.0,323,27
127,127,75997.0,327,27
128,128,75996.0,327,28
