,Days,S,I,D
0,0,155350.0,0,0
1,1,155350.0,0,0
2,2,155350.0,0,0
3,3,155350.0,0,0
4,4,155350.0,0,0
5,5,155350.0,0,0
6,6,155350.0,0,0
7,7,155350.0,0,0
8,8,155350.0,0,0
9,9,155350.0,0,0
10,10,155350.0,0,0
11,11,155350.0,0,0
12,12,155350.0,0,0
13,13,155350.0,0,0
14,14,155350.0,0,0
15,15,155350.0,0,0
16,16,155350.0,0,0
17,17,155350.0,0,0
18,18,155350.0,0,0
19,19,155350.0,0,0
20,20,155350.0,0,0
21,21,155350.0,0,0
22,22,155350.0,0,0
23,23,155350.0,0,0
24,24,155350.0,0,0
25,25,155350.0,0,0
26,26,155350.0,0,0
27,27,155350.0,0,0
28,28,155350.0,0,0
29,29,155350.0,0,0
30,30,155350.0,0,0
31,31,155350.0,0,0
32,32,155350.0,0,0
33,33,155350.0,0,0
34,34,155350.0,0,0
35,35,155350.0,0,0
36,36,155350.0,0,0
37,37,155350.0,0,0
38,38,155350.0,0,0
39,39,155350.0,0,0
40,40,155350.0,0,0
41,41,155350.0,0,0
42,42,155350.0,0,0
43,43,155350.0,0,0
44,44,155350.0,0,0
45,45,155350.0,0,0
46,46,155350.0,0,0
47,47,155350.0,0,0
48,48,155350.0,0,0
49,49,155350.0,0,0
50,50,155350.0,0,0
51,51,155349.0,1,0
52,52,155349.0,1,0
53,53,155348.0,2,0
54,54,155346.0,4,0
55,55,155345.0,5,0
56,56,155336.0,14,0
57,57,155332.0,18,0
58,58,155329.0,21,0
59,59,155329.0,21,0
60,60,155311.0,39,0
61,61,155306.0,44,0
62,62,155304.0,46,0
63,63,155295.0,55,0
64,64,155287.0,62,1
65,65,155283.0,66,1
66,66,155277.0,72,1
67,67,155273.0,76,1
68,68,155269.0,80,1
69,69,155264.0,85,1
70,70,155256.0,93,1
71,71,155244.0,101,5
72,72,155235.0,110,5
73,73,155227.0,117,6
74,74,155216.0,128,6
75,75,155205.0,138,7
76,76,155197.0,145,8
77,77,155193.0,149,8
78,78,155174.0,167,9
79,79,155150.0,191,9
80,80,155146.0,194,10
81,81,155141.0,199,10
82,82,155134.0,204,12
83,83,155103.0,235,12
84,84,155101.0,237,12
85,85,155093.0,245,12
86,86,155088.0,250,12
87,87,155079.0,259,12
88,88,155069.0,268,13
89,89,155068.0,269,13
90,90,155064.0,273,13
91,91,155056.0,280,14
92,92,155046.0,288,16
93,93,155035.0,297,18
94,94,154901.0,431,18
95,95,154882.0,449,19
96,96,154874.0,457,19
97,97,154859.0,469,22
98,98,154849.0,479,22
99,99,154827.0,501,22
100,100,154814.0,514,22
101,101,154807.0,521,22
102,102,154801.0,527,22
103,103,154793.0,535,22
104,104,154790.0,537,23
105,105,154776.0,551,23
106,106,154776.0,551,23
107,107,154769.0,558,23
108,108,154756.0,571,23
109,109,154756.0,571,23
110,110,154752.0,575,23
111,111,154745.0,581,24
112,112,154739.0,587,24
113,113,154728.0,597,25
114,114,154722.0,603,25
115,115,154712.0,613,25
116,116,154705.0,620,25
117,117,154696.0,629,25
118,118,154694.0,631,25
119,119,154691.0,633,26
120,120,154686.0,638,26
121,121,154679.0,645,26
122,122,154676.0,648,26
123,123,154666.0,658,26
124,124,154659.0,664,27
125,125,154655.0,668,27
126,126,154650.0,673,27
127,127,154647.0,676,27
128,128,154642.0,680,28
