,Days,S,I,D
0,0,64265.0,0,0
1,1,64265.0,0,0
2,2,64265.0,0,0
3,3,64265.0,0,0
4,4,64265.0,0,0
5,5,64265.0,0,0
6,6,64265.0,0,0
7,7,64265.0,0,0
8,8,64265.0,0,0
9,9,64265.0,0,0
10,10,64265.0,0,0
11,11,64265.0,0,0
12,12,64265.0,0,0
13,13,64265.0,0,0
14,14,64265.0,0,0
15,15,64265.0,0,0
16,16,64265.0,0,0
17,17,64265.0,0,0
18,18,64265.0,0,0
19,19,64265.0,0,0
20,20,64265.0,0,0
21,21,64265.0,0,0
22,22,64265.0,0,0
23,23,64265.0,0,0
24,24,64265.0,0,0
25,25,64265.0,0,0
26,26,64265.0,0,0
27,27,64265.0,0,0
28,28,64265.0,0,0
29,29,64265.0,0,0
30,30,64265.0,0,0
31,31,64265.0,0,0
32,32,64265.0,0,0
33,33,64265.0,0,0
34,34,64265.0,0,0
35,35,64265.0,0,0
36,36,64265.0,0,0
37,37,64265.0,0,0
38,38,64265.0,0,0
39,39,64265.0,0,0
40,40,64265.0,0,0
41,41,64265.0,0,0
42,42,64265.0,0,0
43,43,64265.0,0,0
44,44,64265.0,0,0
45,45,64265.0,0,0
46,46,64265.0,0,0
47,47,64265.0,0,0
48,48,64265.0,0,0
49,49,64265.0,0,0
50,50,64265.0,0,0
51,51,64265.0,0,0
52,52,64265.0,0,0
53,53,64265.0,0,0
54,54,64265.0,0,0
55,55,64265.0,0,0
56,56,64264.0,1,0
57,57,64264.0,1,0
58,58,64264.0,1,0
59,59,64264.0,1,0
60,60,64264.0,1,0
61,61,64263.0,2,0
62,62,64263.0,2,0
63,63,64263.0,2,0
64,64,64263.0,2,0
65,65,64257.0,8,0
66,66,64252.0,13,0
67,67,64247.0,18,0
68,68,64247.0,18,0
69,69,64247.0,18,0
70,70,64247.0,18,0
71,71,64247.0,18,0
72,72,64246.0,19,0
73,73,64244.0,20,1
74,74,64238.0,26,1
75,75,64238.0,26,1
76,76,64233.0,31,1
77,77,64231.0,33,1
78,78,64224.0,40,1
79,79,64221.0,43,1
80,80,64220.0,44,1
81,81,64218.0,46,1
82,82,64216.0,48,1
83,83,64187.0,77,1
84,84,64185.0,77,3
85,85,64180.0,81,4
86,86,64170.0,91,4
87,87,64167.0,94,4
88,88,64165.0,96,4
89,89,64160.0,101,4
90,90,64159.0,102,4
91,91,64153.0,108,4
92,92,64141.0,119,5
93,93,64138.0,122,5
94,94,64128.0,132,5
95,95,64123.0,135,7
96,96,64111.0,147,7
97,97,64108.0,150,7
98,98,64105.0,152,8
99,99,64081.0,176,8
100,100,64075.0,182,8
101,101,64071.0,185,9
102,102,64067.0,188,10
103,103,64063.0,192,10
104,104,64062.0,192,11
105,105,64053.0,193,19
106,106,64052.0,193,20
107,107,64045.0,199,21
108,108,64042.0,202,21
109,109,64037.0,207,21
110,110,64027.0,217,21
111,111,64022.0,221,22
112,112,64019.0,223,23
113,113,64015.0,227,23
114,114,64012.0,228,25
115,115,64011.0,228,26
116,116,64007.0,232,26
117,117,64005.0,234,26
118,118,64004.0,235,26
119,119,64004.0,235,26
120,120,63997.0,241,27
121,121,63992.0,246,27
122,122,63989.0,249,27
123,123,63988.0,250,27
124,124,63987.0,251,27
125,125,63987.0,251,27
126,126,63986.0,252,27
127,127,63985.0,253,27
128,128,63983.0,254,28
