,Days,S,I,D
0,0,350518.0,0,0
1,1,350518.0,0,0
2,2,350518.0,0,0
3,3,350518.0,0,0
4,4,350518.0,0,0
5,5,350518.0,0,0
6,6,350518.0,0,0
7,7,350518.0,0,0
8,8,350518.0,0,0
9,9,350518.0,0,0
10,10,350518.0,0,0
11,11,350518.0,0,0
12,12,350518.0,0,0
13,13,350518.0,0,0
14,14,350518.0,0,0
15,15,350518.0,0,0
16,16,350518.0,0,0
17,17,350518.0,0,0
18,18,350518.0,0,0
19,19,350518.0,0,0
20,20,350518.0,0,0
21,21,350518.0,0,0
22,22,350518.0,0,0
23,23,350518.0,0,0
24,24,350518.0,0,0
25,25,350518.0,0,0
26,26,350518.0,0,0
27,27,350518.0,0,0
28,28,350518.0,0,0
29,29,350518.0,0,0
30,30,350518.0,0,0
31,31,350518.0,0,0
32,32,350518.0,0,0
33,33,350518.0,0,0
34,34,350518.0,0,0
35,35,350518.0,0,0
36,36,350518.0,0,0
37,37,350518.0,0,0
38,38,350518.0,0,0
39,39,350518.0,0,0
40,40,350518.0,0,0
41,41,350518.0,0,0
42,42,350518.0,0,0
43,43,350518.0,0,0
44,44,350518.0,0,0
45,45,350518.0,0,0
46,46,350518.0,0,0
47,47,350517.0,1,0
48,48,350517.0,1,0
49,49,350517.0,1,0
50,50,350517.0,1,0
51,51,350517.0,1,0
52,52,350517.0,1,0
53,53,350517.0,1,0
54,54,350517.0,1,0
55,55,350516.0,2,0
56,56,350516.0,2,0
57,57,350513.0,5,0
58,58,350511.0,7,0
59,59,350499.0,19,0
60,60,350486.0,32,0
61,61,350484.0,34,0
62,62,350475.0,43,0
63,63,350472.0,45,1
64,64,350456.0,61,1
65,65,350450.0,67,1
66,66,350436.0,79,3
67,67,350431.0,84,3
68,68,350422.0,92,4
69,69,350413.0,99,6
70,70,350404.0,107,7
71,71,350387.0,124,7
72,72,350377.0,134,7
73,73,350366.0,144,8
74,74,350357.0,153,8
75,75,350352.0,158,8
76,76,350349.0,161,8
77,77,350343.0,167,8
78,78,350335.0,174,9
79,79,350332.0,177,9
80,80,350329.0,180,9
81,81,350322.0,187,9
82,82,350316.0,193,9
83,83,350311.0,198,9
84,84,350307.0,202,9
85,85,350292.0,217,9
86,86,350284.0,224,10
87,87,350275.0,231,12
88,88,350267.0,239,12
89,89,350260.0,245,13
90,90,350255.0,250,13
91,91,350238.0,266,14
92,92,350229.0,274,15
93,93,350209.0,291,18
94,94,350197.0,303,18
95,95,350188.0,312,18
96,96,350178.0,321,19
97,97,350165.0,334,19
98,98,350151.0,348,19
99,99,350136.0,363,19
100,100,350123.0,377,18
101,101,350116.0,384,18
102,102,350107.0,393,18
103,103,350107.0,393,18
104,104,350091.0,409,18
105,105,350085.0,415,18
106,106,350077.0,423,18
107,107,350063.0,437,18
108,108,350056.0,444,18
109,109,350052.0,448,18
110,110,350047.0,452,19
111,111,350044.0,455,19
112,112,350043.0,456,19
113,113,350036.0,463,19
114,114,350025.0,472,21
115,115,350012.0,485,21
116,116,350008.0,489,21
117,117,350002.0,495,21
118,118,349989.0,508,21
119,119,349985.0,512,21
120,120,349980.0,517,21
121,121,349977.0,520,21
122,122,349967.0,530,21
123,123,349960.0,537,21
124,124,349957.0,540,21
125,125,349953.0,544,21
126,126,349944.0,552,22
127,127,349924.0,567,27
128,128,349921.0,570,27
