,Days,S,I,D
0,0,153095.0,0,0
1,1,153095.0,0,0
2,2,153095.0,0,0
3,3,153095.0,0,0
4,4,153095.0,0,0
5,5,153095.0,0,0
6,6,153095.0,0,0
7,7,153095.0,0,0
8,8,153095.0,0,0
9,9,153095.0,0,0
10,10,153095.0,0,0
11,11,153095.0,0,0
12,12,153095.0,0,0
13,13,153095.0,0,0
14,14,153095.0,0,0
15,15,153095.0,0,0
16,16,153095.0,0,0
17,17,153095.0,0,0
18,18,153095.0,0,0
19,19,153095.0,0,0
20,20,153095.0,0,0
21,21,153095.0,0,0
22,22,153095.0,0,0
23,23,153095.0,0,0
24,24,153095.0,0,0
25,25,153095.0,0,0
26,26,153095.0,0,0
27,27,153095.0,0,0
28,28,153095.0,0,0
29,29,153095.0,0,0
30,30,153095.0,0,0
31,31,153095.0,0,0
32,32,153095.0,0,0
33,33,153095.0,0,0
34,34,153095.0,0,0
35,35,153095.0,0,0
36,36,153095.0,0,0
37,37,153095.0,0,0
38,38,153095.0,0,0
39,39,153095.0,0,0
40,40,153095.0,0,0
41,41,153095.0,0,0
42,42,153095.0,0,0
43,43,153095.0,0,0
44,44,153095.0,0,0
45,45,153095.0,0,0
46,46,153095.0,0,0
47,47,153095.0,0,0
48,48,153095.0,0,0
49,49,153095.0,0,0
50,50,153095.0,0,0
51,51,153095.0,0,0
52,52,153095.0,0,0
53,53,153095.0,0,0
54,54,153095.0,0,0
55,55,153095.0,0,0
56,56,153095.0,0,0
57,57,153094.0,1,0
58,58,153094.0,1,0
59,59,153094.0,1,0
60,60,153094.0,1,0
61,61,153093.0,2,0
62,62,153091.0,4,0
63,63,153089.0,6,0
64,64,153087.0,8,0
65,65,153084.0,11,0
66,66,153082.0,13,0
67,67,153081.0,14,0
68,68,153079.0,16,0
69,69,153075.0,20,0
70,70,153071.0,23,1
71,71,153069.0,25,1
72,72,153060.0,34,1
73,73,153058.0,36,1
74,74,153055.0,39,1
75,75,153052.0,42,1
76,76,153048.0,46,1
77,77,153043.0,51,1
78,78,153038.0,56,1
79,79,153036.0,58,1
80,80,153032.0,62,1
81,81,153024.0,70,1
82,82,153021.0,73,1
83,83,153003.0,91,1
84,84,152986.0,108,1
85,85,152915.0,179,1
86,86,152903.0,191,1
87,87,152901.0,193,1
88,88,152895.0,199,1
89,89,152891.0,203,1
90,90,152884.0,207,4
91,91,152867.0,224,4
92,92,152856.0,234,5
93,93,152846.0,244,5
94,94,152842.0,247,6
95,95,152841.0,248,6
96,96,152832.0,256,7
97,97,152818.0,269,8
98,98,152787.0,299,9
99,99,152780.0,305,10
100,100,152773.0,312,10
101,101,152766.0,318,11
102,102,152761.0,323,11
103,103,152736.0,347,12
104,104,152731.0,351,13
105,105,152714.0,367,14
106,106,152702.0,379,14
107,107,152716.0,365,14
108,108,152716.0,365,14
109,109,152714.0,367,14
110,110,152705.0,376,14
111,111,152705.0,376,14
112,112,152703.0,378,14
113,113,152696.0,384,15
114,114,152688.0,392,15
115,115,152686.0,394,15
116,116,152684.0,396,15
117,117,152681.0,397,17
118,118,152673.0,404,18
119,119,152665.0,412,18
120,120,152659.0,416,20
121,121,152651.0,424,20
122,122,152639.0,432,24
123,123,152639.0,432,24
124,124,152636.0,435,24
125,125,152635.0,436,24
126,126,152630.0,441,24
127,127,152626.0,444,25
128,128,152617.0,451,27
