,Days,S,I,D
0,0,95796.0,0,0
1,1,95796.0,0,0
2,2,95796.0,0,0
3,3,95796.0,0,0
4,4,95796.0,0,0
5,5,95796.0,0,0
6,6,95796.0,0,0
7,7,95796.0,0,0
8,8,95796.0,0,0
9,9,95796.0,0,0
10,10,95796.0,0,0
11,11,95796.0,0,0
12,12,95796.0,0,0
13,13,95796.0,0,0
14,14,95796.0,0,0
15,15,95796.0,0,0
16,16,95796.0,0,0
17,17,95796.0,0,0
18,18,95796.0,0,0
19,19,95796.0,0,0
20,20,95796.0,0,0
21,21,95796.0,0,0
22,22,95796.0,0,0
23,23,95796.0,0,0
24,24,95796.0,0,0
25,25,95796.0,0,0
26,26,95796.0,0,0
27,27,95796.0,0,0
28,28,95796.0,0,0
29,29,95796.0,0,0
30,30,95796.0,0,0
31,31,95796.0,0,0
32,32,95796.0,0,0
33,33,95796.0,0,0
34,34,95796.0,0,0
35,35,95796.0,0,0
36,36,95796.0,0,0
37,37,95796.0,0,0
38,38,95796.0,0,0
39,39,95796.0,0,0
40,40,95796.0,0,0
41,41,95796.0,0,0
42,42,95796.0,0,0
43,43,95796.0,0,0
44,44,95796.0,0,0
45,45,95796.0,0,0
46,46,95796.0,0,0
47,47,95796.0,0,0
48,48,95796.0,0,0
49,49,95796.0,0,0
50,50,95796.0,0,0
51,51,95796.0,0,0
52,52,95796.0,0,0
53,53,95796.0,0,0
54,54,95796.0,0,0
55,55,95796.0,0,0
56,56,95796.0,0,0
57,57,95796.0,0,0
58,58,95796.0,0,0
59,59,95796.0,0,0
60,60,95793.0,3,0
61,61,95792.0,4,0
62,62,95791.0,5,0
63,63,95788.0,8,0
64,64,95785.0,11,0
65,65,95784.0,12,0
66,66,95783.0,13,0
67,67,95777.0,19,0
68,68,95777.0,19,0
69,69,95772.0,24,0
70,70,95758.0,38,0
71,71,95752.0,43,1
72,72,95749.0,46,1
73,73,95740.0,55,1
74,74,95740.0,55,1
75,75,95736.0,59,1
76,76,95720.0,75,1
77,77,95711.0,82,3
78,78,95704.0,89,3
79,79,95676.0,117,3
80,80,95672.0,119,5
81,81,95670.0,121,5
82,82,95668.0,123,5
83,83,95644.0,147,5
84,84,95636.0,151,9
85,85,95633.0,154,9
86,86,95633.0,154,9
87,87,95627.0,160,9
88,88,95617.0,167,12
89,89,95614.0,167,15
90,90,95611.0,170,15
91,91,95610.0,171,15
92,92,95609.0,171,16
93,93,95608.0,171,17
94,94,95575.0,204,17
95,95,95572.0,207,17
96,96,95570.0,209,17
97,97,95568.0,210,18
98,98,95564.0,214,18
99,99,95561.0,216,19
100,100,95561.0,216,19
101,101,95560.0,217,19
102,102,95559.0,218,19
103,103,95558.0,219,19
104,104,95556.0,221,19
105,105,95549.0,223,24
106,106,95548.0,224,24
107,107,95546.0,225,25
108,108,95545.0,226,25
109,109,95544.0,227,25
110,110,95543.0,228,25
111,111,95542.0,229,25
112,112,95541.0,230,25
113,113,95541.0,230,25
114,114,95539.0,231,26
115,115,95536.0,233,27
116,116,95535.0,234,27
117,117,95534.0,235,27
118,118,95533.0,236,27
119,119,95532.0,237,27
120,120,95531.0,238,27
121,121,95529.0,240,27
122,122,95529.0,240,27
123,123,95529.0,240,27
124,124,95529.0,240,27
125,125,95529.0,240,27
126,126,95528.0,241,27
127,127,95528.0,241,27
128,128,95528.0,241,27
