,Days,S,I,D
0,0,134214.0,0,0
1,1,134214.0,0,0
2,2,134214.0,0,0
3,3,134214.0,0,0
4,4,134214.0,0,0
5,5,134214.0,0,0
6,6,134214.0,0,0
7,7,134214.0,0,0
8,8,134214.0,0,0
9,9,134214.0,0,0
10,10,134214.0,0,0
11,11,134214.0,0,0
12,12,134214.0,0,0
13,13,134214.0,0,0
14,14,134214.0,0,0
15,15,134214.0,0,0
16,16,134214.0,0,0
17,17,134214.0,0,0
18,18,134214.0,0,0
19,19,134214.0,0,0
20,20,134214.0,0,0
21,21,134214.0,0,0
22,22,134214.0,0,0
23,23,134214.0,0,0
24,24,134214.0,0,0
25,25,134214.0,0,0
26,26,134214.0,0,0
27,27,134214.0,0,0
28,28,134214.0,0,0
29,29,134214.0,0,0
30,30,134214.0,0,0
31,31,134214.0,0,0
32,32,134214.0,0,0
33,33,134214.0,0,0
34,34,134214.0,0,0
35,35,134214.0,0,0
36,36,134214.0,0,0
37,37,134214.0,0,0
38,38,134214.0,0,0
39,39,134214.0,0,0
40,40,134214.0,0,0
41,41,134214.0,0,0
42,42,134214.0,0,0
43,43,134214.0,0,0
44,44,134214.0,0,0
45,45,134214.0,0,0
46,46,134214.0,0,0
47,47,134214.0,0,0
48,48,134214.0,0,0
49,49,134214.0,0,0
50,50,134214.0,0,0
51,51,134214.0,0,0
52,52,134212.0,2,0
53,53,134212.0,2,0
54,54,134211.0,3,0
55,55,134211.0,3,0
56,56,134210.0,4,0
57,57,134208.0,6,0
58,58,134208.0,6,0
59,59,134207.0,7,0
60,60,134206.0,8,0
61,61,134205.0,9,0
62,62,134205.0,9,0
63,63,134204.0,10,0
64,64,134203.0,11,0
65,65,134202.0,11,1
66,66,134200.0,13,1
67,67,134199.0,14,1
68,68,134198.0,15,1
69,69,134196.0,17,1
70,70,134196.0,17,1
71,71,134194.0,19,1
72,72,134194.0,19,1
73,73,134189.0,23,2
74,74,134187.0,25,2
75,75,134181.0,31,2
76,76,134180.0,32,2
77,77,134178.0,34,2
78,78,134178.0,34,2
79,79,134177.0,35,2
80,80,134174.0,38,2
81,81,134171.0,41,2
82,82,134167.0,45,2
83,83,134163.0,49,2
84,84,134162.0,50,2
85,85,134159.0,53,2
86,86,134157.0,54,3
87,87,134156.0,55,3
88,88,134153.0,58,3
89,89,134150.0,61,3
90,90,134147.0,62,5
91,91,134143.0,66,5
92,92,134137.0,72,5
93,93,134132.0,77,5
94,94,134090.0,119,5
95,95,134081.0,128,5
96,96,134072.0,137,5
97,97,134062.0,145,7
98,98,134056.0,151,7
99,99,134052.0,155,7
100,100,134043.0,164,7
101,101,134033.0,173,8
102,102,134032.0,174,8
103,103,134024.0,182,8
104,104,134017.0,188,9
105,105,134012.0,192,10
106,106,134003.0,199,12
107,107,133995.0,207,12
108,108,133989.0,212,13
109,109,133984.0,217,13
110,110,133973.0,228,13
111,111,133971.0,228,15
112,112,133971.0,228,15
113,113,133964.0,235,15
114,114,133960.0,237,17
115,115,133957.0,240,17
116,116,133951.0,246,17
117,117,133950.0,247,17
118,118,133942.0,252,20
119,119,133939.0,255,20
120,120,133937.0,257,20
121,121,133936.0,258,20
122,122,133924.0,269,21
123,123,133921.0,272,21
124,124,133918.0,275,21
125,125,133917.0,276,21
126,126,133915.0,278,21
127,127,133912.0,281,21
128,128,133905.0,285,24
