,Days,S,I,D
0,0,145179.0,0,0
1,1,145179.0,0,0
2,2,145179.0,0,0
3,3,145179.0,0,0
4,4,145179.0,0,0
5,5,145179.0,0,0
6,6,145179.0,0,0
7,7,145179.0,0,0
8,8,145179.0,0,0
9,9,145179.0,0,0
10,10,145179.0,0,0
11,11,145179.0,0,0
12,12,145179.0,0,0
13,13,145179.0,0,0
14,14,145179.0,0,0
15,15,145179.0,0,0
16,16,145179.0,0,0
17,17,145179.0,0,0
18,18,145179.0,0,0
19,19,145179.0,0,0
20,20,145179.0,0,0
21,21,145179.0,0,0
22,22,145179.0,0,0
23,23,145179.0,0,0
24,24,145179.0,0,0
25,25,145179.0,0,0
26,26,145179.0,0,0
27,27,145179.0,0,0
28,28,145179.0,0,0
29,29,145179.0,0,0
30,30,145179.0,0,0
31,31,145179.0,0,0
32,32,145179.0,0,0
33,33,145179.0,0,0
34,34,145179.0,0,0
35,35,145179.0,0,0
36,36,145179.0,0,0
37,37,145179.0,0,0
38,38,145179.0,0,0
39,39,145179.0,0,0
40,40,145179.0,0,0
41,41,145179.0,0,0
42,42,145179.0,0,0
43,43,145179.0,0,0
44,44,145179.0,0,0
45,45,145179.0,0,0
46,46,145179.0,0,0
47,47,145179.0,0,0
48,48,145179.0,0,0
49,49,145179.0,0,0
50,50,145179.0,0,0
51,51,145179.0,0,0
52,52,145177.0,2,0
53,53,145177.0,2,0
54,54,145177.0,2,0
55,55,145177.0,2,0
56,56,145175.0,4,0
57,57,145175.0,4,0
58,58,145173.0,6,0
59,59,145172.0,7,0
60,60,145172.0,7,0
61,61,145172.0,7,0
62,62,145172.0,7,0
63,63,145171.0,8,0
64,64,145169.0,10,0
65,65,145164.0,15,0
66,66,145164.0,15,0
67,67,145164.0,15,0
68,68,145157.0,22,0
69,69,145150.0,29,0
70,70,145146.0,32,1
71,71,145138.0,40,1
72,72,145111.0,66,2
73,73,145108.0,69,2
74,74,145074.0,103,2
75,75,145063.0,114,2
76,76,145049.0,128,2
77,77,145034.0,143,2
78,78,145003.0,174,2
79,79,144999.0,177,3
80,80,144977.0,199,3
81,81,144941.0,235,3
82,82,144932.0,244,3
83,83,144932.0,244,3
84,84,144932.0,244,3
85,85,144881.0,293,5
86,86,144872.0,301,6
87,87,144862.0,311,6
88,88,144858.0,315,6
89,89,144856.0,317,6
90,90,144856.0,317,6
91,91,144832.0,341,6
92,92,144826.0,345,8
93,93,144814.0,357,8
94,94,144804.0,365,10
95,95,144794.0,374,11
96,96,144790.0,378,11
97,97,144785.0,383,11
98,98,144781.0,385,13
99,99,144777.0,389,13
100,100,144768.0,396,15
101,101,144752.0,410,17
102,102,144744.0,416,19
103,103,144739.0,421,19
104,104,144733.0,426,20
105,105,144727.0,432,20
106,106,144720.0,439,20
107,107,144708.0,451,20
108,108,144707.0,452,20
109,109,144700.0,458,21
110,110,144691.0,467,21
111,111,144684.0,474,21
112,112,144680.0,477,22
113,113,144678.0,479,22
114,114,144674.0,483,22
115,115,144674.0,483,22
116,116,144674.0,483,22
117,117,144660.0,495,24
118,118,144657.0,498,24
119,119,144635.0,520,24
120,120,144627.0,528,24
121,121,144626.0,529,24
122,122,144626.0,529,24
123,123,144626.0,529,24
124,124,144609.0,544,26
125,125,144607.0,546,26
126,126,144602.0,551,26
127,127,144597.0,556,26
128,128,144593.0,559,27
