,Days,S,I,D
0,0,954670.0,0,0
1,1,954670.0,0,0
2,2,954670.0,0,0
3,3,954670.0,0,0
4,4,954670.0,0,0
5,5,954670.0,0,0
6,6,954670.0,0,0
7,7,954670.0,0,0
8,8,954670.0,0,0
9,9,954670.0,0,0
10,10,954670.0,0,0
11,11,954670.0,0,0
12,12,954670.0,0,0
13,13,954670.0,0,0
14,14,954670.0,0,0
15,15,954670.0,0,0
16,16,954670.0,0,0
17,17,954670.0,0,0
18,18,954670.0,0,0
19,19,954670.0,0,0
20,20,954670.0,0,0
21,21,954670.0,0,0
22,22,954670.0,0,0
23,23,954670.0,0,0
24,24,954670.0,0,0
25,25,954670.0,0,0
26,26,954670.0,0,0
27,27,954670.0,0,0
28,28,954670.0,0,0
29,29,954670.0,0,0
30,30,954670.0,0,0
31,31,954670.0,0,0
32,32,954670.0,0,0
33,33,954670.0,0,0
34,34,954670.0,0,0
35,35,954670.0,0,0
36,36,954670.0,0,0
37,37,954670.0,0,0
38,38,954670.0,0,0
39,39,954670.0,0,0
40,40,954670.0,0,0
41,41,954670.0,0,0
42,42,954670.0,0,0
43,43,954670.0,0,0
44,44,954669.0,1,0
45,45,954669.0,1,0
46,46,954669.0,1,0
47,47,954669.0,1,0
48,48,954669.0,1,0
49,49,954669.0,1,0
50,50,954668.0,2,0
51,51,954668.0,2,0
52,52,954664.0,6,0
53,53,954664.0,6,0
54,54,954660.0,9,1
55,55,954660.0,9,1
56,56,954658.0,11,1
57,57,954650.0,19,1
58,58,954622.0,46,2
59,59,954622.0,46,2
60,60,954585.0,82,3
61,61,954557.0,110,3
62,62,954506.0,161,3
63,63,954438.0,226,6
64,64,954180.0,484,6
65,65,954180.0,484,6
66,66,954076.0,584,10
67,67,953984.0,676,10
68,68,953854.0,804,12
69,69,953689.0,964,17
70,70,953532.0,1117,21
71,71,953342.0,1304,24
72,72,953208.0,1429,33
73,73,953066.0,1570,34
74,74,952873.0,1760,37
75,75,952673.0,1956,41
76,76,952481.0,2141,48
77,77,952322.0,2290,58
78,78,952174.0,2415,81
79,79,951963.0,2600,107
80,80,951810.0,2742,118
81,81,951660.0,2887,123
82,82,951535.0,3012,123
83,83,951466.0,3063,141
84,84,951311.0,3204,155
85,85,951186.0,3320,164
86,86,950970.0,3518,182
87,87,950856.0,3624,190
88,88,950589.0,3889,192
89,89,950426.0,4052,192
90,90,950288.0,4176,206
91,91,950193.0,4263,214
92,92,950193.0,4263,214
93,93,949919.0,4537,214
94,94,949729.0,4727,214
95,95,949660.0,4796,214
96,96,949530.0,4926,214
97,97,949376.0,5080,214
98,98,949070.0,5295,305
99,99,948812.0,5530,328
100,100,948577.0,5754,339
101,101,948330.0,5983,357
102,102,948134.0,6176,360
103,103,947980.0,6327,363
104,104,947877.0,6419,374
105,105,947550.0,6730,390
106,106,947358.0,6914,398
107,107,947189.0,7078,403
108,108,947013.0,7245,412
109,109,946918.0,7336,416
110,110,946737.0,7510,423
111,111,946609.0,7632,429
112,112,946527.0,7703,440
113,113,946426.0,7793,451
114,114,946210.0,7995,465
115,115,946045.0,8151,474
116,116,945890.0,8303,477
117,117,945784.0,8406,480
118,118,945632.0,8541,497
119,119,945509.0,8656,505
120,120,945337.0,8815,518
121,121,945214.0,8928,528
122,122,945099.0,9040,531
123,123,945005.0,9132,533
124,124,944948.0,9189,533
125,125,944863.0,9268,539
126,126,944753.0,9371,546
127,127,944588.0,9524,558
128,128,944483.0,9616,571
