,Days,S,I,D
0,0,169594.0,0,0
1,1,169594.0,0,0
2,2,169594.0,0,0
3,3,169594.0,0,0
4,4,169594.0,0,0
5,5,169594.0,0,0
6,6,169594.0,0,0
7,7,169594.0,0,0
8,8,169594.0,0,0
9,9,169594.0,0,0
10,10,169594.0,0,0
11,11,169594.0,0,0
12,12,169594.0,0,0
13,13,169594.0,0,0
14,14,169594.0,0,0
15,15,169594.0,0,0
16,16,169594.0,0,0
17,17,169594.0,0,0
18,18,169594.0,0,0
19,19,169594.0,0,0
20,20,169594.0,0,0
21,21,169594.0,0,0
22,22,169594.0,0,0
23,23,169594.0,0,0
24,24,169594.0,0,0
25,25,169594.0,0,0
26,26,169594.0,0,0
27,27,169594.0,0,0
28,28,169594.0,0,0
29,29,169594.0,0,0
30,30,169594.0,0,0
31,31,169594.0,0,0
32,32,169594.0,0,0
33,33,169594.0,0,0
34,34,169594.0,0,0
35,35,169594.0,0,0
36,36,169594.0,0,0
37,37,169594.0,0,0
38,38,169594.0,0,0
39,39,169594.0,0,0
40,40,169594.0,0,0
41,41,169594.0,0,0
42,42,169594.0,0,0
43,43,169594.0,0,0
44,44,169594.0,0,0
45,45,169594.0,0,0
46,46,169594.0,0,0
47,47,169594.0,0,0
48,48,169594.0,0,0
49,49,169594.0,0,0
50,50,169594.0,0,0
51,51,169594.0,0,0
52,52,169594.0,0,0
53,53,169594.0,0,0
54,54,169594.0,0,0
55,55,169594.0,0,0
56,56,169594.0,0,0
57,57,169594.0,0,0
58,58,169594.0,0,0
59,59,169594.0,0,0
60,60,169594.0,0,0
61,61,169594.0,0,0
62,62,169593.0,1,0
63,63,169591.0,3,0
64,64,169588.0,6,0
65,65,169588.0,6,0
66,66,169585.0,9,0
67,67,169580.0,14,0
68,68,169579.0,15,0
69,69,169573.0,21,0
70,70,169567.0,27,0
71,71,169559.0,35,0
72,72,169549.0,45,0
73,73,169543.0,51,0
74,74,169535.0,59,0
75,75,169515.0,79,0
76,76,169510.0,84,0
77,77,169509.0,85,0
78,78,169501.0,93,0
79,79,169499.0,95,0
80,80,169486.0,107,1
81,81,169474.0,118,2
82,82,169472.0,120,2
83,83,169465.0,127,2
84,84,169462.0,130,2
85,85,169449.0,143,2
86,86,169437.0,155,2
87,87,169423.0,168,3
88,88,169416.0,175,3
89,89,169411.0,180,3
90,90,169406.0,183,5
91,91,169396.0,193,5
92,92,169396.0,193,5
93,93,169385.0,204,5
94,94,169379.0,210,5
95,95,169377.0,212,5
96,96,169374.0,215,5
97,97,169361.0,228,5
98,98,169356.0,232,6
99,99,169349.0,238,7
100,100,169347.0,240,7
101,101,169337.0,250,7
102,102,169335.0,252,7
103,103,169329.0,258,7
104,104,169321.0,266,7
105,105,169306.0,281,7
106,106,169293.0,294,7
107,107,169283.0,303,8
108,108,169277.0,308,9
109,109,169272.0,313,9
110,110,169254.0,331,9
111,111,169232.0,353,9
112,112,169222.0,363,9
113,113,169213.0,372,9
114,114,169203.0,381,10
115,115,169196.0,388,10
116,116,169190.0,394,10
117,117,169177.0,405,12
118,118,169169.0,412,13
119,119,169158.0,421,15
120,120,169150.0,425,19
121,121,169117.0,458,19
122,122,169108.0,465,21
123,123,169100.0,473,21
124,124,169086.0,487,21
125,125,169083.0,490,21
126,126,169078.0,495,21
127,127,169067.0,505,22
128,128,169051.0,516,27
