,Days,S,I,D
0,0,55655.0,0,0
1,1,55655.0,0,0
2,2,55655.0,0,0
3,3,55655.0,0,0
4,4,55655.0,0,0
5,5,55655.0,0,0
6,6,55655.0,0,0
7,7,55655.0,0,0
8,8,55655.0,0,0
9,9,55655.0,0,0
10,10,55655.0,0,0
11,11,55655.0,0,0
12,12,55655.0,0,0
13,13,55655.0,0,0
14,14,55655.0,0,0
15,15,55655.0,0,0
16,16,55655.0,0,0
17,17,55655.0,0,0
18,18,55655.0,0,0
19,19,55655.0,0,0
20,20,55655.0,0,0
21,21,55655.0,0,0
22,22,55655.0,0,0
23,23,55655.0,0,0
24,24,55655.0,0,0
25,25,55655.0,0,0
26,26,55655.0,0,0
27,27,55655.0,0,0
28,28,55655.0,0,0
29,29,55655.0,0,0
30,30,55655.0,0,0
31,31,55655.0,0,0
32,32,55655.0,0,0
33,33,55655.0,0,0
34,34,55655.0,0,0
35,35,55655.0,0,0
36,36,55655.0,0,0
37,37,55655.0,0,0
38,38,55655.0,0,0
39,39,55655.0,0,0
40,40,55655.0,0,0
41,41,55655.0,0,0
42,42,55655.0,0,0
43,43,55655.0,0,0
44,44,55655.0,0,0
45,45,55655.0,0,0
46,46,55655.0,0,0
47,47,55655.0,0,0
48,48,55655.0,0,0
49,49,55655.0,0,0
50,50,55655.0,0,0
51,51,55655.0,0,0
52,52,55655.0,0,0
53,53,55655.0,0,0
54,54,55655.0,0,0
55,55,55655.0,0,0
56,56,55655.0,0,0
57,57,55655.0,0,0
58,58,55655.0,0,0
59,59,55655.0,0,0
60,60,55655.0,0,0
61,61,55655.0,0,0
62,62,55655.0,0,0
63,63,55655.0,0,0
64,64,55655.0,0,0
65,65,55655.0,0,0
66,66,55655.0,0,0
67,67,55654.0,1,0
68,68,55653.0,2,0
69,69,55653.0,2,0
70,70,55653.0,2,0
71,71,55653.0,2,0
72,72,55653.0,2,0
73,73,55651.0,4,0
74,74,55650.0,5,0
75,75,55643.0,12,0
76,76,55641.0,13,1
77,77,55640.0,14,1
78,78,55638.0,16,1
79,79,55634.0,20,1
80,80,55623.0,31,1
81,81,55623.0,31,1
82,82,55617.0,37,1
83,83,55617.0,37,1
84,84,55617.0,37,1
85,85,55613.0,41,1
86,86,55603.0,50,2
87,87,55602.0,51,2
88,88,55595.0,57,3
89,89,55593.0,59,3
90,90,55591.0,61,3
91,91,55585.0,66,4
92,92,55576.0,74,5
93,93,55570.0,80,5
94,94,55563.0,87,5
95,95,55559.0,90,6
96,96,55558.0,90,7
97,97,55553.0,94,8
98,98,55545.0,102,8
99,99,55507.0,139,9
100,100,55496.0,149,10
101,101,55481.0,164,10
102,102,55479.0,166,10
103,103,55478.0,167,10
104,104,55477.0,167,11
105,105,55469.0,175,11
106,106,55460.0,184,11
107,107,55456.0,186,13
108,108,55446.0,196,13
109,109,55441.0,200,14
110,110,55436.0,205,14
111,111,55427.0,212,16
112,112,55422.0,216,17
113,113,55412.0,226,17
114,114,55412.0,226,17
115,115,55409.0,228,18
116,116,55402.0,235,18
117,117,55395.0,242,18
118,118,55383.0,251,21
119,119,55381.0,253,21
120,120,55363.0,271,21
121,121,55356.0,278,21
122,122,55345.0,289,21
123,123,55342.0,292,21
124,124,55338.0,296,21
125,125,55335.0,299,21
126,126,55329.0,304,22
127,127,55319.0,314,22
128,128,55310.0,320,25
