,Days,S,I,D
0,0,130562.0,0,0
1,1,130562.0,0,0
2,2,130562.0,0,0
3,3,130562.0,0,0
4,4,130562.0,0,0
5,5,130562.0,0,0
6,6,130562.0,0,0
7,7,130562.0,0,0
8,8,130562.0,0,0
9,9,130562.0,0,0
10,10,130562.0,0,0
11,11,130562.0,0,0
12,12,130562.0,0,0
13,13,130562.0,0,0
14,14,130562.0,0,0
15,15,130562.0,0,0
16,16,130562.0,0,0
17,17,130562.0,0,0
18,18,130562.0,0,0
19,19,130562.0,0,0
20,20,130562.0,0,0
21,21,130562.0,0,0
22,22,130562.0,0,0
23,23,130562.0,0,0
24,24,130562.0,0,0
25,25,130562.0,0,0
26,26,130562.0,0,0
27,27,130562.0,0,0
28,28,130562.0,0,0
29,29,130562.0,0,0
30,30,130562.0,0,0
31,31,130562.0,0,0
32,32,130562.0,0,0
33,33,130562.0,0,0
34,34,130562.0,0,0
35,35,130562.0,0,0
36,36,130562.0,0,0
37,37,130562.0,0,0
38,38,130562.0,0,0
39,39,130562.0,0,0
40,40,130562.0,0,0
41,41,130562.0,0,0
42,42,130562.0,0,0
43,43,130562.0,0,0
44,44,130562.0,0,0
45,45,130562.0,0,0
46,46,130562.0,0,0
47,47,130562.0,0,0
48,48,130562.0,0,0
49,49,130562.0,0,0
50,50,130562.0,0,0
51,51,130562.0,0,0
52,52,130562.0,0,0
53,53,130562.0,0,0
54,54,130562.0,0,0
55,55,130562.0,0,0
56,56,130562.0,0,0
57,57,130561.0,1,0
58,58,130560.0,2,0
59,59,130560.0,2,0
60,60,130559.0,3,0
61,61,130553.0,8,1
62,62,130551.0,10,1
63,63,130547.0,14,1
64,64,130536.0,25,1
65,65,130535.0,26,1
66,66,130524.0,37,1
67,67,130520.0,41,1
68,68,130517.0,44,1
69,69,130501.0,58,3
70,70,130490.0,69,3
71,71,130482.0,77,3
72,72,130477.0,81,4
73,73,130461.0,97,4
74,74,130458.0,100,4
75,75,130448.0,110,4
76,76,130429.0,129,4
77,77,130423.0,135,4
78,78,130410.0,148,4
79,79,130402.0,156,4
80,80,130398.0,159,5
81,81,130392.0,165,5
82,82,130389.0,168,5
83,83,130382.0,175,5
84,84,130376.0,179,7
85,85,130363.0,192,7
86,86,130359.0,196,7
87,87,130354.0,201,7
88,88,130345.0,210,7
89,89,130345.0,210,7
90,90,130342.0,213,7
91,91,130338.0,217,7
92,92,130334.0,220,8
93,93,130326.0,228,8
94,94,130315.0,239,8
95,95,130307.0,247,8
96,96,130304.0,249,9
97,97,130297.0,255,10
98,98,130293.0,259,10
99,99,130287.0,265,10
100,100,130282.0,270,10
101,101,130279.0,273,10
102,102,130271.0,281,10
103,103,130252.0,300,10
104,104,130243.0,308,11
105,105,130235.0,316,11
106,106,130235.0,316,11
107,107,130213.0,338,11
108,108,130199.0,351,12
109,109,130187.0,362,13
110,110,130179.0,370,13
111,111,130173.0,376,13
112,112,130155.0,394,13
113,113,130132.0,417,13
114,114,130124.0,424,14
115,115,130111.0,437,14
116,116,130074.0,474,14
117,117,130049.0,499,14
118,118,130043.0,504,15
119,119,130030.0,516,16
120,120,129955.0,591,16
121,121,129955.0,591,16
122,122,129940.0,601,21
123,123,129935.0,606,21
124,124,129887.0,654,21
125,125,129876.0,663,23
126,126,129860.0,679,23
127,127,129836.0,703,23
128,128,129753.0,783,26
