,Days,S,I,D
0,0,63955.0,0,0
1,1,63955.0,0,0
2,2,63955.0,0,0
3,3,63955.0,0,0
4,4,63955.0,0,0
5,5,63955.0,0,0
6,6,63955.0,0,0
7,7,63955.0,0,0
8,8,63955.0,0,0
9,9,63955.0,0,0
10,10,63955.0,0,0
11,11,63955.0,0,0
12,12,63955.0,0,0
13,13,63955.0,0,0
14,14,63955.0,0,0
15,15,63955.0,0,0
16,16,63955.0,0,0
17,17,63955.0,0,0
18,18,63955.0,0,0
19,19,63955.0,0,0
20,20,63955.0,0,0
21,21,63955.0,0,0
22,22,63955.0,0,0
23,23,63955.0,0,0
24,24,63955.0,0,0
25,25,63955.0,0,0
26,26,63955.0,0,0
27,27,63955.0,0,0
28,28,63955.0,0,0
29,29,63955.0,0,0
30,30,63955.0,0,0
31,31,63955.0,0,0
32,32,63955.0,0,0
33,33,63955.0,0,0
34,34,63955.0,0,0
35,35,63955.0,0,0
36,36,63955.0,0,0
37,37,63955.0,0,0
38,38,63955.0,0,0
39,39,63955.0,0,0
40,40,63955.0,0,0
41,41,63955.0,0,0
42,42,63955.0,0,0
43,43,63955.0,0,0
44,44,63955.0,0,0
45,45,63955.0,0,0
46,46,63955.0,0,0
47,47,63955.0,0,0
48,48,63955.0,0,0
49,49,63955.0,0,0
50,50,63955.0,0,0
51,51,63955.0,0,0
52,52,63955.0,0,0
53,53,63955.0,0,0
54,54,63955.0,0,0
55,55,63955.0,0,0
56,56,63955.0,0,0
57,57,63954.0,1,0
58,58,63954.0,1,0
59,59,63954.0,1,0
60,60,63953.0,2,0
61,61,63953.0,2,0
62,62,63952.0,3,0
63,63,63952.0,3,0
64,64,63951.0,4,0
65,65,63951.0,4,0
66,66,63951.0,4,0
67,67,63951.0,4,0
68,68,63951.0,4,0
69,69,63949.0,6,0
70,70,63948.0,7,0
71,71,63947.0,8,0
72,72,63947.0,8,0
73,73,63942.0,13,0
74,74,63942.0,13,0
75,75,63936.0,19,0
76,76,63936.0,19,0
77,77,63935.0,20,0
78,78,63932.0,23,0
79,79,63932.0,23,0
80,80,63926.0,29,0
81,81,63915.0,40,0
82,82,63915.0,40,0
83,83,63913.0,42,0
84,84,63911.0,43,1
85,85,63911.0,43,1
86,86,63909.0,44,2
87,87,63905.0,48,2
88,88,63898.0,55,2
89,89,63890.0,62,3
90,90,63884.0,68,3
91,91,63873.0,79,3
92,92,63867.0,84,4
93,93,63851.0,100,4
94,94,63835.0,113,7
95,95,63821.0,125,9
96,96,63815.0,131,9
97,97,63796.0,149,10
98,98,63793.0,152,10
99,99,63787.0,157,11
100,100,63779.0,165,11
101,101,63773.0,169,13
102,102,63766.0,176,13
103,103,63752.0,190,13
104,104,63740.0,201,14
105,105,63726.0,215,14
106,106,63718.0,222,15
107,107,63711.0,229,15
108,108,63706.0,233,16
109,109,63703.0,235,17
110,110,63691.0,247,17
111,111,63684.0,254,17
112,112,63682.0,256,17
113,113,63664.0,273,18
114,114,63658.0,279,18
115,115,63645.0,291,19
116,116,63642.0,293,20
117,117,63625.0,310,20
118,118,63616.0,318,21
119,119,63606.0,328,21
120,120,63589.0,344,22
121,121,63577.0,356,22
122,122,63571.0,361,23
123,123,63566.0,366,23
124,124,63558.0,373,24
125,125,63544.0,386,25
126,126,63524.0,406,25
127,127,63514.0,416,25
128,128,63510.0,420,25
