,Days,S,I,D
0,0,69267.0,0,0
1,1,69267.0,0,0
2,2,69267.0,0,0
3,3,69267.0,0,0
4,4,69267.0,0,0
5,5,69267.0,0,0
6,6,69267.0,0,0
7,7,69267.0,0,0
8,8,69267.0,0,0
9,9,69267.0,0,0
10,10,69267.0,0,0
11,11,69267.0,0,0
12,12,69267.0,0,0
13,13,69267.0,0,0
14,14,69267.0,0,0
15,15,69267.0,0,0
16,16,69267.0,0,0
17,17,69267.0,0,0
18,18,69267.0,0,0
19,19,69267.0,0,0
20,20,69267.0,0,0
21,21,69267.0,0,0
22,22,69267.0,0,0
23,23,69267.0,0,0
24,24,69267.0,0,0
25,25,69267.0,0,0
26,26,69267.0,0,0
27,27,69267.0,0,0
28,28,69267.0,0,0
29,29,69267.0,0,0
30,30,69267.0,0,0
31,31,69267.0,0,0
32,32,69267.0,0,0
33,33,69267.0,0,0
34,34,69267.0,0,0
35,35,69267.0,0,0
36,36,69267.0,0,0
37,37,69267.0,0,0
38,38,69267.0,0,0
39,39,69267.0,0,0
40,40,69267.0,0,0
41,41,69267.0,0,0
42,42,69267.0,0,0
43,43,69267.0,0,0
44,44,69267.0,0,0
45,45,69267.0,0,0
46,46,69267.0,0,0
47,47,69267.0,0,0
48,48,69267.0,0,0
49,49,69267.0,0,0
50,50,69267.0,0,0
51,51,69267.0,0,0
52,52,69267.0,0,0
53,53,69267.0,0,0
54,54,69267.0,0,0
55,55,69267.0,0,0
56,56,69267.0,0,0
57,57,69267.0,0,0
58,58,69265.0,2,0
59,59,69266.0,1,0
60,60,69266.0,1,0
61,61,69265.0,2,0
62,62,69262.0,5,0
63,63,69259.0,8,0
64,64,69257.0,10,0
65,65,69254.0,13,0
66,66,69251.0,16,0
67,67,69250.0,17,0
68,68,69249.0,18,0
69,69,69246.0,20,1
70,70,69244.0,21,2
71,71,69235.0,30,2
72,72,69229.0,36,2
73,73,69221.0,44,2
74,74,69215.0,50,2
75,75,69215.0,50,2
76,76,69215.0,50,2
77,77,69213.0,52,2
78,78,69204.0,61,2
79,79,69197.0,68,2
80,80,69191.0,74,2
81,81,69184.0,81,2
82,82,69184.0,81,2
83,83,69177.0,88,2
84,84,69173.0,92,2
85,85,69170.0,95,2
86,86,69167.0,98,2
87,87,69164.0,101,2
88,88,69164.0,101,2
89,89,69162.0,103,2
90,90,69159.0,106,2
91,91,69155.0,110,2
92,92,69150.0,113,4
93,93,69136.0,126,5
94,94,69127.0,135,5
95,95,69123.0,139,5
96,96,69121.0,141,5
97,97,69113.0,145,9
98,98,69111.0,147,9
99,99,69108.0,150,9
100,100,69099.0,157,11
101,101,69092.0,163,12
102,102,69090.0,165,12
103,103,69088.0,167,12
104,104,69073.0,178,16
105,105,69071.0,180,16
106,106,69065.0,186,16
107,107,69060.0,191,16
108,108,69055.0,195,17
109,109,69052.0,198,17
110,110,69050.0,200,17
111,111,69046.0,201,20
112,112,69044.0,203,20
113,113,69041.0,204,22
114,114,69038.0,207,22
115,115,69036.0,209,22
116,116,69034.0,211,22
117,117,69032.0,213,22
118,118,69029.0,214,24
119,119,69028.0,215,24
120,120,69025.0,218,24
121,121,69022.0,220,25
122,122,69022.0,220,25
123,123,69022.0,220,25
124,124,69021.0,221,25
125,125,69017.0,224,26
126,126,69015.0,226,26
127,127,69014.0,227,26
128,128,69009.0,232,26
