,Days,S,I,D
0,0,68192.0,0,0
1,1,68192.0,0,0
2,2,68192.0,0,0
3,3,68192.0,0,0
4,4,68192.0,0,0
5,5,68192.0,0,0
6,6,68192.0,0,0
7,7,68192.0,0,0
8,8,68192.0,0,0
9,9,68192.0,0,0
10,10,68192.0,0,0
11,11,68192.0,0,0
12,12,68192.0,0,0
13,13,68192.0,0,0
14,14,68192.0,0,0
15,15,68192.0,0,0
16,16,68192.0,0,0
17,17,68192.0,0,0
18,18,68192.0,0,0
19,19,68192.0,0,0
20,20,68192.0,0,0
21,21,68192.0,0,0
22,22,68192.0,0,0
23,23,68192.0,0,0
24,24,68192.0,0,0
25,25,68192.0,0,0
26,26,68192.0,0,0
27,27,68192.0,0,0
28,28,68192.0,0,0
29,29,68192.0,0,0
30,30,68192.0,0,0
31,31,68192.0,0,0
32,32,68192.0,0,0
33,33,68192.0,0,0
34,34,68192.0,0,0
35,35,68192.0,0,0
36,36,68192.0,0,0
37,37,68192.0,0,0
38,38,68192.0,0,0
39,39,68192.0,0,0
40,40,68192.0,0,0
41,41,68192.0,0,0
42,42,68192.0,0,0
43,43,68192.0,0,0
44,44,68192.0,0,0
45,45,68192.0,0,0
46,46,68192.0,0,0
47,47,68192.0,0,0
48,48,68192.0,0,0
49,49,68192.0,0,0
50,50,68192.0,0,0
51,51,68192.0,0,0
52,52,68192.0,0,0
53,53,68192.0,0,0
54,54,68192.0,0,0
55,55,68192.0,0,0
56,56,68192.0,0,0
57,57,68192.0,0,0
58,58,68192.0,0,0
59,59,68192.0,0,0
60,60,68192.0,0,0
61,61,68192.0,0,0
62,62,68192.0,0,0
63,63,68192.0,0,0
64,64,68191.0,1,0
65,65,68190.0,2,0
66,66,68190.0,2,0
67,67,68187.0,5,0
68,68,68184.0,8,0
69,69,68184.0,8,0
70,70,68181.0,11,0
71,71,68175.0,17,0
72,72,68174.0,18,0
73,73,68170.0,22,0
74,74,68169.0,23,0
75,75,68168.0,24,0
76,76,68168.0,24,0
77,77,68165.0,27,0
78,78,68161.0,31,0
79,79,68158.0,34,0
80,80,68155.0,37,0
81,81,68137.0,54,1
82,82,68138.0,53,1
83,83,68129.0,62,1
84,84,68127.0,63,2
85,85,68120.0,70,2
86,86,68104.0,86,2
87,87,68099.0,91,2
88,88,68096.0,94,2
89,89,68081.0,109,2
90,90,68068.0,121,3
91,91,68066.0,123,3
92,92,68061.0,125,6
93,93,68057.0,129,6
94,94,68056.0,129,7
95,95,68055.0,130,7
96,96,68018.0,166,8
97,97,68011.0,173,8
98,98,68011.0,173,8
99,99,68002.0,180,10
100,100,67997.0,183,12
101,101,67996.0,184,12
102,102,67996.0,184,12
103,103,67995.0,185,12
104,104,67991.0,189,12
105,105,67983.0,196,13
106,106,67981.0,198,13
107,107,67975.0,201,16
108,108,67972.0,203,17
109,109,67971.0,204,17
110,110,67964.0,211,17
111,111,67961.0,213,18
112,112,67960.0,213,19
113,113,67954.0,219,19
114,114,67951.0,222,19
115,115,67950.0,223,19
116,116,67947.0,225,20
117,117,67945.0,227,20
118,118,67936.0,235,21
119,119,67936.0,235,21
120,120,67935.0,235,22
121,121,67935.0,235,22
122,122,67933.0,235,24
123,123,67933.0,235,24
124,124,67933.0,235,24
125,125,67932.0,236,24
126,126,67929.0,237,26
127,127,67927.0,239,26
128,128,67927.0,239,26
