,Days,S,I,D
0,0,35564.0,0,0
1,1,35564.0,0,0
2,2,35564.0,0,0
3,3,35564.0,0,0
4,4,35564.0,0,0
5,5,35564.0,0,0
6,6,35564.0,0,0
7,7,35564.0,0,0
8,8,35564.0,0,0
9,9,35564.0,0,0
10,10,35564.0,0,0
11,11,35564.0,0,0
12,12,35564.0,0,0
13,13,35564.0,0,0
14,14,35564.0,0,0
15,15,35564.0,0,0
16,16,35564.0,0,0
17,17,35564.0,0,0
18,18,35564.0,0,0
19,19,35564.0,0,0
20,20,35564.0,0,0
21,21,35564.0,0,0
22,22,35564.0,0,0
23,23,35564.0,0,0
24,24,35564.0,0,0
25,25,35564.0,0,0
26,26,35564.0,0,0
27,27,35564.0,0,0
28,28,35564.0,0,0
29,29,35564.0,0,0
30,30,35564.0,0,0
31,31,35564.0,0,0
32,32,35564.0,0,0
33,33,35564.0,0,0
34,34,35564.0,0,0
35,35,35564.0,0,0
36,36,35564.0,0,0
37,37,35564.0,0,0
38,38,35564.0,0,0
39,39,35564.0,0,0
40,40,35564.0,0,0
41,41,35564.0,0,0
42,42,35564.0,0,0
43,43,35564.0,0,0
44,44,35564.0,0,0
45,45,35564.0,0,0
46,46,35564.0,0,0
47,47,35564.0,0,0
48,48,35564.0,0,0
49,49,35564.0,0,0
50,50,35564.0,0,0
51,51,35564.0,0,0
52,52,35564.0,0,0
53,53,35564.0,0,0
54,54,35563.0,1,0
55,55,35563.0,1,0
56,56,35563.0,1,0
57,57,35563.0,1,0
58,58,35562.0,2,0
59,59,35562.0,2,0
60,60,35562.0,2,0
61,61,35562.0,2,0
62,62,35561.0,3,0
63,63,35561.0,3,0
64,64,35561.0,3,0
65,65,35561.0,3,0
66,66,35561.0,3,0
67,67,35559.0,5,0
68,68,35559.0,5,0
69,69,35558.0,6,0
70,70,35557.0,7,0
71,71,35552.0,11,1
72,72,35551.0,12,1
73,73,35551.0,12,1
74,74,35550.0,13,1
75,75,35547.0,16,1
76,76,35545.0,18,1
77,77,35544.0,19,1
78,78,35539.0,24,1
79,79,35538.0,25,1
80,80,35531.0,31,2
81,81,35526.0,36,2
82,82,35525.0,37,2
83,83,35524.0,38,2
84,84,35516.0,46,2
85,85,35507.0,54,3
86,86,35503.0,58,3
87,87,35498.0,62,4
88,88,35491.0,68,5
89,89,35484.0,75,5
90,90,35461.0,95,8
91,91,35456.0,99,9
92,92,35446.0,109,9
93,93,35438.0,117,9
94,94,35432.0,123,9
95,95,35421.0,134,9
96,96,35411.0,144,9
97,97,35399.0,153,12
98,98,35394.0,157,13
99,99,35393.0,157,14
100,100,35387.0,161,16
101,101,35375.0,173,16
102,102,35373.0,175,16
103,103,35373.0,175,16
104,104,35371.0,177,16
105,105,35366.0,178,20
106,106,35356.0,188,20
107,107,35353.0,191,20
108,108,35345.0,199,20
109,109,35344.0,199,21
110,110,35344.0,199,21
111,111,35341.0,202,21
112,112,35340.0,203,21
113,113,35333.0,209,22
114,114,35326.0,215,23
115,115,35321.0,220,23
116,116,35321.0,220,23
117,117,35321.0,220,23
118,118,35321.0,220,23
119,119,35315.0,226,23
120,120,35312.0,229,23
121,121,35309.0,231,24
122,122,35299.0,241,24
123,123,35298.0,242,24
124,124,35294.0,246,24
125,125,35291.0,249,24
126,126,35288.0,252,24
127,127,35287.0,252,25
128,128,35285.0,254,25
