,Days,S,I,D
0,0,21037.0,0,0
1,1,21037.0,0,0
2,2,21037.0,0,0
3,3,21037.0,0,0
4,4,21037.0,0,0
5,5,21037.0,0,0
6,6,21037.0,0,0
7,7,21037.0,0,0
8,8,21037.0,0,0
9,9,21037.0,0,0
10,10,21037.0,0,0
11,11,21037.0,0,0
12,12,21037.0,0,0
13,13,21037.0,0,0
14,14,21037.0,0,0
15,15,21037.0,0,0
16,16,21037.0,0,0
17,17,21037.0,0,0
18,18,21037.0,0,0
19,19,21037.0,0,0
20,20,21037.0,0,0
21,21,21037.0,0,0
22,22,21037.0,0,0
23,23,21037.0,0,0
24,24,21037.0,0,0
25,25,21037.0,0,0
26,26,21037.0,0,0
27,27,21037.0,0,0
28,28,21037.0,0,0
29,29,21037.0,0,0
30,30,21037.0,0,0
31,31,21037.0,0,0
32,32,21037.0,0,0
33,33,21037.0,0,0
34,34,21037.0,0,0
35,35,21037.0,0,0
36,36,21037.0,0,0
37,37,21037.0,0,0
38,38,21037.0,0,0
39,39,21037.0,0,0
40,40,21037.0,0,0
41,41,21037.0,0,0
42,42,21037.0,0,0
43,43,21037.0,0,0
44,44,21037.0,0,0
45,45,21037.0,0,0
46,46,21037.0,0,0
47,47,21037.0,0,0
48,48,21037.0,0,0
49,49,21037.0,0,0
50,50,21037.0,0,0
51,51,21037.0,0,0
52,52,21037.0,0,0
53,53,21037.0,0,0
54,54,21037.0,0,0
55,55,21037.0,0,0
56,56,21037.0,0,0
57,57,21035.0,1,1
58,58,21035.0,1,1
59,59,21035.0,1,1
60,60,21035.0,1,1
61,61,21028.0,8,1
62,62,21027.0,9,1
63,63,21022.0,14,1
64,64,21007.0,29,1
65,65,20994.0,40,3
66,66,20986.0,48,3
67,67,20979.0,55,3
68,68,20969.0,65,3
69,69,20956.0,77,4
70,70,20947.0,86,4
71,71,20923.0,110,4
72,72,20917.0,116,4
73,73,20881.0,150,6
74,74,20876.0,155,6
75,75,20864.0,167,6
76,76,20855.0,176,6
77,77,20849.0,181,7
78,78,20839.0,191,7
79,79,20834.0,194,9
80,80,20831.0,197,9
81,81,20823.0,204,10
82,82,20820.0,207,10
83,83,20816.0,208,13
84,84,20814.0,210,13
85,85,20809.0,214,14
86,86,20807.0,216,14
87,87,20806.0,217,14
88,88,20804.0,218,15
89,89,20800.0,222,15
90,90,20793.0,228,16
91,91,20789.0,231,17
92,92,20785.0,235,17
93,93,20781.0,237,19
94,94,20782.0,237,18
95,95,20780.0,239,18
96,96,20780.0,239,18
97,97,20778.0,240,19
98,98,20775.0,243,19
99,99,20772.0,246,19
100,100,20771.0,247,19
101,101,20771.0,247,19
102,102,20767.0,250,20
103,103,20764.0,253,20
104,104,20763.0,254,20
105,105,20761.0,256,20
106,106,20761.0,256,20
107,107,20761.0,256,20
108,108,20761.0,256,20
109,109,20761.0,256,20
110,110,20761.0,256,20
111,111,20761.0,256,20
112,112,20747.0,268,22
113,113,20733.0,282,22
114,114,20732.0,282,23
115,115,20732.0,282,23
116,116,20731.0,283,23
117,117,20730.0,284,23
118,118,20730.0,284,23
119,119,20730.0,284,23
120,120,20724.0,289,24
121,121,20724.0,289,24
122,122,20723.0,289,25
123,123,20723.0,289,25
124,124,20720.0,292,25
125,125,20720.0,292,25
126,126,20719.0,293,25
127,127,20718.0,294,25
128,128,20718.0,294,25
