,Days,S,I,D
0,0,159442.0,0,0
1,1,159442.0,0,0
2,2,159442.0,0,0
3,3,159442.0,0,0
4,4,159442.0,0,0
5,5,159442.0,0,0
6,6,159442.0,0,0
7,7,159442.0,0,0
8,8,159442.0,0,0
9,9,159442.0,0,0
10,10,159442.0,0,0
11,11,159442.0,0,0
12,12,159442.0,0,0
13,13,159442.0,0,0
14,14,159442.0,0,0
15,15,159442.0,0,0
16,16,159442.0,0,0
17,17,159442.0,0,0
18,18,159442.0,0,0
19,19,159442.0,0,0
20,20,159442.0,0,0
21,21,159442.0,0,0
22,22,159442.0,0,0
23,23,159442.0,0,0
24,24,159442.0,0,0
25,25,159442.0,0,0
26,26,159442.0,0,0
27,27,159442.0,0,0
28,28,159442.0,0,0
29,29,159442.0,0,0
30,30,159442.0,0,0
31,31,159442.0,0,0
32,32,159442.0,0,0
33,33,159442.0,0,0
34,34,159442.0,0,0
35,35,159442.0,0,0
36,36,159442.0,0,0
37,37,159442.0,0,0
38,38,159442.0,0,0
39,39,159442.0,0,0
40,40,159442.0,0,0
41,41,159442.0,0,0
42,42,159442.0,0,0
43,43,159442.0,0,0
44,44,159442.0,0,0
45,45,159442.0,0,0
46,46,159442.0,0,0
47,47,159442.0,0,0
48,48,159442.0,0,0
49,49,159442.0,0,0
50,50,159442.0,0,0
51,51,159442.0,0,0
52,52,159442.0,0,0
53,53,159442.0,0,0
54,54,159442.0,0,0
55,55,159441.0,1,0
56,56,159438.0,4,0
57,57,159436.0,6,0
58,58,159434.0,8,0
59,59,159434.0,8,0
60,60,159416.0,26,0
61,61,159413.0,29,0
62,62,159412.0,30,0
63,63,159411.0,31,0
64,64,159410.0,32,0
65,65,159404.0,38,0
66,66,159404.0,38,0
67,67,159402.0,40,0
68,68,159402.0,40,0
69,69,159399.0,43,0
70,70,159382.0,60,0
71,71,159381.0,60,1
72,72,159370.0,71,1
73,73,159368.0,73,1
74,74,159368.0,73,1
75,75,159362.0,78,2
76,76,159349.0,91,2
77,77,159343.0,94,5
78,78,159358.0,79,5
79,79,159346.0,91,5
80,80,159341.0,96,5
81,81,159332.0,105,5
82,82,159324.0,113,5
83,83,159317.0,120,5
84,84,159312.0,124,6
85,85,159299.0,137,6
86,86,159286.0,150,6
87,87,159272.0,164,6
88,88,159263.0,173,6
89,89,159259.0,177,6
90,90,159252.0,183,7
91,91,159249.0,186,7
92,92,159244.0,191,7
93,93,159233.0,198,11
94,94,159210.0,221,11
95,95,159189.0,242,11
96,96,159185.0,246,11
97,97,159181.0,250,11
98,98,159169.0,262,11
99,99,159143.0,287,12
100,100,159132.0,298,12
101,101,159117.0,311,14
102,102,159104.0,322,16
103,103,159089.0,337,16
104,104,159087.0,339,16
105,105,159074.0,347,21
106,106,159054.0,367,21
107,107,159041.0,380,21
108,108,159013.0,407,22
109,109,159011.0,409,22
110,110,159008.0,411,23
111,111,159003.0,416,23
112,112,158999.0,420,23
113,113,158996.0,423,23
114,114,158991.0,428,23
115,115,158981.0,438,23
116,116,158978.0,439,25
117,117,158973.0,444,25
118,118,158973.0,444,25
119,119,158964.0,453,25
120,120,158961.0,456,25
121,121,158957.0,460,25
122,122,158954.0,463,25
123,123,158954.0,463,25
124,124,158952.0,465,25
125,125,158951.0,466,25
126,126,158951.0,466,25
127,127,158948.0,469,25
128,128,158939.0,478,25
