,Days,S,I,D
0,0,35108.0,0,0
1,1,35108.0,0,0
2,2,35108.0,0,0
3,3,35108.0,0,0
4,4,35108.0,0,0
5,5,35108.0,0,0
6,6,35108.0,0,0
7,7,35108.0,0,0
8,8,35108.0,0,0
9,9,35108.0,0,0
10,10,35108.0,0,0
11,11,35108.0,0,0
12,12,35108.0,0,0
13,13,35108.0,0,0
14,14,35108.0,0,0
15,15,35108.0,0,0
16,16,35108.0,0,0
17,17,35108.0,0,0
18,18,35108.0,0,0
19,19,35108.0,0,0
20,20,35108.0,0,0
21,21,35108.0,0,0
22,22,35108.0,0,0
23,23,35108.0,0,0
24,24,35108.0,0,0
25,25,35108.0,0,0
26,26,35108.0,0,0
27,27,35108.0,0,0
28,28,35108.0,0,0
29,29,35108.0,0,0
30,30,35108.0,0,0
31,31,35108.0,0,0
32,32,35108.0,0,0
33,33,35108.0,0,0
34,34,35108.0,0,0
35,35,35108.0,0,0
36,36,35108.0,0,0
37,37,35108.0,0,0
38,38,35108.0,0,0
39,39,35108.0,0,0
40,40,35108.0,0,0
41,41,35108.0,0,0
42,42,35108.0,0,0
43,43,35108.0,0,0
44,44,35108.0,0,0
45,45,35108.0,0,0
46,46,35108.0,0,0
47,47,35108.0,0,0
48,48,35108.0,0,0
49,49,35108.0,0,0
50,50,35108.0,0,0
51,51,35108.0,0,0
52,52,35108.0,0,0
53,53,35108.0,0,0
54,54,35108.0,0,0
55,55,35108.0,0,0
56,56,35108.0,0,0
57,57,35108.0,0,0
58,58,35108.0,0,0
59,59,35108.0,0,0
60,60,35108.0,0,0
61,61,35108.0,0,0
62,62,35108.0,0,0
63,63,35108.0,0,0
64,64,35108.0,0,0
65,65,35108.0,0,0
66,66,35103.0,5,0
67,67,35103.0,5,0
68,68,35100.0,8,0
69,69,35100.0,8,0
70,70,35091.0,17,0
71,71,35091.0,17,0
72,72,35091.0,17,0
73,73,35091.0,17,0
74,74,35090.0,17,1
75,75,35090.0,17,1
76,76,35086.0,21,1
77,77,35084.0,23,1
78,78,35079.0,28,1
79,79,35073.0,34,1
80,80,35071.0,36,1
81,81,35069.0,37,2
82,82,35069.0,37,2
83,83,35069.0,37,2
84,84,35064.0,41,3
85,85,35059.0,46,3
86,86,35057.0,47,4
87,87,35054.0,50,4
88,88,35052.0,52,4
89,89,35043.0,61,4
90,90,35035.0,67,6
91,91,35031.0,71,6
92,92,35025.0,77,6
93,93,35024.0,78,6
94,94,34994.0,103,11
95,95,34984.0,113,11
96,96,34984.0,113,11
97,97,34961.0,136,11
98,98,34954.0,140,14
99,99,34951.0,142,15
100,100,34949.0,144,15
101,101,34948.0,145,15
102,102,34945.0,145,18
103,103,34945.0,145,18
104,104,34943.0,147,18
105,105,34940.0,150,18
106,106,34937.0,153,18
107,107,34934.0,156,18
108,108,34926.0,164,18
109,109,34926.0,164,18
110,110,34926.0,164,18
111,111,34916.0,170,22
112,112,34911.0,175,22
113,113,34911.0,175,22
114,114,34907.0,179,22
115,115,34905.0,181,22
116,116,34905.0,181,22
117,117,34905.0,181,22
118,118,34902.0,184,22
119,119,34900.0,186,22
120,120,34899.0,187,22
121,121,34896.0,189,23
122,122,34892.0,193,23
123,123,34892.0,193,23
124,124,34892.0,193,23
125,125,34892.0,193,23
126,126,34889.0,196,23
127,127,34888.0,197,23
128,128,34885.0,198,25
