,Days,S,I,D
0,0,33615.0,0,0
1,1,33615.0,0,0
2,2,33615.0,0,0
3,3,33615.0,0,0
4,4,33615.0,0,0
5,5,33615.0,0,0
6,6,33615.0,0,0
7,7,33615.0,0,0
8,8,33615.0,0,0
9,9,33615.0,0,0
10,10,33615.0,0,0
11,11,33615.0,0,0
12,12,33615.0,0,0
13,13,33615.0,0,0
14,14,33615.0,0,0
15,15,33615.0,0,0
16,16,33615.0,0,0
17,17,33615.0,0,0
18,18,33615.0,0,0
19,19,33615.0,0,0
20,20,33615.0,0,0
21,21,33615.0,0,0
22,22,33615.0,0,0
23,23,33615.0,0,0
24,24,33615.0,0,0
25,25,33615.0,0,0
26,26,33615.0,0,0
27,27,33615.0,0,0
28,28,33615.0,0,0
29,29,33615.0,0,0
30,30,33615.0,0,0
31,31,33615.0,0,0
32,32,33615.0,0,0
33,33,33615.0,0,0
34,34,33615.0,0,0
35,35,33615.0,0,0
36,36,33615.0,0,0
37,37,33615.0,0,0
38,38,33615.0,0,0
39,39,33615.0,0,0
40,40,33615.0,0,0
41,41,33615.0,0,0
42,42,33615.0,0,0
43,43,33615.0,0,0
44,44,33615.0,0,0
45,45,33615.0,0,0
46,46,33615.0,0,0
47,47,33615.0,0,0
48,48,33615.0,0,0
49,49,33615.0,0,0
50,50,33615.0,0,0
51,51,33615.0,0,0
52,52,33615.0,0,0
53,53,33615.0,0,0
54,54,33615.0,0,0
55,55,33615.0,0,0
56,56,33615.0,0,0
57,57,33614.0,1,0
58,58,33614.0,1,0
59,59,33614.0,1,0
60,60,33613.0,2,0
61,61,33613.0,2,0
62,62,33610.0,5,0
63,63,33605.0,10,0
64,64,33602.0,13,0
65,65,33600.0,15,0
66,66,33598.0,17,0
67,67,33587.0,27,1
68,68,33578.0,36,1
69,69,33576.0,36,3
70,70,33566.0,45,4
71,71,33544.0,67,4
72,72,33530.0,81,4
73,73,33523.0,87,5
74,74,33520.0,90,5
75,75,33514.0,96,5
76,76,33506.0,102,7
77,77,33467.0,140,8
78,78,33446.0,161,8
79,79,33436.0,171,8
80,80,33423.0,184,8
81,81,33407.0,200,8
82,82,33395.0,212,8
83,83,33391.0,216,8
84,84,33380.0,227,8
85,85,33372.0,234,9
86,86,33368.0,236,11
87,87,33364.0,240,11
88,88,33358.0,246,11
89,89,33347.0,257,11
90,90,33343.0,259,13
91,91,33329.0,270,16
92,92,33324.0,275,16
93,93,33316.0,282,17
94,94,33313.0,284,18
95,95,33312.0,285,18
96,96,33308.0,289,18
97,97,33306.0,290,19
98,98,33304.0,290,21
99,99,33304.0,290,21
100,100,33304.0,290,21
101,101,33300.0,294,21
102,102,33294.0,300,21
103,103,33292.0,302,21
104,104,33290.0,304,21
105,105,33288.0,306,21
106,106,33286.0,308,21
107,107,33283.0,311,21
108,108,33280.0,314,21
109,109,33278.0,316,21
110,110,33275.0,319,21
111,111,33270.0,324,21
112,112,33269.0,324,22
113,113,33267.0,326,22
114,114,33267.0,326,22
115,115,33265.0,328,22
116,116,33265.0,328,22
117,117,33264.0,329,22
118,118,33264.0,329,22
119,119,33262.0,330,23
120,120,33262.0,330,23
121,121,33262.0,330,23
122,122,33262.0,330,23
123,123,33256.0,336,23
124,124,33254.0,337,24
125,125,33253.0,338,24
126,126,33251.0,340,24
127,127,33242.0,349,24
128,128,33239.0,352,24
