,Days,S,I,D
0,0,237085.0,0,0
1,1,237085.0,0,0
2,2,237085.0,0,0
3,3,237085.0,0,0
4,4,237085.0,0,0
5,5,237085.0,0,0
6,6,237085.0,0,0
7,7,237085.0,0,0
8,8,237085.0,0,0
9,9,237085.0,0,0
10,10,237085.0,0,0
11,11,237085.0,0,0
12,12,237085.0,0,0
13,13,237085.0,0,0
14,14,237085.0,0,0
15,15,237085.0,0,0
16,16,237085.0,0,0
17,17,237085.0,0,0
18,18,237085.0,0,0
19,19,237085.0,0,0
20,20,237085.0,0,0
21,21,237085.0,0,0
22,22,237085.0,0,0
23,23,237085.0,0,0
24,24,237085.0,0,0
25,25,237085.0,0,0
26,26,237085.0,0,0
27,27,237085.0,0,0
28,28,237085.0,0,0
29,29,237085.0,0,0
30,30,237085.0,0,0
31,31,237085.0,0,0
32,32,237085.0,0,0
33,33,237085.0,0,0
34,34,237085.0,0,0
35,35,237085.0,0,0
36,36,237085.0,0,0
37,37,237085.0,0,0
38,38,237085.0,0,0
39,39,237085.0,0,0
40,40,237085.0,0,0
41,41,237085.0,0,0
42,42,237085.0,0,0
43,43,237085.0,0,0
44,44,237085.0,0,0
45,45,237085.0,0,0
46,46,237085.0,0,0
47,47,237085.0,0,0
48,48,237085.0,0,0
49,49,237085.0,0,0
50,50,237085.0,0,0
51,51,237085.0,0,0
52,52,237083.0,2,0
53,53,237083.0,2,0
54,54,237083.0,2,0
55,55,237079.0,6,0
56,56,237079.0,6,0
57,57,237079.0,6,0
58,58,237078.0,7,0
59,59,237071.0,14,0
60,60,237065.0,20,0
61,61,237061.0,24,0
62,62,237054.0,31,0
63,63,237047.0,38,0
64,64,237042.0,43,0
65,65,237042.0,43,0
66,66,237042.0,43,0
67,67,237019.0,66,0
68,68,237011.0,74,0
69,69,236995.0,90,0
70,70,236976.0,109,0
71,71,236967.0,118,0
72,72,236946.0,139,0
73,73,236945.0,140,0
74,74,236931.0,154,0
75,75,236927.0,158,0
76,76,236916.0,169,0
77,77,236906.0,178,1
78,78,236880.0,203,2
79,79,236864.0,219,2
80,80,236849.0,234,2
81,81,236836.0,247,2
82,82,236824.0,259,2
83,83,236820.0,263,2
84,84,236801.0,280,4
85,85,236780.0,301,4
86,86,236766.0,314,5
87,87,236755.0,325,5
88,88,236743.0,337,5
89,89,236733.0,347,5
90,90,236722.0,357,6
91,91,236702.0,377,6
92,92,236696.0,383,6
93,93,236678.0,401,6
94,94,236666.0,412,7
95,95,236663.0,415,7
96,96,236657.0,421,7
97,97,236643.0,435,7
98,98,236628.0,450,7
99,99,236607.0,470,8
100,100,236581.0,496,8
101,101,236572.0,505,8
102,102,236570.0,507,8
103,103,236534.0,542,9
104,104,236511.0,565,9
105,105,236486.0,588,11
106,106,236474.0,600,11
107,107,236417.0,657,11
108,108,236407.0,663,15
109,109,236400.0,670,15
110,110,236395.0,675,15
111,111,236387.0,681,17
112,112,236370.0,698,17
113,113,236350.0,717,18
114,114,236320.0,745,20
115,115,236295.0,768,22
116,116,236291.0,772,22
117,117,236291.0,772,22
118,118,236277.0,786,22
119,119,236262.0,800,23
120,120,236236.0,825,24
121,121,236206.0,855,24
122,122,236184.0,877,24
123,123,236168.0,893,24
124,124,236163.0,898,24
125,125,236157.0,904,24
126,126,236141.0,920,24
127,127,236102.0,959,24
128,128,236089.0,971,25
