,Days,S,I,D
0,0,68461.0,0,0
1,1,68461.0,0,0
2,2,68461.0,0,0
3,3,68461.0,0,0
4,4,68461.0,0,0
5,5,68461.0,0,0
6,6,68461.0,0,0
7,7,68461.0,0,0
8,8,68461.0,0,0
9,9,68461.0,0,0
10,10,68461.0,0,0
11,11,68461.0,0,0
12,12,68461.0,0,0
13,13,68461.0,0,0
14,14,68461.0,0,0
15,15,68461.0,0,0
16,16,68461.0,0,0
17,17,68461.0,0,0
18,18,68461.0,0,0
19,19,68461.0,0,0
20,20,68461.0,0,0
21,21,68461.0,0,0
22,22,68461.0,0,0
23,23,68461.0,0,0
24,24,68461.0,0,0
25,25,68461.0,0,0
26,26,68461.0,0,0
27,27,68461.0,0,0
28,28,68461.0,0,0
29,29,68461.0,0,0
30,30,68461.0,0,0
31,31,68461.0,0,0
32,32,68461.0,0,0
33,33,68461.0,0,0
34,34,68461.0,0,0
35,35,68461.0,0,0
36,36,68461.0,0,0
37,37,68461.0,0,0
38,38,68461.0,0,0
39,39,68461.0,0,0
40,40,68461.0,0,0
41,41,68461.0,0,0
42,42,68461.0,0,0
43,43,68461.0,0,0
44,44,68461.0,0,0
45,45,68461.0,0,0
46,46,68461.0,0,0
47,47,68461.0,0,0
48,48,68461.0,0,0
49,49,68461.0,0,0
50,50,68461.0,0,0
51,51,68461.0,0,0
52,52,68461.0,0,0
53,53,68461.0,0,0
54,54,68461.0,0,0
55,55,68461.0,0,0
56,56,68461.0,0,0
57,57,68460.0,1,0
58,58,68460.0,1,0
59,59,68460.0,1,0
60,60,68460.0,1,0
61,61,68460.0,1,0
62,62,68460.0,1,0
63,63,68460.0,1,0
64,64,68460.0,1,0
65,65,68460.0,1,0
66,66,68460.0,1,0
67,67,68456.0,5,0
68,68,68455.0,6,0
69,69,68455.0,6,0
70,70,68455.0,6,0
71,71,68455.0,6,0
72,72,68453.0,8,0
73,73,68452.0,9,0
74,74,68450.0,11,0
75,75,68448.0,13,0
76,76,68447.0,14,0
77,77,68446.0,15,0
78,78,68442.0,19,0
79,79,68436.0,25,0
80,80,68431.0,30,0
81,81,68428.0,33,0
82,82,68424.0,37,0
83,83,68421.0,40,0
84,84,68419.0,42,0
85,85,68413.0,48,0
86,86,68405.0,56,0
87,87,68398.0,63,0
88,88,68391.0,70,0
89,89,68387.0,74,0
90,90,68381.0,80,0
91,91,68373.0,88,0
92,92,68367.0,94,0
93,93,68357.0,104,0
94,94,68345.0,116,0
95,95,68342.0,118,1
96,96,68330.0,130,1
97,97,68328.0,132,1
98,98,68324.0,136,1
99,99,68317.0,143,1
100,100,68300.0,159,2
101,101,68291.0,168,2
102,102,68287.0,172,2
103,103,68274.0,185,2
104,104,68266.0,193,2
105,105,68258.0,199,4
106,106,68248.0,209,4
107,107,68234.0,223,4
108,108,68213.0,243,5
109,109,68209.0,247,5
110,110,68207.0,249,5
111,111,68195.0,260,6
112,112,68191.0,264,6
113,113,68167.0,287,7
114,114,68150.0,304,7
115,115,68134.0,319,8
116,116,68115.0,337,9
117,117,68110.0,342,9
118,118,68093.0,358,10
119,119,68083.0,366,12
120,120,68063.0,386,12
121,121,68027.0,422,12
122,122,68013.0,435,13
123,123,67981.0,467,13
124,124,67954.0,492,15
125,125,67937.0,506,18
126,126,67917.0,525,19
127,127,67873.0,566,22
128,128,67860.0,576,25
