,Days,S,I,D
0,0,107239.0,0,0
1,1,107239.0,0,0
2,2,107239.0,0,0
3,3,107239.0,0,0
4,4,107239.0,0,0
5,5,107239.0,0,0
6,6,107239.0,0,0
7,7,107239.0,0,0
8,8,107239.0,0,0
9,9,107239.0,0,0
10,10,107239.0,0,0
11,11,107239.0,0,0
12,12,107239.0,0,0
13,13,107239.0,0,0
14,14,107239.0,0,0
15,15,107239.0,0,0
16,16,107239.0,0,0
17,17,107239.0,0,0
18,18,107239.0,0,0
19,19,107239.0,0,0
20,20,107239.0,0,0
21,21,107239.0,0,0
22,22,107239.0,0,0
23,23,107239.0,0,0
24,24,107239.0,0,0
25,25,107239.0,0,0
26,26,107239.0,0,0
27,27,107239.0,0,0
28,28,107239.0,0,0
29,29,107239.0,0,0
30,30,107239.0,0,0
31,31,107239.0,0,0
32,32,107239.0,0,0
33,33,107239.0,0,0
34,34,107239.0,0,0
35,35,107239.0,0,0
36,36,107239.0,0,0
37,37,107239.0,0,0
38,38,107239.0,0,0
39,39,107239.0,0,0
40,40,107239.0,0,0
41,41,107239.0,0,0
42,42,107239.0,0,0
43,43,107239.0,0,0
44,44,107239.0,0,0
45,45,107239.0,0,0
46,46,107239.0,0,0
47,47,107239.0,0,0
48,48,107239.0,0,0
49,49,107239.0,0,0
50,50,107239.0,0,0
51,51,107238.0,1,0
52,52,107238.0,1,0
53,53,107238.0,1,0
54,54,107238.0,1,0
55,55,107238.0,1,0
56,56,107238.0,1,0
57,57,107238.0,1,0
58,58,107238.0,1,0
59,59,107238.0,1,0
60,60,107238.0,1,0
61,61,107237.0,2,0
62,62,107238.0,1,0
63,63,107237.0,2,0
64,64,107237.0,2,0
65,65,107237.0,2,0
66,66,107236.0,3,0
67,67,107235.0,4,0
68,68,107234.0,5,0
69,69,107233.0,6,0
70,70,107233.0,6,0
71,71,107231.0,8,0
72,72,107227.0,12,0
73,73,107227.0,12,0
74,74,107227.0,12,0
75,75,107226.0,13,0
76,76,107220.0,19,0
77,77,107217.0,22,0
78,78,107210.0,29,0
79,79,107208.0,31,0
80,80,107201.0,38,0
81,81,107200.0,38,1
82,82,107199.0,39,1
83,83,107186.0,52,1
84,84,107185.0,53,1
85,85,107177.0,61,1
86,86,107167.0,70,2
87,87,107158.0,79,2
88,88,107152.0,84,3
89,89,107142.0,91,6
90,90,107140.0,93,6
91,91,107136.0,97,6
92,92,107133.0,99,7
93,93,107129.0,103,7
94,94,107127.0,105,7
95,95,107127.0,105,7
96,96,107124.0,108,7
97,97,107121.0,109,9
98,98,107117.0,113,9
99,99,107112.0,118,9
100,100,107095.0,132,12
101,101,107094.0,133,12
102,102,107090.0,137,12
103,103,107086.0,141,12
104,104,107081.0,145,13
105,105,107081.0,145,13
106,106,107070.0,154,15
107,107,107069.0,155,15
108,108,107060.0,163,16
109,109,107053.0,170,16
110,110,107052.0,171,16
111,111,107048.0,174,17
112,112,107039.0,183,17
113,113,107023.0,198,18
114,114,107012.0,208,19
115,115,107005.0,215,19
116,116,107000.0,220,19
117,117,106995.0,225,19
118,118,106988.0,232,19
119,119,106982.0,238,19
120,120,106976.0,244,19
121,121,106974.0,246,19
122,122,106968.0,252,19
123,123,106968.0,252,19
124,124,106945.0,275,19
125,125,106919.0,301,19
126,126,106908.0,309,22
127,127,106899.0,316,24
128,128,106895.0,320,24
