,Days,S,I,D
0,0,228783.0,0,0
1,1,228783.0,0,0
2,2,228783.0,0,0
3,3,228783.0,0,0
4,4,228783.0,0,0
5,5,228783.0,0,0
6,6,228783.0,0,0
7,7,228783.0,0,0
8,8,228783.0,0,0
9,9,228783.0,0,0
10,10,228783.0,0,0
11,11,228783.0,0,0
12,12,228783.0,0,0
13,13,228783.0,0,0
14,14,228783.0,0,0
15,15,228783.0,0,0
16,16,228783.0,0,0
17,17,228783.0,0,0
18,18,228783.0,0,0
19,19,228783.0,0,0
20,20,228783.0,0,0
21,21,228783.0,0,0
22,22,228783.0,0,0
23,23,228783.0,0,0
24,24,228783.0,0,0
25,25,228783.0,0,0
26,26,228783.0,0,0
27,27,228783.0,0,0
28,28,228783.0,0,0
29,29,228783.0,0,0
30,30,228783.0,0,0
31,31,228783.0,0,0
32,32,228783.0,0,0
33,33,228783.0,0,0
34,34,228783.0,0,0
35,35,228783.0,0,0
36,36,228783.0,0,0
37,37,228783.0,0,0
38,38,228783.0,0,0
39,39,228783.0,0,0
40,40,228783.0,0,0
41,41,228783.0,0,0
42,42,228783.0,0,0
43,43,228783.0,0,0
44,44,228783.0,0,0
45,45,228783.0,0,0
46,46,228783.0,0,0
47,47,228783.0,0,0
48,48,228783.0,0,0
49,49,228783.0,0,0
50,50,228783.0,0,0
51,51,228783.0,0,0
52,52,228783.0,0,0
53,53,228783.0,0,0
54,54,228783.0,0,0
55,55,228783.0,0,0
56,56,228780.0,3,0
57,57,228780.0,3,0
58,58,228778.0,5,0
59,59,228777.0,6,0
60,60,228777.0,6,0
61,61,228775.0,8,0
62,62,228772.0,11,0
63,63,228770.0,13,0
64,64,228769.0,14,0
65,65,228766.0,17,0
66,66,228763.0,20,0
67,67,228758.0,25,0
68,68,228758.0,25,0
69,69,228757.0,26,0
70,70,228750.0,33,0
71,71,228730.0,52,1
72,72,228706.0,76,1
73,73,228685.0,96,2
74,74,228683.0,99,1
75,75,228676.0,105,2
76,76,228670.0,110,3
77,77,228659.0,119,5
78,78,228653.0,126,4
79,79,228640.0,139,4
80,80,228630.0,148,5
81,81,228624.0,154,5
82,82,228610.0,167,6
83,83,228601.0,175,7
84,84,228598.0,177,8
85,85,228587.0,188,8
86,86,228572.0,201,10
87,87,228563.0,211,9
88,88,228543.0,231,9
89,89,228538.0,236,9
90,90,228527.0,246,10
91,91,228523.0,250,10
92,92,228511.0,259,13
93,93,228482.0,287,14
94,94,228468.0,301,14
95,95,228468.0,301,14
96,96,228465.0,304,14
97,97,228457.0,312,14
98,98,228446.0,323,14
99,99,228429.0,339,15
100,100,228404.0,364,15
101,101,228385.0,382,16
102,102,228364.0,403,16
103,103,228348.0,419,16
104,104,228329.0,438,16
105,105,228329.0,438,16
106,106,228293.0,473,17
107,107,228271.0,494,18
108,108,228253.0,512,18
109,109,228235.0,530,18
110,110,228219.0,546,18
111,111,228200.0,565,18
112,112,228173.0,592,18
113,113,228154.0,611,18
114,114,228100.0,665,18
115,115,228024.0,741,18
116,116,228007.0,758,18
117,117,227986.0,779,18
118,118,227953.0,811,19
119,119,227929.0,835,19
120,120,227876.0,888,19
121,121,227830.0,934,19
122,122,227785.0,979,19
123,123,227752.0,1012,19
124,124,227723.0,1040,20
125,125,227674.0,1089,20
126,126,227650.0,1112,21
127,127,227629.0,1133,21
128,128,227559.0,1202,22
