,Days,S,I,D
0,0,64227.0,0,0
1,1,64227.0,0,0
2,2,64227.0,0,0
3,3,64227.0,0,0
4,4,64227.0,0,0
5,5,64227.0,0,0
6,6,64227.0,0,0
7,7,64227.0,0,0
8,8,64227.0,0,0
9,9,64227.0,0,0
10,10,64227.0,0,0
11,11,64227.0,0,0
12,12,64227.0,0,0
13,13,64227.0,0,0
14,14,64227.0,0,0
15,15,64227.0,0,0
16,16,64227.0,0,0
17,17,64227.0,0,0
18,18,64227.0,0,0
19,19,64227.0,0,0
20,20,64227.0,0,0
21,21,64227.0,0,0
22,22,64227.0,0,0
23,23,64227.0,0,0
24,24,64227.0,0,0
25,25,64227.0,0,0
26,26,64227.0,0,0
27,27,64227.0,0,0
28,28,64227.0,0,0
29,29,64227.0,0,0
30,30,64227.0,0,0
31,31,64227.0,0,0
32,32,64227.0,0,0
33,33,64227.0,0,0
34,34,64227.0,0,0
35,35,64227.0,0,0
36,36,64227.0,0,0
37,37,64227.0,0,0
38,38,64227.0,0,0
39,39,64227.0,0,0
40,40,64227.0,0,0
41,41,64227.0,0,0
42,42,64227.0,0,0
43,43,64227.0,0,0
44,44,64227.0,0,0
45,45,64227.0,0,0
46,46,64227.0,0,0
47,47,64227.0,0,0
48,48,64227.0,0,0
49,49,64227.0,0,0
50,50,64227.0,0,0
51,51,64227.0,0,0
52,52,64227.0,0,0
53,53,64227.0,0,0
54,54,64227.0,0,0
55,55,64227.0,0,0
56,56,64227.0,0,0
57,57,64227.0,0,0
58,58,64227.0,0,0
59,59,64227.0,0,0
60,60,64227.0,0,0
61,61,64227.0,0,0
62,62,64226.0,1,0
63,63,64226.0,1,0
64,64,64225.0,2,0
65,65,64225.0,2,0
66,66,64224.0,3,0
67,67,64218.0,9,0
68,68,64214.0,13,0
69,69,64209.0,17,1
70,70,64203.0,23,1
71,71,64200.0,26,1
72,72,64192.0,34,1
73,73,64180.0,46,1
74,74,64176.0,50,1
75,75,64167.0,59,1
76,76,64159.0,67,1
77,77,64150.0,76,1
78,78,64142.0,83,2
79,79,64131.0,93,3
80,80,64126.0,98,3
81,81,64122.0,102,3
82,82,64122.0,102,3
83,83,64121.0,103,3
84,84,64109.0,112,6
85,85,64108.0,113,6
86,86,64102.0,118,7
87,87,64083.0,136,8
88,88,64079.0,140,8
89,89,64074.0,144,9
90,90,64068.0,150,9
91,91,64064.0,154,9
92,92,64063.0,155,9
93,93,64055.0,160,12
94,94,64053.0,162,12
95,95,64052.0,163,12
96,96,64051.0,164,12
97,97,64045.0,169,13
98,98,64043.0,170,14
99,99,64037.0,175,15
100,100,64031.0,181,15
101,101,64030.0,182,15
102,102,64029.0,183,15
103,103,64027.0,185,15
104,104,64027.0,185,15
105,105,64025.0,186,16
106,106,64022.0,189,16
107,107,64019.0,192,16
108,108,64016.0,195,16
109,109,64012.0,198,17
110,110,64012.0,198,17
111,111,64012.0,198,17
112,112,64005.0,205,17
113,113,64004.0,206,17
114,114,64004.0,206,17
115,115,64000.0,210,17
116,116,63996.0,214,17
117,117,63991.0,214,22
118,118,63991.0,214,22
119,119,63986.0,219,22
120,120,63984.0,221,22
121,121,63981.0,224,22
122,122,63978.0,227,22
123,123,63976.0,229,22
124,124,63974.0,231,22
125,125,63974.0,231,22
126,126,63973.0,232,22
127,127,63973.0,232,22
128,128,63970.0,234,23
