,Days,S,I,D
0,0,118121.0,0,0
1,1,118121.0,0,0
2,2,118121.0,0,0
3,3,118121.0,0,0
4,4,118121.0,0,0
5,5,118121.0,0,0
6,6,118121.0,0,0
7,7,118121.0,0,0
8,8,118121.0,0,0
9,9,118121.0,0,0
10,10,118121.0,0,0
11,11,118121.0,0,0
12,12,118121.0,0,0
13,13,118121.0,0,0
14,14,118121.0,0,0
15,15,118121.0,0,0
16,16,118121.0,0,0
17,17,118121.0,0,0
18,18,118121.0,0,0
19,19,118121.0,0,0
20,20,118121.0,0,0
21,21,118121.0,0,0
22,22,118121.0,0,0
23,23,118121.0,0,0
24,24,118121.0,0,0
25,25,118121.0,0,0
26,26,118121.0,0,0
27,27,118121.0,0,0
28,28,118121.0,0,0
29,29,118121.0,0,0
30,30,118121.0,0,0
31,31,118121.0,0,0
32,32,118121.0,0,0
33,33,118121.0,0,0
34,34,118121.0,0,0
35,35,118121.0,0,0
36,36,118121.0,0,0
37,37,118121.0,0,0
38,38,118121.0,0,0
39,39,118121.0,0,0
40,40,118121.0,0,0
41,41,118121.0,0,0
42,42,118121.0,0,0
43,43,118121.0,0,0
44,44,118121.0,0,0
45,45,118121.0,0,0
46,46,118121.0,0,0
47,47,118121.0,0,0
48,48,118121.0,0,0
49,49,118121.0,0,0
50,50,118121.0,0,0
51,51,118121.0,0,0
52,52,118121.0,0,0
53,53,118121.0,0,0
54,54,118121.0,0,0
55,55,118121.0,0,0
56,56,118121.0,0,0
57,57,118121.0,0,0
58,58,118114.0,7,0
59,59,118107.0,14,0
60,60,118105.0,16,0
61,61,118100.0,21,0
62,62,118095.0,26,0
63,63,118071.0,50,0
64,64,118069.0,52,0
65,65,118060.0,61,0
66,66,118057.0,64,0
67,67,118051.0,70,0
68,68,118023.0,97,1
69,69,117997.0,123,1
70,70,117986.0,133,2
71,71,117980.0,139,2
72,72,117972.0,147,2
73,73,117961.0,158,2
74,74,117961.0,158,2
75,75,117954.0,163,4
76,76,117934.0,183,4
77,77,117933.0,184,4
78,78,117921.0,195,5
79,79,117916.0,200,5
80,80,117912.0,204,5
81,81,117906.0,210,5
82,82,117887.0,229,5
83,83,117880.0,235,6
84,84,117872.0,242,7
85,85,117856.0,258,7
86,86,117852.0,261,8
87,87,117841.0,271,9
88,88,117830.0,282,9
89,89,117806.0,304,11
90,90,117806.0,304,11
91,91,117806.0,304,11
92,92,117796.0,314,11
93,93,117790.0,320,11
94,94,117785.0,325,11
95,95,117784.0,326,11
96,96,117779.0,329,13
97,97,117775.0,333,13
98,98,117761.0,346,14
99,99,117749.0,358,14
100,100,117732.0,375,14
101,101,117725.0,382,14
102,102,117725.0,382,14
103,103,117724.0,382,15
104,104,117720.0,386,15
105,105,117717.0,389,15
106,106,117716.0,389,16
107,107,117714.0,390,17
108,108,117711.0,393,17
109,109,117709.0,395,17
110,110,117705.0,397,19
111,111,117705.0,397,19
112,112,117705.0,397,19
113,113,117702.0,400,19
114,114,117695.0,406,20
115,115,117695.0,406,20
116,116,117695.0,406,20
117,117,117692.0,408,21
118,118,117682.0,418,21
119,119,117674.0,425,22
120,120,117660.0,437,24
121,121,117658.0,439,24
122,122,117656.0,441,24
123,123,117646.0,451,24
124,124,117625.0,472,24
125,125,117607.0,490,24
126,126,117585.0,512,24
127,127,117581.0,516,24
128,128,117580.0,517,24
