,Days,S,I,D
0,0,45749.0,0,0
1,1,45749.0,0,0
2,2,45749.0,0,0
3,3,45749.0,0,0
4,4,45749.0,0,0
5,5,45749.0,0,0
6,6,45749.0,0,0
7,7,45749.0,0,0
8,8,45749.0,0,0
9,9,45749.0,0,0
10,10,45749.0,0,0
11,11,45749.0,0,0
12,12,45749.0,0,0
13,13,45749.0,0,0
14,14,45749.0,0,0
15,15,45749.0,0,0
16,16,45749.0,0,0
17,17,45749.0,0,0
18,18,45749.0,0,0
19,19,45749.0,0,0
20,20,45749.0,0,0
21,21,45749.0,0,0
22,22,45749.0,0,0
23,23,45749.0,0,0
24,24,45749.0,0,0
25,25,45749.0,0,0
26,26,45749.0,0,0
27,27,45749.0,0,0
28,28,45749.0,0,0
29,29,45749.0,0,0
30,30,45749.0,0,0
31,31,45749.0,0,0
32,32,45749.0,0,0
33,33,45749.0,0,0
34,34,45749.0,0,0
35,35,45749.0,0,0
36,36,45749.0,0,0
37,37,45749.0,0,0
38,38,45749.0,0,0
39,39,45749.0,0,0
40,40,45749.0,0,0
41,41,45749.0,0,0
42,42,45749.0,0,0
43,43,45749.0,0,0
44,44,45749.0,0,0
45,45,45749.0,0,0
46,46,45749.0,0,0
47,47,45749.0,0,0
48,48,45749.0,0,0
49,49,45749.0,0,0
50,50,45749.0,0,0
51,51,45749.0,0,0
52,52,45749.0,0,0
53,53,45749.0,0,0
54,54,45749.0,0,0
55,55,45749.0,0,0
56,56,45749.0,0,0
57,57,45749.0,0,0
58,58,45749.0,0,0
59,59,45749.0,0,0
60,60,45749.0,0,0
61,61,45749.0,0,0
62,62,45748.0,1,0
63,63,45747.0,2,0
64,64,45744.0,5,0
65,65,45743.0,6,0
66,66,45742.0,7,0
67,67,45738.0,10,1
68,68,45736.0,12,1
69,69,45734.0,14,1
70,70,45729.0,19,1
71,71,45724.0,24,1
72,72,45721.0,26,2
73,73,45710.0,37,2
74,74,45702.0,44,3
75,75,45700.0,46,3
76,76,45690.0,55,4
77,77,45683.0,62,4
78,78,45679.0,64,6
79,79,45673.0,70,6
80,80,45668.0,75,6
81,81,45668.0,75,6
82,82,45666.0,77,6
83,83,45661.0,79,9
84,84,45659.0,81,9
85,85,45656.0,84,9
86,86,45654.0,85,10
87,87,45649.0,89,11
88,88,45648.0,90,11
89,89,45648.0,90,11
90,90,45644.0,94,11
91,91,45640.0,97,12
92,92,45639.0,98,12
93,93,45628.0,109,12
94,94,45626.0,109,14
95,95,45622.0,113,14
96,96,45619.0,114,16
97,97,45615.0,118,16
98,98,45611.0,121,17
99,99,45607.0,125,17
100,100,45605.0,127,17
101,101,45600.0,131,18
102,102,45600.0,131,18
103,103,45597.0,131,21
104,104,45591.0,137,21
105,105,45590.0,138,21
106,106,45582.0,146,21
107,107,45577.0,151,21
108,108,45577.0,151,21
109,109,45576.0,152,21
110,110,45575.0,152,22
111,111,45575.0,152,22
112,112,45575.0,152,22
113,113,45572.0,155,22
114,114,45565.0,162,22
115,115,45561.0,165,23
116,116,45561.0,165,23
117,117,45561.0,165,23
118,118,45560.0,165,24
119,119,45558.0,167,24
120,120,45557.0,168,24
121,121,45557.0,168,24
122,122,45557.0,168,24
123,123,45557.0,168,24
124,124,45556.0,169,24
125,125,45556.0,169,24
126,126,45556.0,169,24
127,127,45556.0,169,24
128,128,45556.0,169,24
