,Days,S,I,D
0,0,566719.0,0,0
1,1,566719.0,0,0
2,2,566719.0,0,0
3,3,566719.0,0,0
4,4,566719.0,0,0
5,5,566719.0,0,0
6,6,566719.0,0,0
7,7,566719.0,0,0
8,8,566719.0,0,0
9,9,566719.0,0,0
10,10,566719.0,0,0
11,11,566719.0,0,0
12,12,566719.0,0,0
13,13,566719.0,0,0
14,14,566719.0,0,0
15,15,566719.0,0,0
16,16,566719.0,0,0
17,17,566719.0,0,0
18,18,566719.0,0,0
19,19,566719.0,0,0
20,20,566719.0,0,0
21,21,566719.0,0,0
22,22,566719.0,0,0
23,23,566719.0,0,0
24,24,566719.0,0,0
25,25,566719.0,0,0
26,26,566719.0,0,0
27,27,566719.0,0,0
28,28,566719.0,0,0
29,29,566719.0,0,0
30,30,566719.0,0,0
31,31,566719.0,0,0
32,32,566719.0,0,0
33,33,566719.0,0,0
34,34,566719.0,0,0
35,35,566719.0,0,0
36,36,566719.0,0,0
37,37,566719.0,0,0
38,38,566719.0,0,0
39,39,566719.0,0,0
40,40,566719.0,0,0
41,41,566719.0,0,0
42,42,566719.0,0,0
43,43,566719.0,0,0
44,44,566719.0,0,0
45,45,566719.0,0,0
46,46,566719.0,0,0
47,47,566719.0,0,0
48,48,566719.0,0,0
49,49,566719.0,0,0
50,50,566719.0,0,0
51,51,566719.0,0,0
52,52,566719.0,0,0
53,53,566719.0,0,0
54,54,566719.0,0,0
55,55,566719.0,0,0
56,56,566719.0,0,0
57,57,566717.0,2,0
58,58,566711.0,8,0
59,59,566711.0,8,0
60,60,566710.0,9,0
61,61,566705.0,14,0
62,62,566700.0,19,0
63,63,566697.0,22,0
64,64,566692.0,27,0
65,65,566685.0,34,0
66,66,566685.0,34,0
67,67,566681.0,37,1
68,68,566676.0,42,1
69,69,566676.0,42,1
70,70,566668.0,50,1
71,71,566663.0,55,1
72,72,566655.0,63,1
73,73,566647.0,71,1
74,74,566642.0,76,1
75,75,566640.0,77,2
76,76,566635.0,81,3
77,77,566628.0,87,4
78,78,566618.0,97,4
79,79,566612.0,103,4
80,80,566605.0,110,4
81,81,566602.0,113,4
82,82,566598.0,117,4
83,83,566596.0,119,4
84,84,566591.0,124,4
85,85,566587.0,128,4
86,86,566575.0,140,4
87,87,566569.0,146,4
88,88,566564.0,151,4
89,89,566560.0,155,4
90,90,566559.0,156,4
91,91,566556.0,158,5
92,92,566547.0,167,5
93,93,566532.0,182,5
94,94,566508.0,206,5
95,95,566502.0,211,6
96,96,566451.0,262,6
97,97,566426.0,287,6
98,98,566425.0,287,7
99,99,566418.0,293,8
100,100,566409.0,301,9
101,101,566403.0,306,10
102,102,566396.0,313,10
103,103,566386.0,323,10
104,104,566381.0,328,10
105,105,566375.0,333,11
106,106,566366.0,341,12
107,107,566355.0,352,12
108,108,566346.0,361,12
109,109,566338.0,368,13
110,110,566329.0,377,13
111,111,566325.0,380,14
112,112,566306.0,397,16
113,113,566279.0,424,16
114,114,566258.0,442,19
115,115,566249.0,451,19
116,116,566237.0,463,19
117,117,566219.0,481,19
118,118,566214.0,486,19
119,119,566198.0,501,20
120,120,566186.0,513,20
121,121,566179.0,520,20
122,122,566170.0,528,21
123,123,566157.0,541,21
124,124,566145.0,553,21
125,125,566132.0,565,22
126,126,566113.0,584,22
127,127,566109.0,588,22
128,128,566100.0,596,23
