,Days,S,I,D
0,0,324890.0,0,0
1,1,324890.0,0,0
2,2,324890.0,0,0
3,3,324890.0,0,0
4,4,324890.0,0,0
5,5,324890.0,0,0
6,6,324890.0,0,0
7,7,324890.0,0,0
8,8,324890.0,0,0
9,9,324890.0,0,0
10,10,324890.0,0,0
11,11,324890.0,0,0
12,12,324890.0,0,0
13,13,324890.0,0,0
14,14,324890.0,0,0
15,15,324890.0,0,0
16,16,324890.0,0,0
17,17,324890.0,0,0
18,18,324890.0,0,0
19,19,324890.0,0,0
20,20,324890.0,0,0
21,21,324890.0,0,0
22,22,324890.0,0,0
23,23,324890.0,0,0
24,24,324890.0,0,0
25,25,324890.0,0,0
26,26,324890.0,0,0
27,27,324890.0,0,0
28,28,324890.0,0,0
29,29,324890.0,0,0
30,30,324890.0,0,0
31,31,324890.0,0,0
32,32,324890.0,0,0
33,33,324890.0,0,0
34,34,324890.0,0,0
35,35,324890.0,0,0
36,36,324890.0,0,0
37,37,324890.0,0,0
38,38,324890.0,0,0
39,39,324890.0,0,0
40,40,324890.0,0,0
41,41,324890.0,0,0
42,42,324890.0,0,0
43,43,324890.0,0,0
44,44,324890.0,0,0
45,45,324890.0,0,0
46,46,324890.0,0,0
47,47,324890.0,0,0
48,48,324890.0,0,0
49,49,324890.0,0,0
50,50,324890.0,0,0
51,51,324890.0,0,0
52,52,324889.0,1,0
53,53,324889.0,1,0
54,54,324889.0,1,0
55,55,324889.0,1,0
56,56,324889.0,1,0
57,57,324889.0,1,0
58,58,324889.0,1,0
59,59,324885.0,5,0
60,60,324882.0,8,0
61,61,324881.0,9,0
62,62,324877.0,13,0
63,63,324871.0,19,0
64,64,324863.0,27,0
65,65,324851.0,39,0
66,66,324844.0,46,0
67,67,324842.0,48,0
68,68,324833.0,57,0
69,69,324822.0,68,0
70,70,324803.0,86,1
71,71,324776.0,113,1
72,72,324760.0,127,3
73,73,324747.0,140,3
74,74,324740.0,147,3
75,75,324726.0,161,3
76,76,324709.0,178,3
77,77,324694.0,193,3
78,78,324681.0,203,6
79,79,324662.0,222,6
80,80,324649.0,235,6
81,81,324641.0,243,6
82,82,324634.0,250,6
83,83,324631.0,253,6
84,84,324615.0,269,6
85,85,324613.0,271,6
86,86,324589.0,295,6
87,87,324582.0,302,6
88,88,324575.0,309,6
89,89,324555.0,328,7
90,90,324545.0,338,7
91,91,324538.0,345,7
92,92,324531.0,352,7
93,93,324519.0,364,7
94,94,324495.0,387,8
95,95,324476.0,405,9
96,96,324458.0,423,9
97,97,324447.0,434,9
98,98,324431.0,448,11
99,99,324405.0,474,11
100,100,324377.0,502,11
101,101,324332.0,547,11
102,102,324300.0,579,11
103,103,324276.0,603,11
104,104,324258.0,620,12
105,105,324221.0,655,14
106,106,324215.0,661,14
107,107,324191.0,685,14
108,108,324156.0,720,14
109,109,324151.0,725,14
110,110,324131.0,745,14
111,111,324108.0,764,18
112,112,324091.0,780,19
113,113,324075.0,796,19
114,114,324057.0,814,19
115,115,324024.0,847,19
116,116,324024.0,847,19
117,117,323987.0,884,19
118,118,323965.0,906,19
119,119,323958.0,913,19
120,120,323940.0,930,20
121,121,323920.0,950,20
122,122,323891.0,977,22
123,123,323870.0,998,22
124,124,323839.0,1029,22
125,125,323805.0,1063,22
126,126,323778.0,1090,22
127,127,323752.0,1116,22
128,128,323706.0,1162,22
