,Days,S,I,D
0,0,62190.0,0,0
1,1,62190.0,0,0
2,2,62190.0,0,0
3,3,62190.0,0,0
4,4,62190.0,0,0
5,5,62190.0,0,0
6,6,62190.0,0,0
7,7,62190.0,0,0
8,8,62190.0,0,0
9,9,62190.0,0,0
10,10,62190.0,0,0
11,11,62190.0,0,0
12,12,62190.0,0,0
13,13,62190.0,0,0
14,14,62190.0,0,0
15,15,62190.0,0,0
16,16,62190.0,0,0
17,17,62190.0,0,0
18,18,62190.0,0,0
19,19,62190.0,0,0
20,20,62190.0,0,0
21,21,62190.0,0,0
22,22,62190.0,0,0
23,23,62190.0,0,0
24,24,62190.0,0,0
25,25,62190.0,0,0
26,26,62190.0,0,0
27,27,62190.0,0,0
28,28,62190.0,0,0
29,29,62190.0,0,0
30,30,62190.0,0,0
31,31,62190.0,0,0
32,32,62190.0,0,0
33,33,62190.0,0,0
34,34,62190.0,0,0
35,35,62190.0,0,0
36,36,62190.0,0,0
37,37,62190.0,0,0
38,38,62190.0,0,0
39,39,62190.0,0,0
40,40,62190.0,0,0
41,41,62190.0,0,0
42,42,62190.0,0,0
43,43,62190.0,0,0
44,44,62190.0,0,0
45,45,62190.0,0,0
46,46,62190.0,0,0
47,47,62190.0,0,0
48,48,62190.0,0,0
49,49,62189.0,1,0
50,50,62189.0,1,0
51,51,62188.0,2,0
52,52,62190.0,0,0
53,53,62190.0,0,0
54,54,62190.0,0,0
55,55,62190.0,0,0
56,56,62190.0,0,0
57,57,62190.0,0,0
58,58,62190.0,0,0
59,59,62190.0,0,0
60,60,62189.0,1,0
61,61,62189.0,1,0
62,62,62188.0,2,0
63,63,62188.0,2,0
64,64,62187.0,3,0
65,65,62181.0,8,1
66,66,62180.0,9,1
67,67,62180.0,9,1
68,68,62178.0,11,1
69,69,62150.0,39,1
70,70,62142.0,47,1
71,71,62128.0,61,1
72,72,62124.0,65,1
73,73,62123.0,65,2
74,74,62113.0,75,2
75,75,62109.0,79,2
76,76,62106.0,82,2
77,77,62102.0,86,2
78,78,62098.0,89,3
79,79,62092.0,94,4
80,80,62088.0,98,4
81,81,62086.0,99,5
82,82,62084.0,101,5
83,83,62081.0,104,5
84,84,62080.0,105,5
85,85,62076.0,108,6
86,86,62074.0,110,6
87,87,62073.0,110,7
88,88,62073.0,110,7
89,89,62069.0,114,7
90,90,62069.0,114,7
91,91,62066.0,117,7
92,92,62066.0,117,7
93,93,62054.0,129,7
94,94,62053.0,130,7
95,95,62053.0,130,7
96,96,62051.0,130,9
97,97,62051.0,130,9
98,98,62051.0,130,9
99,99,62050.0,130,10
100,100,62047.0,133,10
101,101,62047.0,133,10
102,102,62046.0,134,10
103,103,62046.0,134,10
104,104,62044.0,136,10
105,105,62040.0,140,10
106,106,62037.0,142,11
107,107,62037.0,142,11
108,108,62031.0,148,11
109,109,62031.0,148,11
110,110,62028.0,151,11
111,111,62028.0,151,11
112,112,62028.0,151,11
113,113,62020.0,159,11
114,114,61990.0,189,11
115,115,61987.0,192,11
116,116,61980.0,198,12
117,117,61921.0,257,12
118,118,61916.0,262,12
119,119,61916.0,262,12
120,120,61906.0,269,15
121,121,61886.0,289,15
122,122,61883.0,290,17
123,123,61881.0,291,18
124,124,61873.0,299,18
125,125,61777.0,395,18
126,126,61771.0,397,22
127,127,61767.0,401,22
128,128,61755.0,412,23
