,Days,S,I,D
0,0,13308.0,0,0
1,1,13308.0,0,0
2,2,13308.0,0,0
3,3,13308.0,0,0
4,4,13308.0,0,0
5,5,13308.0,0,0
6,6,13308.0,0,0
7,7,13308.0,0,0
8,8,13308.0,0,0
9,9,13308.0,0,0
10,10,13308.0,0,0
11,11,13308.0,0,0
12,12,13308.0,0,0
13,13,13308.0,0,0
14,14,13308.0,0,0
15,15,13308.0,0,0
16,16,13308.0,0,0
17,17,13308.0,0,0
18,18,13308.0,0,0
19,19,13308.0,0,0
20,20,13308.0,0,0
21,21,13308.0,0,0
22,22,13308.0,0,0
23,23,13308.0,0,0
24,24,13308.0,0,0
25,25,13308.0,0,0
26,26,13308.0,0,0
27,27,13308.0,0,0
28,28,13308.0,0,0
29,29,13308.0,0,0
30,30,13308.0,0,0
31,31,13308.0,0,0
32,32,13308.0,0,0
33,33,13308.0,0,0
34,34,13308.0,0,0
35,35,13308.0,0,0
36,36,13308.0,0,0
37,37,13308.0,0,0
38,38,13308.0,0,0
39,39,13308.0,0,0
40,40,13308.0,0,0
41,41,13308.0,0,0
42,42,13308.0,0,0
43,43,13308.0,0,0
44,44,13308.0,0,0
45,45,13308.0,0,0
46,46,13308.0,0,0
47,47,13308.0,0,0
48,48,13308.0,0,0
49,49,13308.0,0,0
50,50,13308.0,0,0
51,51,13308.0,0,0
52,52,13308.0,0,0
53,53,13308.0,0,0
54,54,13308.0,0,0
55,55,13308.0,0,0
56,56,13308.0,0,0
57,57,13308.0,0,0
58,58,13308.0,0,0
59,59,13307.0,1,0
60,60,13307.0,1,0
61,61,13307.0,1,0
62,62,13307.0,1,0
63,63,13306.0,1,1
64,64,13306.0,1,1
65,65,13306.0,1,1
66,66,13304.0,3,1
67,67,13304.0,3,1
68,68,13302.0,5,1
69,69,13301.0,6,1
70,70,13301.0,6,1
71,71,13299.0,8,1
72,72,13298.0,9,1
73,73,13297.0,10,1
74,74,13295.0,12,1
75,75,13293.0,14,1
76,76,13290.0,17,1
77,77,13290.0,17,1
78,78,13283.0,24,1
79,79,13280.0,27,1
80,80,13277.0,30,1
81,81,13274.0,33,1
82,82,13270.0,37,1
83,83,13265.0,37,6
84,84,13259.0,42,7
85,85,13255.0,45,8
86,86,13241.0,58,9
87,87,13234.0,65,9
88,88,13233.0,66,9
89,89,13233.0,66,9
90,90,13233.0,66,9
91,91,13230.0,69,9
92,92,13227.0,69,12
93,93,13226.0,69,13
94,94,13225.0,70,13
95,95,13223.0,72,13
96,96,13222.0,73,13
97,97,13222.0,73,13
98,98,13221.0,74,13
99,99,13219.0,76,13
100,100,13219.0,76,13
101,101,13219.0,76,13
102,102,13219.0,76,13
103,103,13218.0,77,13
104,104,13217.0,77,14
105,105,13216.0,77,15
106,106,13215.0,77,16
107,107,13214.0,77,17
108,108,13213.0,77,18
109,109,13213.0,77,18
110,110,13211.0,77,20
111,111,13211.0,77,20
112,112,13208.0,80,20
113,113,13207.0,81,20
114,114,13206.0,82,20
115,115,13206.0,82,20
116,116,13205.0,83,20
117,117,13204.0,84,20
118,118,13204.0,84,20
119,119,13204.0,84,20
120,120,13173.0,114,21
121,121,13151.0,136,21
122,122,13151.0,136,21
123,123,13150.0,137,21
124,124,13149.0,138,21
125,125,13148.0,138,22
126,126,13147.0,139,22
127,127,13146.0,139,23
128,128,13141.0,144,23
