,Days,S,I,D
0,0,54033.0,0,0
1,1,54033.0,0,0
2,2,54033.0,0,0
3,3,54033.0,0,0
4,4,54033.0,0,0
5,5,54033.0,0,0
6,6,54033.0,0,0
7,7,54033.0,0,0
8,8,54033.0,0,0
9,9,54033.0,0,0
10,10,54033.0,0,0
11,11,54033.0,0,0
12,12,54033.0,0,0
13,13,54033.0,0,0
14,14,54033.0,0,0
15,15,54033.0,0,0
16,16,54033.0,0,0
17,17,54033.0,0,0
18,18,54033.0,0,0
19,19,54033.0,0,0
20,20,54033.0,0,0
21,21,54033.0,0,0
22,22,54033.0,0,0
23,23,54033.0,0,0
24,24,54033.0,0,0
25,25,54033.0,0,0
26,26,54033.0,0,0
27,27,54033.0,0,0
28,28,54033.0,0,0
29,29,54033.0,0,0
30,30,54033.0,0,0
31,31,54033.0,0,0
32,32,54033.0,0,0
33,33,54033.0,0,0
34,34,54033.0,0,0
35,35,54033.0,0,0
36,36,54033.0,0,0
37,37,54033.0,0,0
38,38,54033.0,0,0
39,39,54033.0,0,0
40,40,54033.0,0,0
41,41,54033.0,0,0
42,42,54033.0,0,0
43,43,54033.0,0,0
44,44,54033.0,0,0
45,45,54033.0,0,0
46,46,54033.0,0,0
47,47,54033.0,0,0
48,48,54033.0,0,0
49,49,54033.0,0,0
50,50,54033.0,0,0
51,51,54032.0,1,0
52,52,54032.0,1,0
53,53,54032.0,1,0
54,54,54032.0,1,0
55,55,54032.0,1,0
56,56,54032.0,1,0
57,57,54032.0,1,0
58,58,54032.0,1,0
59,59,54032.0,1,0
60,60,54032.0,1,0
61,61,54032.0,1,0
62,62,54032.0,1,0
63,63,54031.0,2,0
64,64,54030.0,3,0
65,65,54028.0,5,0
66,66,54028.0,5,0
67,67,54028.0,5,0
68,68,54027.0,6,0
69,69,54027.0,6,0
70,70,54023.0,10,0
71,71,54018.0,15,0
72,72,54011.0,22,0
73,73,54011.0,22,0
74,74,54008.0,25,0
75,75,54006.0,27,0
76,76,54006.0,27,0
77,77,53997.0,36,0
78,78,53994.0,39,0
79,79,53976.0,57,0
80,80,53954.0,79,0
81,81,53952.0,81,0
82,82,53946.0,87,0
83,83,53938.0,95,0
84,84,53932.0,101,0
85,85,53914.0,119,0
86,86,53819.0,214,0
87,87,53800.0,233,0
88,88,53797.0,236,0
89,89,53781.0,252,0
90,90,53769.0,264,0
91,91,53707.0,318,8
92,92,53679.0,346,8
93,93,53654.0,370,9
94,94,53653.0,371,9
95,95,53653.0,371,9
96,96,53641.0,383,9
97,97,53618.0,406,9
98,98,53611.0,411,11
99,99,53596.0,426,11
100,100,53566.0,456,11
101,101,53548.0,470,15
102,102,53539.0,478,16
103,103,53520.0,497,16
104,104,53489.0,525,19
105,105,53489.0,525,19
106,106,53461.0,552,20
107,107,53438.0,574,21
108,108,53434.0,578,21
109,109,53433.0,579,21
110,110,53429.0,583,21
111,111,53428.0,584,21
112,112,53405.0,607,21
113,113,53397.0,615,21
114,114,53392.0,620,21
115,115,53381.0,631,21
116,116,53380.0,632,21
117,117,53379.0,633,21
118,118,53365.0,647,21
119,119,53337.0,675,21
120,120,53317.0,695,21
121,121,53308.0,704,21
122,122,53303.0,709,21
123,123,53296.0,716,21
124,124,53285.0,727,21
125,125,53270.0,742,21
126,126,53266.0,746,21
127,127,53253.0,757,23
128,128,53245.0,765,23
