,Days,S,I,D
0,0,179146.0,0,0
1,1,179146.0,0,0
2,2,179146.0,0,0
3,3,179146.0,0,0
4,4,179146.0,0,0
5,5,179146.0,0,0
6,6,179146.0,0,0
7,7,179146.0,0,0
8,8,179146.0,0,0
9,9,179146.0,0,0
10,10,179146.0,0,0
11,11,179146.0,0,0
12,12,179146.0,0,0
13,13,179146.0,0,0
14,14,179146.0,0,0
15,15,179146.0,0,0
16,16,179146.0,0,0
17,17,179146.0,0,0
18,18,179146.0,0,0
19,19,179146.0,0,0
20,20,179146.0,0,0
21,21,179146.0,0,0
22,22,179146.0,0,0
23,23,179146.0,0,0
24,24,179146.0,0,0
25,25,179146.0,0,0
26,26,179146.0,0,0
27,27,179146.0,0,0
28,28,179146.0,0,0
29,29,179146.0,0,0
30,30,179146.0,0,0
31,31,179146.0,0,0
32,32,179146.0,0,0
33,33,179146.0,0,0
34,34,179146.0,0,0
35,35,179146.0,0,0
36,36,179146.0,0,0
37,37,179146.0,0,0
38,38,179146.0,0,0
39,39,179146.0,0,0
40,40,179146.0,0,0
41,41,179146.0,0,0
42,42,179146.0,0,0
43,43,179146.0,0,0
44,44,179146.0,0,0
45,45,179146.0,0,0
46,46,179146.0,0,0
47,47,179146.0,0,0
48,48,179146.0,0,0
49,49,179146.0,0,0
50,50,179146.0,0,0
51,51,179146.0,0,0
52,52,179146.0,0,0
53,53,179145.0,1,0
54,54,179144.0,2,0
55,55,179143.0,3,0
56,56,179143.0,3,0
57,57,179141.0,5,0
58,58,179140.0,6,0
59,59,179137.0,9,0
60,60,179136.0,10,0
61,61,179131.0,15,0
62,62,179131.0,15,0
63,63,179124.0,22,0
64,64,179122.0,24,0
65,65,179114.0,32,0
66,66,179109.0,37,0
67,67,179100.0,45,1
68,68,179097.0,48,1
69,69,179090.0,55,1
70,70,179086.0,59,1
71,71,179077.0,68,1
72,72,179073.0,72,1
73,73,179070.0,74,2
74,74,179066.0,78,2
75,75,179060.0,83,3
76,76,179055.0,88,3
77,77,179048.0,94,4
78,78,179043.0,98,5
79,79,179038.0,103,5
80,80,179032.0,107,7
81,81,179029.0,110,7
82,82,179027.0,112,7
83,83,179021.0,116,9
84,84,179014.0,122,10
85,85,179010.0,126,10
86,86,179006.0,130,10
87,87,179004.0,132,10
88,88,179001.0,135,10
89,89,178996.0,139,11
90,90,178993.0,142,11
91,91,178991.0,143,12
92,92,178985.0,148,13
93,93,178984.0,149,13
94,94,178980.0,153,13
95,95,178974.0,159,13
96,96,178974.0,159,13
97,97,178970.0,162,14
98,98,178966.0,165,15
99,99,178964.0,167,15
100,100,178960.0,171,15
101,101,178959.0,172,15
102,102,178958.0,172,16
103,103,178955.0,175,16
104,104,178953.0,177,16
105,105,178946.0,184,16
106,106,178944.0,185,17
107,107,178939.0,190,17
108,108,178936.0,193,17
109,109,178935.0,194,17
110,110,178934.0,195,17
111,111,178926.0,203,17
112,112,178924.0,205,17
113,113,178921.0,207,18
114,114,178918.0,210,18
115,115,178916.0,212,18
116,116,178912.0,216,18
117,117,178904.0,224,18
118,118,178899.0,229,18
119,119,178891.0,237,18
120,120,178883.0,245,18
121,121,178870.0,258,18
122,122,178853.0,274,19
123,123,178839.0,288,19
124,124,178825.0,302,19
125,125,178820.0,307,19
126,126,178816.0,310,20
127,127,178811.0,313,22
128,128,178795.0,328,23
