,Days,S,I,D
0,0,86081.0,0,0
1,1,86081.0,0,0
2,2,86081.0,0,0
3,3,86081.0,0,0
4,4,86081.0,0,0
5,5,86081.0,0,0
6,6,86081.0,0,0
7,7,86081.0,0,0
8,8,86081.0,0,0
9,9,86081.0,0,0
10,10,86081.0,0,0
11,11,86081.0,0,0
12,12,86081.0,0,0
13,13,86081.0,0,0
14,14,86081.0,0,0
15,15,86081.0,0,0
16,16,86081.0,0,0
17,17,86081.0,0,0
18,18,86081.0,0,0
19,19,86081.0,0,0
20,20,86081.0,0,0
21,21,86081.0,0,0
22,22,86081.0,0,0
23,23,86081.0,0,0
24,24,86081.0,0,0
25,25,86081.0,0,0
26,26,86081.0,0,0
27,27,86081.0,0,0
28,28,86081.0,0,0
29,29,86081.0,0,0
30,30,86081.0,0,0
31,31,86081.0,0,0
32,32,86081.0,0,0
33,33,86081.0,0,0
34,34,86081.0,0,0
35,35,86081.0,0,0
36,36,86081.0,0,0
37,37,86081.0,0,0
38,38,86081.0,0,0
39,39,86081.0,0,0
40,40,86081.0,0,0
41,41,86081.0,0,0
42,42,86081.0,0,0
43,43,86081.0,0,0
44,44,86081.0,0,0
45,45,86081.0,0,0
46,46,86081.0,0,0
47,47,86081.0,0,0
48,48,86081.0,0,0
49,49,86081.0,0,0
50,50,86081.0,0,0
51,51,86081.0,0,0
52,52,86081.0,0,0
53,53,86081.0,0,0
54,54,86081.0,0,0
55,55,86081.0,0,0
56,56,86080.0,1,0
57,57,86080.0,1,0
58,58,86080.0,1,0
59,59,86080.0,1,0
60,60,86080.0,1,0
61,61,86080.0,1,0
62,62,86080.0,1,0
63,63,86080.0,1,0
64,64,86080.0,1,0
65,65,86079.0,2,0
66,66,86079.0,2,0
67,67,86078.0,3,0
68,68,86076.0,5,0
69,69,86075.0,6,0
70,70,86064.0,17,0
71,71,86049.0,32,0
72,72,86047.0,33,1
73,73,86043.0,37,1
74,74,86043.0,37,1
75,75,86027.0,53,1
76,76,86027.0,53,1
77,77,86025.0,55,1
78,78,86010.0,70,1
79,79,86007.0,73,1
80,80,86004.0,75,2
81,81,86000.0,79,2
82,82,85998.0,79,4
83,83,85995.0,79,7
84,84,85974.0,99,8
85,85,85973.0,100,8
86,86,85962.0,110,9
87,87,85957.0,115,9
88,88,85954.0,117,10
89,89,85948.0,123,10
90,90,85938.0,132,11
91,91,85932.0,138,11
92,92,85931.0,139,11
93,93,85921.0,149,11
94,94,85918.0,152,11
95,95,85914.0,156,11
96,96,85913.0,157,11
97,97,85905.0,165,11
98,98,85900.0,170,11
99,99,85889.0,181,11
100,100,85879.0,191,11
101,101,85874.0,196,11
102,102,85874.0,196,11
103,103,85862.0,208,11
104,104,85852.0,218,11
105,105,85839.0,231,11
106,106,85831.0,239,11
107,107,85822.0,248,11
108,108,85811.0,259,11
109,109,85811.0,259,11
110,110,85801.0,269,11
111,111,85790.0,280,11
112,112,85782.0,288,11
113,113,85770.0,298,13
114,114,85757.0,310,14
115,115,85749.0,318,14
116,116,85749.0,318,14
117,117,85740.0,326,15
118,118,85732.0,332,17
119,119,85724.0,340,17
120,120,85716.0,348,17
121,121,85688.0,374,19
122,122,85681.0,381,19
123,123,85681.0,381,19
124,124,85681.0,381,19
125,125,85663.0,396,22
126,126,85654.0,404,23
127,127,85648.0,410,23
128,128,85648.0,410,23
