,Days,S,I,D
0,0,45668.0,0,0
1,1,45668.0,0,0
2,2,45668.0,0,0
3,3,45668.0,0,0
4,4,45668.0,0,0
5,5,45668.0,0,0
6,6,45668.0,0,0
7,7,45668.0,0,0
8,8,45668.0,0,0
9,9,45668.0,0,0
10,10,45668.0,0,0
11,11,45668.0,0,0
12,12,45668.0,0,0
13,13,45668.0,0,0
14,14,45668.0,0,0
15,15,45668.0,0,0
16,16,45668.0,0,0
17,17,45668.0,0,0
18,18,45668.0,0,0
19,19,45668.0,0,0
20,20,45668.0,0,0
21,21,45668.0,0,0
22,22,45668.0,0,0
23,23,45668.0,0,0
24,24,45668.0,0,0
25,25,45668.0,0,0
26,26,45668.0,0,0
27,27,45668.0,0,0
28,28,45668.0,0,0
29,29,45668.0,0,0
30,30,45668.0,0,0
31,31,45668.0,0,0
32,32,45668.0,0,0
33,33,45668.0,0,0
34,34,45668.0,0,0
35,35,45668.0,0,0
36,36,45668.0,0,0
37,37,45668.0,0,0
38,38,45668.0,0,0
39,39,45668.0,0,0
40,40,45668.0,0,0
41,41,45668.0,0,0
42,42,45668.0,0,0
43,43,45668.0,0,0
44,44,45668.0,0,0
45,45,45668.0,0,0
46,46,45668.0,0,0
47,47,45668.0,0,0
48,48,45668.0,0,0
49,49,45668.0,0,0
50,50,45668.0,0,0
51,51,45668.0,0,0
52,52,45668.0,0,0
53,53,45668.0,0,0
54,54,45668.0,0,0
55,55,45668.0,0,0
56,56,45668.0,0,0
57,57,45668.0,0,0
58,58,45668.0,0,0
59,59,45668.0,0,0
60,60,45668.0,0,0
61,61,45668.0,0,0
62,62,45667.0,1,0
63,63,45667.0,1,0
64,64,45663.0,5,0
65,65,45663.0,5,0
66,66,45664.0,4,0
67,67,45660.0,8,0
68,68,45659.0,9,0
69,69,45659.0,9,0
70,70,45656.0,11,1
71,71,45655.0,12,1
72,72,45642.0,22,4
73,73,45627.0,36,5
74,74,45624.0,39,5
75,75,45624.0,39,5
76,76,45619.0,44,5
77,77,45606.0,55,7
78,78,45605.0,56,7
79,79,45602.0,59,7
80,80,45598.0,63,7
81,81,45593.0,68,7
82,82,45590.0,71,7
83,83,45588.0,73,7
84,84,45586.0,73,9
85,85,45585.0,74,9
86,86,45583.0,76,9
87,87,45582.0,77,9
88,88,45580.0,79,9
89,89,45578.0,81,9
90,90,45576.0,83,9
91,91,45576.0,83,9
92,92,45576.0,83,9
93,93,45572.0,87,9
94,94,45567.0,92,9
95,95,45567.0,92,9
96,96,45566.0,93,9
97,97,45565.0,94,9
98,98,45561.0,94,13
99,99,45556.0,99,13
100,100,45556.0,99,13
101,101,45550.0,105,13
102,102,45550.0,105,13
103,103,45546.0,108,14
104,104,45545.0,109,14
105,105,45543.0,111,14
106,106,45541.0,112,15
107,107,45538.0,115,15
108,108,45537.0,116,15
109,109,45536.0,116,16
110,110,45532.0,120,16
111,111,45530.0,122,16
112,112,45528.0,124,16
113,113,45528.0,124,16
114,114,45523.0,127,18
115,115,45514.0,133,21
116,116,45514.0,133,21
117,117,45508.0,139,21
118,118,45507.0,140,21
119,119,45507.0,140,21
120,120,45506.0,141,21
121,121,45506.0,141,21
122,122,45504.0,142,22
123,123,45504.0,142,22
124,124,45503.0,143,22
125,125,45501.0,144,23
126,126,45499.0,146,23
127,127,45493.0,152,23
128,128,45491.0,154,23
