,Days,S,I,D
0,0,450189.0,0,0
1,1,450189.0,0,0
2,2,450189.0,0,0
3,3,450189.0,0,0
4,4,450189.0,0,0
5,5,450189.0,0,0
6,6,450189.0,0,0
7,7,450189.0,0,0
8,8,450189.0,0,0
9,9,450189.0,0,0
10,10,450189.0,0,0
11,11,450189.0,0,0
12,12,450189.0,0,0
13,13,450189.0,0,0
14,14,450189.0,0,0
15,15,450189.0,0,0
16,16,450189.0,0,0
17,17,450189.0,0,0
18,18,450189.0,0,0
19,19,450189.0,0,0
20,20,450189.0,0,0
21,21,450189.0,0,0
22,22,450189.0,0,0
23,23,450189.0,0,0
24,24,450189.0,0,0
25,25,450189.0,0,0
26,26,450189.0,0,0
27,27,450189.0,0,0
28,28,450189.0,0,0
29,29,450189.0,0,0
30,30,450189.0,0,0
31,31,450189.0,0,0
32,32,450189.0,0,0
33,33,450189.0,0,0
34,34,450189.0,0,0
35,35,450189.0,0,0
36,36,450189.0,0,0
37,37,450189.0,0,0
38,38,450189.0,0,0
39,39,450189.0,0,0
40,40,450189.0,0,0
41,41,450189.0,0,0
42,42,450189.0,0,0
43,43,450189.0,0,0
44,44,450189.0,0,0
45,45,450189.0,0,0
46,46,450189.0,0,0
47,47,450189.0,0,0
48,48,450189.0,0,0
49,49,450189.0,0,0
50,50,450189.0,0,0
51,51,450187.0,2,0
52,52,450186.0,3,0
53,53,450185.0,4,0
54,54,450185.0,4,0
55,55,450185.0,4,0
56,56,450185.0,4,0
57,57,450185.0,4,0
58,58,450185.0,4,0
59,59,450185.0,4,0
60,60,450172.0,17,0
61,61,450172.0,17,0
62,62,450172.0,17,0
63,63,450165.0,23,1
64,64,450162.0,26,1
65,65,450159.0,29,1
66,66,450153.0,35,1
67,67,450139.0,49,1
68,68,450135.0,52,2
69,69,450122.0,65,2
70,70,450098.0,88,3
71,71,450075.0,111,3
72,72,450058.0,128,3
73,73,450026.0,160,3
74,74,450016.0,170,3
75,75,450008.0,178,3
76,76,449986.0,200,3
77,77,449979.0,207,3
78,78,449966.0,219,4
79,79,449961.0,224,4
80,80,449949.0,236,4
81,81,449942.0,243,4
82,82,449933.0,251,5
83,83,449932.0,252,5
84,84,449928.0,256,5
85,85,449926.0,258,5
86,86,449918.0,265,6
87,87,449911.0,271,7
88,88,449908.0,273,8
89,89,449900.0,281,8
90,90,449893.0,288,8
91,91,449868.0,313,8
92,92,449853.0,328,8
93,93,449844.0,335,10
94,94,449834.0,345,10
95,95,449834.0,345,10
96,96,449824.0,355,10
97,97,449818.0,359,12
98,98,449812.0,365,12
99,99,449790.0,385,14
100,100,449779.0,396,14
101,101,449761.0,413,15
102,102,449761.0,413,15
103,103,449735.0,439,15
104,104,449729.0,445,15
105,105,449729.0,445,15
106,106,449718.0,454,17
107,107,449703.0,469,17
108,108,449694.0,478,17
109,109,449681.0,491,17
110,110,449667.0,505,17
111,111,449662.0,509,18
112,112,449652.0,519,18
113,113,449642.0,528,19
114,114,449635.0,535,19
115,115,449631.0,539,19
116,116,449622.0,548,19
117,117,449613.0,557,19
118,118,449611.0,559,19
119,119,449606.0,564,19
120,120,449586.0,584,19
121,121,449579.0,591,19
122,122,449572.0,598,19
123,123,449567.0,603,19
124,124,449551.0,618,20
125,125,449529.0,638,22
126,126,449521.0,646,22
127,127,449505.0,662,22
128,128,449486.0,680,23
