,Days,S,I,D
0,0,201554.0,0,0
1,1,201554.0,0,0
2,2,201554.0,0,0
3,3,201554.0,0,0
4,4,201554.0,0,0
5,5,201554.0,0,0
6,6,201554.0,0,0
7,7,201554.0,0,0
8,8,201554.0,0,0
9,9,201554.0,0,0
10,10,201554.0,0,0
11,11,201554.0,0,0
12,12,201554.0,0,0
13,13,201554.0,0,0
14,14,201554.0,0,0
15,15,201554.0,0,0
16,16,201554.0,0,0
17,17,201554.0,0,0
18,18,201554.0,0,0
19,19,201554.0,0,0
20,20,201554.0,0,0
21,21,201554.0,0,0
22,22,201554.0,0,0
23,23,201554.0,0,0
24,24,201554.0,0,0
25,25,201554.0,0,0
26,26,201554.0,0,0
27,27,201554.0,0,0
28,28,201554.0,0,0
29,29,201554.0,0,0
30,30,201554.0,0,0
31,31,201554.0,0,0
32,32,201554.0,0,0
33,33,201554.0,0,0
34,34,201554.0,0,0
35,35,201554.0,0,0
36,36,201554.0,0,0
37,37,201554.0,0,0
38,38,201554.0,0,0
39,39,201554.0,0,0
40,40,201554.0,0,0
41,41,201554.0,0,0
42,42,201554.0,0,0
43,43,201554.0,0,0
44,44,201554.0,0,0
45,45,201554.0,0,0
46,46,201554.0,0,0
47,47,201554.0,0,0
48,48,201554.0,0,0
49,49,201554.0,0,0
50,50,201554.0,0,0
51,51,201554.0,0,0
52,52,201554.0,0,0
53,53,201554.0,0,0
54,54,201554.0,0,0
55,55,201553.0,1,0
56,56,201553.0,1,0
57,57,201552.0,2,0
58,58,201546.0,8,0
59,59,201544.0,10,0
60,60,201544.0,10,0
61,61,201543.0,11,0
62,62,201544.0,10,0
63,63,201544.0,10,0
64,64,201543.0,11,0
65,65,201543.0,11,0
66,66,201542.0,12,0
67,67,201542.0,12,0
68,68,201537.0,17,0
69,69,201514.0,40,0
70,70,201513.0,41,0
71,71,201511.0,42,1
72,72,201504.0,49,1
73,73,201502.0,51,1
74,74,201502.0,51,1
75,75,201497.0,56,1
76,76,201476.0,75,3
77,77,201472.0,79,3
78,78,201462.0,89,3
79,79,201417.0,134,3
80,80,201413.0,138,3
81,81,201406.0,144,4
82,82,201394.0,156,4
83,83,201385.0,162,7
84,84,201377.0,169,8
85,85,201314.0,231,9
86,86,201298.0,246,10
87,87,201282.0,262,10
88,88,201280.0,264,10
89,89,201260.0,283,11
90,90,201248.0,294,12
91,91,201228.0,313,13
92,92,201205.0,335,14
93,93,201187.0,353,14
94,94,201185.0,355,14
95,95,201180.0,360,14
96,96,201163.0,377,14
97,97,201158.0,382,14
98,98,201151.0,389,14
99,99,201133.0,406,15
100,100,201127.0,412,15
101,101,201123.0,416,15
102,102,201122.0,417,15
103,103,201117.0,422,15
104,104,201115.0,424,15
105,105,201110.0,429,15
106,106,201104.0,435,15
107,107,201097.0,441,16
108,108,201094.0,444,16
109,109,201091.0,447,16
110,110,201082.0,456,16
111,111,201068.0,469,17
112,112,201066.0,471,17
113,113,201057.0,480,17
114,114,201047.0,490,17
115,115,201047.0,490,17
116,116,201047.0,490,17
117,117,201046.0,491,17
118,118,201042.0,495,17
119,119,201036.0,501,17
120,120,201016.0,521,17
121,121,201013.0,523,18
122,122,201011.0,525,18
123,123,201007.0,529,18
124,124,201001.0,534,19
125,125,200977.0,558,19
126,126,200969.0,563,22
127,127,200955.0,577,22
128,128,200937.0,595,22
