,Days,S,I,D
0,0,391006.0,0,0
1,1,391006.0,0,0
2,2,391006.0,0,0
3,3,391006.0,0,0
4,4,391006.0,0,0
5,5,391006.0,0,0
6,6,391006.0,0,0
7,7,391006.0,0,0
8,8,391006.0,0,0
9,9,391006.0,0,0
10,10,391006.0,0,0
11,11,391006.0,0,0
12,12,391006.0,0,0
13,13,391006.0,0,0
14,14,391006.0,0,0
15,15,391006.0,0,0
16,16,391006.0,0,0
17,17,391006.0,0,0
18,18,391006.0,0,0
19,19,391006.0,0,0
20,20,391006.0,0,0
21,21,391006.0,0,0
22,22,391006.0,0,0
23,23,391006.0,0,0
24,24,391006.0,0,0
25,25,391006.0,0,0
26,26,391006.0,0,0
27,27,391006.0,0,0
28,28,391006.0,0,0
29,29,391006.0,0,0
30,30,391006.0,0,0
31,31,391006.0,0,0
32,32,391006.0,0,0
33,33,391006.0,0,0
34,34,391006.0,0,0
35,35,391006.0,0,0
36,36,391006.0,0,0
37,37,391006.0,0,0
38,38,391006.0,0,0
39,39,391006.0,0,0
40,40,391006.0,0,0
41,41,391006.0,0,0
42,42,391006.0,0,0
43,43,391006.0,0,0
44,44,391006.0,0,0
45,45,391006.0,0,0
46,46,391006.0,0,0
47,47,391006.0,0,0
48,48,391002.0,4,0
49,49,390996.0,10,0
50,50,390991.0,15,0
51,51,390980.0,26,0
52,52,390940.0,65,1
53,53,390930.0,74,2
54,54,390909.0,94,3
55,55,390866.0,136,4
56,56,390804.0,196,6
57,57,390749.0,249,8
58,58,390670.0,326,10
59,59,390573.0,418,15
60,60,390540.0,451,15
61,61,390419.0,567,20
62,62,390305.0,675,26
63,63,390142.0,827,37
64,64,389963.0,997,46
65,65,389779.0,1170,57
66,66,389638.0,1298,70
67,67,389583.0,1350,73
68,68,389440.0,1480,86
69,69,389071.0,1834,101
70,70,388621.0,2270,115
71,71,387733.0,3148,125
72,72,387382.0,3476,148
73,73,386887.0,3966,153
74,74,386779.0,4066,161
75,75,386270.0,4565,171
76,76,385879.0,4942,185
77,77,385728.0,5070,208
78,78,385540.0,5242,224
79,79,385365.0,5416,225
80,80,385239.0,5535,232
81,81,385171.0,5600,235
82,82,385120.0,5651,235
83,83,385012.0,5718,276
84,84,384950.0,5769,287
85,85,384857.0,5847,302
86,86,384783.0,5906,317
87,87,384729.0,5953,324
88,88,384677.0,6000,329
89,89,384519.0,6148,339
90,90,384493.0,6169,344
91,91,384430.0,6209,367
92,92,384356.0,6263,387
93,93,384328.0,6286,392
94,94,384310.0,6297,399
95,95,384258.0,6342,406
96,96,384235.0,6365,406
97,97,384216.0,6380,410
98,98,384170.0,6420,416
99,99,384120.0,6452,434
100,100,384074.0,6495,437
101,101,384043.0,6524,439
102,102,384027.0,6538,441
103,103,384002.0,6557,447
104,104,383978.0,6575,453
105,105,383935.0,6608,463
106,106,383917.0,6626,463
107,107,383898.0,6645,463
108,108,383864.0,6674,468
109,109,383856.0,6682,468
110,110,383843.0,6693,470
111,111,383811.0,6718,477
112,112,383772.0,6753,481
113,113,383756.0,6768,482
114,114,383736.0,6781,489
115,115,383731.0,6781,494
116,116,383703.0,6809,494
117,117,383690.0,6822,494
118,118,383643.0,6869,494
119,119,383622.0,6884,500
120,120,383602.0,6904,500
121,121,383562.0,6944,500
122,122,383557.0,6949,500
123,123,383553.0,6953,500
124,124,383499.0,7005,502
125,125,383481.0,7021,504
126,126,383456.0,7045,505
127,127,383434.0,7067,505
128,128,383391.0,7108,507
