,Days,S,I,D
0,0,230220.0,0,0
1,1,230220.0,0,0
2,2,230220.0,0,0
3,3,230220.0,0,0
4,4,230220.0,0,0
5,5,230220.0,0,0
6,6,230220.0,0,0
7,7,230220.0,0,0
8,8,230220.0,0,0
9,9,230220.0,0,0
10,10,230220.0,0,0
11,11,230220.0,0,0
12,12,230220.0,0,0
13,13,230220.0,0,0
14,14,230220.0,0,0
15,15,230220.0,0,0
16,16,230220.0,0,0
17,17,230220.0,0,0
18,18,230220.0,0,0
19,19,230220.0,0,0
20,20,230220.0,0,0
21,21,230220.0,0,0
22,22,230220.0,0,0
23,23,230220.0,0,0
24,24,230220.0,0,0
25,25,230220.0,0,0
26,26,230220.0,0,0
27,27,230220.0,0,0
28,28,230220.0,0,0
29,29,230220.0,0,0
30,30,230220.0,0,0
31,31,230220.0,0,0
32,32,230220.0,0,0
33,33,230220.0,0,0
34,34,230220.0,0,0
35,35,230220.0,0,0
36,36,230220.0,0,0
37,37,230220.0,0,0
38,38,230220.0,0,0
39,39,230220.0,0,0
40,40,230220.0,0,0
41,41,230220.0,0,0
42,42,230220.0,0,0
43,43,230220.0,0,0
44,44,230220.0,0,0
45,45,230220.0,0,0
46,46,230220.0,0,0
47,47,230220.0,0,0
48,48,230220.0,0,0
49,49,230220.0,0,0
50,50,230220.0,0,0
51,51,230220.0,0,0
52,52,230219.0,1,0
53,53,230219.0,1,0
54,54,230218.0,2,0
55,55,230218.0,2,0
56,56,230218.0,2,0
57,57,230217.0,3,0
58,58,230214.0,6,0
59,59,230213.0,7,0
60,60,230212.0,7,1
61,61,230210.0,9,1
62,62,230206.0,13,1
63,63,230199.0,20,1
64,64,230190.0,29,1
65,65,230175.0,44,1
66,66,230169.0,50,1
67,67,230162.0,56,2
68,68,230150.0,68,2
69,69,230132.0,86,2
70,70,230123.0,95,2
71,71,230103.0,115,2
72,72,230074.0,143,3
73,73,230050.0,167,3
74,74,230049.0,168,3
75,75,230036.0,181,3
76,76,230009.0,208,3
77,77,229998.0,219,3
78,78,229984.0,233,3
79,79,229968.0,249,3
80,80,229963.0,254,3
81,81,229954.0,263,3
82,82,229928.0,289,3
83,83,229910.0,306,4
84,84,229887.0,328,5
85,85,229885.0,330,5
86,86,229863.0,350,7
87,87,229858.0,355,7
88,88,229842.0,371,7
89,89,229828.0,382,10
90,90,229826.0,384,10
91,91,229824.0,386,10
92,92,229797.0,413,10
93,93,229791.0,419,10
94,94,229774.0,436,10
95,95,229759.0,451,10
96,96,229745.0,464,11
97,97,229725.0,484,11
98,98,229716.0,492,12
99,99,229716.0,492,12
100,100,229715.0,492,13
101,101,229695.0,512,13
102,102,229687.0,520,13
103,103,229687.0,520,13
104,104,229679.0,527,14
105,105,229660.0,546,14
106,106,229648.0,558,14
107,107,229640.0,566,14
108,108,229615.0,591,14
109,109,229602.0,604,14
110,110,229594.0,611,15
111,111,229594.0,611,15
112,112,229593.0,611,16
113,113,229592.0,611,17
114,114,229591.0,611,18
115,115,229591.0,611,18
116,116,229591.0,611,18
117,117,229590.0,611,19
118,118,229590.0,611,19
119,119,229586.0,615,19
120,120,229578.0,623,19
121,121,229575.0,626,19
122,122,229575.0,626,19
123,123,229566.0,635,19
124,124,229548.0,653,19
125,125,229545.0,655,20
126,126,229526.0,672,22
127,127,229526.0,672,22
128,128,229512.0,686,22
