,Days,S,I,D
0,0,102826.0,0,0
1,1,102826.0,0,0
2,2,102826.0,0,0
3,3,102826.0,0,0
4,4,102826.0,0,0
5,5,102826.0,0,0
6,6,102826.0,0,0
7,7,102826.0,0,0
8,8,102826.0,0,0
9,9,102826.0,0,0
10,10,102826.0,0,0
11,11,102826.0,0,0
12,12,102826.0,0,0
13,13,102826.0,0,0
14,14,102826.0,0,0
15,15,102826.0,0,0
16,16,102826.0,0,0
17,17,102826.0,0,0
18,18,102826.0,0,0
19,19,102826.0,0,0
20,20,102826.0,0,0
21,21,102826.0,0,0
22,22,102826.0,0,0
23,23,102826.0,0,0
24,24,102826.0,0,0
25,25,102826.0,0,0
26,26,102826.0,0,0
27,27,102826.0,0,0
28,28,102826.0,0,0
29,29,102826.0,0,0
30,30,102826.0,0,0
31,31,102826.0,0,0
32,32,102826.0,0,0
33,33,102826.0,0,0
34,34,102826.0,0,0
35,35,102826.0,0,0
36,36,102826.0,0,0
37,37,102826.0,0,0
38,38,102826.0,0,0
39,39,102826.0,0,0
40,40,102826.0,0,0
41,41,102826.0,0,0
42,42,102826.0,0,0
43,43,102826.0,0,0
44,44,102826.0,0,0
45,45,102826.0,0,0
46,46,102826.0,0,0
47,47,102826.0,0,0
48,48,102826.0,0,0
49,49,102826.0,0,0
50,50,102826.0,0,0
51,51,102826.0,0,0
52,52,102826.0,0,0
53,53,102826.0,0,0
54,54,102826.0,0,0
55,55,102826.0,0,0
56,56,102826.0,0,0
57,57,102826.0,0,0
58,58,102826.0,0,0
59,59,102826.0,0,0
60,60,102825.0,1,0
61,61,102825.0,1,0
62,62,102823.0,3,0
63,63,102822.0,4,0
64,64,102822.0,4,0
65,65,102817.0,9,0
66,66,102813.0,13,0
67,67,102813.0,13,0
68,68,102813.0,13,0
69,69,102812.0,14,0
70,70,102810.0,16,0
71,71,102805.0,20,1
72,72,102800.0,25,1
73,73,102792.0,33,1
74,74,102789.0,36,1
75,75,102788.0,37,1
76,76,102784.0,41,1
77,77,102776.0,49,1
78,78,102771.0,54,1
79,79,102761.0,64,1
80,80,102759.0,66,1
81,81,102751.0,74,1
82,82,102742.0,83,1
83,83,102739.0,85,2
84,84,102734.0,90,2
85,85,102723.0,101,2
86,86,102697.0,127,2
87,87,102692.0,131,3
88,88,102692.0,131,3
89,89,102689.0,134,3
90,90,102689.0,134,3
91,91,102687.0,134,5
92,92,102681.0,140,5
93,93,102677.0,144,5
94,94,102675.0,146,5
95,95,102667.0,154,5
96,96,102658.0,163,5
97,97,102657.0,163,6
98,98,102654.0,164,8
99,99,102651.0,167,8
100,100,102642.0,176,8
101,101,102631.0,187,8
102,102,102629.0,188,9
103,103,102622.0,194,10
104,104,102618.0,195,13
105,105,102613.0,200,13
106,106,102605.0,208,13
107,107,102602.0,211,13
108,108,102594.0,219,13
109,109,102571.0,242,13
110,110,102546.0,267,13
111,111,102541.0,270,15
112,112,102540.0,271,15
113,113,102518.0,291,17
114,114,102509.0,300,17
115,115,102501.0,308,17
116,116,102501.0,308,17
117,117,102491.0,318,17
118,118,102485.0,323,18
119,119,102478.0,328,20
120,120,102475.0,331,20
121,121,102467.0,339,20
122,122,102464.0,342,20
123,123,102457.0,348,21
124,124,102452.0,353,21
125,125,102452.0,353,21
126,126,102451.0,354,21
127,127,102448.0,356,22
128,128,102440.0,364,22
