,Days,S,I,D
0,0,469966.0,0,0
1,1,469966.0,0,0
2,2,469966.0,0,0
3,3,469966.0,0,0
4,4,469966.0,0,0
5,5,469966.0,0,0
6,6,469966.0,0,0
7,7,469966.0,0,0
8,8,469966.0,0,0
9,9,469966.0,0,0
10,10,469966.0,0,0
11,11,469966.0,0,0
12,12,469966.0,0,0
13,13,469966.0,0,0
14,14,469966.0,0,0
15,15,469966.0,0,0
16,16,469966.0,0,0
17,17,469966.0,0,0
18,18,469966.0,0,0
19,19,469966.0,0,0
20,20,469966.0,0,0
21,21,469966.0,0,0
22,22,469966.0,0,0
23,23,469966.0,0,0
24,24,469966.0,0,0
25,25,469966.0,0,0
26,26,469966.0,0,0
27,27,469966.0,0,0
28,28,469966.0,0,0
29,29,469966.0,0,0
30,30,469966.0,0,0
31,31,469966.0,0,0
32,32,469966.0,0,0
33,33,469966.0,0,0
34,34,469966.0,0,0
35,35,469966.0,0,0
36,36,469966.0,0,0
37,37,469966.0,0,0
38,38,469966.0,0,0
39,39,469966.0,0,0
40,40,469966.0,0,0
41,41,469966.0,0,0
42,42,469966.0,0,0
43,43,469966.0,0,0
44,44,469966.0,0,0
45,45,469966.0,0,0
46,46,469966.0,0,0
47,47,469966.0,0,0
48,48,469966.0,0,0
49,49,469966.0,0,0
50,50,469966.0,0,0
51,51,469966.0,0,0
52,52,469964.0,2,0
53,53,469964.0,2,0
54,54,469964.0,2,0
55,55,469963.0,3,0
56,56,469963.0,3,0
57,57,469963.0,3,0
58,58,469962.0,4,0
59,59,469955.0,11,0
60,60,469953.0,13,0
61,61,469951.0,15,0
62,62,469944.0,22,0
63,63,469929.0,37,0
64,64,469913.0,53,0
65,65,469891.0,75,0
66,66,469877.0,88,1
67,67,469851.0,113,2
68,68,469812.0,151,3
69,69,469768.0,195,3
70,70,469737.0,226,3
71,71,469656.0,307,3
72,72,469612.0,351,3
73,73,469578.0,385,3
74,74,469561.0,402,3
75,75,469544.0,419,3
76,76,469525.0,438,3
77,77,469514.0,447,5
78,78,469467.0,494,5
79,79,469447.0,513,6
80,80,469443.0,517,6
81,81,469443.0,517,6
82,82,469428.0,529,9
83,83,469427.0,530,9
84,84,469390.0,567,9
85,85,469381.0,576,9
86,86,469364.0,593,9
87,87,469358.0,598,10
88,88,469358.0,598,10
89,89,469338.0,616,12
90,90,469332.0,622,12
91,91,469322.0,630,14
92,92,469317.0,635,14
93,93,469310.0,642,14
94,94,469301.0,650,15
95,95,469301.0,650,15
96,96,469290.0,661,15
97,97,469289.0,662,15
98,98,469279.0,671,16
99,99,469269.0,681,16
100,100,469261.0,689,16
101,101,469244.0,705,17
102,102,469244.0,705,17
103,103,469239.0,710,17
104,104,469234.0,713,19
105,105,469230.0,717,19
106,106,469226.0,721,19
107,107,469216.0,731,19
108,108,469214.0,733,19
109,109,469214.0,733,19
110,110,469206.0,739,21
111,111,469201.0,744,21
112,112,469191.0,754,21
113,113,469185.0,759,22
114,114,469174.0,770,22
115,115,469171.0,773,22
116,116,469171.0,773,22
117,117,469164.0,780,22
118,118,469161.0,783,22
119,119,469153.0,791,22
120,120,469153.0,791,22
121,121,469150.0,794,22
122,122,469148.0,796,22
123,123,469148.0,796,22
124,124,469148.0,796,22
125,125,469146.0,798,22
126,126,469144.0,800,22
127,127,469141.0,803,22
128,128,469141.0,803,22
