,Days,S,I,D
0,0,46721.0,0,0
1,1,46721.0,0,0
2,2,46721.0,0,0
3,3,46721.0,0,0
4,4,46721.0,0,0
5,5,46721.0,0,0
6,6,46721.0,0,0
7,7,46721.0,0,0
8,8,46721.0,0,0
9,9,46721.0,0,0
10,10,46721.0,0,0
11,11,46721.0,0,0
12,12,46721.0,0,0
13,13,46721.0,0,0
14,14,46721.0,0,0
15,15,46721.0,0,0
16,16,46721.0,0,0
17,17,46721.0,0,0
18,18,46721.0,0,0
19,19,46721.0,0,0
20,20,46721.0,0,0
21,21,46721.0,0,0
22,22,46721.0,0,0
23,23,46721.0,0,0
24,24,46721.0,0,0
25,25,46721.0,0,0
26,26,46721.0,0,0
27,27,46721.0,0,0
28,28,46721.0,0,0
29,29,46721.0,0,0
30,30,46721.0,0,0
31,31,46721.0,0,0
32,32,46721.0,0,0
33,33,46721.0,0,0
34,34,46721.0,0,0
35,35,46721.0,0,0
36,36,46721.0,0,0
37,37,46721.0,0,0
38,38,46721.0,0,0
39,39,46721.0,0,0
40,40,46721.0,0,0
41,41,46721.0,0,0
42,42,46721.0,0,0
43,43,46721.0,0,0
44,44,46721.0,0,0
45,45,46721.0,0,0
46,46,46721.0,0,0
47,47,46721.0,0,0
48,48,46721.0,0,0
49,49,46721.0,0,0
50,50,46721.0,0,0
51,51,46721.0,0,0
52,52,46721.0,0,0
53,53,46720.0,1,0
54,54,46719.0,2,0
55,55,46719.0,2,0
56,56,46718.0,3,0
57,57,46717.0,4,0
58,58,46716.0,5,0
59,59,46709.0,12,0
60,60,46708.0,13,0
61,61,46706.0,15,0
62,62,46702.0,19,0
63,63,46697.0,23,1
64,64,46692.0,28,1
65,65,46689.0,31,1
66,66,46676.0,43,2
67,67,46674.0,45,2
68,68,46666.0,53,2
69,69,46648.0,71,2
70,70,46624.0,94,3
71,71,46535.0,181,5
72,72,46518.0,196,7
73,73,46474.0,239,8
74,74,46471.0,242,8
75,75,46446.0,267,8
76,76,46424.0,289,8
77,77,46409.0,304,8
78,78,46388.0,325,8
79,79,46370.0,343,8
80,80,46355.0,358,8
81,81,46352.0,361,8
82,82,46344.0,369,8
83,83,46336.0,377,8
84,84,46328.0,383,10
85,85,46321.0,388,12
86,86,46306.0,404,11
87,87,46301.0,409,11
88,88,46298.0,411,12
89,89,46286.0,423,12
90,90,46281.0,428,12
91,91,46278.0,430,13
92,92,46271.0,435,15
93,93,46266.0,440,15
94,94,46263.0,443,15
95,95,46260.0,446,15
96,96,46257.0,449,15
97,97,46251.0,452,18
98,98,46242.0,461,18
99,99,46239.0,464,18
100,100,46234.0,469,18
101,101,46229.0,474,18
102,102,46228.0,475,18
103,103,46223.0,480,18
104,104,46201.0,502,18
105,105,46198.0,505,18
106,106,46195.0,508,18
107,107,46195.0,508,18
108,108,46192.0,511,18
109,109,46192.0,511,18
110,110,46192.0,511,18
111,111,46192.0,511,18
112,112,46192.0,511,18
113,113,46192.0,511,18
114,114,46192.0,511,18
115,115,46192.0,511,18
116,116,46191.0,512,18
117,117,46189.0,513,19
118,118,46185.0,516,20
119,119,46182.0,518,21
120,120,46179.0,521,21
121,121,46179.0,521,21
122,122,46179.0,521,21
123,123,46179.0,521,21
124,124,46170.0,529,22
125,125,46170.0,529,22
126,126,46168.0,531,22
127,127,46165.0,534,22
128,128,46163.0,536,22
