,Days,S,I,D
0,0,65936.0,0,0
1,1,65936.0,0,0
2,2,65936.0,0,0
3,3,65936.0,0,0
4,4,65936.0,0,0
5,5,65936.0,0,0
6,6,65936.0,0,0
7,7,65936.0,0,0
8,8,65936.0,0,0
9,9,65936.0,0,0
10,10,65936.0,0,0
11,11,65936.0,0,0
12,12,65936.0,0,0
13,13,65936.0,0,0
14,14,65936.0,0,0
15,15,65936.0,0,0
16,16,65936.0,0,0
17,17,65936.0,0,0
18,18,65936.0,0,0
19,19,65936.0,0,0
20,20,65936.0,0,0
21,21,65936.0,0,0
22,22,65936.0,0,0
23,23,65936.0,0,0
24,24,65936.0,0,0
25,25,65936.0,0,0
26,26,65936.0,0,0
27,27,65936.0,0,0
28,28,65936.0,0,0
29,29,65936.0,0,0
30,30,65936.0,0,0
31,31,65936.0,0,0
32,32,65936.0,0,0
33,33,65936.0,0,0
34,34,65936.0,0,0
35,35,65936.0,0,0
36,36,65936.0,0,0
37,37,65936.0,0,0
38,38,65936.0,0,0
39,39,65936.0,0,0
40,40,65936.0,0,0
41,41,65936.0,0,0
42,42,65936.0,0,0
43,43,65936.0,0,0
44,44,65936.0,0,0
45,45,65936.0,0,0
46,46,65936.0,0,0
47,47,65936.0,0,0
48,48,65936.0,0,0
49,49,65936.0,0,0
50,50,65936.0,0,0
51,51,65936.0,0,0
52,52,65936.0,0,0
53,53,65936.0,0,0
54,54,65936.0,0,0
55,55,65936.0,0,0
56,56,65936.0,0,0
57,57,65936.0,0,0
58,58,65935.0,1,0
59,59,65935.0,1,0
60,60,65934.0,2,0
61,61,65933.0,3,0
62,62,65933.0,3,0
63,63,65933.0,3,0
64,64,65931.0,5,0
65,65,65931.0,5,0
66,66,65931.0,5,0
67,67,65929.0,7,0
68,68,65929.0,7,0
69,69,65929.0,7,0
70,70,65927.0,9,0
71,71,65925.0,11,0
72,72,65924.0,12,0
73,73,65921.0,15,0
74,74,65916.0,18,2
75,75,65914.0,20,2
76,76,65914.0,20,2
77,77,65912.0,22,2
78,78,65908.0,26,2
79,79,65902.0,32,2
80,80,65899.0,35,2
81,81,65898.0,36,2
82,82,65897.0,37,2
83,83,65894.0,40,2
84,84,65893.0,41,2
85,85,65889.0,45,2
86,86,65887.0,47,2
87,87,65879.0,55,2
88,88,65858.0,75,3
89,89,65855.0,78,3
90,90,65835.0,97,4
91,91,65831.0,101,4
92,92,65831.0,101,4
93,93,65820.0,112,4
94,94,65819.0,113,4
95,95,65818.0,114,4
96,96,65815.0,117,4
97,97,65813.0,119,4
98,98,65807.0,120,9
99,99,65797.0,129,10
100,100,65788.0,138,10
101,101,65781.0,143,12
102,102,65780.0,144,12
103,103,65778.0,146,12
104,104,65778.0,146,12
105,105,65774.0,149,13
106,106,65772.0,151,13
107,107,65771.0,151,14
108,108,65768.0,153,15
109,109,65768.0,153,15
110,110,65767.0,153,16
111,111,65767.0,153,16
112,112,65766.0,153,17
113,113,65764.0,155,17
114,114,65762.0,157,17
115,115,65757.0,161,18
116,116,65755.0,163,18
117,117,65752.0,166,18
118,118,65750.0,167,19
119,119,65748.0,168,20
120,120,65744.0,172,20
121,121,65742.0,174,20
122,122,65738.0,178,20
123,123,65735.0,181,20
124,124,65731.0,185,20
125,125,65724.0,191,21
126,126,65720.0,195,21
127,127,65718.0,197,21
128,128,65709.0,206,21
