,Days,S,I,D
0,0,67560.0,0,0
1,1,67560.0,0,0
2,2,67560.0,0,0
3,3,67560.0,0,0
4,4,67560.0,0,0
5,5,67560.0,0,0
6,6,67560.0,0,0
7,7,67560.0,0,0
8,8,67560.0,0,0
9,9,67560.0,0,0
10,10,67560.0,0,0
11,11,67560.0,0,0
12,12,67560.0,0,0
13,13,67560.0,0,0
14,14,67560.0,0,0
15,15,67560.0,0,0
16,16,67560.0,0,0
17,17,67560.0,0,0
18,18,67560.0,0,0
19,19,67560.0,0,0
20,20,67560.0,0,0
21,21,67560.0,0,0
22,22,67560.0,0,0
23,23,67560.0,0,0
24,24,67560.0,0,0
25,25,67560.0,0,0
26,26,67560.0,0,0
27,27,67560.0,0,0
28,28,67560.0,0,0
29,29,67560.0,0,0
30,30,67560.0,0,0
31,31,67560.0,0,0
32,32,67560.0,0,0
33,33,67560.0,0,0
34,34,67560.0,0,0
35,35,67560.0,0,0
36,36,67560.0,0,0
37,37,67560.0,0,0
38,38,67560.0,0,0
39,39,67560.0,0,0
40,40,67560.0,0,0
41,41,67560.0,0,0
42,42,67560.0,0,0
43,43,67560.0,0,0
44,44,67560.0,0,0
45,45,67560.0,0,0
46,46,67560.0,0,0
47,47,67560.0,0,0
48,48,67560.0,0,0
49,49,67560.0,0,0
50,50,67560.0,0,0
51,51,67560.0,0,0
52,52,67560.0,0,0
53,53,67560.0,0,0
54,54,67560.0,0,0
55,55,67560.0,0,0
56,56,67560.0,0,0
57,57,67560.0,0,0
58,58,67560.0,0,0
59,59,67560.0,0,0
60,60,67560.0,0,0
61,61,67556.0,4,0
62,62,67555.0,5,0
63,63,67555.0,5,0
64,64,67555.0,5,0
65,65,67555.0,5,0
66,66,67555.0,5,0
67,67,67555.0,5,0
68,68,67554.0,6,0
69,69,67549.0,11,0
70,70,67549.0,11,0
71,71,67548.0,12,0
72,72,67547.0,13,0
73,73,67546.0,14,0
74,74,67546.0,14,0
75,75,67545.0,15,0
76,76,67543.0,17,0
77,77,67536.0,23,1
78,78,67537.0,23,0
79,79,67534.0,26,0
80,80,67533.0,27,0
81,81,67494.0,66,0
82,82,67494.0,66,0
83,83,67492.0,66,2
84,84,67491.0,66,3
85,85,67489.0,66,5
86,86,67488.0,67,5
87,87,67484.0,69,7
88,88,67484.0,69,7
89,89,67482.0,71,7
90,90,67475.0,74,11
91,91,67472.0,75,13
92,92,67470.0,77,13
93,93,67459.0,87,14
94,94,67454.0,92,14
95,95,67451.0,95,14
96,96,67446.0,100,14
97,97,67442.0,100,18
98,98,67442.0,100,18
99,99,67437.0,104,19
100,100,67437.0,104,19
101,101,67437.0,104,19
102,102,67436.0,105,19
103,103,67436.0,105,19
104,104,67435.0,106,19
105,105,67434.0,106,20
106,106,67429.0,111,20
107,107,67429.0,111,20
108,108,67429.0,111,20
109,109,67429.0,111,20
110,110,67429.0,111,20
111,111,67426.0,114,20
112,112,67421.0,119,20
113,113,67419.0,121,20
114,114,67419.0,121,20
115,115,67419.0,121,20
116,116,67418.0,122,20
117,117,67416.0,124,20
118,118,67411.0,129,20
119,119,67409.0,131,20
120,120,67403.0,137,20
121,121,67402.0,138,20
122,122,67399.0,141,20
123,123,67399.0,141,20
124,124,67395.0,145,20
125,125,67394.0,146,20
126,126,67389.0,151,20
127,127,67386.0,154,20
128,128,67383.0,157,20
