,Days,S,I,D
0,0,43497.0,0,0
1,1,43497.0,0,0
2,2,43497.0,0,0
3,3,43497.0,0,0
4,4,43497.0,0,0
5,5,43497.0,0,0
6,6,43497.0,0,0
7,7,43497.0,0,0
8,8,43497.0,0,0
9,9,43497.0,0,0
10,10,43497.0,0,0
11,11,43497.0,0,0
12,12,43497.0,0,0
13,13,43497.0,0,0
14,14,43497.0,0,0
15,15,43497.0,0,0
16,16,43497.0,0,0
17,17,43497.0,0,0
18,18,43497.0,0,0
19,19,43497.0,0,0
20,20,43497.0,0,0
21,21,43497.0,0,0
22,22,43497.0,0,0
23,23,43497.0,0,0
24,24,43497.0,0,0
25,25,43497.0,0,0
26,26,43497.0,0,0
27,27,43497.0,0,0
28,28,43497.0,0,0
29,29,43497.0,0,0
30,30,43497.0,0,0
31,31,43497.0,0,0
32,32,43497.0,0,0
33,33,43497.0,0,0
34,34,43497.0,0,0
35,35,43497.0,0,0
36,36,43497.0,0,0
37,37,43497.0,0,0
38,38,43497.0,0,0
39,39,43497.0,0,0
40,40,43497.0,0,0
41,41,43497.0,0,0
42,42,43497.0,0,0
43,43,43497.0,0,0
44,44,43497.0,0,0
45,45,43497.0,0,0
46,46,43497.0,0,0
47,47,43497.0,0,0
48,48,43497.0,0,0
49,49,43497.0,0,0
50,50,43497.0,0,0
51,51,43497.0,0,0
52,52,43497.0,0,0
53,53,43497.0,0,0
54,54,43497.0,0,0
55,55,43497.0,0,0
56,56,43497.0,0,0
57,57,43497.0,0,0
58,58,43497.0,0,0
59,59,43497.0,0,0
60,60,43497.0,0,0
61,61,43497.0,0,0
62,62,43497.0,0,0
63,63,43494.0,3,0
64,64,43494.0,3,0
65,65,43494.0,3,0
66,66,43494.0,3,0
67,67,43493.0,4,0
68,68,43491.0,6,0
69,69,43490.0,7,0
70,70,43489.0,8,0
71,71,43488.0,9,0
72,72,43487.0,10,0
73,73,43487.0,10,0
74,74,43485.0,12,0
75,75,43484.0,13,0
76,76,43485.0,12,0
77,77,43484.0,13,0
78,78,43482.0,15,0
79,79,43482.0,15,0
80,80,43481.0,16,0
81,81,43480.0,17,0
82,82,43480.0,17,0
83,83,43474.0,23,0
84,84,43470.0,27,0
85,85,43469.0,28,0
86,86,43464.0,33,0
87,87,43458.0,39,0
88,88,43458.0,39,0
89,89,43456.0,41,0
90,90,43452.0,45,0
91,91,43444.0,53,0
92,92,43439.0,58,0
93,93,43424.0,72,1
94,94,43422.0,74,1
95,95,43422.0,74,1
96,96,43417.0,78,2
97,97,43416.0,79,2
98,98,43400.0,95,2
99,99,43387.0,108,2
100,100,43375.0,120,2
101,101,43361.0,134,2
102,102,43350.0,145,2
103,103,43346.0,149,2
104,104,43329.0,165,3
105,105,43329.0,165,3
106,106,43281.0,213,3
107,107,43257.0,236,4
108,108,43249.0,242,6
109,109,43246.0,245,6
110,110,43241.0,250,6
111,111,43230.0,260,7
112,112,43218.0,271,8
113,113,43210.0,278,9
114,114,43202.0,285,10
115,115,43189.0,297,11
116,116,43183.0,303,11
117,117,43166.0,319,12
118,118,43156.0,329,12
119,119,43140.0,345,12
120,120,43130.0,355,12
121,121,43127.0,358,12
122,122,43116.0,365,16
123,123,43109.0,372,16
124,124,43104.0,376,17
125,125,43102.0,378,17
126,126,43086.0,394,17
127,127,43063.0,414,20
128,128,43047.0,429,21
