,Days,S,I,D
0,0,65711.0,0,0
1,1,65711.0,0,0
2,2,65711.0,0,0
3,3,65711.0,0,0
4,4,65711.0,0,0
5,5,65711.0,0,0
6,6,65711.0,0,0
7,7,65711.0,0,0
8,8,65711.0,0,0
9,9,65711.0,0,0
10,10,65711.0,0,0
11,11,65711.0,0,0
12,12,65711.0,0,0
13,13,65711.0,0,0
14,14,65711.0,0,0
15,15,65711.0,0,0
16,16,65711.0,0,0
17,17,65711.0,0,0
18,18,65711.0,0,0
19,19,65711.0,0,0
20,20,65711.0,0,0
21,21,65711.0,0,0
22,22,65711.0,0,0
23,23,65711.0,0,0
24,24,65711.0,0,0
25,25,65711.0,0,0
26,26,65711.0,0,0
27,27,65711.0,0,0
28,28,65711.0,0,0
29,29,65711.0,0,0
30,30,65711.0,0,0
31,31,65711.0,0,0
32,32,65711.0,0,0
33,33,65711.0,0,0
34,34,65711.0,0,0
35,35,65711.0,0,0
36,36,65711.0,0,0
37,37,65711.0,0,0
38,38,65711.0,0,0
39,39,65711.0,0,0
40,40,65711.0,0,0
41,41,65711.0,0,0
42,42,65711.0,0,0
43,43,65711.0,0,0
44,44,65711.0,0,0
45,45,65711.0,0,0
46,46,65711.0,0,0
47,47,65711.0,0,0
48,48,65711.0,0,0
49,49,65711.0,0,0
50,50,65711.0,0,0
51,51,65711.0,0,0
52,52,65711.0,0,0
53,53,65711.0,0,0
54,54,65711.0,0,0
55,55,65711.0,0,0
56,56,65711.0,0,0
57,57,65711.0,0,0
58,58,65711.0,0,0
59,59,65711.0,0,0
60,60,65711.0,0,0
61,61,65711.0,0,0
62,62,65711.0,0,0
63,63,65711.0,0,0
64,64,65710.0,1,0
65,65,65710.0,1,0
66,66,65710.0,1,0
67,67,65709.0,2,0
68,68,65709.0,2,0
69,69,65709.0,2,0
70,70,65707.0,4,0
71,71,65706.0,5,0
72,72,65698.0,12,1
73,73,65694.0,15,2
74,74,65693.0,16,2
75,75,65691.0,18,2
76,76,65688.0,21,2
77,77,65684.0,25,2
78,78,65684.0,25,2
79,79,65680.0,29,2
80,80,65679.0,30,2
81,81,65662.0,47,2
82,82,65661.0,48,2
83,83,65653.0,56,2
84,84,65641.0,64,6
85,85,65636.0,69,6
86,86,65630.0,75,6
87,87,65617.0,88,6
88,88,65616.0,89,6
89,89,65614.0,91,6
90,90,65609.0,96,6
91,91,65607.0,98,6
92,92,65595.0,110,6
93,93,65590.0,115,6
94,94,65590.0,115,6
95,95,65580.0,125,6
96,96,65580.0,125,6
97,97,65564.0,141,6
98,98,65564.0,141,6
99,99,65547.0,157,7
100,100,65544.0,160,7
101,101,65532.0,172,7
102,102,65532.0,172,7
103,103,65530.0,174,7
104,104,65517.0,187,7
105,105,65515.0,189,7
106,106,65502.0,202,7
107,107,65502.0,202,7
108,108,65502.0,202,7
109,109,65496.0,206,9
110,110,65491.0,211,9
111,111,65481.0,221,9
112,112,65478.0,224,9
113,113,65475.0,227,9
114,114,65465.0,229,17
115,115,65461.0,233,17
116,116,65456.0,238,17
117,117,65455.0,239,17
118,118,65453.0,241,17
119,119,65451.0,243,17
120,120,65450.0,244,17
121,121,65439.0,255,17
122,122,65439.0,255,17
123,123,65437.0,257,17
124,124,65437.0,257,17
125,125,65437.0,257,17
126,126,65433.0,261,17
127,127,65421.0,270,20
128,128,65421.0,270,20
