,Days,S,I,D
0,0,513607.0,0,0
1,1,513607.0,0,0
2,2,513607.0,0,0
3,3,513607.0,0,0
4,4,513607.0,0,0
5,5,513607.0,0,0
6,6,513607.0,0,0
7,7,513607.0,0,0
8,8,513607.0,0,0
9,9,513607.0,0,0
10,10,513607.0,0,0
11,11,513607.0,0,0
12,12,513607.0,0,0
13,13,513607.0,0,0
14,14,513607.0,0,0
15,15,513607.0,0,0
16,16,513607.0,0,0
17,17,513607.0,0,0
18,18,513607.0,0,0
19,19,513607.0,0,0
20,20,513607.0,0,0
21,21,513607.0,0,0
22,22,513607.0,0,0
23,23,513607.0,0,0
24,24,513607.0,0,0
25,25,513607.0,0,0
26,26,513607.0,0,0
27,27,513607.0,0,0
28,28,513607.0,0,0
29,29,513607.0,0,0
30,30,513607.0,0,0
31,31,513607.0,0,0
32,32,513607.0,0,0
33,33,513607.0,0,0
34,34,513607.0,0,0
35,35,513607.0,0,0
36,36,513607.0,0,0
37,37,513607.0,0,0
38,38,513607.0,0,0
39,39,513607.0,0,0
40,40,513607.0,0,0
41,41,513607.0,0,0
42,42,513607.0,0,0
43,43,513607.0,0,0
44,44,513607.0,0,0
45,45,513607.0,0,0
46,46,513607.0,0,0
47,47,513607.0,0,0
48,48,513607.0,0,0
49,49,513607.0,0,0
50,50,513607.0,0,0
51,51,513607.0,0,0
52,52,513607.0,0,0
53,53,513607.0,0,0
54,54,513607.0,0,0
55,55,513607.0,0,0
56,56,513607.0,0,0
57,57,513607.0,0,0
58,58,513606.0,1,0
59,59,513606.0,1,0
60,60,513605.0,2,0
61,61,513605.0,2,0
62,62,513605.0,2,0
63,63,513596.0,11,0
64,64,513591.0,16,0
65,65,513587.0,20,0
66,66,513574.0,33,0
67,67,513565.0,42,0
68,68,513557.0,49,1
69,69,513548.0,58,1
70,70,513542.0,64,1
71,71,513527.0,79,1
72,72,513521.0,85,1
73,73,513509.0,97,1
74,74,513498.0,108,1
75,75,513482.0,124,1
76,76,513472.0,134,1
77,77,513452.0,154,1
78,78,513444.0,161,2
79,79,513433.0,172,2
80,80,513414.0,191,2
81,81,513409.0,196,2
82,82,513405.0,200,2
83,83,513399.0,205,3
84,84,513395.0,209,3
85,85,513387.0,217,3
86,86,513378.0,226,3
87,87,513372.0,232,3
88,88,513369.0,234,4
89,89,513355.0,248,4
90,90,513352.0,251,4
91,91,513337.0,265,5
92,92,513287.0,314,6
93,93,513278.0,323,6
94,94,513267.0,334,6
95,95,513263.0,338,6
96,96,513262.0,339,6
97,97,513250.0,351,6
98,98,513234.0,364,9
99,99,513226.0,372,9
100,100,513212.0,384,11
101,101,513205.0,391,11
102,102,513195.0,399,13
103,103,513185.0,409,13
104,104,513181.0,411,15
105,105,513173.0,416,18
106,106,513159.0,430,18
107,107,513151.0,438,18
108,108,513149.0,439,19
109,109,513137.0,451,19
110,110,513137.0,451,19
111,111,513116.0,471,20
112,112,513103.0,484,20
113,113,513060.0,527,20
114,114,513057.0,530,20
115,115,513053.0,534,20
116,116,513052.0,535,20
117,117,513052.0,535,20
118,118,513049.0,538,20
119,119,513048.0,539,20
120,120,513044.0,542,21
121,121,513041.0,545,21
122,122,513033.0,553,21
123,123,513033.0,553,21
124,124,513030.0,556,21
125,125,513026.0,560,21
126,126,513022.0,564,21
127,127,513013.0,573,21
128,128,513011.0,575,21
