,Days,S,I,D
0,0,66100.0,0,0
1,1,66100.0,0,0
2,2,66100.0,0,0
3,3,66100.0,0,0
4,4,66100.0,0,0
5,5,66100.0,0,0
6,6,66100.0,0,0
7,7,66100.0,0,0
8,8,66100.0,0,0
9,9,66100.0,0,0
10,10,66100.0,0,0
11,11,66100.0,0,0
12,12,66100.0,0,0
13,13,66100.0,0,0
14,14,66100.0,0,0
15,15,66100.0,0,0
16,16,66100.0,0,0
17,17,66100.0,0,0
18,18,66100.0,0,0
19,19,66100.0,0,0
20,20,66100.0,0,0
21,21,66100.0,0,0
22,22,66100.0,0,0
23,23,66100.0,0,0
24,24,66100.0,0,0
25,25,66100.0,0,0
26,26,66100.0,0,0
27,27,66100.0,0,0
28,28,66100.0,0,0
29,29,66100.0,0,0
30,30,66100.0,0,0
31,31,66100.0,0,0
32,32,66100.0,0,0
33,33,66100.0,0,0
34,34,66100.0,0,0
35,35,66100.0,0,0
36,36,66100.0,0,0
37,37,66100.0,0,0
38,38,66100.0,0,0
39,39,66100.0,0,0
40,40,66100.0,0,0
41,41,66100.0,0,0
42,42,66100.0,0,0
43,43,66100.0,0,0
44,44,66100.0,0,0
45,45,66100.0,0,0
46,46,66100.0,0,0
47,47,66100.0,0,0
48,48,66100.0,0,0
49,49,66100.0,0,0
50,50,66100.0,0,0
51,51,66100.0,0,0
52,52,66100.0,0,0
53,53,66100.0,0,0
54,54,66100.0,0,0
55,55,66100.0,0,0
56,56,66100.0,0,0
57,57,66100.0,0,0
58,58,66098.0,2,0
59,59,66098.0,2,0
60,60,66098.0,2,0
61,61,66096.0,4,0
62,62,66095.0,5,0
63,63,66090.0,10,0
64,64,66089.0,11,0
65,65,66089.0,11,0
66,66,66089.0,11,0
67,67,66088.0,12,0
68,68,66086.0,14,0
69,69,66085.0,15,0
70,70,66082.0,17,1
71,71,66082.0,17,1
72,72,66076.0,23,1
73,73,66072.0,26,2
74,74,66072.0,26,2
75,75,66052.0,44,4
76,76,66042.0,54,4
77,77,66040.0,56,4
78,78,66036.0,60,4
79,79,66031.0,65,4
80,80,66027.0,69,4
81,81,66023.0,73,4
82,82,66018.0,78,4
83,83,66013.0,83,4
84,84,65999.0,96,5
85,85,65973.0,122,5
86,86,65969.0,124,7
87,87,65967.0,126,7
88,88,65965.0,128,7
89,89,65958.0,135,7
90,90,65956.0,136,8
91,91,65956.0,136,8
92,92,65952.0,140,8
93,93,65948.0,144,8
94,94,65903.0,189,8
95,95,65902.0,190,8
96,96,65895.0,197,8
97,97,65894.0,198,8
98,98,65886.0,205,9
99,99,65883.0,208,9
100,100,65876.0,214,10
101,101,65875.0,215,10
102,102,65871.0,219,10
103,103,65870.0,219,11
104,104,65869.0,220,11
105,105,65866.0,223,11
106,106,65865.0,224,11
107,107,65862.0,227,11
108,108,65857.0,232,11
109,109,65854.0,235,11
110,110,65851.0,237,12
111,111,65851.0,237,12
112,112,65851.0,237,12
113,113,65849.0,239,12
114,114,65847.0,239,14
115,115,65847.0,239,14
116,116,65847.0,239,14
117,117,65845.0,241,14
118,118,65840.0,246,14
119,119,65840.0,246,14
120,120,65840.0,246,14
121,121,65836.0,250,14
122,122,65833.0,253,14
123,123,65832.0,254,14
124,124,65824.0,259,17
125,125,65819.0,262,19
126,126,65816.0,264,20
127,127,65812.0,267,21
128,128,65804.0,275,21
