,Days,S,I,D
0,0,123248.0,0,0
1,1,123248.0,0,0
2,2,123248.0,0,0
3,3,123248.0,0,0
4,4,123248.0,0,0
5,5,123248.0,0,0
6,6,123248.0,0,0
7,7,123248.0,0,0
8,8,123248.0,0,0
9,9,123248.0,0,0
10,10,123248.0,0,0
11,11,123248.0,0,0
12,12,123248.0,0,0
13,13,123248.0,0,0
14,14,123248.0,0,0
15,15,123248.0,0,0
16,16,123248.0,0,0
17,17,123248.0,0,0
18,18,123248.0,0,0
19,19,123248.0,0,0
20,20,123248.0,0,0
21,21,123248.0,0,0
22,22,123248.0,0,0
23,23,123248.0,0,0
24,24,123248.0,0,0
25,25,123248.0,0,0
26,26,123248.0,0,0
27,27,123248.0,0,0
28,28,123248.0,0,0
29,29,123248.0,0,0
30,30,123248.0,0,0
31,31,123248.0,0,0
32,32,123248.0,0,0
33,33,123248.0,0,0
34,34,123248.0,0,0
35,35,123248.0,0,0
36,36,123248.0,0,0
37,37,123248.0,0,0
38,38,123248.0,0,0
39,39,123248.0,0,0
40,40,123248.0,0,0
41,41,123248.0,0,0
42,42,123248.0,0,0
43,43,123248.0,0,0
44,44,123248.0,0,0
45,45,123248.0,0,0
46,46,123248.0,0,0
47,47,123248.0,0,0
48,48,123248.0,0,0
49,49,123248.0,0,0
50,50,123248.0,0,0
51,51,123248.0,0,0
52,52,123247.0,1,0
53,53,123247.0,1,0
54,54,123247.0,1,0
55,55,123247.0,1,0
56,56,123247.0,1,0
57,57,123247.0,1,0
58,58,123247.0,1,0
59,59,123247.0,1,0
60,60,123247.0,1,0
61,61,123247.0,1,0
62,62,123247.0,1,0
63,63,123247.0,1,0
64,64,123247.0,1,0
65,65,123245.0,3,0
66,66,123245.0,3,0
67,67,123245.0,3,0
68,68,123244.0,4,0
69,69,123244.0,4,0
70,70,123244.0,4,0
71,71,123242.0,6,0
72,72,123239.0,9,0
73,73,123237.0,11,0
74,74,123233.0,15,0
75,75,123225.0,23,0
76,76,123216.0,32,0
77,77,123214.0,34,0
78,78,123204.0,44,0
79,79,123196.0,52,0
80,80,123179.0,69,0
81,81,123179.0,69,0
82,82,123176.0,72,0
83,83,123168.0,78,2
84,84,123166.0,80,2
85,85,123141.0,103,4
86,86,123005.0,239,4
87,87,122928.0,316,4
88,88,122781.0,463,4
89,89,122672.0,572,4
90,90,122662.0,581,5
91,91,122658.0,585,5
92,92,122646.0,596,6
93,93,122639.0,603,6
94,94,122622.0,618,8
95,95,122610.0,630,8
96,96,122605.0,635,8
97,97,122597.0,641,10
98,98,122593.0,645,10
99,99,122583.0,655,10
100,100,122579.0,658,11
101,101,122563.0,674,11
102,102,122560.0,677,11
103,103,122552.0,685,11
104,104,122549.0,687,12
105,105,122549.0,687,12
106,106,122537.0,699,12
107,107,122521.0,715,12
108,108,122509.0,726,13
109,109,122492.0,743,13
110,110,122483.0,752,13
111,111,122480.0,755,13
112,112,122475.0,760,13
113,113,122459.0,775,14
114,114,122432.0,801,15
115,115,122414.0,819,15
116,116,122401.0,832,15
117,117,122366.0,867,15
118,118,122353.0,879,16
119,119,122344.0,888,16
120,120,122321.0,910,17
121,121,122281.0,949,18
122,122,122250.0,980,18
123,123,122230.0,1000,18
124,124,122201.0,1029,18
125,125,122201.0,1029,18
126,126,122183.0,1045,20
127,127,122174.0,1054,20
128,128,122140.0,1088,20
