,Days,S,I,D
0,0,20083.0,0,0
1,1,20083.0,0,0
2,2,20083.0,0,0
3,3,20083.0,0,0
4,4,20083.0,0,0
5,5,20083.0,0,0
6,6,20083.0,0,0
7,7,20083.0,0,0
8,8,20083.0,0,0
9,9,20083.0,0,0
10,10,20083.0,0,0
11,11,20083.0,0,0
12,12,20083.0,0,0
13,13,20083.0,0,0
14,14,20083.0,0,0
15,15,20083.0,0,0
16,16,20083.0,0,0
17,17,20083.0,0,0
18,18,20083.0,0,0
19,19,20083.0,0,0
20,20,20083.0,0,0
21,21,20083.0,0,0
22,22,20083.0,0,0
23,23,20083.0,0,0
24,24,20083.0,0,0
25,25,20083.0,0,0
26,26,20083.0,0,0
27,27,20083.0,0,0
28,28,20083.0,0,0
29,29,20083.0,0,0
30,30,20083.0,0,0
31,31,20083.0,0,0
32,32,20083.0,0,0
33,33,20083.0,0,0
34,34,20083.0,0,0
35,35,20083.0,0,0
36,36,20083.0,0,0
37,37,20083.0,0,0
38,38,20083.0,0,0
39,39,20083.0,0,0
40,40,20083.0,0,0
41,41,20083.0,0,0
42,42,20083.0,0,0
43,43,20083.0,0,0
44,44,20083.0,0,0
45,45,20083.0,0,0
46,46,20083.0,0,0
47,47,20083.0,0,0
48,48,20083.0,0,0
49,49,20083.0,0,0
50,50,20083.0,0,0
51,51,20083.0,0,0
52,52,20083.0,0,0
53,53,20083.0,0,0
54,54,20083.0,0,0
55,55,20083.0,0,0
56,56,20083.0,0,0
57,57,20083.0,0,0
58,58,20083.0,0,0
59,59,20083.0,0,0
60,60,20083.0,0,0
61,61,20083.0,0,0
62,62,20083.0,0,0
63,63,20083.0,0,0
64,64,20083.0,0,0
65,65,20083.0,0,0
66,66,20083.0,0,0
67,67,20083.0,0,0
68,68,20083.0,0,0
69,69,20083.0,0,0
70,70,20083.0,0,0
71,71,20083.0,0,0
72,72,20083.0,0,0
73,73,20083.0,0,0
74,74,20083.0,0,0
75,75,20083.0,0,0
76,76,20083.0,0,0
77,77,20083.0,0,0
78,78,20083.0,0,0
79,79,20083.0,0,0
80,80,20083.0,0,0
81,81,20083.0,0,0
82,82,20081.0,2,0
83,83,20081.0,2,0
84,84,20081.0,2,0
85,85,20081.0,2,0
86,86,20081.0,2,0
87,87,20061.0,22,0
88,88,20061.0,22,0
89,89,20054.0,29,0
90,90,20045.0,38,0
91,91,19997.0,86,0
92,92,19997.0,86,0
93,93,19961.0,122,0
94,94,19927.0,156,0
95,95,19909.0,174,0
96,96,19748.0,335,0
97,97,19618.0,465,0
98,98,19544.0,538,1
99,99,19426.0,656,1
100,100,19368.0,714,1
101,101,19194.0,887,2
102,102,19163.0,918,2
103,103,19143.0,938,2
104,104,19133.0,948,2
105,105,19112.0,969,2
106,106,19063.0,1017,3
107,107,18757.0,1323,3
108,108,18738.0,1342,3
109,109,18730.0,1348,5
110,110,18716.0,1362,5
111,111,18715.0,1362,6
112,112,18699.0,1376,8
113,113,18662.0,1412,9
114,114,18629.0,1444,10
115,115,18619.0,1454,10
116,116,18615.0,1458,10
117,117,18598.0,1475,10
118,118,18595.0,1475,13
119,119,18593.0,1475,15
120,120,18579.0,1489,15
121,121,18500.0,1568,15
122,122,18493.0,1575,15
123,123,18486.0,1582,15
124,124,18456.0,1612,15
125,125,18429.0,1639,15
126,126,18427.0,1639,17
127,127,18416.0,1650,17
128,128,18413.0,1650,20
