,Days,S,I,D
0,0,40408.0,0,0
1,1,40408.0,0,0
2,2,40408.0,0,0
3,3,40408.0,0,0
4,4,40408.0,0,0
5,5,40408.0,0,0
6,6,40408.0,0,0
7,7,40408.0,0,0
8,8,40408.0,0,0
9,9,40408.0,0,0
10,10,40408.0,0,0
11,11,40408.0,0,0
12,12,40408.0,0,0
13,13,40408.0,0,0
14,14,40408.0,0,0
15,15,40408.0,0,0
16,16,40408.0,0,0
17,17,40408.0,0,0
18,18,40408.0,0,0
19,19,40408.0,0,0
20,20,40408.0,0,0
21,21,40408.0,0,0
22,22,40408.0,0,0
23,23,40408.0,0,0
24,24,40408.0,0,0
25,25,40408.0,0,0
26,26,40408.0,0,0
27,27,40408.0,0,0
28,28,40408.0,0,0
29,29,40408.0,0,0
30,30,40408.0,0,0
31,31,40408.0,0,0
32,32,40408.0,0,0
33,33,40408.0,0,0
34,34,40408.0,0,0
35,35,40408.0,0,0
36,36,40408.0,0,0
37,37,40408.0,0,0
38,38,40408.0,0,0
39,39,40408.0,0,0
40,40,40408.0,0,0
41,41,40408.0,0,0
42,42,40408.0,0,0
43,43,40408.0,0,0
44,44,40408.0,0,0
45,45,40408.0,0,0
46,46,40408.0,0,0
47,47,40408.0,0,0
48,48,40408.0,0,0
49,49,40408.0,0,0
50,50,40408.0,0,0
51,51,40408.0,0,0
52,52,40408.0,0,0
53,53,40408.0,0,0
54,54,40408.0,0,0
55,55,40408.0,0,0
56,56,40408.0,0,0
57,57,40408.0,0,0
58,58,40408.0,0,0
59,59,40408.0,0,0
60,60,40408.0,0,0
61,61,40408.0,0,0
62,62,40408.0,0,0
63,63,40407.0,1,0
64,64,40404.0,4,0
65,65,40403.0,4,1
66,66,40403.0,4,1
67,67,40403.0,4,1
68,68,40400.0,7,1
69,69,40397.0,9,2
70,70,40396.0,10,2
71,71,40393.0,13,2
72,72,40393.0,13,2
73,73,40393.0,13,2
74,74,40393.0,13,2
75,75,40391.0,15,2
76,76,40389.0,17,2
77,77,40388.0,18,2
78,78,40384.0,19,5
79,79,40384.0,19,5
80,80,40384.0,19,5
81,81,40384.0,19,5
82,82,40382.0,20,6
83,83,40379.0,20,9
84,84,40371.0,27,10
85,85,40369.0,29,10
86,86,40367.0,30,11
87,87,40367.0,30,11
88,88,40367.0,30,11
89,89,40357.0,40,11
90,90,40352.0,44,12
91,91,40350.0,45,13
92,92,40340.0,55,13
93,93,40337.0,58,13
94,94,40337.0,58,13
95,95,40337.0,58,13
96,96,40334.0,59,15
97,97,40334.0,59,15
98,98,40332.0,60,16
99,99,40330.0,60,18
100,100,40330.0,60,18
101,101,40330.0,60,18
102,102,40330.0,60,18
103,103,40316.0,74,18
104,104,40316.0,74,18
105,105,40312.0,78,18
106,106,40311.0,78,19
107,107,40311.0,78,19
108,108,40311.0,78,19
109,109,40311.0,78,19
110,110,40311.0,78,19
111,111,40310.0,79,19
112,112,40310.0,79,19
113,113,40310.0,79,19
114,114,40310.0,79,19
115,115,40310.0,79,19
116,116,40310.0,79,19
117,117,40310.0,79,19
118,118,40310.0,79,19
119,119,40308.0,81,19
120,120,40308.0,81,19
121,121,40308.0,81,19
122,122,40308.0,81,19
123,123,40308.0,81,19
124,124,40308.0,81,19
125,125,40307.0,82,19
126,126,40307.0,82,19
127,127,40307.0,82,19
128,128,40307.0,82,19
