,Days,S,I,D
0,0,19383.0,0,0
1,1,19383.0,0,0
2,2,19383.0,0,0
3,3,19383.0,0,0
4,4,19383.0,0,0
5,5,19383.0,0,0
6,6,19383.0,0,0
7,7,19383.0,0,0
8,8,19383.0,0,0
9,9,19383.0,0,0
10,10,19383.0,0,0
11,11,19383.0,0,0
12,12,19383.0,0,0
13,13,19383.0,0,0
14,14,19383.0,0,0
15,15,19383.0,0,0
16,16,19383.0,0,0
17,17,19383.0,0,0
18,18,19383.0,0,0
19,19,19383.0,0,0
20,20,19383.0,0,0
21,21,19383.0,0,0
22,22,19383.0,0,0
23,23,19383.0,0,0
24,24,19383.0,0,0
25,25,19383.0,0,0
26,26,19383.0,0,0
27,27,19383.0,0,0
28,28,19383.0,0,0
29,29,19383.0,0,0
30,30,19383.0,0,0
31,31,19383.0,0,0
32,32,19383.0,0,0
33,33,19383.0,0,0
34,34,19383.0,0,0
35,35,19383.0,0,0
36,36,19383.0,0,0
37,37,19383.0,0,0
38,38,19383.0,0,0
39,39,19383.0,0,0
40,40,19383.0,0,0
41,41,19383.0,0,0
42,42,19383.0,0,0
43,43,19383.0,0,0
44,44,19383.0,0,0
45,45,19383.0,0,0
46,46,19383.0,0,0
47,47,19383.0,0,0
48,48,19383.0,0,0
49,49,19383.0,0,0
50,50,19383.0,0,0
51,51,19383.0,0,0
52,52,19383.0,0,0
53,53,19383.0,0,0
54,54,19383.0,0,0
55,55,19383.0,0,0
56,56,19383.0,0,0
57,57,19383.0,0,0
58,58,19383.0,0,0
59,59,19383.0,0,0
60,60,19383.0,0,0
61,61,19383.0,0,0
62,62,19383.0,0,0
63,63,19382.0,1,0
64,64,19382.0,1,0
65,65,19381.0,2,0
66,66,19381.0,2,0
67,67,19380.0,3,0
68,68,19380.0,3,0
69,69,19380.0,3,0
70,70,19380.0,3,0
71,71,19378.0,5,0
72,72,19378.0,5,0
73,73,19378.0,5,0
74,74,19378.0,5,0
75,75,19378.0,5,0
76,76,19375.0,8,0
77,77,19374.0,9,0
78,78,19374.0,9,0
79,79,19374.0,9,0
80,80,19373.0,10,0
81,81,19372.0,11,0
82,82,19372.0,11,0
83,83,19372.0,11,0
84,84,19372.0,11,0
85,85,19371.0,11,1
86,86,19368.0,14,1
87,87,19366.0,16,1
88,88,19364.0,18,1
89,89,19354.0,28,1
90,90,19353.0,29,1
91,91,19346.0,36,1
92,92,19318.0,64,1
93,93,19315.0,67,1
94,94,19313.0,67,3
95,95,19312.0,68,3
96,96,19309.0,70,4
97,97,19306.0,73,4
98,98,19306.0,73,4
99,99,19300.0,79,4
100,100,19299.0,80,4
101,101,19299.0,80,4
102,102,19286.0,91,6
103,103,19282.0,94,7
104,104,19282.0,94,7
105,105,19281.0,94,8
106,106,19277.0,98,8
107,107,19277.0,98,8
108,108,19271.0,102,10
109,109,19257.0,113,13
110,110,19254.0,116,13
111,111,19250.0,120,13
112,112,19247.0,123,13
113,113,19244.0,125,14
114,114,19238.0,131,14
115,115,19232.0,137,14
116,116,19232.0,137,14
117,117,19229.0,140,14
118,118,19226.0,143,14
119,119,19226.0,143,14
120,120,19226.0,143,14
121,121,19223.0,146,14
122,122,19221.0,148,14
123,123,19214.0,155,14
124,124,19210.0,158,15
125,125,19210.0,158,15
126,126,19208.0,160,15
127,127,19201.0,165,17
128,128,19199.0,167,17
