,Days,S,I,D
0,0,6833.0,0,0
1,1,6833.0,0,0
2,2,6833.0,0,0
3,3,6833.0,0,0
4,4,6833.0,0,0
5,5,6833.0,0,0
6,6,6833.0,0,0
7,7,6833.0,0,0
8,8,6833.0,0,0
9,9,6833.0,0,0
10,10,6833.0,0,0
11,11,6833.0,0,0
12,12,6833.0,0,0
13,13,6833.0,0,0
14,14,6833.0,0,0
15,15,6833.0,0,0
16,16,6833.0,0,0
17,17,6833.0,0,0
18,18,6833.0,0,0
19,19,6833.0,0,0
20,20,6833.0,0,0
21,21,6833.0,0,0
22,22,6833.0,0,0
23,23,6833.0,0,0
24,24,6833.0,0,0
25,25,6833.0,0,0
26,26,6833.0,0,0
27,27,6833.0,0,0
28,28,6833.0,0,0
29,29,6833.0,0,0
30,30,6833.0,0,0
31,31,6833.0,0,0
32,32,6833.0,0,0
33,33,6833.0,0,0
34,34,6833.0,0,0
35,35,6833.0,0,0
36,36,6833.0,0,0
37,37,6833.0,0,0
38,38,6833.0,0,0
39,39,6833.0,0,0
40,40,6833.0,0,0
41,41,6833.0,0,0
42,42,6833.0,0,0
43,43,6833.0,0,0
44,44,6833.0,0,0
45,45,6833.0,0,0
46,46,6833.0,0,0
47,47,6833.0,0,0
48,48,6833.0,0,0
49,49,6833.0,0,0
50,50,6833.0,0,0
51,51,6833.0,0,0
52,52,6833.0,0,0
53,53,6833.0,0,0
54,54,6833.0,0,0
55,55,6833.0,0,0
56,56,6833.0,0,0
57,57,6833.0,0,0
58,58,6832.0,1,0
59,59,6832.0,1,0
60,60,6832.0,1,0
61,61,6832.0,1,0
62,62,6832.0,1,0
63,63,6832.0,1,0
64,64,6831.0,2,0
65,65,6830.0,3,0
66,66,6830.0,3,0
67,67,6830.0,3,0
68,68,6830.0,3,0
69,69,6829.0,4,0
70,70,6829.0,4,0
71,71,6829.0,4,0
72,72,6822.0,11,0
73,73,6815.0,18,0
74,74,6815.0,18,0
75,75,6805.0,26,2
76,76,6746.0,83,4
77,77,6743.0,87,3
78,78,6734.0,95,4
79,79,6726.0,102,5
80,80,6725.0,103,5
81,81,6717.0,111,5
82,82,6706.0,122,5
83,83,6696.0,131,6
84,84,6695.0,131,7
85,85,6687.0,135,11
86,86,6681.0,140,12
87,87,6679.0,141,13
88,88,6676.0,144,13
89,89,6673.0,145,15
90,90,6671.0,146,16
91,91,6668.0,148,17
92,92,6666.0,149,18
93,93,6663.0,152,18
94,94,6661.0,153,19
95,95,6661.0,153,19
96,96,6658.0,156,19
97,97,6658.0,156,19
98,98,6655.0,159,19
99,99,6655.0,159,19
100,100,6653.0,161,19
101,101,6651.0,163,19
102,102,6651.0,163,19
103,103,6650.0,164,19
104,104,6649.0,165,19
105,105,6647.0,167,19
106,106,6647.0,167,19
107,107,6647.0,167,19
108,108,6646.0,168,19
109,109,6646.0,168,19
110,110,6645.0,169,19
111,111,6645.0,169,19
112,112,6645.0,169,19
113,113,6645.0,169,19
114,114,6645.0,169,19
115,115,6645.0,169,19
116,116,6645.0,169,19
117,117,6645.0,169,19
118,118,6645.0,169,19
119,119,6644.0,170,19
120,120,6644.0,170,19
121,121,6644.0,170,19
122,122,6644.0,170,19
123,123,6641.0,173,19
124,124,6640.0,174,19
125,125,6638.0,176,19
126,126,6638.0,176,19
127,127,6637.0,177,19
128,128,6635.0,179,19
