,Days,S,I,D
0,0,215707.0,0,0
1,1,215707.0,0,0
2,2,215707.0,0,0
3,3,215707.0,0,0
4,4,215707.0,0,0
5,5,215707.0,0,0
6,6,215707.0,0,0
7,7,215707.0,0,0
8,8,215707.0,0,0
9,9,215707.0,0,0
10,10,215707.0,0,0
11,11,215707.0,0,0
12,12,215707.0,0,0
13,13,215707.0,0,0
14,14,215707.0,0,0
15,15,215707.0,0,0
16,16,215707.0,0,0
17,17,215707.0,0,0
18,18,215707.0,0,0
19,19,215707.0,0,0
20,20,215707.0,0,0
21,21,215707.0,0,0
22,22,215707.0,0,0
23,23,215707.0,0,0
24,24,215707.0,0,0
25,25,215707.0,0,0
26,26,215707.0,0,0
27,27,215707.0,0,0
28,28,215707.0,0,0
29,29,215707.0,0,0
30,30,215707.0,0,0
31,31,215707.0,0,0
32,32,215707.0,0,0
33,33,215707.0,0,0
34,34,215707.0,0,0
35,35,215707.0,0,0
36,36,215707.0,0,0
37,37,215707.0,0,0
38,38,215707.0,0,0
39,39,215707.0,0,0
40,40,215707.0,0,0
41,41,215707.0,0,0
42,42,215707.0,0,0
43,43,215707.0,0,0
44,44,215707.0,0,0
45,45,215707.0,0,0
46,46,215707.0,0,0
47,47,215707.0,0,0
48,48,215707.0,0,0
49,49,215707.0,0,0
50,50,215707.0,0,0
51,51,215707.0,0,0
52,52,215707.0,0,0
53,53,215705.0,2,0
54,54,215704.0,3,0
55,55,215703.0,4,0
56,56,215703.0,4,0
57,57,215698.0,9,0
58,58,215697.0,10,0
59,59,215691.0,16,0
60,60,215685.0,22,0
61,61,215685.0,22,0
62,62,215680.0,27,0
63,63,215665.0,42,0
64,64,215654.0,53,0
65,65,215637.0,70,0
66,66,215635.0,72,0
67,67,215628.0,79,0
68,68,215621.0,86,0
69,69,215619.0,86,2
70,70,215616.0,89,2
71,71,215604.0,101,2
72,72,215589.0,115,3
73,73,215576.0,127,4
74,74,215557.0,145,5
75,75,215552.0,150,5
76,76,215543.0,159,5
77,77,215537.0,165,5
78,78,215519.0,183,5
79,79,215517.0,185,5
80,80,215506.0,196,5
81,81,215489.0,213,5
82,82,215472.0,230,5
83,83,215467.0,235,5
84,84,215461.0,241,5
85,85,215460.0,242,5
86,86,215454.0,248,5
87,87,215444.0,257,6
88,88,215432.0,269,6
89,89,215428.0,273,6
90,90,215427.0,274,6
91,91,215423.0,278,6
92,92,215417.0,283,7
93,93,215406.0,294,7
94,94,215401.0,298,8
95,95,215387.0,311,9
96,96,215380.0,318,9
97,97,215378.0,319,10
98,98,215376.0,320,11
99,99,215375.0,320,12
100,100,215374.0,320,13
101,101,215370.0,324,13
102,102,215367.0,327,13
103,103,215366.0,328,13
104,104,215359.0,335,13
105,105,215352.0,339,16
106,106,215343.0,348,16
107,107,215332.0,358,17
108,108,215328.0,362,17
109,109,215323.0,367,17
110,110,215320.0,370,17
111,111,215311.0,378,18
112,112,215308.0,381,18
113,113,215298.0,390,19
114,114,215297.0,391,19
115,115,215290.0,398,19
116,116,215289.0,399,19
117,117,215284.0,404,19
118,118,215284.0,404,19
119,119,215274.0,414,19
120,120,215269.0,419,19
121,121,215268.0,420,19
122,122,215261.0,427,19
123,123,215254.0,434,19
124,124,215235.0,453,19
125,125,215221.0,467,19
126,126,215218.0,470,19
127,127,215204.0,484,19
128,128,215191.0,497,19
