,Days,S,I,D
0,0,109864.0,0,0
1,1,109864.0,0,0
2,2,109864.0,0,0
3,3,109864.0,0,0
4,4,109864.0,0,0
5,5,109864.0,0,0
6,6,109864.0,0,0
7,7,109864.0,0,0
8,8,109864.0,0,0
9,9,109864.0,0,0
10,10,109864.0,0,0
11,11,109864.0,0,0
12,12,109864.0,0,0
13,13,109864.0,0,0
14,14,109864.0,0,0
15,15,109864.0,0,0
16,16,109864.0,0,0
17,17,109864.0,0,0
18,18,109864.0,0,0
19,19,109864.0,0,0
20,20,109864.0,0,0
21,21,109864.0,0,0
22,22,109864.0,0,0
23,23,109864.0,0,0
24,24,109864.0,0,0
25,25,109864.0,0,0
26,26,109864.0,0,0
27,27,109864.0,0,0
28,28,109864.0,0,0
29,29,109864.0,0,0
30,30,109864.0,0,0
31,31,109864.0,0,0
32,32,109864.0,0,0
33,33,109864.0,0,0
34,34,109864.0,0,0
35,35,109864.0,0,0
36,36,109864.0,0,0
37,37,109864.0,0,0
38,38,109864.0,0,0
39,39,109864.0,0,0
40,40,109864.0,0,0
41,41,109864.0,0,0
42,42,109864.0,0,0
43,43,109864.0,0,0
44,44,109864.0,0,0
45,45,109864.0,0,0
46,46,109864.0,0,0
47,47,109864.0,0,0
48,48,109864.0,0,0
49,49,109864.0,0,0
50,50,109864.0,0,0
51,51,109864.0,0,0
52,52,109864.0,0,0
53,53,109864.0,0,0
54,54,109863.0,1,0
55,55,109863.0,1,0
56,56,109863.0,1,0
57,57,109863.0,1,0
58,58,109861.0,3,0
59,59,109861.0,3,0
60,60,109858.0,6,0
61,61,109858.0,6,0
62,62,109857.0,7,0
63,63,109855.0,9,0
64,64,109853.0,11,0
65,65,109850.0,14,0
66,66,109848.0,16,0
67,67,109846.0,18,0
68,68,109844.0,20,0
69,69,109842.0,22,0
70,70,109840.0,24,0
71,71,109838.0,26,0
72,72,109836.0,28,0
73,73,109833.0,31,0
74,74,109832.0,32,0
75,75,109832.0,32,0
76,76,109831.0,33,0
77,77,109825.0,39,0
78,78,109821.0,43,0
79,79,109813.0,51,0
80,80,109808.0,56,0
81,81,109806.0,57,1
82,82,109806.0,57,1
83,83,109802.0,61,1
84,84,109801.0,62,1
85,85,109798.0,65,1
86,86,109796.0,67,1
87,87,109794.0,69,1
88,88,109793.0,70,1
89,89,109792.0,71,1
90,90,109791.0,72,1
91,91,109789.0,73,2
92,92,109787.0,73,4
93,93,109787.0,73,4
94,94,109778.0,82,4
95,95,109776.0,84,4
96,96,109774.0,86,4
97,97,109770.0,90,4
98,98,109770.0,90,4
99,99,109770.0,90,4
100,100,109769.0,91,4
101,101,109768.0,92,4
102,102,109765.0,95,4
103,103,109764.0,96,4
104,104,109763.0,97,4
105,105,109758.0,99,7
106,106,109756.0,101,7
107,107,109753.0,104,7
108,108,109753.0,104,7
109,109,109751.0,106,7
110,110,109750.0,107,7
111,111,109750.0,107,7
112,112,109747.0,109,8
113,113,109727.0,129,8
114,114,109723.0,133,8
115,115,109717.0,139,8
116,116,109710.0,146,8
117,117,109708.0,148,8
118,118,109704.0,152,8
119,119,109685.0,170,9
120,120,109679.0,176,9
121,121,109675.0,180,9
122,122,109672.0,182,10
123,123,109667.0,184,13
124,124,109665.0,185,14
125,125,109653.0,195,16
126,126,109648.0,198,18
127,127,109645.0,201,18
128,128,109640.0,205,19
