,Days,S,I,D
0,0,53591.0,0,0
1,1,53591.0,0,0
2,2,53591.0,0,0
3,3,53591.0,0,0
4,4,53591.0,0,0
5,5,53591.0,0,0
6,6,53591.0,0,0
7,7,53591.0,0,0
8,8,53591.0,0,0
9,9,53591.0,0,0
10,10,53591.0,0,0
11,11,53591.0,0,0
12,12,53591.0,0,0
13,13,53591.0,0,0
14,14,53591.0,0,0
15,15,53591.0,0,0
16,16,53591.0,0,0
17,17,53591.0,0,0
18,18,53591.0,0,0
19,19,53591.0,0,0
20,20,53591.0,0,0
21,21,53591.0,0,0
22,22,53591.0,0,0
23,23,53591.0,0,0
24,24,53591.0,0,0
25,25,53591.0,0,0
26,26,53591.0,0,0
27,27,53591.0,0,0
28,28,53591.0,0,0
29,29,53591.0,0,0
30,30,53591.0,0,0
31,31,53591.0,0,0
32,32,53591.0,0,0
33,33,53591.0,0,0
34,34,53591.0,0,0
35,35,53591.0,0,0
36,36,53591.0,0,0
37,37,53591.0,0,0
38,38,53591.0,0,0
39,39,53591.0,0,0
40,40,53591.0,0,0
41,41,53591.0,0,0
42,42,53591.0,0,0
43,43,53591.0,0,0
44,44,53591.0,0,0
45,45,53591.0,0,0
46,46,53591.0,0,0
47,47,53591.0,0,0
48,48,53591.0,0,0
49,49,53591.0,0,0
50,50,53591.0,0,0
51,51,53591.0,0,0
52,52,53591.0,0,0
53,53,53591.0,0,0
54,54,53591.0,0,0
55,55,53591.0,0,0
56,56,53591.0,0,0
57,57,53590.0,1,0
58,58,53590.0,1,0
59,59,53590.0,1,0
60,60,53590.0,1,0
61,61,53590.0,1,0
62,62,53590.0,1,0
63,63,53590.0,1,0
64,64,53590.0,1,0
65,65,53590.0,1,0
66,66,53590.0,1,0
67,67,53590.0,1,0
68,68,53590.0,1,0
69,69,53590.0,1,0
70,70,53589.0,2,0
71,71,53585.0,6,0
72,72,53585.0,6,0
73,73,53582.0,9,0
74,74,53582.0,9,0
75,75,53580.0,11,0
76,76,53578.0,13,0
77,77,53576.0,14,1
78,78,53575.0,15,1
79,79,53571.0,18,2
80,80,53568.0,21,2
81,81,53568.0,21,2
82,82,53568.0,21,2
83,83,53567.0,22,2
84,84,53565.0,24,2
85,85,53564.0,25,2
86,86,53562.0,27,2
87,87,53562.0,27,2
88,88,53562.0,27,2
89,89,53562.0,27,2
90,90,53562.0,27,2
91,91,53561.0,28,2
92,92,53561.0,28,2
93,93,53559.0,29,3
94,94,53527.0,61,3
95,95,53526.0,62,3
96,96,53526.0,62,3
97,97,53522.0,66,3
98,98,53521.0,67,3
99,99,53517.0,71,3
100,100,53513.0,75,3
101,101,53509.0,79,3
102,102,53505.0,82,4
103,103,53503.0,84,4
104,104,53489.0,97,5
105,105,53485.0,100,6
106,106,53483.0,101,7
107,107,53480.0,103,8
108,108,53478.0,104,9
109,109,53475.0,107,9
110,110,53471.0,109,11
111,111,53444.0,135,12
112,112,53438.0,140,13
113,113,53434.0,144,13
114,114,53432.0,145,14
115,115,53428.0,148,15
116,116,53405.0,171,15
117,117,53394.0,182,15
118,118,53394.0,182,15
119,119,53392.0,184,15
120,120,53390.0,186,15
121,121,53384.0,189,18
122,122,53380.0,193,18
123,123,53379.0,194,18
124,124,53377.0,196,18
125,125,53376.0,196,19
126,126,53374.0,198,19
127,127,53372.0,200,19
128,128,53366.0,206,19
