,Days,S,I,D
0,0,104712.0,0,0
1,1,104712.0,0,0
2,2,104712.0,0,0
3,3,104712.0,0,0
4,4,104712.0,0,0
5,5,104712.0,0,0
6,6,104712.0,0,0
7,7,104712.0,0,0
8,8,104712.0,0,0
9,9,104712.0,0,0
10,10,104712.0,0,0
11,11,104712.0,0,0
12,12,104712.0,0,0
13,13,104712.0,0,0
14,14,104712.0,0,0
15,15,104712.0,0,0
16,16,104712.0,0,0
17,17,104712.0,0,0
18,18,104712.0,0,0
19,19,104712.0,0,0
20,20,104712.0,0,0
21,21,104712.0,0,0
22,22,104712.0,0,0
23,23,104712.0,0,0
24,24,104712.0,0,0
25,25,104712.0,0,0
26,26,104712.0,0,0
27,27,104712.0,0,0
28,28,104712.0,0,0
29,29,104712.0,0,0
30,30,104712.0,0,0
31,31,104712.0,0,0
32,32,104712.0,0,0
33,33,104712.0,0,0
34,34,104712.0,0,0
35,35,104712.0,0,0
36,36,104712.0,0,0
37,37,104712.0,0,0
38,38,104712.0,0,0
39,39,104712.0,0,0
40,40,104712.0,0,0
41,41,104712.0,0,0
42,42,104712.0,0,0
43,43,104712.0,0,0
44,44,104712.0,0,0
45,45,104712.0,0,0
46,46,104712.0,0,0
47,47,104712.0,0,0
48,48,104712.0,0,0
49,49,104712.0,0,0
50,50,104712.0,0,0
51,51,104712.0,0,0
52,52,104712.0,0,0
53,53,104712.0,0,0
54,54,104712.0,0,0
55,55,104712.0,0,0
56,56,104712.0,0,0
57,57,104712.0,0,0
58,58,104712.0,0,0
59,59,104712.0,0,0
60,60,104712.0,0,0
61,61,104712.0,0,0
62,62,104712.0,0,0
63,63,104712.0,0,0
64,64,104712.0,0,0
65,65,104712.0,0,0
66,66,104711.0,1,0
67,67,104710.0,2,0
68,68,104710.0,2,0
69,69,104710.0,2,0
70,70,104710.0,2,0
71,71,104710.0,2,0
72,72,104710.0,2,0
73,73,104707.0,5,0
74,74,104706.0,6,0
75,75,104703.0,9,0
76,76,104700.0,12,0
77,77,104698.0,13,1
78,78,104696.0,15,1
79,79,104697.0,14,1
80,80,104688.0,23,1
81,81,104676.0,35,1
82,82,104669.0,42,1
83,83,104666.0,45,1
84,84,104663.0,44,5
85,85,104660.0,47,5
86,86,104660.0,47,5
87,87,104651.0,54,7
88,88,104651.0,54,7
89,89,104648.0,55,9
90,90,104643.0,60,9
91,91,104609.0,93,10
92,92,104606.0,96,10
93,93,104603.0,99,10
94,94,104601.0,100,11
95,95,104599.0,102,11
96,96,104598.0,103,11
97,97,104598.0,103,11
98,98,104596.0,105,11
99,99,104594.0,106,12
100,100,104591.0,109,12
101,101,104581.0,119,12
102,102,104578.0,122,12
103,103,104575.0,124,13
104,104,104573.0,126,13
105,105,104570.0,129,13
106,106,104565.0,133,14
107,107,104559.0,138,15
108,108,104557.0,140,15
109,109,104553.0,144,15
110,110,104551.0,146,15
111,111,104547.0,149,16
112,112,104545.0,151,16
113,113,104542.0,154,16
114,114,104536.0,159,17
115,115,104532.0,163,17
116,116,104530.0,165,17
117,117,104526.0,169,17
118,118,104525.0,170,17
119,119,104519.0,176,17
120,120,104513.0,182,17
121,121,104511.0,184,17
122,122,104507.0,187,18
123,123,104506.0,187,19
124,124,104505.0,188,19
125,125,104505.0,188,19
126,126,104504.0,189,19
127,127,104501.0,192,19
128,128,104499.0,194,19
