,Days,S,I,D
0,0,15604.0,0,0
1,1,15604.0,0,0
2,2,15604.0,0,0
3,3,15604.0,0,0
4,4,15604.0,0,0
5,5,15604.0,0,0
6,6,15604.0,0,0
7,7,15604.0,0,0
8,8,15604.0,0,0
9,9,15604.0,0,0
10,10,15604.0,0,0
11,11,15604.0,0,0
12,12,15604.0,0,0
13,13,15604.0,0,0
14,14,15604.0,0,0
15,15,15604.0,0,0
16,16,15604.0,0,0
17,17,15604.0,0,0
18,18,15604.0,0,0
19,19,15604.0,0,0
20,20,15604.0,0,0
21,21,15604.0,0,0
22,22,15604.0,0,0
23,23,15604.0,0,0
24,24,15604.0,0,0
25,25,15604.0,0,0
26,26,15604.0,0,0
27,27,15604.0,0,0
28,28,15604.0,0,0
29,29,15604.0,0,0
30,30,15604.0,0,0
31,31,15604.0,0,0
32,32,15604.0,0,0
33,33,15604.0,0,0
34,34,15604.0,0,0
35,35,15604.0,0,0
36,36,15604.0,0,0
37,37,15604.0,0,0
38,38,15604.0,0,0
39,39,15604.0,0,0
40,40,15604.0,0,0
41,41,15604.0,0,0
42,42,15604.0,0,0
43,43,15604.0,0,0
44,44,15604.0,0,0
45,45,15604.0,0,0
46,46,15604.0,0,0
47,47,15604.0,0,0
48,48,15604.0,0,0
49,49,15604.0,0,0
50,50,15604.0,0,0
51,51,15604.0,0,0
52,52,15604.0,0,0
53,53,15604.0,0,0
54,54,15604.0,0,0
55,55,15604.0,0,0
56,56,15604.0,0,0
57,57,15604.0,0,0
58,58,15604.0,0,0
59,59,15604.0,0,0
60,60,15604.0,0,0
61,61,15604.0,0,0
62,62,15604.0,0,0
63,63,15604.0,0,0
64,64,15604.0,0,0
65,65,15604.0,0,0
66,66,15604.0,0,0
67,67,15603.0,1,0
68,68,15603.0,1,0
69,69,15600.0,4,0
70,70,15600.0,4,0
71,71,15600.0,4,0
72,72,15600.0,4,0
73,73,15599.0,5,0
74,74,15599.0,5,0
75,75,15596.0,8,0
76,76,15594.0,10,0
77,77,15593.0,10,1
78,78,15591.0,12,1
79,79,15590.0,13,1
80,80,15590.0,13,1
81,81,15590.0,13,1
82,82,15588.0,15,1
83,83,15588.0,15,1
84,84,15584.0,19,1
85,85,15583.0,20,1
86,86,15582.0,21,1
87,87,15580.0,22,2
88,88,15575.0,27,2
89,89,15573.0,29,2
90,90,15571.0,31,2
91,91,15565.0,36,3
92,92,15564.0,37,3
93,93,15558.0,43,3
94,94,15557.0,44,3
95,95,15555.0,46,3
96,96,15554.0,47,3
97,97,15552.0,49,3
98,98,15548.0,53,3
99,99,15547.0,54,3
100,100,15546.0,55,3
101,101,15543.0,58,3
102,102,15540.0,61,3
103,103,15539.0,62,3
104,104,15531.0,67,6
105,105,15530.0,68,6
106,106,15527.0,71,6
107,107,15520.0,77,7
108,108,15518.0,79,7
109,109,15515.0,81,8
110,110,15512.0,84,8
111,111,15508.0,87,9
112,112,15505.0,90,9
113,113,15496.0,97,11
114,114,15496.0,97,11
115,115,15494.0,98,12
116,116,15491.0,101,12
117,117,15489.0,102,13
118,118,15477.0,113,14
119,119,15469.0,119,16
120,120,15469.0,119,16
121,121,15465.0,123,16
122,122,15464.0,124,16
123,123,15462.0,126,16
124,124,15457.0,131,16
125,125,15452.0,135,17
126,126,15452.0,135,17
127,127,15448.0,138,18
128,128,15447.0,139,18
