,Days,S,I,D
0,0,180454.0,0,0
1,1,180454.0,0,0
2,2,180454.0,0,0
3,3,180454.0,0,0
4,4,180454.0,0,0
5,5,180454.0,0,0
6,6,180454.0,0,0
7,7,180454.0,0,0
8,8,180454.0,0,0
9,9,180454.0,0,0
10,10,180454.0,0,0
11,11,180454.0,0,0
12,12,180454.0,0,0
13,13,180454.0,0,0
14,14,180454.0,0,0
15,15,180454.0,0,0
16,16,180454.0,0,0
17,17,180454.0,0,0
18,18,180454.0,0,0
19,19,180454.0,0,0
20,20,180454.0,0,0
21,21,180454.0,0,0
22,22,180454.0,0,0
23,23,180454.0,0,0
24,24,180454.0,0,0
25,25,180454.0,0,0
26,26,180454.0,0,0
27,27,180454.0,0,0
28,28,180454.0,0,0
29,29,180454.0,0,0
30,30,180454.0,0,0
31,31,180454.0,0,0
32,32,180454.0,0,0
33,33,180454.0,0,0
34,34,180454.0,0,0
35,35,180454.0,0,0
36,36,180454.0,0,0
37,37,180454.0,0,0
38,38,180454.0,0,0
39,39,180454.0,0,0
40,40,180454.0,0,0
41,41,180454.0,0,0
42,42,180454.0,0,0
43,43,180454.0,0,0
44,44,180454.0,0,0
45,45,180454.0,0,0
46,46,180454.0,0,0
47,47,180454.0,0,0
48,48,180454.0,0,0
49,49,180454.0,0,0
50,50,180454.0,0,0
51,51,180454.0,0,0
52,52,180454.0,0,0
53,53,180454.0,0,0
54,54,180454.0,0,0
55,55,180454.0,0,0
56,56,180454.0,0,0
57,57,180454.0,0,0
58,58,180453.0,1,0
59,59,180453.0,1,0
60,60,180451.0,3,0
61,61,180450.0,4,0
62,62,180450.0,4,0
63,63,180449.0,5,0
64,64,180449.0,5,0
65,65,180437.0,17,0
66,66,180435.0,19,0
67,67,180435.0,19,0
68,68,180431.0,23,0
69,69,180423.0,31,0
70,70,180417.0,37,0
71,71,180415.0,39,0
72,72,180414.0,40,0
73,73,180406.0,48,0
74,74,180403.0,51,0
75,75,180398.0,56,0
76,76,180393.0,61,0
77,77,180384.0,70,0
78,78,180381.0,73,0
79,79,180372.0,82,0
80,80,180371.0,83,0
81,81,180369.0,85,0
82,82,180369.0,85,0
83,83,180368.0,86,0
84,84,180363.0,91,0
85,85,180363.0,91,0
86,86,180350.0,104,0
87,87,180343.0,111,0
88,88,180326.0,127,1
89,89,180320.0,133,1
90,90,180317.0,136,1
91,91,180311.0,141,2
92,92,180309.0,142,3
93,93,180305.0,146,3
94,94,180302.0,148,4
95,95,180297.0,153,4
96,96,180294.0,156,4
97,97,180293.0,157,4
98,98,180292.0,157,5
99,99,180287.0,160,7
100,100,180286.0,161,7
101,101,180277.0,167,10
102,102,180277.0,167,10
103,103,180276.0,168,10
104,104,180274.0,170,10
105,105,180272.0,172,10
106,106,180269.0,175,10
107,107,180264.0,180,10
108,108,180261.0,182,11
109,109,180260.0,183,11
110,110,180256.0,186,12
111,111,180256.0,186,12
112,112,180253.0,188,13
113,113,180243.0,197,14
114,114,180236.0,203,15
115,115,180236.0,203,15
116,116,180236.0,203,15
117,117,180235.0,203,16
118,118,180235.0,203,16
119,119,180234.0,203,17
120,120,180232.0,204,18
121,121,180232.0,204,18
122,122,180227.0,209,18
123,123,180224.0,212,18
124,124,180224.0,212,18
125,125,180222.0,214,18
126,126,180222.0,214,18
127,127,180220.0,216,18
128,128,180216.0,220,18
