,Days,S,I,D
0,0,622213.0,0,0
1,1,622213.0,0,0
2,2,622213.0,0,0
3,3,622213.0,0,0
4,4,622213.0,0,0
5,5,622213.0,0,0
6,6,622213.0,0,0
7,7,622213.0,0,0
8,8,622213.0,0,0
9,9,622213.0,0,0
10,10,622213.0,0,0
11,11,622213.0,0,0
12,12,622213.0,0,0
13,13,622213.0,0,0
14,14,622213.0,0,0
15,15,622213.0,0,0
16,16,622213.0,0,0
17,17,622213.0,0,0
18,18,622213.0,0,0
19,19,622213.0,0,0
20,20,622213.0,0,0
21,21,622213.0,0,0
22,22,622213.0,0,0
23,23,622213.0,0,0
24,24,622213.0,0,0
25,25,622213.0,0,0
26,26,622213.0,0,0
27,27,622213.0,0,0
28,28,622213.0,0,0
29,29,622213.0,0,0
30,30,622213.0,0,0
31,31,622213.0,0,0
32,32,622213.0,0,0
33,33,622213.0,0,0
34,34,622213.0,0,0
35,35,622213.0,0,0
36,36,622213.0,0,0
37,37,622213.0,0,0
38,38,622213.0,0,0
39,39,622213.0,0,0
40,40,622213.0,0,0
41,41,622213.0,0,0
42,42,622213.0,0,0
43,43,622213.0,0,0
44,44,622213.0,0,0
45,45,622213.0,0,0
46,46,622213.0,0,0
47,47,622213.0,0,0
48,48,622213.0,0,0
49,49,622213.0,0,0
50,50,622213.0,0,0
51,51,622213.0,0,0
52,52,622213.0,0,0
53,53,622213.0,0,0
54,54,622213.0,0,0
55,55,622212.0,1,0
56,56,622211.0,2,0
57,57,622210.0,3,0
58,58,622210.0,3,0
59,59,622209.0,4,0
60,60,622206.0,7,0
61,61,622201.0,12,0
62,62,622199.0,14,0
63,63,622194.0,19,0
64,64,622188.0,25,0
65,65,622186.0,27,0
66,66,622182.0,31,0
67,67,622162.0,51,0
68,68,622156.0,57,0
69,69,622142.0,71,0
70,70,622122.0,91,0
71,71,622108.0,105,0
72,72,622063.0,150,0
73,73,622027.0,186,0
74,74,621997.0,216,0
75,75,621988.0,223,2
76,76,621975.0,236,2
77,77,621944.0,267,2
78,78,621939.0,272,2
79,79,621927.0,283,3
80,80,621915.0,295,3
81,81,621897.0,313,3
82,82,621888.0,322,3
83,83,621874.0,335,4
84,84,621857.0,352,4
85,85,621822.0,387,4
86,86,621806.0,403,4
87,87,621791.0,417,5
88,88,621753.0,455,5
89,89,621710.0,498,5
90,90,621685.0,523,5
91,91,621637.0,570,6
92,92,621596.0,611,6
93,93,621538.0,669,6
94,94,621481.0,725,7
95,95,621429.0,777,7
96,96,621378.0,828,7
97,97,621378.0,828,7
98,98,621307.0,899,7
99,99,621249.0,957,7
100,100,621213.0,993,7
101,101,621183.0,1021,9
102,102,621131.0,1073,9
103,103,621082.0,1122,9
104,104,621032.0,1171,10
105,105,620993.0,1210,10
106,106,620983.0,1219,11
107,107,620914.0,1288,11
108,108,620884.0,1318,11
109,109,620856.0,1346,11
110,110,620844.0,1358,11
111,111,620837.0,1365,11
112,112,620802.0,1400,11
113,113,620767.0,1435,11
114,114,620747.0,1455,11
115,115,620731.0,1471,11
116,116,620705.0,1497,11
117,117,620682.0,1520,11
118,118,620665.0,1537,11
119,119,620631.0,1569,13
120,120,620608.0,1592,13
121,121,620549.0,1651,13
122,122,620521.0,1678,14
123,123,620495.0,1704,14
124,124,620477.0,1722,14
125,125,620455.0,1744,14
126,126,620445.0,1753,15
127,127,620419.0,1777,17
128,128,620370.0,1826,17
