,Days,S,I,D
0,0,103718.0,0,0
1,1,103718.0,0,0
2,2,103718.0,0,0
3,3,103718.0,0,0
4,4,103718.0,0,0
5,5,103718.0,0,0
6,6,103718.0,0,0
7,7,103718.0,0,0
8,8,103718.0,0,0
9,9,103718.0,0,0
10,10,103718.0,0,0
11,11,103718.0,0,0
12,12,103718.0,0,0
13,13,103718.0,0,0
14,14,103718.0,0,0
15,15,103718.0,0,0
16,16,103718.0,0,0
17,17,103718.0,0,0
18,18,103718.0,0,0
19,19,103718.0,0,0
20,20,103718.0,0,0
21,21,103718.0,0,0
22,22,103718.0,0,0
23,23,103718.0,0,0
24,24,103718.0,0,0
25,25,103718.0,0,0
26,26,103718.0,0,0
27,27,103718.0,0,0
28,28,103718.0,0,0
29,29,103718.0,0,0
30,30,103718.0,0,0
31,31,103718.0,0,0
32,32,103718.0,0,0
33,33,103718.0,0,0
34,34,103718.0,0,0
35,35,103718.0,0,0
36,36,103718.0,0,0
37,37,103718.0,0,0
38,38,103718.0,0,0
39,39,103718.0,0,0
40,40,103718.0,0,0
41,41,103718.0,0,0
42,42,103718.0,0,0
43,43,103718.0,0,0
44,44,103718.0,0,0
45,45,103718.0,0,0
46,46,103718.0,0,0
47,47,103718.0,0,0
48,48,103718.0,0,0
49,49,103718.0,0,0
50,50,103718.0,0,0
51,51,103718.0,0,0
52,52,103718.0,0,0
53,53,103718.0,0,0
54,54,103718.0,0,0
55,55,103718.0,0,0
56,56,103718.0,0,0
57,57,103716.0,2,0
58,58,103715.0,3,0
59,59,103715.0,3,0
60,60,103715.0,3,0
61,61,103715.0,3,0
62,62,103714.0,4,0
63,63,103713.0,5,0
64,64,103713.0,5,0
65,65,103713.0,5,0
66,66,103712.0,6,0
67,67,103712.0,6,0
68,68,103712.0,6,0
69,69,103712.0,6,0
70,70,103706.0,12,0
71,71,103703.0,15,0
72,72,103703.0,15,0
73,73,103702.0,16,0
74,74,103698.0,20,0
75,75,103698.0,20,0
76,76,103697.0,21,0
77,77,103695.0,23,0
78,78,103690.0,28,0
79,79,103683.0,35,0
80,80,103683.0,35,0
81,81,103681.0,37,0
82,82,103680.0,38,0
83,83,103672.0,45,1
84,84,103667.0,49,2
85,85,103644.0,71,3
86,86,103640.0,75,3
87,87,103628.0,86,4
88,88,103626.0,86,6
89,89,103626.0,86,6
90,90,103621.0,90,7
91,91,103617.0,94,7
92,92,103611.0,100,7
93,93,103598.0,113,7
94,94,103578.0,132,8
95,95,103575.0,135,8
96,96,103572.0,138,8
97,97,103571.0,139,8
98,98,103554.0,156,8
99,99,103549.0,161,8
100,100,103539.0,171,8
101,101,103527.0,183,8
102,102,103513.0,197,8
103,103,103499.0,211,8
104,104,103498.0,212,8
105,105,103494.0,215,9
106,106,103483.0,226,9
107,107,103482.0,226,10
108,108,103479.0,229,10
109,109,103473.0,235,10
110,110,103468.0,240,10
111,111,103464.0,243,11
112,112,103464.0,243,11
113,113,103456.0,251,11
114,114,103438.0,269,11
115,115,103430.0,277,11
116,116,103427.0,280,11
117,117,103423.0,284,11
118,118,103420.0,287,11
119,119,103411.0,296,11
120,120,103391.0,316,11
121,121,103378.0,329,11
122,122,103367.0,339,12
123,123,103357.0,348,13
124,124,103354.0,351,13
125,125,103354.0,351,13
126,126,103339.0,363,16
127,127,103330.0,372,16
128,128,103322.0,379,17
