,Days,S,I,D
0,0,40571.0,0,0
1,1,40571.0,0,0
2,2,40571.0,0,0
3,3,40571.0,0,0
4,4,40571.0,0,0
5,5,40571.0,0,0
6,6,40571.0,0,0
7,7,40571.0,0,0
8,8,40571.0,0,0
9,9,40571.0,0,0
10,10,40571.0,0,0
11,11,40571.0,0,0
12,12,40571.0,0,0
13,13,40571.0,0,0
14,14,40571.0,0,0
15,15,40571.0,0,0
16,16,40571.0,0,0
17,17,40571.0,0,0
18,18,40571.0,0,0
19,19,40571.0,0,0
20,20,40571.0,0,0
21,21,40571.0,0,0
22,22,40571.0,0,0
23,23,40571.0,0,0
24,24,40571.0,0,0
25,25,40571.0,0,0
26,26,40571.0,0,0
27,27,40571.0,0,0
28,28,40571.0,0,0
29,29,40571.0,0,0
30,30,40571.0,0,0
31,31,40571.0,0,0
32,32,40571.0,0,0
33,33,40571.0,0,0
34,34,40571.0,0,0
35,35,40571.0,0,0
36,36,40571.0,0,0
37,37,40571.0,0,0
38,38,40571.0,0,0
39,39,40571.0,0,0
40,40,40571.0,0,0
41,41,40571.0,0,0
42,42,40571.0,0,0
43,43,40571.0,0,0
44,44,40571.0,0,0
45,45,40571.0,0,0
46,46,40571.0,0,0
47,47,40571.0,0,0
48,48,40571.0,0,0
49,49,40571.0,0,0
50,50,40571.0,0,0
51,51,40571.0,0,0
52,52,40571.0,0,0
53,53,40571.0,0,0
54,54,40571.0,0,0
55,55,40571.0,0,0
56,56,40571.0,0,0
57,57,40571.0,0,0
58,58,40570.0,1,0
59,59,40569.0,2,0
60,60,40569.0,2,0
61,61,40569.0,2,0
62,62,40567.0,4,0
63,63,40564.0,7,0
64,64,40564.0,7,0
65,65,40558.0,13,0
66,66,40558.0,13,0
67,67,40558.0,13,0
68,68,40552.0,19,0
69,69,40551.0,20,0
70,70,40543.0,28,0
71,71,40542.0,29,0
72,72,40537.0,34,0
73,73,40537.0,34,0
74,74,40537.0,34,0
75,75,40529.0,42,0
76,76,40525.0,45,1
77,77,40518.0,52,1
78,78,40515.0,55,1
79,79,40514.0,56,1
80,80,40511.0,59,1
81,81,40511.0,59,1
82,82,40504.0,66,1
83,83,40499.0,71,1
84,84,40493.0,76,2
85,85,40488.0,79,4
86,86,40488.0,80,3
87,87,40486.0,82,3
88,88,40477.0,91,3
89,89,40476.0,92,3
90,90,40475.0,92,4
91,91,40475.0,93,3
92,92,40471.0,97,3
93,93,40471.0,97,3
94,94,40471.0,97,3
95,95,40470.0,97,4
96,96,40469.0,97,5
97,97,40469.0,97,5
98,98,40456.0,110,5
99,99,40449.0,117,5
100,100,40444.0,122,5
101,101,40440.0,126,5
102,102,40439.0,127,5
103,103,40434.0,132,5
104,104,40434.0,132,5
105,105,40429.0,136,6
106,106,40426.0,139,6
107,107,40420.0,145,6
108,108,40413.0,152,6
109,109,40409.0,156,6
110,110,40406.0,159,6
111,111,40404.0,161,6
112,112,40401.0,164,6
113,113,40391.0,170,10
114,114,40385.0,175,11
115,115,40384.0,176,11
116,116,40378.0,181,12
117,117,40372.0,185,14
118,118,40369.0,188,14
119,119,40363.0,194,14
120,120,40353.0,204,14
121,121,40345.0,212,14
122,122,40344.0,213,14
123,123,40338.0,219,14
124,124,40328.0,228,15
125,125,40322.0,234,15
126,126,40318.0,238,15
127,127,40308.0,247,16
128,128,40299.0,255,17
