,Days,S,I,D
0,0,194160.0,0,0
1,1,194160.0,0,0
2,2,194160.0,0,0
3,3,194160.0,0,0
4,4,194160.0,0,0
5,5,194160.0,0,0
6,6,194160.0,0,0
7,7,194160.0,0,0
8,8,194160.0,0,0
9,9,194160.0,0,0
10,10,194160.0,0,0
11,11,194160.0,0,0
12,12,194160.0,0,0
13,13,194160.0,0,0
14,14,194160.0,0,0
15,15,194160.0,0,0
16,16,194160.0,0,0
17,17,194160.0,0,0
18,18,194160.0,0,0
19,19,194160.0,0,0
20,20,194160.0,0,0
21,21,194160.0,0,0
22,22,194160.0,0,0
23,23,194160.0,0,0
24,24,194160.0,0,0
25,25,194160.0,0,0
26,26,194160.0,0,0
27,27,194160.0,0,0
28,28,194160.0,0,0
29,29,194160.0,0,0
30,30,194160.0,0,0
31,31,194160.0,0,0
32,32,194160.0,0,0
33,33,194160.0,0,0
34,34,194160.0,0,0
35,35,194160.0,0,0
36,36,194160.0,0,0
37,37,194160.0,0,0
38,38,194160.0,0,0
39,39,194160.0,0,0
40,40,194160.0,0,0
41,41,194160.0,0,0
42,42,194160.0,0,0
43,43,194160.0,0,0
44,44,194160.0,0,0
45,45,194160.0,0,0
46,46,194160.0,0,0
47,47,194160.0,0,0
48,48,194160.0,0,0
49,49,194160.0,0,0
50,50,194160.0,0,0
51,51,194160.0,0,0
52,52,194160.0,0,0
53,53,194160.0,0,0
54,54,194160.0,0,0
55,55,194160.0,0,0
56,56,194160.0,0,0
57,57,194159.0,1,0
58,58,194159.0,1,0
59,59,194158.0,2,0
60,60,194158.0,2,0
61,61,194158.0,2,0
62,62,194156.0,4,0
63,63,194156.0,4,0
64,64,194154.0,6,0
65,65,194153.0,7,0
66,66,194152.0,8,0
67,67,194151.0,9,0
68,68,194146.0,14,0
69,69,194141.0,19,0
70,70,194138.0,22,0
71,71,194134.0,26,0
72,72,194129.0,31,0
73,73,194125.0,35,0
74,74,194123.0,37,0
75,75,194112.0,47,1
76,76,194105.0,54,1
77,77,194064.0,94,2
78,78,194039.0,118,3
79,79,194015.0,142,3
80,80,194012.0,144,4
81,81,194000.0,156,4
82,82,193989.0,167,4
83,83,193981.0,175,4
84,84,193974.0,182,4
85,85,193956.0,200,4
86,86,193946.0,210,4
87,87,193938.0,218,4
88,88,193932.0,224,4
89,89,193927.0,229,4
90,90,193921.0,235,4
91,91,193912.0,244,4
92,92,193900.0,256,4
93,93,193897.0,259,4
94,94,193886.0,270,4
95,95,193881.0,275,4
96,96,193873.0,283,4
97,97,193864.0,290,6
98,98,193860.0,293,7
99,99,193851.0,302,7
100,100,193839.0,314,7
101,101,193833.0,320,7
102,102,193826.0,327,7
103,103,193816.0,337,7
104,104,193811.0,341,8
105,105,193800.0,348,12
106,106,193794.0,354,12
107,107,193785.0,363,12
108,108,193784.0,364,12
109,109,193777.0,371,12
110,110,193761.0,384,15
111,111,193754.0,391,15
112,112,193747.0,398,15
113,113,193734.0,411,15
114,114,193721.0,424,15
115,115,193721.0,424,15
116,116,193721.0,424,15
117,117,193704.0,440,16
118,118,193692.0,452,16
119,119,193687.0,457,16
120,120,193656.0,487,17
121,121,193634.0,509,17
122,122,193607.0,536,17
123,123,193593.0,550,17
124,124,193578.0,565,17
125,125,193575.0,568,17
126,126,193556.0,587,17
127,127,193551.0,592,17
128,128,193541.0,602,17
