,Days,S,I,D
0,0,113664.0,0,0
1,1,113664.0,0,0
2,2,113664.0,0,0
3,3,113664.0,0,0
4,4,113664.0,0,0
5,5,113664.0,0,0
6,6,113664.0,0,0
7,7,113664.0,0,0
8,8,113664.0,0,0
9,9,113664.0,0,0
10,10,113664.0,0,0
11,11,113664.0,0,0
12,12,113664.0,0,0
13,13,113664.0,0,0
14,14,113664.0,0,0
15,15,113664.0,0,0
16,16,113664.0,0,0
17,17,113664.0,0,0
18,18,113664.0,0,0
19,19,113664.0,0,0
20,20,113664.0,0,0
21,21,113664.0,0,0
22,22,113664.0,0,0
23,23,113664.0,0,0
24,24,113664.0,0,0
25,25,113664.0,0,0
26,26,113664.0,0,0
27,27,113664.0,0,0
28,28,113664.0,0,0
29,29,113664.0,0,0
30,30,113664.0,0,0
31,31,113664.0,0,0
32,32,113664.0,0,0
33,33,113664.0,0,0
34,34,113664.0,0,0
35,35,113664.0,0,0
36,36,113664.0,0,0
37,37,113664.0,0,0
38,38,113664.0,0,0
39,39,113664.0,0,0
40,40,113664.0,0,0
41,41,113664.0,0,0
42,42,113664.0,0,0
43,43,113664.0,0,0
44,44,113664.0,0,0
45,45,113664.0,0,0
46,46,113664.0,0,0
47,47,113664.0,0,0
48,48,113664.0,0,0
49,49,113664.0,0,0
50,50,113664.0,0,0
51,51,113664.0,0,0
52,52,113664.0,0,0
53,53,113664.0,0,0
54,54,113664.0,0,0
55,55,113664.0,0,0
56,56,113664.0,0,0
57,57,113664.0,0,0
58,58,113664.0,0,0
59,59,113664.0,0,0
60,60,113664.0,0,0
61,61,113664.0,0,0
62,62,113664.0,0,0
63,63,113663.0,1,0
64,64,113663.0,1,0
65,65,113662.0,2,0
66,66,113662.0,2,0
67,67,113661.0,3,0
68,68,113660.0,4,0
69,69,113658.0,6,0
70,70,113657.0,7,0
71,71,113657.0,7,0
72,72,113656.0,8,0
73,73,113655.0,9,0
74,74,113655.0,9,0
75,75,113654.0,10,0
76,76,113652.0,12,0
77,77,113649.0,15,0
78,78,113647.0,17,0
79,79,113646.0,18,0
80,80,113644.0,20,0
81,81,113641.0,23,0
82,82,113636.0,28,0
83,83,113635.0,29,0
84,84,113634.0,30,0
85,85,113634.0,30,0
86,86,113632.0,32,0
87,87,113628.0,36,0
88,88,113627.0,37,0
89,89,113624.0,40,0
90,90,113622.0,42,0
91,91,113621.0,43,0
92,92,113620.0,44,0
93,93,113616.0,48,0
94,94,113611.0,53,0
95,95,113609.0,55,0
96,96,113607.0,57,0
97,97,113606.0,58,0
98,98,113603.0,61,0
99,99,113596.0,68,0
100,100,113592.0,71,1
101,101,113582.0,81,1
102,102,113577.0,85,2
103,103,113575.0,86,3
104,104,113574.0,86,4
105,105,113570.0,90,4
106,106,113561.0,99,4
107,107,113551.0,109,4
108,108,113533.0,127,4
109,109,113529.0,131,4
110,110,113528.0,132,4
111,111,113527.0,132,5
112,112,113518.0,139,7
113,113,113518.0,139,7
114,114,113516.0,141,7
115,115,113511.0,146,7
116,116,113510.0,147,7
117,117,113507.0,149,8
118,118,113506.0,149,9
119,119,113503.0,152,9
120,120,113502.0,152,10
121,121,113497.0,155,12
122,122,113493.0,158,13
123,123,113492.0,158,14
124,124,113490.0,160,14
125,125,113489.0,161,14
126,126,113488.0,161,15
127,127,113486.0,162,16
128,128,113486.0,162,16
