,Days,S,I,D
0,0,1628701.0,0,0
1,1,1628701.0,0,0
2,2,1628701.0,0,0
3,3,1628701.0,0,0
4,4,1628701.0,0,0
5,5,1628701.0,0,0
6,6,1628701.0,0,0
7,7,1628701.0,0,0
8,8,1628701.0,0,0
9,9,1628701.0,0,0
10,10,1628701.0,0,0
11,11,1628701.0,0,0
12,12,1628701.0,0,0
13,13,1628701.0,0,0
14,14,1628701.0,0,0
15,15,1628701.0,0,0
16,16,1628701.0,0,0
17,17,1628701.0,0,0
18,18,1628701.0,0,0
19,19,1628701.0,0,0
20,20,1628701.0,0,0
21,21,1628701.0,0,0
22,22,1628701.0,0,0
23,23,1628701.0,0,0
24,24,1628701.0,0,0
25,25,1628701.0,0,0
26,26,1628701.0,0,0
27,27,1628701.0,0,0
28,28,1628701.0,0,0
29,29,1628701.0,0,0
30,30,1628701.0,0,0
31,31,1628701.0,0,0
32,32,1628701.0,0,0
33,33,1628701.0,0,0
34,34,1628701.0,0,0
35,35,1628701.0,0,0
36,36,1628701.0,0,0
37,37,1628701.0,0,0
38,38,1628701.0,0,0
39,39,1628701.0,0,0
40,40,1628700.0,1,0
41,41,1628700.0,1,0
42,42,1628700.0,1,0
43,43,1628698.0,3,0
44,44,1628697.0,4,0
45,45,1628693.0,8,0
46,46,1628693.0,8,0
47,47,1628690.0,11,0
48,48,1628684.0,17,0
49,49,1628683.0,18,0
50,50,1628662.0,39,0
51,51,1628666.0,35,0
52,52,1628630.0,71,0
53,53,1628625.0,72,4
54,54,1628590.0,111,0
55,55,1628424.0,277,0
56,56,1628111.0,590,0
57,57,1627663.0,1038,0
58,58,1627387.0,1314,0
59,59,1626838.0,1863,0
60,60,1626619.0,2072,10
61,61,1626110.0,2572,19
62,62,1625779.0,2887,35
63,63,1625042.0,3616,43
64,64,1624600.0,4046,55
65,65,1624158.0,4478,65
66,66,1623371.0,5237,93
67,67,1623016.0,5582,103
68,68,1622522.0,6060,119
69,69,1622033.0,6539,129
70,70,1621514.0,7022,165
71,71,1621125.0,7398,178
72,72,1620034.0,8452,215
73,73,1619137.0,9300,264
74,74,1618413.0,9898,390
75,75,1617825.0,10440,436
76,76,1617176.0,11012,513
77,77,1616593.0,11504,604
78,78,1615921.0,12106,674
79,79,1615248.0,12722,731
80,80,1614465.0,13437,799
81,81,1613707.0,14145,849
82,82,1613351.0,14501,849
83,83,1612627.0,14880,1194
84,84,1610856.0,16617,1228
85,85,1610312.0,17091,1298
86,86,1609843.0,17490,1368
87,87,1609347.0,17932,1422
88,88,1608942.0,18220,1539
89,89,1608637.0,18468,1596
90,90,1608335.0,18699,1667
91,91,1607920.0,19025,1756
92,92,1607545.0,19348,1808
93,93,1607001.0,19854,1846
94,94,1606486.0,20280,1935
95,95,1605950.0,20773,1978
96,96,1605590.0,21097,2014
97,97,1605345.0,21312,2044
98,98,1605012.0,21604,2085
99,99,1604649.0,21920,2132
100,100,1604349.0,22175,2177
101,101,1603987.0,22496,2218
102,102,1603706.0,22741,2254
103,103,1603527.0,22900,2274
104,104,1603335.0,23054,2312
105,105,1603061.0,23257,2383
106,106,1602739.0,23529,2433
107,107,1602517.0,23730,2454
108,108,1602336.0,23881,2484
109,109,1602222.0,23977,2502
110,110,1602114.0,24062,2525
111,111,1601966.0,24191,2544
112,112,1601788.0,24348,2565
113,113,1601586.0,24525,2590
114,114,1601259.0,24832,2610
115,115,1601094.0,24982,2625
116,116,1600932.0,25130,2639
117,117,1600837.0,25216,2648
118,118,1600744.0,25293,2664
119,119,1600629.0,25391,2681
120,120,1600483.0,25522,2696
121,121,1600322.0,25672,2707
122,122,1600178.0,25806,2717
123,123,1600069.0,25909,2723
124,124,1599963.0,26009,2729
125,125,1599877.0,26092,2732
126,126,1599748.0,26213,2740
127,127,1599607.0,26347,2747
128,128,1599460.0,26480,2761
