,Days,S,I,D
0,0,128754.0,0,0
1,1,128754.0,0,0
2,2,128754.0,0,0
3,3,128754.0,0,0
4,4,128754.0,0,0
5,5,128754.0,0,0
6,6,128754.0,0,0
7,7,128754.0,0,0
8,8,128754.0,0,0
9,9,128754.0,0,0
10,10,128754.0,0,0
11,11,128754.0,0,0
12,12,128754.0,0,0
13,13,128754.0,0,0
14,14,128754.0,0,0
15,15,128754.0,0,0
16,16,128754.0,0,0
17,17,128754.0,0,0
18,18,128754.0,0,0
19,19,128754.0,0,0
20,20,128754.0,0,0
21,21,128754.0,0,0
22,22,128754.0,0,0
23,23,128754.0,0,0
24,24,128754.0,0,0
25,25,128754.0,0,0
26,26,128754.0,0,0
27,27,128754.0,0,0
28,28,128754.0,0,0
29,29,128754.0,0,0
30,30,128754.0,0,0
31,31,128754.0,0,0
32,32,128754.0,0,0
33,33,128754.0,0,0
34,34,128754.0,0,0
35,35,128754.0,0,0
36,36,128754.0,0,0
37,37,128754.0,0,0
38,38,128754.0,0,0
39,39,128754.0,0,0
40,40,128754.0,0,0
41,41,128754.0,0,0
42,42,128754.0,0,0
43,43,128754.0,0,0
44,44,128754.0,0,0
45,45,128754.0,0,0
46,46,128754.0,0,0
47,47,128754.0,0,0
48,48,128754.0,0,0
49,49,128753.0,1,0
50,50,128753.0,1,0
51,51,128754.0,0,0
52,52,128754.0,0,0
53,53,128754.0,0,0
54,54,128754.0,0,0
55,55,128754.0,0,0
56,56,128753.0,1,0
57,57,128752.0,2,0
58,58,128751.0,3,0
59,59,128750.0,4,0
60,60,128750.0,4,0
61,61,128746.0,8,0
62,62,128744.0,10,0
63,63,128736.0,18,0
64,64,128730.0,24,0
65,65,128725.0,29,0
66,66,128714.0,40,0
67,67,128709.0,45,0
68,68,128707.0,47,0
69,69,128703.0,51,0
70,70,128697.0,57,0
71,71,128686.0,66,2
72,72,128683.0,68,3
73,73,128678.0,73,3
74,74,128676.0,75,3
75,75,128668.0,81,5
76,76,128660.0,87,7
77,77,128656.0,91,7
78,78,128647.0,100,7
79,79,128638.0,107,9
80,80,128637.0,108,9
81,81,128635.0,110,9
82,82,128633.0,112,9
83,83,128632.0,113,9
84,84,128629.0,114,11
85,85,128626.0,117,11
86,86,128623.0,120,11
87,87,128599.0,144,11
88,88,128596.0,147,11
89,89,128590.0,153,11
90,90,128580.0,163,11
91,91,128578.0,164,12
92,92,128576.0,166,12
93,93,128575.0,167,12
94,94,128573.0,169,12
95,95,128571.0,171,12
96,96,128569.0,173,12
97,97,128565.0,176,13
98,98,128565.0,176,13
99,99,128560.0,181,13
100,100,128523.0,217,14
101,101,128519.0,221,14
102,102,128514.0,226,14
103,103,128507.0,233,14
104,104,128506.0,234,14
105,105,128506.0,234,14
106,106,128502.0,238,14
107,107,128501.0,239,14
108,108,128500.0,240,14
109,109,128496.0,244,14
110,110,128496.0,244,14
111,111,128495.0,244,15
112,112,128494.0,245,15
113,113,128492.0,246,16
114,114,128488.0,250,16
115,115,128487.0,251,16
116,116,128487.0,251,16
117,117,128486.0,252,16
118,118,128486.0,252,16
119,119,128485.0,252,17
120,120,128485.0,252,17
121,121,128485.0,252,17
122,122,128484.0,253,17
123,123,128484.0,253,17
124,124,128484.0,253,17
125,125,128484.0,253,17
126,126,128484.0,253,17
127,127,128484.0,253,17
128,128,128484.0,253,17
