,Days,S,I,D
0,0,39981.0,0,0
1,1,39981.0,0,0
2,2,39981.0,0,0
3,3,39981.0,0,0
4,4,39981.0,0,0
5,5,39981.0,0,0
6,6,39981.0,0,0
7,7,39981.0,0,0
8,8,39981.0,0,0
9,9,39981.0,0,0
10,10,39981.0,0,0
11,11,39981.0,0,0
12,12,39981.0,0,0
13,13,39981.0,0,0
14,14,39981.0,0,0
15,15,39981.0,0,0
16,16,39981.0,0,0
17,17,39981.0,0,0
18,18,39981.0,0,0
19,19,39981.0,0,0
20,20,39981.0,0,0
21,21,39981.0,0,0
22,22,39981.0,0,0
23,23,39981.0,0,0
24,24,39981.0,0,0
25,25,39981.0,0,0
26,26,39981.0,0,0
27,27,39981.0,0,0
28,28,39981.0,0,0
29,29,39981.0,0,0
30,30,39981.0,0,0
31,31,39981.0,0,0
32,32,39981.0,0,0
33,33,39981.0,0,0
34,34,39981.0,0,0
35,35,39981.0,0,0
36,36,39981.0,0,0
37,37,39981.0,0,0
38,38,39981.0,0,0
39,39,39981.0,0,0
40,40,39981.0,0,0
41,41,39981.0,0,0
42,42,39981.0,0,0
43,43,39981.0,0,0
44,44,39981.0,0,0
45,45,39981.0,0,0
46,46,39981.0,0,0
47,47,39981.0,0,0
48,48,39981.0,0,0
49,49,39981.0,0,0
50,50,39981.0,0,0
51,51,39981.0,0,0
52,52,39981.0,0,0
53,53,39981.0,0,0
54,54,39981.0,0,0
55,55,39981.0,0,0
56,56,39981.0,0,0
57,57,39981.0,0,0
58,58,39981.0,0,0
59,59,39981.0,0,0
60,60,39981.0,0,0
61,61,39981.0,0,0
62,62,39981.0,0,0
63,63,39981.0,0,0
64,64,39981.0,0,0
65,65,39980.0,1,0
66,66,39976.0,5,0
67,67,39975.0,6,0
68,68,39975.0,6,0
69,69,39973.0,8,0
70,70,39973.0,8,0
71,71,39972.0,9,0
72,72,39971.0,10,0
73,73,39971.0,10,0
74,74,39971.0,10,0
75,75,39969.0,12,0
76,76,39967.0,14,0
77,77,39966.0,15,0
78,78,39963.0,18,0
79,79,39961.0,20,0
80,80,39953.0,28,0
81,81,39950.0,31,0
82,82,39944.0,37,0
83,83,39939.0,42,0
84,84,39937.0,44,0
85,85,39932.0,49,0
86,86,39906.0,75,0
87,87,39898.0,83,0
88,88,39826.0,155,0
89,89,39808.0,173,0
90,90,39757.0,224,0
91,91,39742.0,239,0
92,92,39742.0,239,0
93,93,39710.0,271,0
94,94,39636.0,345,0
95,95,39601.0,380,0
96,96,39573.0,408,0
97,97,39547.0,434,0
98,98,39521.0,459,1
99,99,39512.0,467,2
100,100,39479.0,500,2
101,101,39434.0,545,2
102,102,39376.0,603,2
103,103,39349.0,630,2
104,104,39332.0,647,2
105,105,39323.0,655,3
106,106,39292.0,686,3
107,107,39277.0,701,3
108,108,39276.0,702,3
109,109,39257.0,721,3
110,110,39244.0,734,3
111,111,39240.0,738,3
112,112,39230.0,748,3
113,113,39217.0,759,5
114,114,39205.0,771,5
115,115,39198.0,778,5
116,116,39182.0,794,5
117,117,39172.0,804,5
118,118,39157.0,817,7
119,119,39151.0,823,7
120,120,39139.0,835,7
121,121,39122.0,850,9
122,122,39114.0,857,10
123,123,39107.0,864,10
124,124,39100.0,870,11
125,125,39098.0,872,11
126,126,39090.0,878,13
127,127,39084.0,882,15
128,128,39080.0,885,16
