,Days,S,I,D
0,0,18365.0,0,0
1,1,18365.0,0,0
2,2,18365.0,0,0
3,3,18365.0,0,0
4,4,18365.0,0,0
5,5,18365.0,0,0
6,6,18365.0,0,0
7,7,18365.0,0,0
8,8,18365.0,0,0
9,9,18365.0,0,0
10,10,18365.0,0,0
11,11,18365.0,0,0
12,12,18365.0,0,0
13,13,18365.0,0,0
14,14,18365.0,0,0
15,15,18365.0,0,0
16,16,18365.0,0,0
17,17,18365.0,0,0
18,18,18365.0,0,0
19,19,18365.0,0,0
20,20,18365.0,0,0
21,21,18365.0,0,0
22,22,18365.0,0,0
23,23,18365.0,0,0
24,24,18365.0,0,0
25,25,18365.0,0,0
26,26,18365.0,0,0
27,27,18365.0,0,0
28,28,18365.0,0,0
29,29,18365.0,0,0
30,30,18365.0,0,0
31,31,18365.0,0,0
32,32,18365.0,0,0
33,33,18365.0,0,0
34,34,18365.0,0,0
35,35,18365.0,0,0
36,36,18365.0,0,0
37,37,18365.0,0,0
38,38,18365.0,0,0
39,39,18365.0,0,0
40,40,18365.0,0,0
41,41,18365.0,0,0
42,42,18365.0,0,0
43,43,18365.0,0,0
44,44,18365.0,0,0
45,45,18365.0,0,0
46,46,18365.0,0,0
47,47,18365.0,0,0
48,48,18365.0,0,0
49,49,18365.0,0,0
50,50,18365.0,0,0
51,51,18365.0,0,0
52,52,18365.0,0,0
53,53,18365.0,0,0
54,54,18365.0,0,0
55,55,18365.0,0,0
56,56,18365.0,0,0
57,57,18365.0,0,0
58,58,18365.0,0,0
59,59,18364.0,1,0
60,60,18364.0,1,0
61,61,18364.0,1,0
62,62,18362.0,3,0
63,63,18361.0,4,0
64,64,18358.0,7,0
65,65,18358.0,7,0
66,66,18358.0,7,0
67,67,18356.0,9,0
68,68,18355.0,10,0
69,69,18355.0,10,0
70,70,18354.0,11,0
71,71,18353.0,12,0
72,72,18351.0,14,0
73,73,18351.0,14,0
74,74,18350.0,15,0
75,75,18350.0,15,0
76,76,18350.0,15,0
77,77,18350.0,15,0
78,78,18348.0,17,0
79,79,18348.0,17,0
80,80,18347.0,18,0
81,81,18345.0,20,0
82,82,18345.0,20,0
83,83,18343.0,22,0
84,84,18340.0,25,0
85,85,18337.0,28,0
86,86,18334.0,31,0
87,87,18331.0,34,0
88,88,18329.0,36,0
89,89,18321.0,44,0
90,90,18316.0,49,0
91,91,18314.0,51,0
92,92,18303.0,62,0
93,93,18297.0,68,0
94,94,18285.0,80,0
95,95,18283.0,82,0
96,96,18279.0,86,0
97,97,18276.0,89,0
98,98,18271.0,94,0
99,99,18266.0,99,0
100,100,18256.0,109,0
101,101,18247.0,117,1
102,102,18246.0,117,2
103,103,18235.0,128,2
104,104,18226.0,137,2
105,105,18203.0,159,3
106,106,18192.0,170,3
107,107,18179.0,182,4
108,108,18171.0,190,4
109,109,18171.0,190,4
110,110,18165.0,196,4
111,111,18155.0,205,5
112,112,18154.0,206,5
113,113,18148.0,212,5
114,114,18136.0,224,5
115,115,18125.0,233,7
116,116,18110.0,248,7
117,117,18110.0,248,7
118,118,18099.0,257,9
119,119,18098.0,257,10
120,120,18097.0,257,11
121,121,18084.0,269,12
122,122,18084.0,269,12
123,123,18082.0,269,14
124,124,18078.0,273,14
125,125,18074.0,277,14
126,126,18073.0,277,15
127,127,18066.0,284,15
128,128,18063.0,287,15
