,Days,S,I,D
0,0,42733.0,0,0
1,1,42733.0,0,0
2,2,42733.0,0,0
3,3,42733.0,0,0
4,4,42733.0,0,0
5,5,42733.0,0,0
6,6,42733.0,0,0
7,7,42733.0,0,0
8,8,42733.0,0,0
9,9,42733.0,0,0
10,10,42733.0,0,0
11,11,42733.0,0,0
12,12,42733.0,0,0
13,13,42733.0,0,0
14,14,42733.0,0,0
15,15,42733.0,0,0
16,16,42733.0,0,0
17,17,42733.0,0,0
18,18,42733.0,0,0
19,19,42733.0,0,0
20,20,42733.0,0,0
21,21,42733.0,0,0
22,22,42733.0,0,0
23,23,42733.0,0,0
24,24,42733.0,0,0
25,25,42733.0,0,0
26,26,42733.0,0,0
27,27,42733.0,0,0
28,28,42733.0,0,0
29,29,42733.0,0,0
30,30,42733.0,0,0
31,31,42733.0,0,0
32,32,42733.0,0,0
33,33,42733.0,0,0
34,34,42733.0,0,0
35,35,42733.0,0,0
36,36,42733.0,0,0
37,37,42733.0,0,0
38,38,42733.0,0,0
39,39,42733.0,0,0
40,40,42733.0,0,0
41,41,42733.0,0,0
42,42,42733.0,0,0
43,43,42733.0,0,0
44,44,42733.0,0,0
45,45,42733.0,0,0
46,46,42733.0,0,0
47,47,42733.0,0,0
48,48,42733.0,0,0
49,49,42733.0,0,0
50,50,42733.0,0,0
51,51,42733.0,0,0
52,52,42733.0,0,0
53,53,42733.0,0,0
54,54,42733.0,0,0
55,55,42733.0,0,0
56,56,42733.0,0,0
57,57,42733.0,0,0
58,58,42733.0,0,0
59,59,42733.0,0,0
60,60,42733.0,0,0
61,61,42733.0,0,0
62,62,42733.0,0,0
63,63,42732.0,1,0
64,64,42732.0,1,0
65,65,42732.0,1,0
66,66,42729.0,4,0
67,67,42729.0,4,0
68,68,42726.0,7,0
69,69,42726.0,7,0
70,70,42725.0,8,0
71,71,42723.0,10,0
72,72,42722.0,11,0
73,73,42722.0,11,0
74,74,42721.0,12,0
75,75,42720.0,13,0
76,76,42720.0,13,0
77,77,42720.0,13,0
78,78,42719.0,14,0
79,79,42710.0,23,0
80,80,42709.0,24,0
81,81,42683.0,50,0
82,82,42670.0,63,0
83,83,42662.0,71,0
84,84,42661.0,72,0
85,85,42657.0,74,2
86,86,42657.0,74,2
87,87,42657.0,74,2
88,88,42657.0,74,2
89,89,42657.0,74,2
90,90,42637.0,87,9
91,91,42636.0,88,9
92,92,42635.0,89,9
93,93,42635.0,89,9
94,94,42633.0,90,10
95,95,42633.0,90,10
96,96,42633.0,90,10
97,97,42632.0,90,11
98,98,42632.0,90,11
99,99,42630.0,90,13
100,100,42629.0,91,13
101,101,42629.0,91,13
102,102,42629.0,91,13
103,103,42629.0,91,13
104,104,42627.0,92,14
105,105,42627.0,92,14
106,106,42626.0,92,15
107,107,42626.0,92,15
108,108,42625.0,92,16
109,109,42625.0,92,16
110,110,42624.0,93,16
111,111,42624.0,93,16
112,112,42624.0,93,16
113,113,42624.0,93,16
114,114,42624.0,93,16
115,115,42622.0,95,16
116,116,42622.0,95,16
117,117,42622.0,95,16
118,118,42621.0,96,16
119,119,42621.0,96,16
120,120,42620.0,97,16
121,121,42620.0,97,16
122,122,42618.0,99,16
123,123,42618.0,99,16
124,124,42618.0,99,16
125,125,42617.0,100,16
126,126,42617.0,100,16
127,127,42617.0,100,16
128,128,42617.0,100,16
