,Days,S,I,D
0,0,331164.0,0,0
1,1,331164.0,0,0
2,2,331164.0,0,0
3,3,331164.0,0,0
4,4,331164.0,0,0
5,5,331164.0,0,0
6,6,331164.0,0,0
7,7,331164.0,0,0
8,8,331164.0,0,0
9,9,331164.0,0,0
10,10,331164.0,0,0
11,11,331164.0,0,0
12,12,331164.0,0,0
13,13,331164.0,0,0
14,14,331164.0,0,0
15,15,331164.0,0,0
16,16,331164.0,0,0
17,17,331164.0,0,0
18,18,331164.0,0,0
19,19,331164.0,0,0
20,20,331164.0,0,0
21,21,331164.0,0,0
22,22,331164.0,0,0
23,23,331164.0,0,0
24,24,331164.0,0,0
25,25,331164.0,0,0
26,26,331164.0,0,0
27,27,331164.0,0,0
28,28,331164.0,0,0
29,29,331164.0,0,0
30,30,331164.0,0,0
31,31,331164.0,0,0
32,32,331164.0,0,0
33,33,331164.0,0,0
34,34,331164.0,0,0
35,35,331164.0,0,0
36,36,331164.0,0,0
37,37,331164.0,0,0
38,38,331164.0,0,0
39,39,331164.0,0,0
40,40,331164.0,0,0
41,41,331164.0,0,0
42,42,331164.0,0,0
43,43,331164.0,0,0
44,44,331164.0,0,0
45,45,331164.0,0,0
46,46,331164.0,0,0
47,47,331164.0,0,0
48,48,331164.0,0,0
49,49,331164.0,0,0
50,50,331163.0,1,0
51,51,331163.0,1,0
52,52,331163.0,1,0
53,53,331163.0,1,0
54,54,331159.0,5,0
55,55,331157.0,7,0
56,56,331148.0,16,0
57,57,331143.0,21,0
58,58,331136.0,28,0
59,59,331130.0,34,0
60,60,331112.0,51,1
61,61,331095.0,67,2
62,62,331060.0,102,2
63,63,331045.0,117,2
64,64,330982.0,179,3
65,65,330936.0,222,6
66,66,330934.0,222,8
67,67,330861.0,295,8
68,68,330807.0,349,8
69,69,330743.0,413,8
70,70,330677.0,472,15
71,71,330598.0,549,17
72,72,330500.0,641,23
73,73,330375.0,765,24
74,74,330305.0,833,26
75,75,330231.0,902,31
76,76,330091.0,1033,40
77,77,329929.0,1189,46
78,78,329770.0,1335,59
79,79,329572.0,1523,69
80,80,329444.0,1642,78
81,81,329353.0,1732,79
82,82,329276.0,1809,79
83,83,329162.0,1911,91
84,84,329062.0,2001,101
85,85,328940.0,2103,121
86,86,328834.0,2195,135
87,87,328735.0,2283,146
88,88,328622.0,2384,158
89,89,328506.0,2488,170
90,90,328389.0,2599,176
91,91,328300.0,2688,176
92,92,328190.0,2798,176
93,93,328045.0,2921,198
94,94,327915.0,3030,219
95,95,327797.0,3144,223
96,96,327733.0,3204,227
97,97,327644.0,3278,242
98,98,327540.0,3372,252
99,99,327430.0,3464,270
100,100,327345.0,3537,282
101,101,327270.0,3605,289
102,102,327166.0,3703,295
103,103,327113.0,3753,298
104,104,327038.0,3820,306
105,105,326989.0,3860,315
106,106,326930.0,3914,320
107,107,326868.0,3968,328
108,108,326837.0,3996,331
109,109,326777.0,4054,333
110,110,326736.0,4093,335
111,111,326710.0,4115,339
112,112,326697.0,4127,340
113,113,326657.0,4159,348
114,114,326624.0,4181,359
115,115,326589.0,4212,363
116,116,326534.0,4255,375
117,117,326511.0,4278,375
118,118,326470.0,4312,382
119,119,326431.0,4349,384
120,120,326387.0,4390,387
121,121,326356.0,4416,392
122,122,326342.0,4425,397
123,123,326315.0,4450,399
124,124,326285.0,4480,399
125,125,326276.0,4489,399
126,126,326251.0,4505,408
127,127,326232.0,4522,410
128,128,326201.0,4552,411
