,Days,S,I,D
0,0,70975.0,0,0
1,1,70975.0,0,0
2,2,70975.0,0,0
3,3,70975.0,0,0
4,4,70975.0,0,0
5,5,70975.0,0,0
6,6,70975.0,0,0
7,7,70975.0,0,0
8,8,70975.0,0,0
9,9,70975.0,0,0
10,10,70975.0,0,0
11,11,70975.0,0,0
12,12,70975.0,0,0
13,13,70975.0,0,0
14,14,70975.0,0,0
15,15,70975.0,0,0
16,16,70975.0,0,0
17,17,70975.0,0,0
18,18,70975.0,0,0
19,19,70975.0,0,0
20,20,70975.0,0,0
21,21,70975.0,0,0
22,22,70975.0,0,0
23,23,70975.0,0,0
24,24,70975.0,0,0
25,25,70975.0,0,0
26,26,70975.0,0,0
27,27,70975.0,0,0
28,28,70975.0,0,0
29,29,70975.0,0,0
30,30,70975.0,0,0
31,31,70975.0,0,0
32,32,70975.0,0,0
33,33,70975.0,0,0
34,34,70975.0,0,0
35,35,70975.0,0,0
36,36,70975.0,0,0
37,37,70975.0,0,0
38,38,70975.0,0,0
39,39,70975.0,0,0
40,40,70975.0,0,0
41,41,70975.0,0,0
42,42,70975.0,0,0
43,43,70975.0,0,0
44,44,70975.0,0,0
45,45,70975.0,0,0
46,46,70975.0,0,0
47,47,70975.0,0,0
48,48,70975.0,0,0
49,49,70975.0,0,0
50,50,70975.0,0,0
51,51,70975.0,0,0
52,52,70975.0,0,0
53,53,70975.0,0,0
54,54,70975.0,0,0
55,55,70975.0,0,0
56,56,70975.0,0,0
57,57,70975.0,0,0
58,58,70975.0,0,0
59,59,70975.0,0,0
60,60,70975.0,0,0
61,61,70975.0,0,0
62,62,70975.0,0,0
63,63,70975.0,0,0
64,64,70975.0,0,0
65,65,70975.0,0,0
66,66,70975.0,0,0
67,67,70975.0,0,0
68,68,70975.0,0,0
69,69,70975.0,0,0
70,70,70975.0,0,0
71,71,70974.0,1,0
72,72,70973.0,2,0
73,73,70972.0,3,0
74,74,70969.0,6,0
75,75,70969.0,6,0
76,76,70968.0,7,0
77,77,70969.0,6,0
78,78,70967.0,8,0
79,79,70965.0,10,0
80,80,70964.0,11,0
81,81,70962.0,13,0
82,82,70960.0,15,0
83,83,70958.0,17,0
84,84,70957.0,17,1
85,85,70954.0,20,1
86,86,70948.0,26,1
87,87,70942.0,32,1
88,88,70942.0,32,1
89,89,70942.0,32,1
90,90,70917.0,56,2
91,91,70914.0,58,3
92,92,70895.0,77,3
93,93,70882.0,90,3
94,94,70867.0,105,3
95,95,70859.0,113,3
96,96,70857.0,114,4
97,97,70855.0,115,5
98,98,70853.0,116,6
99,99,70850.0,118,7
100,100,70850.0,118,7
101,101,70846.0,121,8
102,102,70839.0,124,12
103,103,70837.0,126,12
104,104,70834.0,129,12
105,105,70834.0,129,12
106,106,70820.0,143,12
107,107,70820.0,143,12
108,108,70819.0,144,12
109,109,70817.0,146,12
110,110,70817.0,146,12
111,111,70814.0,148,13
112,112,70813.0,149,13
113,113,70812.0,150,13
114,114,70811.0,151,13
115,115,70802.0,160,13
116,116,70801.0,161,13
117,117,70797.0,164,14
118,118,70795.0,166,14
119,119,70795.0,166,14
120,120,70795.0,166,14
121,121,70793.0,168,14
122,122,70793.0,168,14
123,123,70785.0,176,14
124,124,70785.0,176,14
125,125,70785.0,176,14
126,126,70783.0,177,15
127,127,70782.0,177,16
128,128,70782.0,177,16
