,Days,S,I,D
0,0,37820.0,0,0
1,1,37820.0,0,0
2,2,37820.0,0,0
3,3,37820.0,0,0
4,4,37820.0,0,0
5,5,37820.0,0,0
6,6,37820.0,0,0
7,7,37820.0,0,0
8,8,37820.0,0,0
9,9,37820.0,0,0
10,10,37820.0,0,0
11,11,37820.0,0,0
12,12,37820.0,0,0
13,13,37820.0,0,0
14,14,37820.0,0,0
15,15,37820.0,0,0
16,16,37820.0,0,0
17,17,37820.0,0,0
18,18,37820.0,0,0
19,19,37820.0,0,0
20,20,37820.0,0,0
21,21,37820.0,0,0
22,22,37820.0,0,0
23,23,37820.0,0,0
24,24,37820.0,0,0
25,25,37820.0,0,0
26,26,37820.0,0,0
27,27,37820.0,0,0
28,28,37820.0,0,0
29,29,37820.0,0,0
30,30,37820.0,0,0
31,31,37820.0,0,0
32,32,37820.0,0,0
33,33,37820.0,0,0
34,34,37820.0,0,0
35,35,37820.0,0,0
36,36,37820.0,0,0
37,37,37820.0,0,0
38,38,37820.0,0,0
39,39,37820.0,0,0
40,40,37820.0,0,0
41,41,37820.0,0,0
42,42,37820.0,0,0
43,43,37820.0,0,0
44,44,37820.0,0,0
45,45,37820.0,0,0
46,46,37820.0,0,0
47,47,37820.0,0,0
48,48,37820.0,0,0
49,49,37820.0,0,0
50,50,37820.0,0,0
51,51,37820.0,0,0
52,52,37820.0,0,0
53,53,37820.0,0,0
54,54,37820.0,0,0
55,55,37820.0,0,0
56,56,37820.0,0,0
57,57,37820.0,0,0
58,58,37820.0,0,0
59,59,37820.0,0,0
60,60,37820.0,0,0
61,61,37820.0,0,0
62,62,37820.0,0,0
63,63,37820.0,0,0
64,64,37820.0,0,0
65,65,37820.0,0,0
66,66,37820.0,0,0
67,67,37820.0,0,0
68,68,37820.0,0,0
69,69,37820.0,0,0
70,70,37820.0,0,0
71,71,37820.0,0,0
72,72,37820.0,0,0
73,73,37820.0,0,0
74,74,37820.0,0,0
75,75,37819.0,1,0
76,76,37817.0,3,0
77,77,37818.0,2,0
78,78,37818.0,2,0
79,79,37815.0,5,0
80,80,37814.0,6,0
81,81,37813.0,7,0
82,82,37812.0,8,0
83,83,37812.0,8,0
84,84,37811.0,9,0
85,85,37810.0,10,0
86,86,37809.0,11,0
87,87,37808.0,12,0
88,88,37789.0,31,0
89,89,37788.0,32,0
90,90,37786.0,34,0
91,91,37744.0,75,1
92,92,37742.0,77,1
93,93,37738.0,80,2
94,94,37738.0,80,2
95,95,37734.0,81,5
96,96,37731.0,81,8
97,97,37731.0,80,9
98,98,37729.0,80,11
99,99,37725.0,83,12
100,100,37724.0,84,12
101,101,37722.0,84,14
102,102,37719.0,86,15
103,103,37719.0,86,15
104,104,37719.0,86,15
105,105,37719.0,86,15
106,106,37717.0,88,15
107,107,37716.0,89,15
108,108,37711.0,94,15
109,109,37711.0,94,15
110,110,37711.0,94,15
111,111,37710.0,95,15
112,112,37707.0,97,16
113,113,37706.0,98,16
114,114,37706.0,98,16
115,115,37706.0,98,16
116,116,37706.0,98,16
117,117,37705.0,99,16
118,118,37705.0,99,16
119,119,37705.0,99,16
120,120,37705.0,99,16
121,121,37705.0,99,16
122,122,37704.0,100,16
123,123,37703.0,101,16
124,124,37703.0,101,16
125,125,37703.0,101,16
126,126,37703.0,101,16
127,127,37703.0,101,16
128,128,37703.0,101,16
