,Days,S,I,D
0,0,43093.0,0,0
1,1,43093.0,0,0
2,2,43093.0,0,0
3,3,43093.0,0,0
4,4,43093.0,0,0
5,5,43093.0,0,0
6,6,43093.0,0,0
7,7,43093.0,0,0
8,8,43093.0,0,0
9,9,43093.0,0,0
10,10,43093.0,0,0
11,11,43093.0,0,0
12,12,43093.0,0,0
13,13,43093.0,0,0
14,14,43093.0,0,0
15,15,43093.0,0,0
16,16,43093.0,0,0
17,17,43093.0,0,0
18,18,43093.0,0,0
19,19,43093.0,0,0
20,20,43093.0,0,0
21,21,43093.0,0,0
22,22,43093.0,0,0
23,23,43093.0,0,0
24,24,43093.0,0,0
25,25,43093.0,0,0
26,26,43093.0,0,0
27,27,43093.0,0,0
28,28,43093.0,0,0
29,29,43093.0,0,0
30,30,43093.0,0,0
31,31,43093.0,0,0
32,32,43093.0,0,0
33,33,43093.0,0,0
34,34,43093.0,0,0
35,35,43093.0,0,0
36,36,43093.0,0,0
37,37,43093.0,0,0
38,38,43093.0,0,0
39,39,43093.0,0,0
40,40,43093.0,0,0
41,41,43093.0,0,0
42,42,43093.0,0,0
43,43,43093.0,0,0
44,44,43093.0,0,0
45,45,43093.0,0,0
46,46,43093.0,0,0
47,47,43093.0,0,0
48,48,43093.0,0,0
49,49,43093.0,0,0
50,50,43093.0,0,0
51,51,43093.0,0,0
52,52,43093.0,0,0
53,53,43093.0,0,0
54,54,43093.0,0,0
55,55,43093.0,0,0
56,56,43093.0,0,0
57,57,43093.0,0,0
58,58,43093.0,0,0
59,59,43093.0,0,0
60,60,43092.0,1,0
61,61,43092.0,1,0
62,62,43091.0,2,0
63,63,43091.0,2,0
64,64,43091.0,2,0
65,65,43090.0,3,0
66,66,43086.0,7,0
67,67,43084.0,9,0
68,68,43084.0,9,0
69,69,43084.0,9,0
70,70,43084.0,9,0
71,71,43084.0,9,0
72,72,43078.0,15,0
73,73,43078.0,15,0
74,74,43078.0,15,0
75,75,43063.0,30,0
76,76,43050.0,41,2
77,77,43045.0,46,2
78,78,43041.0,50,2
79,79,43038.0,53,2
80,80,43038.0,53,2
81,81,43032.0,58,3
82,82,43030.0,60,3
83,83,43026.0,64,3
84,84,43025.0,65,3
85,85,43018.0,72,3
86,86,43016.0,74,3
87,87,43014.0,76,3
88,88,43010.0,79,4
89,89,43006.0,83,4
90,90,43006.0,83,4
91,91,43005.0,84,4
92,92,42998.0,91,4
93,93,42989.0,100,4
94,94,42986.0,103,4
95,95,42982.0,107,4
96,96,42980.0,109,4
97,97,42968.0,121,4
98,98,42960.0,127,6
99,99,42948.0,138,7
100,100,42945.0,141,7
101,101,42942.0,144,7
102,102,42940.0,146,7
103,103,42939.0,147,7
104,104,42935.0,151,7
105,105,42926.0,159,8
106,106,42921.0,164,8
107,107,42913.0,171,9
108,108,42909.0,175,9
109,109,42909.0,175,9
110,110,42901.0,182,10
111,111,42900.0,183,10
112,112,42895.0,187,11
113,113,42891.0,191,11
114,114,42890.0,192,11
115,115,42889.0,192,12
116,116,42888.0,193,12
117,117,42880.0,201,12
118,118,42872.0,209,12
119,119,42871.0,210,12
120,120,42861.0,219,13
121,121,42855.0,225,13
122,122,42853.0,227,13
123,123,42832.0,248,13
124,124,42830.0,250,13
125,125,42825.0,255,13
126,126,42817.0,261,15
127,127,42817.0,261,15
128,128,42813.0,265,15
