,Days,S,I,D
0,0,364286.0,0,0
1,1,364286.0,0,0
2,2,364286.0,0,0
3,3,364286.0,0,0
4,4,364286.0,0,0
5,5,364286.0,0,0
6,6,364286.0,0,0
7,7,364286.0,0,0
8,8,364286.0,0,0
9,9,364286.0,0,0
10,10,364286.0,0,0
11,11,364286.0,0,0
12,12,364286.0,0,0
13,13,364286.0,0,0
14,14,364286.0,0,0
15,15,364286.0,0,0
16,16,364286.0,0,0
17,17,364286.0,0,0
18,18,364286.0,0,0
19,19,364286.0,0,0
20,20,364286.0,0,0
21,21,364286.0,0,0
22,22,364286.0,0,0
23,23,364286.0,0,0
24,24,364286.0,0,0
25,25,364286.0,0,0
26,26,364286.0,0,0
27,27,364286.0,0,0
28,28,364286.0,0,0
29,29,364286.0,0,0
30,30,364286.0,0,0
31,31,364286.0,0,0
32,32,364286.0,0,0
33,33,364286.0,0,0
34,34,364286.0,0,0
35,35,364286.0,0,0
36,36,364286.0,0,0
37,37,364286.0,0,0
38,38,364286.0,0,0
39,39,364286.0,0,0
40,40,364286.0,0,0
41,41,364286.0,0,0
42,42,364286.0,0,0
43,43,364286.0,0,0
44,44,364286.0,0,0
45,45,364286.0,0,0
46,46,364286.0,0,0
47,47,364286.0,0,0
48,48,364286.0,0,0
49,49,364286.0,0,0
50,50,364286.0,0,0
51,51,364286.0,0,0
52,52,364285.0,1,0
53,53,364285.0,1,0
54,54,364285.0,1,0
55,55,364285.0,1,0
56,56,364285.0,1,0
57,57,364285.0,1,0
58,58,364281.0,5,0
59,59,364279.0,7,0
60,60,364278.0,8,0
61,61,364274.0,12,0
62,62,364278.0,8,0
63,63,364270.0,15,1
64,64,364257.0,28,1
65,65,364255.0,30,1
66,66,364250.0,35,1
67,67,364250.0,35,1
68,68,364244.0,40,2
69,69,364236.0,48,2
70,70,364234.0,50,2
71,71,364222.0,61,3
72,72,364216.0,67,3
73,73,364212.0,70,4
74,74,364208.0,74,4
75,75,364194.0,83,9
76,76,364182.0,95,9
77,77,364183.0,94,9
78,78,364178.0,98,10
79,79,364174.0,102,10
80,80,364171.0,105,10
81,81,364169.0,107,10
82,82,364167.0,109,10
83,83,364166.0,109,11
84,84,364166.0,109,11
85,85,364165.0,110,11
86,86,364161.0,114,11
87,87,364159.0,116,11
88,88,364158.0,116,12
89,89,364156.0,118,12
90,90,364150.0,124,12
91,91,364146.0,127,13
92,92,364144.0,129,13
93,93,364140.0,133,13
94,94,364133.0,140,13
95,95,364132.0,141,13
96,96,364127.0,146,13
97,97,364124.0,149,13
98,98,364121.0,152,13
99,99,364117.0,156,13
100,100,364113.0,160,13
101,101,364105.0,168,13
102,102,364101.0,172,13
103,103,364093.0,180,13
104,104,364089.0,184,13
105,105,364077.0,196,13
106,106,364062.0,211,13
107,107,364044.0,229,13
108,108,364041.0,232,13
109,109,364040.0,233,13
110,110,364033.0,240,13
111,111,364015.0,258,13
112,112,363987.0,286,13
113,113,363954.0,319,13
114,114,363941.0,332,13
115,115,363931.0,342,13
116,116,363926.0,347,13
117,117,363916.0,357,13
118,118,363896.0,377,13
119,119,363871.0,402,13
120,120,363848.0,425,13
121,121,363805.0,468,13
122,122,363761.0,511,14
123,123,363720.0,552,14
124,124,363671.0,601,14
125,125,363629.0,642,15
126,126,363601.0,670,15
127,127,363552.0,719,15
128,128,363518.0,753,15
