,Days,S,I,D
0,0,564022.0,0,0
1,1,564022.0,0,0
2,2,564022.0,0,0
3,3,564022.0,0,0
4,4,564022.0,0,0
5,5,564022.0,0,0
6,6,564022.0,0,0
7,7,564022.0,0,0
8,8,564022.0,0,0
9,9,564022.0,0,0
10,10,564022.0,0,0
11,11,564022.0,0,0
12,12,564022.0,0,0
13,13,564022.0,0,0
14,14,564022.0,0,0
15,15,564022.0,0,0
16,16,564022.0,0,0
17,17,564022.0,0,0
18,18,564022.0,0,0
19,19,564022.0,0,0
20,20,564022.0,0,0
21,21,564022.0,0,0
22,22,564022.0,0,0
23,23,564022.0,0,0
24,24,564022.0,0,0
25,25,564022.0,0,0
26,26,564022.0,0,0
27,27,564022.0,0,0
28,28,564022.0,0,0
29,29,564022.0,0,0
30,30,564022.0,0,0
31,31,564022.0,0,0
32,32,564022.0,0,0
33,33,564022.0,0,0
34,34,564022.0,0,0
35,35,564022.0,0,0
36,36,564022.0,0,0
37,37,564022.0,0,0
38,38,564022.0,0,0
39,39,564022.0,0,0
40,40,564022.0,0,0
41,41,564022.0,0,0
42,42,564022.0,0,0
43,43,564022.0,0,0
44,44,564022.0,0,0
45,45,564022.0,0,0
46,46,564022.0,0,0
47,47,564022.0,0,0
48,48,564022.0,0,0
49,49,564022.0,0,0
50,50,564022.0,0,0
51,51,564022.0,0,0
52,52,564021.0,1,0
53,53,564021.0,1,0
54,54,564020.0,2,0
55,55,564017.0,5,0
56,56,564017.0,5,0
57,57,564016.0,6,0
58,58,564016.0,6,0
59,59,564008.0,14,0
60,60,563998.0,24,0
61,61,563997.0,25,0
62,62,563991.0,31,0
63,63,563955.0,67,0
64,64,563932.0,90,0
65,65,563892.0,129,1
66,66,563842.0,179,1
67,67,563813.0,208,1
68,68,563757.0,263,2
69,69,563714.0,306,2
70,70,563653.0,366,3
71,71,563595.0,424,3
72,72,563501.0,517,4
73,73,563416.0,601,5
74,74,563355.0,659,8
75,75,563292.0,722,8
76,76,563238.0,768,16
77,77,563164.0,835,23
78,78,563000.0,994,28
79,79,562903.0,1086,33
80,80,562792.0,1191,39
81,81,562652.0,1327,43
82,82,562582.0,1394,46
83,83,562534.0,1435,53
84,84,562458.0,1508,56
85,85,562354.0,1605,63
86,86,562288.0,1659,75
87,87,562241.0,1698,83
88,88,562204.0,1731,87
89,89,562155.0,1779,88
90,90,562074.0,1852,96
91,91,562010.0,1908,104
92,92,561732.0,2181,109
93,93,561199.0,2697,126
94,94,561063.0,2829,130
95,95,560965.0,2923,134
96,96,560817.0,3068,137
97,97,560597.0,3270,155
98,98,560428.0,3429,165
99,99,560270.0,3580,172
100,100,560048.0,3792,182
101,101,559919.0,3916,187
102,102,559805.0,4019,198
103,103,559714.0,4103,205
104,104,559577.0,4235,210
105,105,559419.0,4380,223
106,106,559261.0,4529,232
107,107,559100.0,4670,252
108,108,558915.0,4847,260
109,109,558825.0,4931,266
110,110,558749.0,4999,274
111,111,558619.0,5125,278
112,112,558485.0,5249,288
113,113,558285.0,5440,297
114,114,558129.0,5590,303
115,115,557961.0,5748,313
116,116,557832.0,5870,320
117,117,557702.0,5996,324
118,118,557612.0,6080,330
119,119,557519.0,6165,338
120,120,557391.0,6286,345
121,121,557307.0,6362,353
122,122,557234.0,6426,362
123,123,557057.0,6596,369
124,124,556966.0,6681,375
125,125,556907.0,6733,382
126,126,556853.0,6779,390
127,127,556771.0,6852,399
128,128,556688.0,6930,404
