,Days,S,I,D
0,0,97927.0,0,0
1,1,97927.0,0,0
2,2,97927.0,0,0
3,3,97927.0,0,0
4,4,97927.0,0,0
5,5,97927.0,0,0
6,6,97927.0,0,0
7,7,97927.0,0,0
8,8,97927.0,0,0
9,9,97927.0,0,0
10,10,97927.0,0,0
11,11,97927.0,0,0
12,12,97927.0,0,0
13,13,97927.0,0,0
14,14,97927.0,0,0
15,15,97927.0,0,0
16,16,97927.0,0,0
17,17,97927.0,0,0
18,18,97927.0,0,0
19,19,97927.0,0,0
20,20,97927.0,0,0
21,21,97927.0,0,0
22,22,97927.0,0,0
23,23,97927.0,0,0
24,24,97927.0,0,0
25,25,97927.0,0,0
26,26,97927.0,0,0
27,27,97927.0,0,0
28,28,97927.0,0,0
29,29,97927.0,0,0
30,30,97927.0,0,0
31,31,97927.0,0,0
32,32,97927.0,0,0
33,33,97927.0,0,0
34,34,97927.0,0,0
35,35,97927.0,0,0
36,36,97927.0,0,0
37,37,97927.0,0,0
38,38,97927.0,0,0
39,39,97927.0,0,0
40,40,97927.0,0,0
41,41,97927.0,0,0
42,42,97927.0,0,0
43,43,97927.0,0,0
44,44,97927.0,0,0
45,45,97927.0,0,0
46,46,97927.0,0,0
47,47,97926.0,1,0
48,48,97926.0,1,0
49,49,97926.0,1,0
50,50,97926.0,1,0
51,51,97926.0,1,0
52,52,97924.0,3,0
53,53,97923.0,4,0
54,54,97923.0,4,0
55,55,97921.0,6,0
56,56,97921.0,6,0
57,57,97920.0,6,1
58,58,97919.0,7,1
59,59,97918.0,8,1
60,60,97917.0,9,1
61,61,97916.0,10,1
62,62,97914.0,12,1
63,63,97912.0,14,1
64,64,97909.0,17,1
65,65,97900.0,26,1
66,66,97899.0,27,1
67,67,97897.0,28,2
68,68,97894.0,31,2
69,69,97875.0,50,2
70,70,97855.0,70,2
71,71,97847.0,78,2
72,72,97845.0,79,3
73,73,97844.0,80,3
74,74,97842.0,82,3
75,75,97835.0,89,3
76,76,97832.0,92,3
77,77,97827.0,97,3
78,78,97822.0,100,5
79,79,97818.0,104,5
80,80,97815.0,107,5
81,81,97814.0,108,5
82,82,97804.0,118,5
83,83,97801.0,120,6
84,84,97801.0,120,6
85,85,97800.0,121,6
86,86,97798.0,121,8
87,87,97797.0,122,8
88,88,97797.0,122,8
89,89,97793.0,126,8
90,90,97792.0,127,8
91,91,97791.0,128,8
92,92,97791.0,128,8
93,93,97786.0,131,10
94,94,97784.0,133,10
95,95,97784.0,133,10
96,96,97782.0,134,11
97,97,97782.0,134,11
98,98,97777.0,139,11
99,99,97772.0,144,11
100,100,97771.0,145,11
101,101,97771.0,145,11
102,102,97771.0,145,11
103,103,97766.0,150,11
104,104,97765.0,151,11
105,105,97764.0,152,11
106,106,97760.0,155,12
107,107,97760.0,155,12
108,108,97758.0,157,12
109,109,97758.0,157,12
110,110,97756.0,159,12
111,111,97755.0,160,12
112,112,97749.0,166,12
113,113,97746.0,169,12
114,114,97742.0,172,13
115,115,97734.0,180,13
116,116,97734.0,180,13
117,117,97727.0,187,13
118,118,97718.0,196,13
119,119,97704.0,210,13
120,120,97694.0,220,13
121,121,97687.0,226,14
122,122,97687.0,226,14
123,123,97686.0,227,14
124,124,97685.0,228,14
125,125,97668.0,244,15
126,126,97658.0,254,15
127,127,97654.0,258,15
128,128,97652.0,260,15
