,Days,S,I,D
0,0,356495.0,0,0
1,1,356495.0,0,0
2,2,356495.0,0,0
3,3,356495.0,0,0
4,4,356495.0,0,0
5,5,356495.0,0,0
6,6,356495.0,0,0
7,7,356495.0,0,0
8,8,356495.0,0,0
9,9,356495.0,0,0
10,10,356495.0,0,0
11,11,356495.0,0,0
12,12,356495.0,0,0
13,13,356495.0,0,0
14,14,356495.0,0,0
15,15,356495.0,0,0
16,16,356495.0,0,0
17,17,356495.0,0,0
18,18,356495.0,0,0
19,19,356495.0,0,0
20,20,356495.0,0,0
21,21,356495.0,0,0
22,22,356495.0,0,0
23,23,356495.0,0,0
24,24,356495.0,0,0
25,25,356495.0,0,0
26,26,356495.0,0,0
27,27,356495.0,0,0
28,28,356495.0,0,0
29,29,356495.0,0,0
30,30,356495.0,0,0
31,31,356495.0,0,0
32,32,356495.0,0,0
33,33,356495.0,0,0
34,34,356495.0,0,0
35,35,356495.0,0,0
36,36,356495.0,0,0
37,37,356495.0,0,0
38,38,356495.0,0,0
39,39,356495.0,0,0
40,40,356495.0,0,0
41,41,356495.0,0,0
42,42,356495.0,0,0
43,43,356495.0,0,0
44,44,356495.0,0,0
45,45,356495.0,0,0
46,46,356495.0,0,0
47,47,356495.0,0,0
48,48,356495.0,0,0
49,49,356494.0,1,0
50,50,356494.0,1,0
51,51,356495.0,0,0
52,52,356495.0,0,0
53,53,356495.0,0,0
54,54,356494.0,1,0
55,55,356494.0,1,0
56,56,356493.0,2,0
57,57,356492.0,3,0
58,58,356491.0,4,0
59,59,356491.0,4,0
60,60,356489.0,6,0
61,61,356486.0,9,0
62,62,356481.0,14,0
63,63,356473.0,22,0
64,64,356469.0,26,0
65,65,356463.0,32,0
66,66,356457.0,38,0
67,67,356451.0,44,0
68,68,356445.0,50,0
69,69,356429.0,66,0
70,70,356424.0,71,0
71,71,356411.0,82,2
72,72,356405.0,88,2
73,73,356398.0,95,2
74,74,356392.0,101,2
75,75,356386.0,107,2
76,76,356371.0,122,2
77,77,356354.0,139,2
78,78,356353.0,140,2
79,79,356343.0,149,3
80,80,356341.0,150,4
81,81,356341.0,150,4
82,82,356329.0,162,4
83,83,356322.0,169,4
84,84,356310.0,180,5
85,85,356304.0,186,5
86,86,356293.0,197,5
87,87,356286.0,203,6
88,88,356282.0,207,6
89,89,356277.0,211,7
90,90,356275.0,213,7
91,91,356274.0,214,7
92,92,356269.0,217,9
93,93,356266.0,219,10
94,94,356264.0,221,10
95,95,356263.0,222,10
96,96,356262.0,223,10
97,97,356259.0,226,10
98,98,356257.0,227,11
99,99,356256.0,227,12
100,100,356249.0,233,13
101,101,356248.0,234,13
102,102,356248.0,234,13
103,103,356247.0,235,13
104,104,356246.0,235,14
105,105,356245.0,236,14
106,106,356244.0,237,14
107,107,356244.0,237,14
108,108,356241.0,240,14
109,109,356239.0,242,14
110,110,356238.0,243,14
111,111,356235.0,246,14
112,112,356234.0,247,14
113,113,356233.0,248,14
114,114,356232.0,249,14
115,115,356231.0,250,14
116,116,356229.0,252,14
117,117,356227.0,254,14
118,118,356224.0,257,14
119,119,356221.0,260,14
120,120,356217.0,264,14
121,121,356214.0,266,15
122,122,356209.0,271,15
123,123,356207.0,273,15
124,124,356205.0,275,15
125,125,356203.0,277,15
126,126,356201.0,279,15
127,127,356200.0,280,15
128,128,356189.0,291,15
