,Days,S,I,D
0,0,22402.0,0,0
1,1,22402.0,0,0
2,2,22402.0,0,0
3,3,22402.0,0,0
4,4,22402.0,0,0
5,5,22402.0,0,0
6,6,22402.0,0,0
7,7,22402.0,0,0
8,8,22402.0,0,0
9,9,22402.0,0,0
10,10,22402.0,0,0
11,11,22402.0,0,0
12,12,22402.0,0,0
13,13,22402.0,0,0
14,14,22402.0,0,0
15,15,22402.0,0,0
16,16,22402.0,0,0
17,17,22402.0,0,0
18,18,22402.0,0,0
19,19,22402.0,0,0
20,20,22402.0,0,0
21,21,22402.0,0,0
22,22,22402.0,0,0
23,23,22402.0,0,0
24,24,22402.0,0,0
25,25,22402.0,0,0
26,26,22402.0,0,0
27,27,22402.0,0,0
28,28,22402.0,0,0
29,29,22402.0,0,0
30,30,22402.0,0,0
31,31,22402.0,0,0
32,32,22402.0,0,0
33,33,22402.0,0,0
34,34,22402.0,0,0
35,35,22402.0,0,0
36,36,22402.0,0,0
37,37,22402.0,0,0
38,38,22402.0,0,0
39,39,22402.0,0,0
40,40,22402.0,0,0
41,41,22402.0,0,0
42,42,22402.0,0,0
43,43,22402.0,0,0
44,44,22402.0,0,0
45,45,22402.0,0,0
46,46,22402.0,0,0
47,47,22402.0,0,0
48,48,22402.0,0,0
49,49,22402.0,0,0
50,50,22402.0,0,0
51,51,22402.0,0,0
52,52,22402.0,0,0
53,53,22402.0,0,0
54,54,22402.0,0,0
55,55,22401.0,1,0
56,56,22401.0,1,0
57,57,22401.0,1,0
58,58,22401.0,1,0
59,59,22401.0,1,0
60,60,22401.0,1,0
61,61,22400.0,2,0
62,62,22400.0,2,0
63,63,22399.0,3,0
64,64,22398.0,4,0
65,65,22398.0,4,0
66,66,22398.0,4,0
67,67,22398.0,4,0
68,68,22397.0,5,0
69,69,22396.0,6,0
70,70,22395.0,7,0
71,71,22394.0,8,0
72,72,22394.0,8,0
73,73,22390.0,12,0
74,74,22388.0,14,0
75,75,22386.0,16,0
76,76,22385.0,17,0
77,77,22386.0,16,0
78,78,22385.0,17,0
79,79,22384.0,18,0
80,80,22384.0,18,0
81,81,22381.0,21,0
82,82,22379.0,23,0
83,83,22378.0,24,0
84,84,22378.0,24,0
85,85,22377.0,25,0
86,86,22377.0,25,0
87,87,22377.0,25,0
88,88,22377.0,25,0
89,89,22377.0,25,0
90,90,22376.0,26,0
91,91,22376.0,26,0
92,92,22373.0,27,2
93,93,22372.0,28,2
94,94,22371.0,29,2
95,95,22371.0,29,2
96,96,22367.0,33,2
97,97,22367.0,33,2
98,98,22366.0,34,2
99,99,22364.0,36,2
100,100,22364.0,36,2
101,101,22358.0,42,2
102,102,22332.0,68,2
103,103,22332.0,68,2
104,104,22329.0,71,2
105,105,22326.0,74,2
106,106,22324.0,75,3
107,107,22323.0,76,3
108,108,22318.0,80,4
109,109,22318.0,80,4
110,110,22316.0,81,5
111,111,22315.0,82,5
112,112,22314.0,83,5
113,113,22299.0,96,7
114,114,22286.0,108,8
115,115,22274.0,120,8
116,116,22272.0,122,8
117,117,22266.0,128,8
118,118,22260.0,134,8
119,119,22254.0,139,9
120,120,22241.0,152,9
121,121,22238.0,155,9
122,122,22235.0,158,9
123,123,22234.0,159,9
124,124,22233.0,160,9
125,125,22232.0,160,10
126,126,22226.0,163,13
127,127,22225.0,163,14
128,128,22219.0,168,15
