,Days,S,I,D
0,0,212128.0,0,0
1,1,212128.0,0,0
2,2,212128.0,0,0
3,3,212128.0,0,0
4,4,212128.0,0,0
5,5,212128.0,0,0
6,6,212128.0,0,0
7,7,212128.0,0,0
8,8,212128.0,0,0
9,9,212128.0,0,0
10,10,212128.0,0,0
11,11,212128.0,0,0
12,12,212128.0,0,0
13,13,212128.0,0,0
14,14,212128.0,0,0
15,15,212128.0,0,0
16,16,212128.0,0,0
17,17,212128.0,0,0
18,18,212128.0,0,0
19,19,212128.0,0,0
20,20,212128.0,0,0
21,21,212128.0,0,0
22,22,212128.0,0,0
23,23,212128.0,0,0
24,24,212128.0,0,0
25,25,212128.0,0,0
26,26,212128.0,0,0
27,27,212128.0,0,0
28,28,212128.0,0,0
29,29,212128.0,0,0
30,30,212128.0,0,0
31,31,212128.0,0,0
32,32,212128.0,0,0
33,33,212128.0,0,0
34,34,212128.0,0,0
35,35,212128.0,0,0
36,36,212128.0,0,0
37,37,212128.0,0,0
38,38,212128.0,0,0
39,39,212128.0,0,0
40,40,212128.0,0,0
41,41,212128.0,0,0
42,42,212128.0,0,0
43,43,212128.0,0,0
44,44,212128.0,0,0
45,45,212128.0,0,0
46,46,212128.0,0,0
47,47,212128.0,0,0
48,48,212128.0,0,0
49,49,212128.0,0,0
50,50,212128.0,0,0
51,51,212128.0,0,0
52,52,212128.0,0,0
53,53,212128.0,0,0
54,54,212128.0,0,0
55,55,212128.0,0,0
56,56,212128.0,0,0
57,57,212128.0,0,0
58,58,212128.0,0,0
59,59,212127.0,1,0
60,60,212127.0,1,0
61,61,212127.0,1,0
62,62,212126.0,2,0
63,63,212125.0,3,0
64,64,212124.0,4,0
65,65,212124.0,4,0
66,66,212124.0,4,0
67,67,212123.0,5,0
68,68,212122.0,6,0
69,69,212119.0,9,0
70,70,212116.0,12,0
71,71,212115.0,13,0
72,72,212115.0,13,0
73,73,212115.0,13,0
74,74,212115.0,13,0
75,75,212115.0,13,0
76,76,212115.0,13,0
77,77,212114.0,14,0
78,78,212113.0,15,0
79,79,212113.0,15,0
80,80,212113.0,15,0
81,81,212111.0,17,0
82,82,212111.0,17,0
83,83,212111.0,17,0
84,84,212110.0,18,0
85,85,212107.0,21,0
86,86,212105.0,23,0
87,87,212104.0,24,0
88,88,212102.0,25,1
89,89,212100.0,27,1
90,90,212100.0,27,1
91,91,212099.0,28,1
92,92,212088.0,39,1
93,93,212085.0,42,1
94,94,212080.0,47,1
95,95,212076.0,51,1
96,96,212074.0,53,1
97,97,212067.0,60,1
98,98,212062.0,65,1
99,99,212049.0,78,1
100,100,212045.0,82,1
101,101,212038.0,89,1
102,102,212029.0,98,1
103,103,212017.0,110,1
104,104,212012.0,115,1
105,105,211993.0,134,1
106,106,211979.0,148,1
107,107,211968.0,159,1
108,108,211949.0,176,3
109,109,211934.0,191,3
110,110,211929.0,196,3
111,111,211918.0,207,3
112,112,211882.0,243,3
113,113,211839.0,285,4
114,114,211814.0,310,4
115,115,211796.0,328,4
116,116,211769.0,355,4
117,117,211719.0,405,4
118,118,211691.0,433,4
119,119,211673.0,450,5
120,120,211647.0,475,6
121,121,211629.0,492,7
122,122,211530.0,590,8
123,123,211488.0,632,8
124,124,211463.0,656,9
125,125,211401.0,717,10
126,126,211336.0,782,10
127,127,211295.0,822,11
128,128,211186.0,929,13
