,Days,S,I,D
0,0,636084.0,0,0
1,1,636084.0,0,0
2,2,636084.0,0,0
3,3,636084.0,0,0
4,4,636084.0,0,0
5,5,636084.0,0,0
6,6,636084.0,0,0
7,7,636084.0,0,0
8,8,636084.0,0,0
9,9,636084.0,0,0
10,10,636084.0,0,0
11,11,636084.0,0,0
12,12,636084.0,0,0
13,13,636084.0,0,0
14,14,636084.0,0,0
15,15,636084.0,0,0
16,16,636084.0,0,0
17,17,636084.0,0,0
18,18,636084.0,0,0
19,19,636084.0,0,0
20,20,636084.0,0,0
21,21,636084.0,0,0
22,22,636084.0,0,0
23,23,636084.0,0,0
24,24,636084.0,0,0
25,25,636084.0,0,0
26,26,636084.0,0,0
27,27,636084.0,0,0
28,28,636084.0,0,0
29,29,636084.0,0,0
30,30,636084.0,0,0
31,31,636084.0,0,0
32,32,636084.0,0,0
33,33,636084.0,0,0
34,34,636084.0,0,0
35,35,636084.0,0,0
36,36,636084.0,0,0
37,37,636084.0,0,0
38,38,636084.0,0,0
39,39,636083.0,1,0
40,40,636082.0,2,0
41,41,636082.0,2,0
42,42,636082.0,2,0
43,43,636082.0,2,0
44,44,636082.0,2,0
45,45,636081.0,3,0
46,46,636081.0,3,0
47,47,636081.0,3,0
48,48,636081.0,3,0
49,49,636081.0,3,0
50,50,636081.0,3,0
51,51,636080.0,4,0
52,52,636080.0,4,0
53,53,636080.0,4,0
54,54,636080.0,4,0
55,55,636080.0,4,0
56,56,636080.0,4,0
57,57,636080.0,4,0
58,58,636080.0,4,0
59,59,636080.0,4,0
60,60,636080.0,4,0
61,61,636080.0,4,0
62,62,636080.0,4,0
63,63,636009.0,75,0
64,64,635983.0,101,0
65,65,635967.0,117,0
66,66,635945.0,139,0
67,67,635928.0,156,0
68,68,635870.0,214,0
69,69,635779.0,305,0
70,70,635693.0,391,0
71,71,635660.0,418,6
72,72,635660.0,418,6
73,73,635644.0,434,6
74,74,635559.0,512,13
75,75,635449.0,622,13
76,76,635356.0,715,13
77,77,635239.0,832,13
78,78,635115.0,955,14
79,79,635115.0,955,14
80,80,634792.0,1278,14
81,81,634792.0,1278,14
82,82,634792.0,1278,14
83,83,634113.0,1957,14
84,84,633991.0,2072,21
85,85,633662.0,2401,21
86,86,633360.0,2703,21
87,87,633049.0,3014,21
88,88,632770.0,3293,21
89,89,632572.0,3491,21
90,90,632336.0,3727,21
91,91,631999.0,4064,21
92,92,631713.0,4350,21
93,93,631460.0,4603,21
94,94,631061.0,4916,107
95,95,630711.0,5266,107
96,96,630550.0,5427,107
97,97,630457.0,5520,107
98,98,629985.0,5967,132
99,99,629662.0,6290,132
100,100,629373.0,6579,132
101,101,629130.0,6822,132
102,102,628924.0,7028,132
103,103,628814.0,7138,132
104,104,628814.0,7138,132
105,105,628746.0,7138,200
106,106,628746.0,7138,200
107,107,628746.0,7138,200
108,108,628743.0,7138,203
109,109,628743.0,7138,203
110,110,627207.0,8674,203
111,111,627083.0,8798,203
112,112,626769.0,9112,203
113,113,626769.0,9112,203
114,114,626769.0,9112,203
115,115,626722.0,9112,250
116,116,626722.0,9112,250
117,117,626722.0,9112,250
118,118,626722.0,9112,250
119,119,625858.0,9976,250
120,120,625674.0,10160,250
121,121,625453.0,10320,311
122,122,625254.0,10519,311
123,123,625166.0,10607,311
124,124,625166.0,10607,311
125,125,625166.0,10607,311
126,126,624899.0,10874,311
127,127,624805.0,10968,311
128,128,624642.0,11052,390
