,Days,S,I,D
0,0,53285.0,0,0
1,1,53285.0,0,0
2,2,53285.0,0,0
3,3,53285.0,0,0
4,4,53285.0,0,0
5,5,53285.0,0,0
6,6,53285.0,0,0
7,7,53285.0,0,0
8,8,53285.0,0,0
9,9,53285.0,0,0
10,10,53285.0,0,0
11,11,53285.0,0,0
12,12,53285.0,0,0
13,13,53285.0,0,0
14,14,53285.0,0,0
15,15,53285.0,0,0
16,16,53285.0,0,0
17,17,53285.0,0,0
18,18,53285.0,0,0
19,19,53285.0,0,0
20,20,53285.0,0,0
21,21,53285.0,0,0
22,22,53285.0,0,0
23,23,53285.0,0,0
24,24,53285.0,0,0
25,25,53285.0,0,0
26,26,53285.0,0,0
27,27,53285.0,0,0
28,28,53285.0,0,0
29,29,53285.0,0,0
30,30,53285.0,0,0
31,31,53285.0,0,0
32,32,53285.0,0,0
33,33,53285.0,0,0
34,34,53285.0,0,0
35,35,53285.0,0,0
36,36,53285.0,0,0
37,37,53285.0,0,0
38,38,53285.0,0,0
39,39,53285.0,0,0
40,40,53285.0,0,0
41,41,53285.0,0,0
42,42,53285.0,0,0
43,43,53285.0,0,0
44,44,53285.0,0,0
45,45,53285.0,0,0
46,46,53285.0,0,0
47,47,53285.0,0,0
48,48,53285.0,0,0
49,49,53285.0,0,0
50,50,53285.0,0,0
51,51,53285.0,0,0
52,52,53285.0,0,0
53,53,53285.0,0,0
54,54,53285.0,0,0
55,55,53285.0,0,0
56,56,53285.0,0,0
57,57,53285.0,0,0
58,58,53285.0,0,0
59,59,53285.0,0,0
60,60,53284.0,1,0
61,61,53284.0,1,0
62,62,53283.0,2,0
63,63,53283.0,2,0
64,64,53282.0,3,0
65,65,53282.0,3,0
66,66,53282.0,3,0
67,67,53282.0,3,0
68,68,53282.0,3,0
69,69,53282.0,3,0
70,70,53282.0,3,0
71,71,53282.0,3,0
72,72,53282.0,3,0
73,73,53282.0,3,0
74,74,53282.0,3,0
75,75,53282.0,3,0
76,76,53282.0,3,0
77,77,53282.0,3,0
78,78,53282.0,3,0
79,79,53281.0,4,0
80,80,53281.0,4,0
81,81,53281.0,4,0
82,82,53280.0,5,0
83,83,53280.0,5,0
84,84,53280.0,5,0
85,85,53279.0,6,0
86,86,53279.0,6,0
87,87,53279.0,6,0
88,88,53279.0,6,0
89,89,53279.0,6,0
90,90,53279.0,6,0
91,91,53279.0,6,0
92,92,53279.0,6,0
93,93,53278.0,7,0
94,94,53275.0,10,0
95,95,53271.0,14,0
96,96,53220.0,65,0
97,97,53215.0,70,0
98,98,53196.0,89,0
99,99,53192.0,92,1
100,100,53190.0,94,1
101,101,53187.0,97,1
102,102,53184.0,100,1
103,103,53181.0,103,1
104,104,53177.0,106,2
105,105,53175.0,107,3
106,106,53174.0,108,3
107,107,53168.0,113,4
108,108,53165.0,116,4
109,109,53163.0,117,5
110,110,53155.0,122,8
111,111,53154.0,122,9
112,112,53153.0,123,9
113,113,53152.0,123,10
114,114,53151.0,123,11
115,115,53150.0,123,12
116,116,53150.0,123,12
117,117,53150.0,123,12
118,118,53148.0,125,12
119,119,53148.0,125,12
120,120,53149.0,124,12
121,121,53158.0,124,3
122,122,53139.0,133,13
123,123,53138.0,134,13
124,124,53136.0,135,14
125,125,53136.0,135,14
126,126,53135.0,136,14
127,127,53135.0,136,14
128,128,53135.0,136,14
