,Days,S,I,D
0,0,131831.0,0,0
1,1,131831.0,0,0
2,2,131831.0,0,0
3,3,131831.0,0,0
4,4,131831.0,0,0
5,5,131831.0,0,0
6,6,131831.0,0,0
7,7,131831.0,0,0
8,8,131831.0,0,0
9,9,131831.0,0,0
10,10,131831.0,0,0
11,11,131831.0,0,0
12,12,131831.0,0,0
13,13,131831.0,0,0
14,14,131831.0,0,0
15,15,131831.0,0,0
16,16,131831.0,0,0
17,17,131831.0,0,0
18,18,131831.0,0,0
19,19,131831.0,0,0
20,20,131831.0,0,0
21,21,131831.0,0,0
22,22,131831.0,0,0
23,23,131831.0,0,0
24,24,131831.0,0,0
25,25,131831.0,0,0
26,26,131831.0,0,0
27,27,131831.0,0,0
28,28,131831.0,0,0
29,29,131831.0,0,0
30,30,131831.0,0,0
31,31,131831.0,0,0
32,32,131831.0,0,0
33,33,131831.0,0,0
34,34,131831.0,0,0
35,35,131831.0,0,0
36,36,131831.0,0,0
37,37,131831.0,0,0
38,38,131831.0,0,0
39,39,131831.0,0,0
40,40,131831.0,0,0
41,41,131831.0,0,0
42,42,131831.0,0,0
43,43,131831.0,0,0
44,44,131831.0,0,0
45,45,131831.0,0,0
46,46,131831.0,0,0
47,47,131831.0,0,0
48,48,131831.0,0,0
49,49,131831.0,0,0
50,50,131831.0,0,0
51,51,131831.0,0,0
52,52,131831.0,0,0
53,53,131831.0,0,0
54,54,131831.0,0,0
55,55,131831.0,0,0
56,56,131831.0,0,0
57,57,131831.0,0,0
58,58,131831.0,0,0
59,59,131831.0,0,0
60,60,131831.0,0,0
61,61,131830.0,1,0
62,62,131830.0,1,0
63,63,131829.0,2,0
64,64,131829.0,2,0
65,65,131829.0,2,0
66,66,131829.0,2,0
67,67,131829.0,2,0
68,68,131829.0,2,0
69,69,131829.0,2,0
70,70,131828.0,3,0
71,71,131828.0,3,0
72,72,131828.0,3,0
73,73,131828.0,3,0
74,74,131826.0,5,0
75,75,131826.0,5,0
76,76,131825.0,6,0
77,77,131825.0,6,0
78,78,131824.0,7,0
79,79,131824.0,7,0
80,80,131824.0,7,0
81,81,131823.0,8,0
82,82,131823.0,8,0
83,83,131821.0,10,0
84,84,131820.0,11,0
85,85,131819.0,12,0
86,86,131814.0,17,0
87,87,131813.0,18,0
88,88,131810.0,21,0
89,89,131804.0,27,0
90,90,131803.0,28,0
91,91,131797.0,34,0
92,92,131778.0,53,0
93,93,131743.0,85,3
94,94,131736.0,92,3
95,95,131731.0,97,3
96,96,131724.0,104,3
97,97,131722.0,106,3
98,98,131683.0,145,3
99,99,131671.0,157,3
100,100,131653.0,175,3
101,101,131627.0,201,3
102,102,131627.0,201,3
103,103,131624.0,204,3
104,104,131579.0,249,3
105,105,131540.0,288,3
106,106,131514.0,313,4
107,107,131500.0,327,4
108,108,131462.0,365,4
109,109,131439.0,388,4
110,110,131436.0,391,4
111,111,131410.0,417,4
112,112,131387.0,440,4
113,113,131379.0,448,4
114,114,131334.0,491,6
115,115,131316.0,509,6
116,116,131307.0,518,6
117,117,131305.0,520,6
118,118,131278.0,547,6
119,119,131234.0,591,6
120,120,131201.0,624,6
121,121,131181.0,644,6
122,122,131181.0,644,6
123,123,131162.0,663,6
124,124,131155.0,670,6
125,125,131146.0,674,11
126,126,131140.0,680,11
127,127,131107.0,713,11
128,128,131090.0,728,13
