,Days,S,I,D
0,0,259666.0,0,0
1,1,259666.0,0,0
2,2,259666.0,0,0
3,3,259666.0,0,0
4,4,259666.0,0,0
5,5,259666.0,0,0
6,6,259666.0,0,0
7,7,259666.0,0,0
8,8,259666.0,0,0
9,9,259666.0,0,0
10,10,259666.0,0,0
11,11,259666.0,0,0
12,12,259666.0,0,0
13,13,259666.0,0,0
14,14,259666.0,0,0
15,15,259666.0,0,0
16,16,259666.0,0,0
17,17,259666.0,0,0
18,18,259666.0,0,0
19,19,259666.0,0,0
20,20,259666.0,0,0
21,21,259666.0,0,0
22,22,259666.0,0,0
23,23,259666.0,0,0
24,24,259666.0,0,0
25,25,259666.0,0,0
26,26,259666.0,0,0
27,27,259666.0,0,0
28,28,259666.0,0,0
29,29,259666.0,0,0
30,30,259666.0,0,0
31,31,259666.0,0,0
32,32,259666.0,0,0
33,33,259666.0,0,0
34,34,259666.0,0,0
35,35,259666.0,0,0
36,36,259666.0,0,0
37,37,259666.0,0,0
38,38,259666.0,0,0
39,39,259666.0,0,0
40,40,259666.0,0,0
41,41,259666.0,0,0
42,42,259666.0,0,0
43,43,259666.0,0,0
44,44,259666.0,0,0
45,45,259666.0,0,0
46,46,259666.0,0,0
47,47,259666.0,0,0
48,48,259666.0,0,0
49,49,259650.0,16,0
50,50,259650.0,16,0
51,51,259666.0,0,0
52,52,259666.0,0,0
53,53,259662.0,4,0
54,54,259657.0,9,0
55,55,259651.0,15,0
56,56,259651.0,15,0
57,57,259641.0,25,0
58,58,259628.0,38,0
59,59,259628.0,38,0
60,60,259628.0,38,0
61,61,259619.0,47,0
62,62,259613.0,53,0
63,63,259606.0,60,0
64,64,259601.0,65,0
65,65,259597.0,68,1
66,66,259591.0,74,1
67,67,259572.0,93,1
68,68,259564.0,98,4
69,69,259554.0,107,5
70,70,259553.0,108,5
71,71,259542.0,118,6
72,72,259529.0,131,6
73,73,259522.0,137,7
74,74,259518.0,141,7
75,75,259514.0,143,9
76,76,259508.0,148,10
77,77,259507.0,149,10
78,78,259502.0,154,10
79,79,259503.0,153,10
80,80,259503.0,153,10
81,81,259492.0,164,10
82,82,259486.0,170,10
83,83,259485.0,171,10
84,84,259485.0,171,10
85,85,259469.0,187,10
86,86,259469.0,187,10
87,87,259467.0,189,10
88,88,259461.0,195,10
89,89,259457.0,199,10
90,90,259456.0,200,10
91,91,259456.0,200,10
92,92,259446.0,209,11
93,93,259442.0,212,12
94,94,259431.0,223,12
95,95,259430.0,224,12
96,96,259430.0,224,12
97,97,259428.0,226,12
98,98,259418.0,235,13
99,99,259418.0,235,13
100,100,259414.0,239,13
101,101,259414.0,239,13
102,102,259413.0,240,13
103,103,259412.0,241,13
104,104,259409.0,243,14
105,105,259405.0,247,14
106,106,259397.0,255,14
107,107,259395.0,257,14
108,108,259395.0,257,14
109,109,259391.0,261,14
110,110,259391.0,261,14
111,111,259381.0,271,14
112,112,259377.0,275,14
113,113,259373.0,279,14
114,114,259365.0,287,14
115,115,259353.0,299,14
116,116,259335.0,317,14
117,117,259323.0,329,14
118,118,259316.0,336,14
119,119,259309.0,343,14
120,120,259309.0,343,14
121,121,259283.0,369,14
122,122,259264.0,388,14
123,123,259249.0,403,14
124,124,259235.0,417,14
125,125,259232.0,420,14
126,126,259222.0,430,14
127,127,259216.0,436,14
128,128,259216.0,436,14
