,Days,S,I,D
0,0,39694.0,0,0
1,1,39694.0,0,0
2,2,39694.0,0,0
3,3,39694.0,0,0
4,4,39694.0,0,0
5,5,39694.0,0,0
6,6,39694.0,0,0
7,7,39694.0,0,0
8,8,39694.0,0,0
9,9,39694.0,0,0
10,10,39694.0,0,0
11,11,39694.0,0,0
12,12,39694.0,0,0
13,13,39694.0,0,0
14,14,39694.0,0,0
15,15,39694.0,0,0
16,16,39694.0,0,0
17,17,39694.0,0,0
18,18,39694.0,0,0
19,19,39694.0,0,0
20,20,39694.0,0,0
21,21,39694.0,0,0
22,22,39694.0,0,0
23,23,39694.0,0,0
24,24,39694.0,0,0
25,25,39694.0,0,0
26,26,39694.0,0,0
27,27,39694.0,0,0
28,28,39694.0,0,0
29,29,39694.0,0,0
30,30,39694.0,0,0
31,31,39694.0,0,0
32,32,39694.0,0,0
33,33,39694.0,0,0
34,34,39694.0,0,0
35,35,39694.0,0,0
36,36,39694.0,0,0
37,37,39694.0,0,0
38,38,39694.0,0,0
39,39,39694.0,0,0
40,40,39694.0,0,0
41,41,39694.0,0,0
42,42,39694.0,0,0
43,43,39694.0,0,0
44,44,39694.0,0,0
45,45,39694.0,0,0
46,46,39694.0,0,0
47,47,39694.0,0,0
48,48,39694.0,0,0
49,49,39694.0,0,0
50,50,39694.0,0,0
51,51,39694.0,0,0
52,52,39694.0,0,0
53,53,39694.0,0,0
54,54,39694.0,0,0
55,55,39694.0,0,0
56,56,39694.0,0,0
57,57,39694.0,0,0
58,58,39694.0,0,0
59,59,39694.0,0,0
60,60,39694.0,0,0
61,61,39694.0,0,0
62,62,39693.0,1,0
63,63,39693.0,1,0
64,64,39692.0,2,0
65,65,39692.0,2,0
66,66,39692.0,2,0
67,67,39692.0,2,0
68,68,39692.0,2,0
69,69,39692.0,2,0
70,70,39692.0,2,0
71,71,39692.0,2,0
72,72,39691.0,3,0
73,73,39691.0,3,0
74,74,39691.0,3,0
75,75,39689.0,5,0
76,76,39689.0,5,0
77,77,39686.0,7,1
78,78,39681.0,11,2
79,79,39673.0,19,2
80,80,39665.0,27,2
81,81,39663.0,29,2
82,82,39663.0,29,2
83,83,39663.0,29,2
84,84,39662.0,30,2
85,85,39652.0,39,3
86,86,39647.0,42,5
87,87,39645.0,42,7
88,88,39645.0,42,7
89,89,39643.0,43,8
90,90,39643.0,43,8
91,91,39639.0,45,10
92,92,39637.0,47,10
93,93,39637.0,47,10
94,94,39635.0,48,11
95,95,39635.0,48,11
96,96,39635.0,48,11
97,97,39635.0,48,11
98,98,39635.0,48,11
99,99,39635.0,48,11
100,100,39633.0,49,12
101,101,39632.0,49,13
102,102,39632.0,49,13
103,103,39632.0,49,13
104,104,39632.0,49,13
105,105,39632.0,49,13
106,106,39632.0,49,13
107,107,39632.0,49,13
108,108,39631.0,49,14
109,109,39631.0,49,14
110,110,39631.0,49,14
111,111,39631.0,49,14
112,112,39631.0,49,14
113,113,39630.0,50,14
114,114,39630.0,50,14
115,115,39630.0,50,14
116,116,39630.0,50,14
117,117,39630.0,50,14
118,118,39630.0,50,14
119,119,39630.0,50,14
120,120,39629.0,51,14
121,121,39629.0,51,14
122,122,39629.0,51,14
123,123,39629.0,51,14
124,124,39629.0,51,14
125,125,39629.0,51,14
126,126,39629.0,51,14
127,127,39629.0,51,14
128,128,39629.0,51,14
