,Days,S,I,D
0,0,188715.0,0,0
1,1,188715.0,0,0
2,2,188715.0,0,0
3,3,188715.0,0,0
4,4,188715.0,0,0
5,5,188715.0,0,0
6,6,188715.0,0,0
7,7,188715.0,0,0
8,8,188715.0,0,0
9,9,188715.0,0,0
10,10,188715.0,0,0
11,11,188715.0,0,0
12,12,188715.0,0,0
13,13,188715.0,0,0
14,14,188715.0,0,0
15,15,188715.0,0,0
16,16,188715.0,0,0
17,17,188715.0,0,0
18,18,188715.0,0,0
19,19,188715.0,0,0
20,20,188715.0,0,0
21,21,188715.0,0,0
22,22,188715.0,0,0
23,23,188715.0,0,0
24,24,188715.0,0,0
25,25,188715.0,0,0
26,26,188715.0,0,0
27,27,188715.0,0,0
28,28,188715.0,0,0
29,29,188715.0,0,0
30,30,188715.0,0,0
31,31,188715.0,0,0
32,32,188715.0,0,0
33,33,188715.0,0,0
34,34,188715.0,0,0
35,35,188715.0,0,0
36,36,188715.0,0,0
37,37,188715.0,0,0
38,38,188715.0,0,0
39,39,188715.0,0,0
40,40,188715.0,0,0
41,41,188715.0,0,0
42,42,188715.0,0,0
43,43,188715.0,0,0
44,44,188715.0,0,0
45,45,188715.0,0,0
46,46,188715.0,0,0
47,47,188715.0,0,0
48,48,188715.0,0,0
49,49,188715.0,0,0
50,50,188715.0,0,0
51,51,188715.0,0,0
52,52,188712.0,3,0
53,53,188712.0,3,0
54,54,188712.0,3,0
55,55,188711.0,4,0
56,56,188709.0,6,0
57,57,188708.0,7,0
58,58,188707.0,8,0
59,59,188702.0,13,0
60,60,188701.0,14,0
61,61,188694.0,21,0
62,62,188693.0,22,0
63,63,188689.0,26,0
64,64,188686.0,29,0
65,65,188680.0,35,0
66,66,188676.0,39,0
67,67,188665.0,50,0
68,68,188640.0,74,1
69,69,188623.0,91,1
70,70,188612.0,101,2
71,71,188583.0,130,2
72,72,188582.0,131,2
73,73,188564.0,148,3
74,74,188555.0,156,4
75,75,188548.0,163,4
76,76,188542.0,169,4
77,77,188537.0,174,4
78,78,188526.0,184,5
79,79,188524.0,186,5
80,80,188524.0,186,5
81,81,188515.0,194,6
82,82,188515.0,194,6
83,83,188511.0,198,6
84,84,188504.0,205,6
85,85,188503.0,206,6
86,86,188495.0,214,6
87,87,188489.0,220,6
88,88,188484.0,225,6
89,89,188484.0,225,6
90,90,188473.0,233,9
91,91,188470.0,236,9
92,92,188465.0,241,9
93,93,188461.0,244,10
94,94,188452.0,253,10
95,95,188452.0,253,10
96,96,188451.0,254,10
97,97,188446.0,259,10
98,98,188442.0,262,11
99,99,188441.0,263,11
100,100,188435.0,269,11
101,101,188435.0,269,11
102,102,188435.0,269,11
103,103,188435.0,269,11
104,104,188434.0,269,12
105,105,188434.0,269,12
106,106,188434.0,269,12
107,107,188430.0,273,12
108,108,188430.0,273,12
109,109,188424.0,279,12
110,110,188423.0,280,12
111,111,188421.0,282,12
112,112,188421.0,282,12
113,113,188419.0,284,12
114,114,188415.0,288,12
115,115,188412.0,291,12
116,116,188411.0,292,12
117,117,188409.0,294,12
118,118,188404.0,299,12
119,119,188399.0,304,12
120,120,188397.0,306,12
121,121,188389.0,314,12
122,122,188371.0,332,12
123,123,188368.0,335,12
124,124,188367.0,336,12
125,125,188361.0,342,12
126,126,188355.0,346,14
127,127,188350.0,351,14
128,128,188340.0,361,14
