,Days,S,I,D
0,0,35680.0,0,0
1,1,35680.0,0,0
2,2,35680.0,0,0
3,3,35680.0,0,0
4,4,35680.0,0,0
5,5,35680.0,0,0
6,6,35680.0,0,0
7,7,35680.0,0,0
8,8,35680.0,0,0
9,9,35680.0,0,0
10,10,35680.0,0,0
11,11,35680.0,0,0
12,12,35680.0,0,0
13,13,35680.0,0,0
14,14,35680.0,0,0
15,15,35680.0,0,0
16,16,35680.0,0,0
17,17,35680.0,0,0
18,18,35680.0,0,0
19,19,35680.0,0,0
20,20,35680.0,0,0
21,21,35680.0,0,0
22,22,35680.0,0,0
23,23,35680.0,0,0
24,24,35680.0,0,0
25,25,35680.0,0,0
26,26,35680.0,0,0
27,27,35680.0,0,0
28,28,35680.0,0,0
29,29,35680.0,0,0
30,30,35680.0,0,0
31,31,35680.0,0,0
32,32,35680.0,0,0
33,33,35680.0,0,0
34,34,35680.0,0,0
35,35,35680.0,0,0
36,36,35680.0,0,0
37,37,35680.0,0,0
38,38,35680.0,0,0
39,39,35680.0,0,0
40,40,35680.0,0,0
41,41,35680.0,0,0
42,42,35680.0,0,0
43,43,35680.0,0,0
44,44,35680.0,0,0
45,45,35680.0,0,0
46,46,35680.0,0,0
47,47,35680.0,0,0
48,48,35680.0,0,0
49,49,35680.0,0,0
50,50,35680.0,0,0
51,51,35680.0,0,0
52,52,35680.0,0,0
53,53,35680.0,0,0
54,54,35680.0,0,0
55,55,35680.0,0,0
56,56,35680.0,0,0
57,57,35680.0,0,0
58,58,35680.0,0,0
59,59,35680.0,0,0
60,60,35680.0,0,0
61,61,35680.0,0,0
62,62,35680.0,0,0
63,63,35679.0,1,0
64,64,35678.0,2,0
65,65,35678.0,2,0
66,66,35675.0,5,0
67,67,35675.0,5,0
68,68,35675.0,5,0
69,69,35670.0,10,0
70,70,35666.0,12,2
71,71,35664.0,14,2
72,72,35660.0,17,3
73,73,35659.0,18,3
74,74,35659.0,18,3
75,75,35649.0,28,3
76,76,35640.0,37,3
77,77,35634.0,43,3
78,78,35631.0,45,4
79,79,35626.0,50,4
80,80,35626.0,50,4
81,81,35622.0,54,4
82,82,35618.0,58,4
83,83,35612.0,64,4
84,84,35608.0,67,5
85,85,35599.0,76,5
86,86,35598.0,77,5
87,87,35594.0,81,5
88,88,35588.0,86,6
89,89,35586.0,88,6
90,90,35580.0,93,7
91,91,35578.0,95,7
92,92,35573.0,100,7
93,93,35569.0,103,8
94,94,35567.0,105,8
95,95,35565.0,107,8
96,96,35560.0,112,8
97,97,35559.0,112,9
98,98,35555.0,115,10
99,99,35548.0,121,11
100,100,35541.0,128,11
101,101,35540.0,129,11
102,102,35539.0,130,11
103,103,35535.0,133,12
104,104,35528.0,140,12
105,105,35524.0,144,12
106,106,35521.0,147,12
107,107,35513.0,155,12
108,108,35513.0,155,12
109,109,35503.0,165,12
110,110,35503.0,165,12
111,111,35502.0,166,12
112,112,35502.0,166,12
113,113,35499.0,169,12
114,114,35498.0,170,12
115,115,35497.0,171,12
116,116,35497.0,171,12
117,117,35493.0,174,13
118,118,35488.0,179,13
119,119,35476.0,191,13
120,120,35475.0,192,13
121,121,35462.0,205,13
122,122,35461.0,206,13
123,123,35453.0,214,13
124,124,35448.0,218,14
125,125,35445.0,221,14
126,126,35442.0,224,14
127,127,35439.0,227,14
128,128,35438.0,228,14
