,Days,S,I,D
0,0,19676.0,0,0
1,1,19676.0,0,0
2,2,19676.0,0,0
3,3,19676.0,0,0
4,4,19676.0,0,0
5,5,19676.0,0,0
6,6,19676.0,0,0
7,7,19676.0,0,0
8,8,19676.0,0,0
9,9,19676.0,0,0
10,10,19676.0,0,0
11,11,19676.0,0,0
12,12,19676.0,0,0
13,13,19676.0,0,0
14,14,19676.0,0,0
15,15,19676.0,0,0
16,16,19676.0,0,0
17,17,19676.0,0,0
18,18,19676.0,0,0
19,19,19676.0,0,0
20,20,19676.0,0,0
21,21,19676.0,0,0
22,22,19676.0,0,0
23,23,19676.0,0,0
24,24,19676.0,0,0
25,25,19676.0,0,0
26,26,19676.0,0,0
27,27,19676.0,0,0
28,28,19676.0,0,0
29,29,19676.0,0,0
30,30,19676.0,0,0
31,31,19676.0,0,0
32,32,19676.0,0,0
33,33,19676.0,0,0
34,34,19676.0,0,0
35,35,19676.0,0,0
36,36,19676.0,0,0
37,37,19676.0,0,0
38,38,19676.0,0,0
39,39,19676.0,0,0
40,40,19676.0,0,0
41,41,19676.0,0,0
42,42,19676.0,0,0
43,43,19676.0,0,0
44,44,19676.0,0,0
45,45,19676.0,0,0
46,46,19676.0,0,0
47,47,19676.0,0,0
48,48,19676.0,0,0
49,49,19676.0,0,0
50,50,19676.0,0,0
51,51,19676.0,0,0
52,52,19676.0,0,0
53,53,19676.0,0,0
54,54,19676.0,0,0
55,55,19676.0,0,0
56,56,19676.0,0,0
57,57,19676.0,0,0
58,58,19676.0,0,0
59,59,19676.0,0,0
60,60,19676.0,0,0
61,61,19676.0,0,0
62,62,19676.0,0,0
63,63,19676.0,0,0
64,64,19673.0,3,0
65,65,19673.0,3,0
66,66,19672.0,4,0
67,67,19651.0,25,0
68,68,19650.0,26,0
69,69,19646.0,30,0
70,70,19646.0,30,0
71,71,19646.0,30,0
72,72,19643.0,33,0
73,73,19640.0,36,0
74,74,19634.0,42,0
75,75,19630.0,46,0
76,76,19625.0,51,0
77,77,19624.0,52,0
78,78,19622.0,54,0
79,79,19621.0,55,0
80,80,19616.0,60,0
81,81,19615.0,61,0
82,82,19615.0,61,0
83,83,19613.0,63,0
84,84,19611.0,65,0
85,85,19606.0,69,1
86,86,19606.0,69,1
87,87,19606.0,69,1
88,88,19602.0,72,2
89,89,19602.0,72,2
90,90,19601.0,73,2
91,91,19601.0,73,2
92,92,19600.0,74,2
93,93,19594.0,79,3
94,94,19593.0,80,3
95,95,19593.0,80,3
96,96,19592.0,81,3
97,97,19591.0,81,4
98,98,19591.0,81,4
99,99,19590.0,82,4
100,100,19585.0,87,4
101,101,19583.0,89,4
102,102,19583.0,89,4
103,103,19581.0,91,4
104,104,19581.0,91,4
105,105,19579.0,93,4
106,106,19569.0,102,5
107,107,19567.0,102,7
108,108,19567.0,102,7
109,109,19565.0,104,7
110,110,19563.0,106,7
111,111,19559.0,108,9
112,112,19545.0,122,9
113,113,19541.0,126,9
114,114,19538.0,129,9
115,115,19537.0,129,10
116,116,19537.0,129,10
117,117,19536.0,130,10
118,118,19535.0,131,10
119,119,19534.0,131,11
120,120,19533.0,132,11
121,121,19529.0,135,12
122,122,19527.0,137,12
123,123,19526.0,138,12
124,124,19524.0,140,12
125,125,19523.0,141,12
126,126,19521.0,143,12
127,127,19521.0,143,12
128,128,19518.0,144,14
