,Days,S,I,D
0,0,47196.0,0,0
1,1,47196.0,0,0
2,2,47196.0,0,0
3,3,47196.0,0,0
4,4,47196.0,0,0
5,5,47196.0,0,0
6,6,47196.0,0,0
7,7,47196.0,0,0
8,8,47196.0,0,0
9,9,47196.0,0,0
10,10,47196.0,0,0
11,11,47196.0,0,0
12,12,47196.0,0,0
13,13,47196.0,0,0
14,14,47196.0,0,0
15,15,47196.0,0,0
16,16,47196.0,0,0
17,17,47196.0,0,0
18,18,47196.0,0,0
19,19,47196.0,0,0
20,20,47196.0,0,0
21,21,47196.0,0,0
22,22,47196.0,0,0
23,23,47196.0,0,0
24,24,47196.0,0,0
25,25,47196.0,0,0
26,26,47196.0,0,0
27,27,47196.0,0,0
28,28,47196.0,0,0
29,29,47196.0,0,0
30,30,47196.0,0,0
31,31,47196.0,0,0
32,32,47196.0,0,0
33,33,47196.0,0,0
34,34,47196.0,0,0
35,35,47196.0,0,0
36,36,47196.0,0,0
37,37,47196.0,0,0
38,38,47196.0,0,0
39,39,47196.0,0,0
40,40,47196.0,0,0
41,41,47196.0,0,0
42,42,47196.0,0,0
43,43,47196.0,0,0
44,44,47196.0,0,0
45,45,47196.0,0,0
46,46,47196.0,0,0
47,47,47196.0,0,0
48,48,47196.0,0,0
49,49,47196.0,0,0
50,50,47196.0,0,0
51,51,47196.0,0,0
52,52,47196.0,0,0
53,53,47196.0,0,0
54,54,47196.0,0,0
55,55,47196.0,0,0
56,56,47196.0,0,0
57,57,47196.0,0,0
58,58,47196.0,0,0
59,59,47196.0,0,0
60,60,47196.0,0,0
61,61,47194.0,2,0
62,62,47194.0,2,0
63,63,47194.0,2,0
64,64,47193.0,3,0
65,65,47189.0,7,0
66,66,47190.0,6,0
67,67,47189.0,7,0
68,68,47188.0,8,0
69,69,47184.0,12,0
70,70,47183.0,13,0
71,71,47183.0,13,0
72,72,47179.0,17,0
73,73,47179.0,17,0
74,74,47178.0,18,0
75,75,47177.0,19,0
76,76,47174.0,22,0
77,77,47172.0,24,0
78,78,47168.0,28,0
79,79,47163.0,33,0
80,80,47159.0,37,0
81,81,47157.0,39,0
82,82,47157.0,39,0
83,83,47154.0,42,0
84,84,47155.0,41,0
85,85,47153.0,43,0
86,86,47147.0,47,2
87,87,47145.0,49,2
88,88,47145.0,49,2
89,89,47143.0,51,2
90,90,47142.0,52,2
91,91,47136.0,58,2
92,92,47131.0,62,3
93,93,47128.0,64,4
94,94,47123.0,69,4
95,95,47120.0,72,4
96,96,47113.0,79,4
97,97,47111.0,80,5
98,98,47106.0,83,7
99,99,47103.0,85,8
100,100,47103.0,85,8
101,101,47099.0,88,9
102,102,47097.0,90,9
103,103,47093.0,94,9
104,104,47090.0,96,10
105,105,47086.0,99,11
106,106,47084.0,101,11
107,107,47082.0,103,11
108,108,47079.0,106,11
109,109,47079.0,106,11
110,110,47078.0,107,11
111,111,47077.0,107,12
112,112,47068.0,115,13
113,113,47067.0,116,13
114,114,47064.0,119,13
115,115,47064.0,119,13
116,116,47062.0,121,13
117,117,47062.0,121,13
118,118,47060.0,122,14
119,119,47060.0,122,14
120,120,47052.0,130,14
121,121,47049.0,133,14
122,122,47049.0,133,14
123,123,47049.0,133,14
124,124,47047.0,135,14
125,125,47044.0,138,14
126,126,47040.0,142,14
127,127,47038.0,144,14
128,128,47030.0,152,14
