,Days,S,I,D
0,0,22300.0,0,0
1,1,22300.0,0,0
2,2,22300.0,0,0
3,3,22300.0,0,0
4,4,22300.0,0,0
5,5,22300.0,0,0
6,6,22300.0,0,0
7,7,22300.0,0,0
8,8,22300.0,0,0
9,9,22300.0,0,0
10,10,22300.0,0,0
11,11,22300.0,0,0
12,12,22300.0,0,0
13,13,22300.0,0,0
14,14,22300.0,0,0
15,15,22300.0,0,0
16,16,22300.0,0,0
17,17,22300.0,0,0
18,18,22300.0,0,0
19,19,22300.0,0,0
20,20,22300.0,0,0
21,21,22300.0,0,0
22,22,22300.0,0,0
23,23,22300.0,0,0
24,24,22300.0,0,0
25,25,22300.0,0,0
26,26,22300.0,0,0
27,27,22300.0,0,0
28,28,22300.0,0,0
29,29,22300.0,0,0
30,30,22300.0,0,0
31,31,22300.0,0,0
32,32,22300.0,0,0
33,33,22300.0,0,0
34,34,22300.0,0,0
35,35,22300.0,0,0
36,36,22300.0,0,0
37,37,22300.0,0,0
38,38,22300.0,0,0
39,39,22300.0,0,0
40,40,22300.0,0,0
41,41,22300.0,0,0
42,42,22300.0,0,0
43,43,22300.0,0,0
44,44,22300.0,0,0
45,45,22300.0,0,0
46,46,22300.0,0,0
47,47,22300.0,0,0
48,48,22300.0,0,0
49,49,22300.0,0,0
50,50,22300.0,0,0
51,51,22300.0,0,0
52,52,22300.0,0,0
53,53,22300.0,0,0
54,54,22300.0,0,0
55,55,22300.0,0,0
56,56,22300.0,0,0
57,57,22299.0,1,0
58,58,22299.0,1,0
59,59,22299.0,1,0
60,60,22299.0,1,0
61,61,22299.0,1,0
62,62,22298.0,2,0
63,63,22298.0,2,0
64,64,22295.0,5,0
65,65,22292.0,8,0
66,66,22292.0,8,0
67,67,22286.0,14,0
68,68,22283.0,17,0
69,69,22280.0,20,0
70,70,22275.0,25,0
71,71,22269.0,31,0
72,72,22267.0,33,0
73,73,22244.0,56,0
74,74,22241.0,59,0
75,75,22223.0,77,0
76,76,22215.0,84,1
77,77,22211.0,89,0
78,78,22206.0,94,0
79,79,22194.0,105,1
80,80,22190.0,109,1
81,81,22183.0,116,1
82,82,22179.0,120,1
83,83,22176.0,123,1
84,84,22170.0,129,1
85,85,22167.0,132,1
86,86,22162.0,137,1
87,87,22156.0,143,1
88,88,22153.0,146,1
89,89,22153.0,146,1
90,90,22148.0,151,1
91,91,22145.0,154,1
92,92,22140.0,158,2
93,93,22132.0,166,2
94,94,22125.0,172,3
95,95,22124.0,173,3
96,96,22122.0,175,3
97,97,22120.0,177,3
98,98,22116.0,178,6
99,99,22112.0,182,6
100,100,22105.0,189,6
101,101,22100.0,194,6
102,102,22097.0,197,6
103,103,22093.0,201,6
104,104,22092.0,202,6
105,105,22089.0,203,8
106,106,22085.0,206,9
107,107,22084.0,206,10
108,108,22081.0,208,11
109,109,22061.0,228,11
110,110,22061.0,228,11
111,111,22060.0,229,11
112,112,22060.0,229,11
113,113,22060.0,229,11
114,114,22060.0,229,11
115,115,22060.0,229,11
116,116,22059.0,230,11
117,117,22059.0,230,11
118,118,22059.0,230,11
119,119,22056.0,233,11
120,120,22051.0,238,11
121,121,22051.0,238,11
122,122,22051.0,238,11
123,123,22050.0,238,12
124,124,22045.0,243,12
125,125,22043.0,245,12
126,126,22043.0,245,12
127,127,22039.0,248,13
128,128,22035.0,251,14
