,Days,S,I,D
0,0,45592.0,0,0
1,1,45592.0,0,0
2,2,45592.0,0,0
3,3,45592.0,0,0
4,4,45592.0,0,0
5,5,45592.0,0,0
6,6,45592.0,0,0
7,7,45592.0,0,0
8,8,45592.0,0,0
9,9,45592.0,0,0
10,10,45592.0,0,0
11,11,45592.0,0,0
12,12,45592.0,0,0
13,13,45592.0,0,0
14,14,45592.0,0,0
15,15,45592.0,0,0
16,16,45592.0,0,0
17,17,45592.0,0,0
18,18,45592.0,0,0
19,19,45592.0,0,0
20,20,45592.0,0,0
21,21,45592.0,0,0
22,22,45592.0,0,0
23,23,45592.0,0,0
24,24,45592.0,0,0
25,25,45592.0,0,0
26,26,45592.0,0,0
27,27,45592.0,0,0
28,28,45592.0,0,0
29,29,45592.0,0,0
30,30,45592.0,0,0
31,31,45592.0,0,0
32,32,45592.0,0,0
33,33,45592.0,0,0
34,34,45592.0,0,0
35,35,45592.0,0,0
36,36,45592.0,0,0
37,37,45592.0,0,0
38,38,45592.0,0,0
39,39,45592.0,0,0
40,40,45592.0,0,0
41,41,45592.0,0,0
42,42,45592.0,0,0
43,43,45592.0,0,0
44,44,45592.0,0,0
45,45,45592.0,0,0
46,46,45592.0,0,0
47,47,45592.0,0,0
48,48,45592.0,0,0
49,49,45592.0,0,0
50,50,45592.0,0,0
51,51,45592.0,0,0
52,52,45592.0,0,0
53,53,45592.0,0,0
54,54,45592.0,0,0
55,55,45592.0,0,0
56,56,45592.0,0,0
57,57,45592.0,0,0
58,58,45592.0,0,0
59,59,45592.0,0,0
60,60,45592.0,0,0
61,61,45592.0,0,0
62,62,45591.0,1,0
63,63,45590.0,2,0
64,64,45588.0,4,0
65,65,45587.0,5,0
66,66,45587.0,5,0
67,67,45586.0,6,0
68,68,45585.0,7,0
69,69,45571.0,20,1
70,70,45570.0,21,1
71,71,45562.0,28,2
72,72,45545.0,44,3
73,73,45540.0,49,3
74,74,45538.0,51,3
75,75,45526.0,61,5
76,76,45517.0,70,5
77,77,45508.0,79,5
78,78,45508.0,79,5
79,79,45507.0,80,5
80,80,45503.0,84,5
81,81,45500.0,87,5
82,82,45499.0,88,5
83,83,45499.0,88,5
84,84,45497.0,90,5
85,85,45482.0,105,5
86,86,45479.0,108,5
87,87,45467.0,120,5
88,88,45462.0,125,5
89,89,45442.0,145,5
90,90,45430.0,156,6
91,91,45428.0,158,6
92,92,45423.0,163,6
93,93,45421.0,165,6
94,94,45421.0,165,6
95,95,45421.0,165,6
96,96,45414.0,172,6
97,97,45407.0,179,6
98,98,45405.0,181,6
99,99,45401.0,185,6
100,100,45396.0,187,9
101,101,45396.0,187,9
102,102,45395.0,188,9
103,103,45391.0,192,9
104,104,45388.0,194,10
105,105,45385.0,197,10
106,106,45381.0,201,10
107,107,45380.0,202,10
108,108,45375.0,207,10
109,109,45375.0,207,10
110,110,45369.0,213,10
111,111,45360.0,221,11
112,112,45352.0,229,11
113,113,45340.0,241,11
114,114,45336.0,245,11
115,115,45335.0,246,11
116,116,45335.0,246,11
117,117,45328.0,253,11
118,118,45324.0,257,11
119,119,45319.0,262,11
120,120,45312.0,267,13
121,121,45297.0,281,14
122,122,45289.0,289,14
123,123,45282.0,296,14
124,124,45219.0,359,14
125,125,45182.0,396,14
126,126,45144.0,434,14
127,127,45120.0,458,14
128,128,45119.0,459,14
