,Days,S,I,D
0,0,151132.0,0,0
1,1,151132.0,0,0
2,2,151132.0,0,0
3,3,151132.0,0,0
4,4,151132.0,0,0
5,5,151132.0,0,0
6,6,151132.0,0,0
7,7,151132.0,0,0
8,8,151132.0,0,0
9,9,151132.0,0,0
10,10,151132.0,0,0
11,11,151132.0,0,0
12,12,151132.0,0,0
13,13,151132.0,0,0
14,14,151132.0,0,0
15,15,151132.0,0,0
16,16,151132.0,0,0
17,17,151132.0,0,0
18,18,151132.0,0,0
19,19,151132.0,0,0
20,20,151132.0,0,0
21,21,151132.0,0,0
22,22,151132.0,0,0
23,23,151132.0,0,0
24,24,151132.0,0,0
25,25,151132.0,0,0
26,26,151132.0,0,0
27,27,151132.0,0,0
28,28,151132.0,0,0
29,29,151132.0,0,0
30,30,151132.0,0,0
31,31,151132.0,0,0
32,32,151132.0,0,0
33,33,151132.0,0,0
34,34,151132.0,0,0
35,35,151132.0,0,0
36,36,151132.0,0,0
37,37,151132.0,0,0
38,38,151132.0,0,0
39,39,151132.0,0,0
40,40,151132.0,0,0
41,41,151132.0,0,0
42,42,151132.0,0,0
43,43,151132.0,0,0
44,44,151132.0,0,0
45,45,151132.0,0,0
46,46,151132.0,0,0
47,47,151132.0,0,0
48,48,151132.0,0,0
49,49,151132.0,0,0
50,50,151132.0,0,0
51,51,151132.0,0,0
52,52,151132.0,0,0
53,53,151132.0,0,0
54,54,151132.0,0,0
55,55,151132.0,0,0
56,56,151131.0,1,0
57,57,151130.0,2,0
58,58,151129.0,3,0
59,59,151128.0,4,0
60,60,151128.0,4,0
61,61,151127.0,5,0
62,62,151128.0,4,0
63,63,151127.0,5,0
64,64,151125.0,7,0
65,65,151121.0,11,0
66,66,151118.0,14,0
67,67,151114.0,18,0
68,68,151114.0,18,0
69,69,151111.0,21,0
70,70,151111.0,21,0
71,71,151099.0,33,0
72,72,151096.0,36,0
73,73,151093.0,39,0
74,74,151087.0,45,0
75,75,151080.0,52,0
76,76,151076.0,56,0
77,77,151071.0,60,1
78,78,151070.0,60,2
79,79,151064.0,66,2
80,80,151059.0,71,2
81,81,151057.0,73,2
82,82,151055.0,75,2
83,83,151055.0,75,2
84,84,151048.0,81,3
85,85,151044.0,85,3
86,86,151041.0,88,3
87,87,151037.0,92,3
88,88,151035.0,94,3
89,89,151033.0,96,3
90,90,151028.0,101,3
91,91,151024.0,105,3
92,92,151016.0,113,3
93,93,151014.0,115,3
94,94,151003.0,126,3
95,95,151003.0,126,3
96,96,151001.0,128,3
97,97,150985.0,144,3
98,98,150984.0,145,3
99,99,150952.0,177,3
100,100,150943.0,185,4
101,101,150937.0,191,4
102,102,150933.0,195,4
103,103,150928.0,200,4
104,104,150922.0,206,4
105,105,150912.0,213,7
106,106,150905.0,220,7
107,107,150897.0,227,8
108,108,150889.0,234,9
109,109,150885.0,237,10
110,110,150879.0,243,10
111,111,150869.0,252,11
112,112,150864.0,256,12
113,113,150859.0,261,12
114,114,150848.0,272,12
115,115,150842.0,278,12
116,116,150842.0,278,12
117,117,150838.0,282,12
118,118,150837.0,283,12
119,119,150837.0,283,12
120,120,150821.0,299,12
121,121,150812.0,307,13
122,122,150807.0,312,13
123,123,150799.0,320,13
124,124,150798.0,321,13
125,125,150795.0,324,13
126,126,150792.0,327,13
127,127,150788.0,331,13
128,128,150788.0,331,13
