,Days,S,I,D
0,0,381951.0,0,0
1,1,381951.0,0,0
2,2,381951.0,0,0
3,3,381951.0,0,0
4,4,381951.0,0,0
5,5,381951.0,0,0
6,6,381951.0,0,0
7,7,381951.0,0,0
8,8,381951.0,0,0
9,9,381951.0,0,0
10,10,381951.0,0,0
11,11,381951.0,0,0
12,12,381951.0,0,0
13,13,381951.0,0,0
14,14,381951.0,0,0
15,15,381951.0,0,0
16,16,381951.0,0,0
17,17,381951.0,0,0
18,18,381951.0,0,0
19,19,381951.0,0,0
20,20,381951.0,0,0
21,21,381951.0,0,0
22,22,381951.0,0,0
23,23,381951.0,0,0
24,24,381951.0,0,0
25,25,381951.0,0,0
26,26,381951.0,0,0
27,27,381951.0,0,0
28,28,381951.0,0,0
29,29,381951.0,0,0
30,30,381951.0,0,0
31,31,381951.0,0,0
32,32,381951.0,0,0
33,33,381951.0,0,0
34,34,381951.0,0,0
35,35,381951.0,0,0
36,36,381951.0,0,0
37,37,381951.0,0,0
38,38,381951.0,0,0
39,39,381951.0,0,0
40,40,381951.0,0,0
41,41,381951.0,0,0
42,42,381951.0,0,0
43,43,381951.0,0,0
44,44,381951.0,0,0
45,45,381951.0,0,0
46,46,381951.0,0,0
47,47,381951.0,0,0
48,48,381951.0,0,0
49,49,381951.0,0,0
50,50,381950.0,1,0
51,51,381948.0,3,0
52,52,381945.0,6,0
53,53,381945.0,6,0
54,54,381940.0,11,0
55,55,381936.0,15,0
56,56,381919.0,32,0
57,57,381900.0,51,0
58,58,381867.0,84,0
59,59,381863.0,88,0
60,60,381704.0,247,0
61,61,381562.0,389,0
62,62,381412.0,539,0
63,63,381312.0,638,1
64,64,381199.0,751,1
65,65,381038.0,910,3
66,66,380846.0,1101,4
67,67,380700.0,1247,4
68,68,380504.0,1435,12
69,69,380379.0,1560,12
70,70,380170.0,1756,25
71,71,379928.0,1993,30
72,72,379514.0,2397,40
73,73,379159.0,2741,51
74,74,378798.0,3102,51
75,75,378503.0,3397,51
76,76,378299.0,3599,53
77,77,378023.0,3865,63
78,78,377782.0,4090,79
79,79,377331.0,4532,88
80,80,377008.0,4847,96
81,81,376813.0,5027,111
82,82,376649.0,5182,120
83,83,376247.0,5578,126
84,84,376102.0,5716,133
85,85,375922.0,5888,141
86,86,375726.0,6084,141
87,87,375544.0,6266,141
88,88,375404.0,6379,168
89,89,375297.0,6482,172
90,90,375207.0,6561,183
91,91,375076.0,6690,185
92,92,374943.0,6816,192
93,93,374599.0,7155,197
94,94,373775.0,7973,203
95,95,373638.0,8106,207
96,96,373494.0,8238,219
97,97,373349.0,8374,228
98,98,373227.0,8488,236
99,99,373061.0,8650,240
100,100,372954.0,8751,246
101,101,372792.0,8910,249
102,102,372732.0,8967,252
103,103,372680.0,9015,256
104,104,372549.0,9144,258
105,105,372437.0,9215,299
106,106,372321.0,9328,302
107,107,372243.0,9402,306
108,108,372154.0,9486,311
109,109,372092.0,9543,316
110,110,372048.0,9584,319
111,111,371994.0,9632,325
112,112,371928.0,9693,330
113,113,371847.0,9771,333
114,114,371791.0,9825,335
115,115,371730.0,9879,342
116,116,371661.0,9943,347
117,117,371636.0,9965,350
118,118,371610.0,9988,353
119,119,371549.0,10043,359
120,120,371499.0,10092,360
121,121,371449.0,10142,360
122,122,371394.0,10197,360
123,123,371364.0,10225,362
124,124,371342.0,10244,365
125,125,371304.0,10277,370
126,126,371288.0,10292,371
127,127,371252.0,10325,374
128,128,371216.0,10361,374
