,Days,S,I,D
0,0,204826.0,0,0
1,1,204826.0,0,0
2,2,204826.0,0,0
3,3,204826.0,0,0
4,4,204826.0,0,0
5,5,204826.0,0,0
6,6,204826.0,0,0
7,7,204826.0,0,0
8,8,204826.0,0,0
9,9,204826.0,0,0
10,10,204826.0,0,0
11,11,204826.0,0,0
12,12,204826.0,0,0
13,13,204826.0,0,0
14,14,204826.0,0,0
15,15,204826.0,0,0
16,16,204826.0,0,0
17,17,204826.0,0,0
18,18,204826.0,0,0
19,19,204826.0,0,0
20,20,204826.0,0,0
21,21,204826.0,0,0
22,22,204826.0,0,0
23,23,204826.0,0,0
24,24,204826.0,0,0
25,25,204826.0,0,0
26,26,204826.0,0,0
27,27,204826.0,0,0
28,28,204826.0,0,0
29,29,204826.0,0,0
30,30,204826.0,0,0
31,31,204826.0,0,0
32,32,204826.0,0,0
33,33,204826.0,0,0
34,34,204826.0,0,0
35,35,204826.0,0,0
36,36,204826.0,0,0
37,37,204826.0,0,0
38,38,204826.0,0,0
39,39,204826.0,0,0
40,40,204826.0,0,0
41,41,204826.0,0,0
42,42,204826.0,0,0
43,43,204826.0,0,0
44,44,204826.0,0,0
45,45,204826.0,0,0
46,46,204826.0,0,0
47,47,204826.0,0,0
48,48,204826.0,0,0
49,49,204826.0,0,0
50,50,204826.0,0,0
51,51,204826.0,0,0
52,52,204826.0,0,0
53,53,204826.0,0,0
54,54,204826.0,0,0
55,55,204826.0,0,0
56,56,204826.0,0,0
57,57,204824.0,2,0
58,58,204824.0,2,0
59,59,204822.0,4,0
60,60,204820.0,6,0
61,61,204819.0,7,0
62,62,204815.0,11,0
63,63,204814.0,12,0
64,64,204811.0,15,0
65,65,204806.0,20,0
66,66,204800.0,26,0
67,67,204795.0,31,0
68,68,204787.0,38,1
69,69,204785.0,40,1
70,70,204778.0,47,1
71,71,204775.0,50,1
72,72,204764.0,61,1
73,73,204756.0,69,1
74,74,204755.0,70,1
75,75,204748.0,77,1
76,76,204748.0,77,1
77,77,204746.0,79,1
78,78,204740.0,84,2
79,79,204736.0,88,2
80,80,204735.0,89,2
81,81,204730.0,94,2
82,82,204728.0,96,2
83,83,204725.0,99,2
84,84,204715.0,108,3
85,85,204709.0,114,3
86,86,204704.0,119,3
87,87,204704.0,119,3
88,88,204701.0,122,3
89,89,204701.0,122,3
90,90,204696.0,127,3
91,91,204695.0,128,3
92,92,204691.0,132,3
93,93,204686.0,137,3
94,94,204685.0,138,3
95,95,204680.0,143,3
96,96,204675.0,148,3
97,97,204672.0,151,3
98,98,204669.0,153,4
99,99,204662.0,160,4
100,100,204659.0,163,4
101,101,204654.0,168,4
102,102,204647.0,175,4
103,103,204643.0,179,4
104,104,204638.0,184,4
105,105,204632.0,190,4
106,106,204626.0,196,4
107,107,204623.0,199,4
108,108,204611.0,211,4
109,109,204602.0,220,4
110,110,204600.0,222,4
111,111,204590.0,232,4
112,112,204588.0,234,4
113,113,204582.0,240,4
114,114,204580.0,241,5
115,115,204564.0,257,5
116,116,204563.0,258,5
117,117,204554.0,263,9
118,118,204551.0,266,9
119,119,204539.0,277,10
120,120,204535.0,280,11
121,121,204533.0,282,11
122,122,204523.0,292,11
123,123,204517.0,296,13
124,124,204513.0,300,13
125,125,204511.0,302,13
126,126,204511.0,302,13
127,127,204503.0,310,13
128,128,204493.0,320,13
