,Days,S,I,D
0,0,159256.0,0,0
1,1,159256.0,0,0
2,2,159256.0,0,0
3,3,159256.0,0,0
4,4,159256.0,0,0
5,5,159256.0,0,0
6,6,159256.0,0,0
7,7,159256.0,0,0
8,8,159256.0,0,0
9,9,159256.0,0,0
10,10,159256.0,0,0
11,11,159256.0,0,0
12,12,159256.0,0,0
13,13,159256.0,0,0
14,14,159256.0,0,0
15,15,159256.0,0,0
16,16,159256.0,0,0
17,17,159256.0,0,0
18,18,159256.0,0,0
19,19,159256.0,0,0
20,20,159256.0,0,0
21,21,159256.0,0,0
22,22,159256.0,0,0
23,23,159256.0,0,0
24,24,159256.0,0,0
25,25,159256.0,0,0
26,26,159256.0,0,0
27,27,159256.0,0,0
28,28,159256.0,0,0
29,29,159256.0,0,0
30,30,159256.0,0,0
31,31,159256.0,0,0
32,32,159256.0,0,0
33,33,159256.0,0,0
34,34,159256.0,0,0
35,35,159256.0,0,0
36,36,159256.0,0,0
37,37,159256.0,0,0
38,38,159256.0,0,0
39,39,159256.0,0,0
40,40,159256.0,0,0
41,41,159256.0,0,0
42,42,159256.0,0,0
43,43,159256.0,0,0
44,44,159256.0,0,0
45,45,159256.0,0,0
46,46,159256.0,0,0
47,47,159256.0,0,0
48,48,159256.0,0,0
49,49,159256.0,0,0
50,50,159255.0,1,0
51,51,159255.0,1,0
52,52,159253.0,3,0
53,53,159253.0,3,0
54,54,159253.0,3,0
55,55,159253.0,3,0
56,56,159253.0,3,0
57,57,159252.0,4,0
58,58,159252.0,4,0
59,59,159252.0,4,0
60,60,159252.0,4,0
61,61,159251.0,5,0
62,62,159251.0,5,0
63,63,159251.0,5,0
64,64,159251.0,5,0
65,65,159251.0,5,0
66,66,159251.0,5,0
67,67,159251.0,5,0
68,68,159251.0,5,0
69,69,159251.0,5,0
70,70,159251.0,5,0
71,71,159251.0,5,0
72,72,159251.0,5,0
73,73,159250.0,6,0
74,74,159250.0,6,0
75,75,159250.0,6,0
76,76,159250.0,6,0
77,77,159249.0,7,0
78,78,159249.0,7,0
79,79,159249.0,7,0
80,80,159249.0,7,0
81,81,159249.0,7,0
82,82,159249.0,7,0
83,83,159249.0,7,0
84,84,159249.0,7,0
85,85,159245.0,11,0
86,86,159242.0,14,0
87,87,159240.0,16,0
88,88,159240.0,16,0
89,89,159239.0,17,0
90,90,159238.0,18,0
91,91,159236.0,20,0
92,92,159231.0,25,0
93,93,159223.0,33,0
94,94,159218.0,38,0
95,95,159218.0,38,0
96,96,159201.0,55,0
97,97,159170.0,86,0
98,98,159090.0,166,0
99,99,158989.0,267,0
100,100,158821.0,435,0
101,101,158725.0,531,0
102,102,158667.0,589,0
103,103,158526.0,728,2
104,104,158439.0,815,2
105,105,158278.0,975,3
106,106,158091.0,1161,4
107,107,157978.0,1274,4
108,108,157903.0,1348,5
109,109,157846.0,1405,5
110,110,157807.0,1443,6
111,111,157738.0,1512,6
112,112,157691.0,1558,7
113,113,157638.0,1609,9
114,114,157606.0,1641,9
115,115,157571.0,1675,10
116,116,157533.0,1713,10
117,117,157506.0,1740,10
118,118,157464.0,1782,10
119,119,157414.0,1831,11
120,120,157392.0,1853,11
121,121,157363.0,1881,12
122,122,157326.0,1918,12
123,123,157321.0,1923,12
124,124,157294.0,1950,12
125,125,157285.0,1959,12
126,126,157260.0,1984,12
127,127,157249.0,1995,12
128,128,157242.0,2001,13
