,Days,S,I,D
0,0,928589.0,0,0
1,1,928589.0,0,0
2,2,928589.0,0,0
3,3,928589.0,0,0
4,4,928589.0,0,0
5,5,928589.0,0,0
6,6,928589.0,0,0
7,7,928589.0,0,0
8,8,928589.0,0,0
9,9,928589.0,0,0
10,10,928589.0,0,0
11,11,928589.0,0,0
12,12,928589.0,0,0
13,13,928589.0,0,0
14,14,928589.0,0,0
15,15,928589.0,0,0
16,16,928589.0,0,0
17,17,928589.0,0,0
18,18,928589.0,0,0
19,19,928589.0,0,0
20,20,928589.0,0,0
21,21,928589.0,0,0
22,22,928589.0,0,0
23,23,928589.0,0,0
24,24,928589.0,0,0
25,25,928589.0,0,0
26,26,928589.0,0,0
27,27,928589.0,0,0
28,28,928589.0,0,0
29,29,928589.0,0,0
30,30,928589.0,0,0
31,31,928589.0,0,0
32,32,928589.0,0,0
33,33,928589.0,0,0
34,34,928589.0,0,0
35,35,928589.0,0,0
36,36,928589.0,0,0
37,37,928589.0,0,0
38,38,928589.0,0,0
39,39,928589.0,0,0
40,40,928589.0,0,0
41,41,928589.0,0,0
42,42,928589.0,0,0
43,43,928589.0,0,0
44,44,928589.0,0,0
45,45,928589.0,0,0
46,46,928589.0,0,0
47,47,928589.0,0,0
48,48,928589.0,0,0
49,49,928589.0,0,0
50,50,928589.0,0,0
51,51,928589.0,0,0
52,52,928588.0,1,0
53,53,928588.0,1,0
54,54,928584.0,5,0
55,55,928563.0,26,0
56,56,928544.0,45,0
57,57,928535.0,54,0
58,58,928532.0,57,0
59,59,928524.0,65,0
60,60,928510.0,79,0
61,61,928494.0,95,0
62,62,928485.0,103,1
63,63,928457.0,131,1
64,64,928406.0,182,1
65,65,928389.0,199,1
66,66,928381.0,202,6
67,67,928308.0,274,7
68,68,928261.0,320,8
69,69,928223.0,356,10
70,70,928185.0,392,12
71,71,928127.0,448,14
72,72,928073.0,500,16
73,73,927981.0,590,18
74,74,927911.0,656,22
75,75,927852.0,715,22
76,76,927768.0,795,26
77,77,927684.0,875,30
78,78,927610.0,943,36
79,79,927539.0,1008,42
80,80,927493.0,1048,48
81,81,927377.0,1162,50
82,82,927316.0,1223,50
83,83,927216.0,1312,61
84,84,927137.0,1386,66
85,85,927057.0,1463,69
86,86,926952.0,1560,77
87,87,926865.0,1642,82
88,88,926809.0,1695,85
89,89,926738.0,1761,90
90,90,926627.0,1864,98
91,91,926539.0,1947,103
92,92,926424.0,2047,118
93,93,926245.0,2219,125
94,94,926151.0,2311,127
95,95,926015.0,2443,131
96,96,925828.0,2628,133
97,97,925714.0,2736,139
98,98,925577.0,2870,142
99,99,925345.0,3081,163
100,100,925159.0,3256,174
101,101,924969.0,3432,188
102,102,924786.0,3611,192
103,103,924590.0,3803,196
104,104,924464.0,3918,207
105,105,924313.0,4056,220
106,106,924148.0,4213,228
107,107,923979.0,4374,236
108,108,923849.0,4493,247
109,109,923738.0,4603,248
110,110,923593.0,4745,251
111,111,923210.0,5121,258
112,112,923074.0,5244,271
113,113,922857.0,5453,279
114,114,922668.0,5634,287
115,115,922516.0,5780,293
116,116,922387.0,5904,298
117,117,922213.0,6076,300
118,118,922103.0,6171,315
119,119,921955.0,6308,326
120,120,921786.0,6471,332
121,121,921508.0,6744,337
122,122,921359.0,6891,339
123,123,921190.0,7060,339
124,124,921043.0,7207,339
125,125,920959.0,7290,340
126,126,920892.0,7350,347
127,127,920779.0,7460,350
128,128,920684.0,7543,362
