,Days,S,I,D
0,0,13442.0,0,0
1,1,13442.0,0,0
2,2,13442.0,0,0
3,3,13442.0,0,0
4,4,13442.0,0,0
5,5,13442.0,0,0
6,6,13442.0,0,0
7,7,13442.0,0,0
8,8,13442.0,0,0
9,9,13442.0,0,0
10,10,13442.0,0,0
11,11,13442.0,0,0
12,12,13442.0,0,0
13,13,13442.0,0,0
14,14,13442.0,0,0
15,15,13442.0,0,0
16,16,13442.0,0,0
17,17,13442.0,0,0
18,18,13442.0,0,0
19,19,13442.0,0,0
20,20,13442.0,0,0
21,21,13442.0,0,0
22,22,13442.0,0,0
23,23,13442.0,0,0
24,24,13442.0,0,0
25,25,13442.0,0,0
26,26,13442.0,0,0
27,27,13442.0,0,0
28,28,13442.0,0,0
29,29,13442.0,0,0
30,30,13442.0,0,0
31,31,13442.0,0,0
32,32,13442.0,0,0
33,33,13442.0,0,0
34,34,13442.0,0,0
35,35,13442.0,0,0
36,36,13442.0,0,0
37,37,13442.0,0,0
38,38,13442.0,0,0
39,39,13442.0,0,0
40,40,13442.0,0,0
41,41,13442.0,0,0
42,42,13442.0,0,0
43,43,13442.0,0,0
44,44,13442.0,0,0
45,45,13442.0,0,0
46,46,13442.0,0,0
47,47,13442.0,0,0
48,48,13442.0,0,0
49,49,13442.0,0,0
50,50,13442.0,0,0
51,51,13442.0,0,0
52,52,13442.0,0,0
53,53,13442.0,0,0
54,54,13442.0,0,0
55,55,13442.0,0,0
56,56,13442.0,0,0
57,57,13442.0,0,0
58,58,13442.0,0,0
59,59,13442.0,0,0
60,60,13442.0,0,0
61,61,13442.0,0,0
62,62,13442.0,0,0
63,63,13442.0,0,0
64,64,13442.0,0,0
65,65,13442.0,0,0
66,66,13442.0,0,0
67,67,13442.0,0,0
68,68,13442.0,0,0
69,69,13442.0,0,0
70,70,13442.0,0,0
71,71,13442.0,0,0
72,72,13442.0,0,0
73,73,13442.0,0,0
74,74,13442.0,0,0
75,75,13442.0,0,0
76,76,13442.0,0,0
77,77,13441.0,1,0
78,78,13439.0,3,0
79,79,13439.0,3,0
80,80,13439.0,3,0
81,81,13430.0,12,0
82,82,13430.0,12,0
83,83,13418.0,23,1
84,84,13415.0,26,1
85,85,13403.0,37,2
86,86,13397.0,43,2
87,87,13397.0,43,2
88,88,13384.0,55,3
89,89,13383.0,56,3
90,90,13382.0,56,4
91,91,13382.0,56,4
92,92,13382.0,56,4
93,93,13381.0,56,5
94,94,13381.0,56,5
95,95,13380.0,56,6
96,96,13380.0,56,6
97,97,13380.0,56,6
98,98,13379.0,56,7
99,99,13379.0,56,7
100,100,13378.0,56,8
101,101,13378.0,56,8
102,102,13378.0,56,8
103,103,13378.0,56,8
104,104,13376.0,56,10
105,105,13374.0,56,12
106,106,13374.0,56,12
107,107,13374.0,56,12
108,108,13374.0,56,12
109,109,13374.0,56,12
110,110,13374.0,56,12
111,111,13374.0,56,12
112,112,13373.0,57,12
113,113,13373.0,57,12
114,114,13373.0,57,12
115,115,13373.0,57,12
116,116,13373.0,57,12
117,117,13373.0,57,12
118,118,13373.0,57,12
119,119,13371.0,59,12
120,120,13369.0,60,13
121,121,13369.0,60,13
122,122,13369.0,60,13
123,123,13369.0,60,13
124,124,13369.0,60,13
125,125,13368.0,61,13
126,126,13368.0,61,13
127,127,13368.0,61,13
128,128,13368.0,61,13
