,Days,S,I,D
0,0,100657.0,0,0
1,1,100657.0,0,0
2,2,100657.0,0,0
3,3,100657.0,0,0
4,4,100657.0,0,0
5,5,100657.0,0,0
6,6,100657.0,0,0
7,7,100657.0,0,0
8,8,100657.0,0,0
9,9,100657.0,0,0
10,10,100657.0,0,0
11,11,100657.0,0,0
12,12,100657.0,0,0
13,13,100657.0,0,0
14,14,100657.0,0,0
15,15,100657.0,0,0
16,16,100657.0,0,0
17,17,100657.0,0,0
18,18,100657.0,0,0
19,19,100657.0,0,0
20,20,100657.0,0,0
21,21,100657.0,0,0
22,22,100657.0,0,0
23,23,100657.0,0,0
24,24,100657.0,0,0
25,25,100657.0,0,0
26,26,100657.0,0,0
27,27,100657.0,0,0
28,28,100657.0,0,0
29,29,100657.0,0,0
30,30,100657.0,0,0
31,31,100657.0,0,0
32,32,100657.0,0,0
33,33,100657.0,0,0
34,34,100657.0,0,0
35,35,100657.0,0,0
36,36,100657.0,0,0
37,37,100657.0,0,0
38,38,100657.0,0,0
39,39,100657.0,0,0
40,40,100657.0,0,0
41,41,100657.0,0,0
42,42,100657.0,0,0
43,43,100657.0,0,0
44,44,100657.0,0,0
45,45,100657.0,0,0
46,46,100657.0,0,0
47,47,100657.0,0,0
48,48,100657.0,0,0
49,49,100657.0,0,0
50,50,100657.0,0,0
51,51,100657.0,0,0
52,52,100657.0,0,0
53,53,100657.0,0,0
54,54,100657.0,0,0
55,55,100657.0,0,0
56,56,100657.0,0,0
57,57,100657.0,0,0
58,58,100657.0,0,0
59,59,100657.0,0,0
60,60,100657.0,0,0
61,61,100657.0,0,0
62,62,100657.0,0,0
63,63,100657.0,0,0
64,64,100655.0,2,0
65,65,100654.0,3,0
66,66,100654.0,3,0
67,67,100653.0,4,0
68,68,100653.0,4,0
69,69,100652.0,5,0
70,70,100648.0,9,0
71,71,100647.0,10,0
72,72,100647.0,10,0
73,73,100647.0,10,0
74,74,100647.0,10,0
75,75,100647.0,10,0
76,76,100646.0,11,0
77,77,100643.0,14,0
78,78,100643.0,14,0
79,79,100641.0,16,0
80,80,100637.0,20,0
81,81,100637.0,20,0
82,82,100635.0,22,0
83,83,100633.0,24,0
84,84,100627.0,30,0
85,85,100627.0,30,0
86,86,100625.0,32,0
87,87,100623.0,34,0
88,88,100623.0,34,0
89,89,100621.0,36,0
90,90,100617.0,40,0
91,91,100609.0,48,0
92,92,100609.0,48,0
93,93,100608.0,49,0
94,94,100606.0,51,0
95,95,100606.0,51,0
96,96,100600.0,56,1
97,97,100598.0,58,1
98,98,100581.0,75,1
99,99,100581.0,75,1
100,100,100581.0,75,1
101,101,100569.0,85,3
102,102,100569.0,85,3
103,103,100566.0,88,3
104,104,100563.0,91,3
105,105,100559.0,95,3
106,106,100558.0,96,3
107,107,100553.0,100,4
108,108,100553.0,100,4
109,109,100553.0,100,4
110,110,100549.0,104,4
111,111,100540.0,113,4
112,112,100537.0,116,4
113,113,100530.0,123,4
114,114,100527.0,125,5
115,115,100518.0,134,5
116,116,100518.0,134,5
117,117,100518.0,134,5
118,118,100516.0,136,5
119,119,100509.0,143,5
120,120,100501.0,147,9
121,121,100496.0,151,10
122,122,100496.0,151,10
123,123,100496.0,151,10
124,124,100496.0,151,10
125,125,100491.0,155,11
126,126,100489.0,156,12
127,127,100485.0,159,13
128,128,100480.0,164,13
