,Days,S,I,D
0,0,166614.0,0,0
1,1,166614.0,0,0
2,2,166614.0,0,0
3,3,166614.0,0,0
4,4,166614.0,0,0
5,5,166614.0,0,0
6,6,166614.0,0,0
7,7,166614.0,0,0
8,8,166614.0,0,0
9,9,166614.0,0,0
10,10,166614.0,0,0
11,11,166614.0,0,0
12,12,166614.0,0,0
13,13,166614.0,0,0
14,14,166614.0,0,0
15,15,166614.0,0,0
16,16,166614.0,0,0
17,17,166614.0,0,0
18,18,166614.0,0,0
19,19,166614.0,0,0
20,20,166614.0,0,0
21,21,166614.0,0,0
22,22,166614.0,0,0
23,23,166614.0,0,0
24,24,166614.0,0,0
25,25,166614.0,0,0
26,26,166614.0,0,0
27,27,166614.0,0,0
28,28,166614.0,0,0
29,29,166614.0,0,0
30,30,166614.0,0,0
31,31,166614.0,0,0
32,32,166614.0,0,0
33,33,166614.0,0,0
34,34,166614.0,0,0
35,35,166614.0,0,0
36,36,166614.0,0,0
37,37,166614.0,0,0
38,38,166614.0,0,0
39,39,166614.0,0,0
40,40,166614.0,0,0
41,41,166614.0,0,0
42,42,166614.0,0,0
43,43,166614.0,0,0
44,44,166614.0,0,0
45,45,166614.0,0,0
46,46,166614.0,0,0
47,47,166614.0,0,0
48,48,166614.0,0,0
49,49,166614.0,0,0
50,50,166614.0,0,0
51,51,166614.0,0,0
52,52,166614.0,0,0
53,53,166614.0,0,0
54,54,166614.0,0,0
55,55,166614.0,0,0
56,56,166614.0,0,0
57,57,166613.0,1,0
58,58,166613.0,1,0
59,59,166613.0,1,0
60,60,166613.0,1,0
61,61,166613.0,1,0
62,62,166612.0,2,0
63,63,166612.0,2,0
64,64,166611.0,3,0
65,65,166610.0,4,0
66,66,166600.0,14,0
67,67,166598.0,16,0
68,68,166595.0,19,0
69,69,166592.0,22,0
70,70,166586.0,28,0
71,71,166579.0,35,0
72,72,166571.0,43,0
73,73,166561.0,53,0
74,74,166557.0,57,0
75,75,166551.0,63,0
76,76,166543.0,70,1
77,77,166540.0,73,1
78,78,166535.0,78,1
79,79,166531.0,81,2
80,80,166527.0,85,2
81,81,166527.0,85,2
82,82,166528.0,84,2
83,83,166526.0,86,2
84,84,166525.0,87,2
85,85,166521.0,91,2
86,86,166518.0,94,2
87,87,166518.0,94,2
88,88,166518.0,94,2
89,89,166518.0,94,2
90,90,166516.0,96,2
91,91,166509.0,103,2
92,92,166505.0,107,2
93,93,166499.0,113,2
94,94,166491.0,120,3
95,95,166455.0,155,4
96,96,166455.0,155,4
97,97,166449.0,160,5
98,98,166447.0,160,7
99,99,166444.0,163,7
100,100,166440.0,166,8
101,101,166427.0,179,8
102,102,166427.0,179,8
103,103,166426.0,179,9
104,104,166422.0,183,9
105,105,166419.0,186,9
106,106,166414.0,191,9
107,107,166405.0,199,10
108,108,166403.0,201,10
109,109,166402.0,202,10
110,110,166399.0,205,10
111,111,166377.0,227,10
112,112,166372.0,232,10
113,113,166361.0,243,10
114,114,166349.0,255,10
115,115,166330.0,274,10
116,116,166316.0,288,10
117,117,166311.0,293,10
118,118,166297.0,306,11
119,119,166289.0,314,11
120,120,166280.0,323,11
121,121,166271.0,332,11
122,122,166258.0,345,11
123,123,166251.0,352,11
124,124,166244.0,359,11
125,125,166244.0,359,11
126,126,166243.0,360,11
127,127,166235.0,368,11
128,128,166217.0,385,12
