,Days,S,I,D
0,0,15902.0,0,0
1,1,15902.0,0,0
2,2,15902.0,0,0
3,3,15902.0,0,0
4,4,15902.0,0,0
5,5,15902.0,0,0
6,6,15902.0,0,0
7,7,15902.0,0,0
8,8,15902.0,0,0
9,9,15902.0,0,0
10,10,15902.0,0,0
11,11,15902.0,0,0
12,12,15902.0,0,0
13,13,15902.0,0,0
14,14,15902.0,0,0
15,15,15902.0,0,0
16,16,15902.0,0,0
17,17,15902.0,0,0
18,18,15902.0,0,0
19,19,15902.0,0,0
20,20,15902.0,0,0
21,21,15902.0,0,0
22,22,15902.0,0,0
23,23,15902.0,0,0
24,24,15902.0,0,0
25,25,15902.0,0,0
26,26,15902.0,0,0
27,27,15902.0,0,0
28,28,15902.0,0,0
29,29,15902.0,0,0
30,30,15902.0,0,0
31,31,15902.0,0,0
32,32,15902.0,0,0
33,33,15902.0,0,0
34,34,15902.0,0,0
35,35,15902.0,0,0
36,36,15902.0,0,0
37,37,15902.0,0,0
38,38,15902.0,0,0
39,39,15902.0,0,0
40,40,15902.0,0,0
41,41,15902.0,0,0
42,42,15902.0,0,0
43,43,15902.0,0,0
44,44,15902.0,0,0
45,45,15902.0,0,0
46,46,15902.0,0,0
47,47,15902.0,0,0
48,48,15902.0,0,0
49,49,15902.0,0,0
50,50,15902.0,0,0
51,51,15902.0,0,0
52,52,15902.0,0,0
53,53,15902.0,0,0
54,54,15902.0,0,0
55,55,15902.0,0,0
56,56,15902.0,0,0
57,57,15902.0,0,0
58,58,15902.0,0,0
59,59,15902.0,0,0
60,60,15902.0,0,0
61,61,15902.0,0,0
62,62,15902.0,0,0
63,63,15901.0,1,0
64,64,15901.0,1,0
65,65,15901.0,1,0
66,66,15901.0,1,0
67,67,15901.0,1,0
68,68,15901.0,1,0
69,69,15901.0,1,0
70,70,15901.0,1,0
71,71,15901.0,1,0
72,72,15901.0,1,0
73,73,15901.0,1,0
74,74,15901.0,1,0
75,75,15898.0,4,0
76,76,15897.0,5,0
77,77,15897.0,5,0
78,78,15895.0,7,0
79,79,15894.0,8,0
80,80,15894.0,8,0
81,81,15894.0,8,0
82,82,15894.0,8,0
83,83,15893.0,9,0
84,84,15891.0,11,0
85,85,15890.0,12,0
86,86,15888.0,14,0
87,87,15888.0,14,0
88,88,15888.0,14,0
89,89,15887.0,15,0
90,90,15887.0,15,0
91,91,15886.0,16,0
92,92,15881.0,21,0
93,93,15880.0,22,0
94,94,15877.0,25,0
95,95,15877.0,25,0
96,96,15872.0,30,0
97,97,15871.0,30,1
98,98,15867.0,34,1
99,99,15866.0,34,2
100,100,15860.0,40,2
101,101,15859.0,40,3
102,102,15857.0,42,3
103,103,15852.0,47,3
104,104,15851.0,48,3
105,105,15842.0,56,4
106,106,15841.0,57,4
107,107,15840.0,58,4
108,108,15839.0,59,4
109,109,15834.0,64,4
110,110,15830.0,67,5
111,111,15829.0,67,6
112,112,15827.0,67,8
113,113,15826.0,68,8
114,114,15826.0,68,8
115,115,15825.0,68,9
116,116,15824.0,69,9
117,117,15822.0,70,10
118,118,15817.0,75,10
119,119,15816.0,76,10
120,120,15812.0,80,10
121,121,15809.0,82,11
122,122,15809.0,82,11
123,123,15808.0,83,11
124,124,15801.0,90,11
125,125,15795.0,96,11
126,126,15791.0,100,11
127,127,15790.0,100,12
128,128,15783.0,106,13
