,Days,S,I,D
0,0,18507.0,0,0
1,1,18507.0,0,0
2,2,18507.0,0,0
3,3,18507.0,0,0
4,4,18507.0,0,0
5,5,18507.0,0,0
6,6,18507.0,0,0
7,7,18507.0,0,0
8,8,18507.0,0,0
9,9,18507.0,0,0
10,10,18507.0,0,0
11,11,18507.0,0,0
12,12,18507.0,0,0
13,13,18507.0,0,0
14,14,18507.0,0,0
15,15,18507.0,0,0
16,16,18507.0,0,0
17,17,18507.0,0,0
18,18,18507.0,0,0
19,19,18507.0,0,0
20,20,18507.0,0,0
21,21,18507.0,0,0
22,22,18507.0,0,0
23,23,18507.0,0,0
24,24,18507.0,0,0
25,25,18507.0,0,0
26,26,18507.0,0,0
27,27,18507.0,0,0
28,28,18507.0,0,0
29,29,18507.0,0,0
30,30,18507.0,0,0
31,31,18507.0,0,0
32,32,18507.0,0,0
33,33,18507.0,0,0
34,34,18507.0,0,0
35,35,18507.0,0,0
36,36,18507.0,0,0
37,37,18507.0,0,0
38,38,18507.0,0,0
39,39,18507.0,0,0
40,40,18507.0,0,0
41,41,18507.0,0,0
42,42,18507.0,0,0
43,43,18507.0,0,0
44,44,18507.0,0,0
45,45,18507.0,0,0
46,46,18507.0,0,0
47,47,18507.0,0,0
48,48,18507.0,0,0
49,49,18507.0,0,0
50,50,18507.0,0,0
51,51,18507.0,0,0
52,52,18507.0,0,0
53,53,18507.0,0,0
54,54,18507.0,0,0
55,55,18507.0,0,0
56,56,18507.0,0,0
57,57,18507.0,0,0
58,58,18507.0,0,0
59,59,18507.0,0,0
60,60,18507.0,0,0
61,61,18507.0,0,0
62,62,18507.0,0,0
63,63,18507.0,0,0
64,64,18507.0,0,0
65,65,18507.0,0,0
66,66,18507.0,0,0
67,67,18507.0,0,0
68,68,18506.0,1,0
69,69,18506.0,1,0
70,70,18506.0,1,0
71,71,18504.0,3,0
72,72,18502.0,5,0
73,73,18502.0,5,0
74,74,18502.0,5,0
75,75,18501.0,6,0
76,76,18501.0,6,0
77,77,18500.0,7,0
78,78,18500.0,7,0
79,79,18498.0,9,0
80,80,18498.0,9,0
81,81,18497.0,10,0
82,82,18494.0,13,0
83,83,18494.0,13,0
84,84,18493.0,14,0
85,85,18490.0,17,0
86,86,18489.0,18,0
87,87,18487.0,20,0
88,88,18487.0,20,0
89,89,18486.0,21,0
90,90,18485.0,21,1
91,91,18458.0,47,2
92,92,18455.0,49,3
93,93,18450.0,53,4
94,94,18449.0,54,4
95,95,18447.0,56,4
96,96,18442.0,60,5
97,97,18437.0,65,5
98,98,18437.0,65,5
99,99,18432.0,70,5
100,100,18430.0,72,5
101,101,18430.0,72,5
102,102,18430.0,72,5
103,103,18426.0,74,7
104,104,18421.0,77,9
105,105,18419.0,78,10
106,106,18409.0,88,10
107,107,18408.0,89,10
108,108,18405.0,92,10
109,109,18404.0,93,10
110,110,18403.0,94,10
111,111,18401.0,96,10
112,112,18398.0,99,10
113,113,18389.0,108,10
114,114,18389.0,108,10
115,115,18389.0,108,10
116,116,18388.0,108,11
117,117,18384.0,112,11
118,118,18383.0,113,11
119,119,18381.0,115,11
120,120,18377.0,118,12
121,121,18373.0,121,13
122,122,18370.0,124,13
123,123,18361.0,133,13
124,124,18360.0,134,13
125,125,18356.0,138,13
126,126,18350.0,144,13
127,127,18343.0,151,13
128,128,18338.0,156,13
