,Days,S,I,D
0,0,130090.0,0,0
1,1,130090.0,0,0
2,2,130090.0,0,0
3,3,130090.0,0,0
4,4,130090.0,0,0
5,5,130090.0,0,0
6,6,130090.0,0,0
7,7,130090.0,0,0
8,8,130090.0,0,0
9,9,130090.0,0,0
10,10,130090.0,0,0
11,11,130090.0,0,0
12,12,130090.0,0,0
13,13,130090.0,0,0
14,14,130090.0,0,0
15,15,130090.0,0,0
16,16,130090.0,0,0
17,17,130090.0,0,0
18,18,130090.0,0,0
19,19,130090.0,0,0
20,20,130090.0,0,0
21,21,130090.0,0,0
22,22,130090.0,0,0
23,23,130090.0,0,0
24,24,130090.0,0,0
25,25,130090.0,0,0
26,26,130090.0,0,0
27,27,130090.0,0,0
28,28,130090.0,0,0
29,29,130090.0,0,0
30,30,130090.0,0,0
31,31,130090.0,0,0
32,32,130090.0,0,0
33,33,130090.0,0,0
34,34,130090.0,0,0
35,35,130090.0,0,0
36,36,130090.0,0,0
37,37,130090.0,0,0
38,38,130090.0,0,0
39,39,130090.0,0,0
40,40,130090.0,0,0
41,41,130090.0,0,0
42,42,130090.0,0,0
43,43,130090.0,0,0
44,44,130090.0,0,0
45,45,130090.0,0,0
46,46,130090.0,0,0
47,47,130090.0,0,0
48,48,130090.0,0,0
49,49,130090.0,0,0
50,50,130090.0,0,0
51,51,130090.0,0,0
52,52,130090.0,0,0
53,53,130090.0,0,0
54,54,130090.0,0,0
55,55,130090.0,0,0
56,56,130090.0,0,0
57,57,130090.0,0,0
58,58,130090.0,0,0
59,59,130089.0,1,0
60,60,130087.0,3,0
61,61,130086.0,4,0
62,62,130085.0,5,0
63,63,130083.0,7,0
64,64,130083.0,7,0
65,65,130079.0,11,0
66,66,130078.0,12,0
67,67,130073.0,17,0
68,68,130073.0,17,0
69,69,130069.0,21,0
70,70,130069.0,21,0
71,71,130055.0,35,0
72,72,130054.0,36,0
73,73,130047.0,43,0
74,74,130046.0,44,0
75,75,130044.0,46,0
76,76,130044.0,46,0
77,77,130042.0,48,0
78,78,130042.0,48,0
79,79,130037.0,53,0
80,80,130032.0,58,0
81,81,130031.0,59,0
82,82,130029.0,61,0
83,83,130021.0,69,0
84,84,130021.0,69,0
85,85,130014.0,76,0
86,86,130006.0,84,0
87,87,129998.0,92,0
88,88,129996.0,94,0
89,89,129979.0,111,0
90,90,129979.0,111,0
91,91,129971.0,118,1
92,92,129965.0,123,2
93,93,129961.0,126,3
94,94,129954.0,129,7
95,95,129951.0,132,7
96,96,129951.0,132,7
97,97,129950.0,133,7
98,98,129943.0,139,8
99,99,129940.0,141,9
100,100,129936.0,145,9
101,101,129932.0,149,9
102,102,129926.0,155,9
103,103,129923.0,158,9
104,104,129917.0,163,10
105,105,129912.0,168,10
106,106,129907.0,172,11
107,107,129904.0,175,11
108,108,129896.0,183,11
109,109,129887.0,192,11
110,110,129883.0,196,11
111,111,129880.0,199,11
112,112,129878.0,201,11
113,113,129864.0,215,11
114,114,129858.0,221,11
115,115,129848.0,230,12
116,116,129846.0,232,12
117,117,129844.0,234,12
118,118,129838.0,240,12
119,119,129837.0,240,13
120,120,129834.0,243,13
121,121,129829.0,248,13
122,122,129824.0,253,13
123,123,129823.0,254,13
124,124,129820.0,257,13
125,125,129818.0,259,13
126,126,129816.0,261,13
127,127,129814.0,263,13
128,128,129814.0,263,13
