,Days,S,I,D
0,0,32412.0,0,0
1,1,32412.0,0,0
2,2,32412.0,0,0
3,3,32412.0,0,0
4,4,32412.0,0,0
5,5,32412.0,0,0
6,6,32412.0,0,0
7,7,32412.0,0,0
8,8,32412.0,0,0
9,9,32412.0,0,0
10,10,32412.0,0,0
11,11,32412.0,0,0
12,12,32412.0,0,0
13,13,32412.0,0,0
14,14,32412.0,0,0
15,15,32412.0,0,0
16,16,32412.0,0,0
17,17,32412.0,0,0
18,18,32412.0,0,0
19,19,32412.0,0,0
20,20,32412.0,0,0
21,21,32412.0,0,0
22,22,32412.0,0,0
23,23,32412.0,0,0
24,24,32412.0,0,0
25,25,32412.0,0,0
26,26,32412.0,0,0
27,27,32412.0,0,0
28,28,32412.0,0,0
29,29,32412.0,0,0
30,30,32412.0,0,0
31,31,32412.0,0,0
32,32,32412.0,0,0
33,33,32412.0,0,0
34,34,32412.0,0,0
35,35,32412.0,0,0
36,36,32412.0,0,0
37,37,32412.0,0,0
38,38,32412.0,0,0
39,39,32412.0,0,0
40,40,32412.0,0,0
41,41,32412.0,0,0
42,42,32412.0,0,0
43,43,32412.0,0,0
44,44,32412.0,0,0
45,45,32412.0,0,0
46,46,32412.0,0,0
47,47,32412.0,0,0
48,48,32412.0,0,0
49,49,32412.0,0,0
50,50,32412.0,0,0
51,51,32412.0,0,0
52,52,32412.0,0,0
53,53,32412.0,0,0
54,54,32412.0,0,0
55,55,32412.0,0,0
56,56,32412.0,0,0
57,57,32412.0,0,0
58,58,32411.0,1,0
59,59,32411.0,1,0
60,60,32411.0,1,0
61,61,32411.0,1,0
62,62,32411.0,1,0
63,63,32411.0,1,0
64,64,32410.0,2,0
65,65,32410.0,2,0
66,66,32410.0,2,0
67,67,32409.0,3,0
68,68,32406.0,6,0
69,69,32405.0,7,0
70,70,32405.0,7,0
71,71,32402.0,10,0
72,72,32404.0,8,0
73,73,32404.0,8,0
74,74,32401.0,11,0
75,75,32401.0,11,0
76,76,32401.0,11,0
77,77,32401.0,11,0
78,78,32401.0,11,0
79,79,32399.0,12,1
80,80,32396.0,15,1
81,81,32396.0,15,1
82,82,32396.0,15,1
83,83,32396.0,15,1
84,84,32396.0,15,1
85,85,32392.0,19,1
86,86,32383.0,28,1
87,87,32378.0,33,1
88,88,32369.0,42,1
89,89,32359.0,52,1
90,90,32359.0,52,1
91,91,32352.0,59,1
92,92,32334.0,76,2
93,93,32263.0,146,3
94,94,32222.0,187,3
95,95,32222.0,187,3
96,96,32214.0,195,3
97,97,32185.0,223,4
98,98,32179.0,229,4
99,99,32144.0,264,4
100,100,32104.0,303,5
101,101,32054.0,353,5
102,102,32006.0,400,6
103,103,31981.0,425,6
104,104,31976.0,429,7
105,105,31976.0,429,7
106,106,31942.0,463,7
107,107,31942.0,463,7
108,108,31909.0,496,7
109,109,31897.0,508,7
110,110,31881.0,524,7
111,111,31875.0,530,7
112,112,31860.0,545,7
113,113,31811.0,593,8
114,114,31755.0,648,9
115,115,31735.0,668,9
116,116,31715.0,688,9
117,117,31713.0,690,9
118,118,31702.0,701,9
119,119,31692.0,709,11
120,120,31692.0,709,11
121,121,31690.0,711,11
122,122,31679.0,722,11
123,123,31674.0,727,11
124,124,31670.0,731,11
125,125,31643.0,758,11
126,126,31620.0,780,12
127,127,31593.0,807,12
128,128,31573.0,827,12
