,Days,S,I,D
0,0,13790.0,0,0
1,1,13790.0,0,0
2,2,13790.0,0,0
3,3,13790.0,0,0
4,4,13790.0,0,0
5,5,13790.0,0,0
6,6,13790.0,0,0
7,7,13790.0,0,0
8,8,13790.0,0,0
9,9,13790.0,0,0
10,10,13790.0,0,0
11,11,13790.0,0,0
12,12,13790.0,0,0
13,13,13790.0,0,0
14,14,13790.0,0,0
15,15,13790.0,0,0
16,16,13790.0,0,0
17,17,13790.0,0,0
18,18,13790.0,0,0
19,19,13790.0,0,0
20,20,13790.0,0,0
21,21,13790.0,0,0
22,22,13790.0,0,0
23,23,13790.0,0,0
24,24,13790.0,0,0
25,25,13790.0,0,0
26,26,13790.0,0,0
27,27,13790.0,0,0
28,28,13790.0,0,0
29,29,13790.0,0,0
30,30,13790.0,0,0
31,31,13790.0,0,0
32,32,13790.0,0,0
33,33,13790.0,0,0
34,34,13790.0,0,0
35,35,13790.0,0,0
36,36,13790.0,0,0
37,37,13790.0,0,0
38,38,13790.0,0,0
39,39,13790.0,0,0
40,40,13790.0,0,0
41,41,13790.0,0,0
42,42,13790.0,0,0
43,43,13790.0,0,0
44,44,13790.0,0,0
45,45,13790.0,0,0
46,46,13790.0,0,0
47,47,13790.0,0,0
48,48,13790.0,0,0
49,49,13790.0,0,0
50,50,13790.0,0,0
51,51,13790.0,0,0
52,52,13790.0,0,0
53,53,13790.0,0,0
54,54,13790.0,0,0
55,55,13790.0,0,0
56,56,13790.0,0,0
57,57,13790.0,0,0
58,58,13790.0,0,0
59,59,13790.0,0,0
60,60,13790.0,0,0
61,61,13790.0,0,0
62,62,13790.0,0,0
63,63,13790.0,0,0
64,64,13790.0,0,0
65,65,13790.0,0,0
66,66,13790.0,0,0
67,67,13790.0,0,0
68,68,13790.0,0,0
69,69,13790.0,0,0
70,70,13790.0,0,0
71,71,13790.0,0,0
72,72,13790.0,0,0
73,73,13790.0,0,0
74,74,13788.0,2,0
75,75,13788.0,2,0
76,76,13788.0,2,0
77,77,13788.0,2,0
78,78,13788.0,2,0
79,79,13788.0,2,0
80,80,13788.0,2,0
81,81,13788.0,2,0
82,82,13788.0,2,0
83,83,13788.0,2,0
84,84,13788.0,2,0
85,85,13788.0,2,0
86,86,13788.0,2,0
87,87,13788.0,2,0
88,88,13788.0,2,0
89,89,13788.0,2,0
90,90,13788.0,2,0
91,91,13788.0,2,0
92,92,13788.0,2,0
93,93,13788.0,2,0
94,94,13788.0,2,0
95,95,13788.0,2,0
96,96,13788.0,2,0
97,97,13788.0,2,0
98,98,13787.0,3,0
99,99,13787.0,3,0
100,100,13787.0,3,0
101,101,13787.0,3,0
102,102,13787.0,3,0
103,103,13786.0,4,0
104,104,13786.0,4,0
105,105,13786.0,4,0
106,106,13785.0,5,0
107,107,13782.0,8,0
108,108,13782.0,8,0
109,109,13780.0,10,0
110,110,13771.0,19,0
111,111,13768.0,22,0
112,112,13765.0,25,0
113,113,13762.0,28,0
114,114,13736.0,53,1
115,115,13736.0,53,1
116,116,13733.0,55,2
117,117,13732.0,56,2
118,118,13730.0,56,4
119,119,13727.0,59,4
120,120,13721.0,65,4
121,121,13712.0,71,7
122,122,13710.0,71,9
123,123,13708.0,71,11
124,124,13708.0,71,11
125,125,13706.0,73,11
126,126,13704.0,74,12
127,127,13703.0,75,12
128,128,13701.0,77,12
