,Days,S,I,D
0,0,51823.0,0,0
1,1,51823.0,0,0
2,2,51823.0,0,0
3,3,51823.0,0,0
4,4,51823.0,0,0
5,5,51823.0,0,0
6,6,51823.0,0,0
7,7,51823.0,0,0
8,8,51823.0,0,0
9,9,51823.0,0,0
10,10,51823.0,0,0
11,11,51823.0,0,0
12,12,51823.0,0,0
13,13,51823.0,0,0
14,14,51823.0,0,0
15,15,51823.0,0,0
16,16,51823.0,0,0
17,17,51823.0,0,0
18,18,51823.0,0,0
19,19,51823.0,0,0
20,20,51823.0,0,0
21,21,51823.0,0,0
22,22,51823.0,0,0
23,23,51823.0,0,0
24,24,51823.0,0,0
25,25,51823.0,0,0
26,26,51823.0,0,0
27,27,51823.0,0,0
28,28,51823.0,0,0
29,29,51823.0,0,0
30,30,51823.0,0,0
31,31,51823.0,0,0
32,32,51823.0,0,0
33,33,51823.0,0,0
34,34,51823.0,0,0
35,35,51823.0,0,0
36,36,51823.0,0,0
37,37,51823.0,0,0
38,38,51823.0,0,0
39,39,51823.0,0,0
40,40,51823.0,0,0
41,41,51823.0,0,0
42,42,51823.0,0,0
43,43,51823.0,0,0
44,44,51823.0,0,0
45,45,51823.0,0,0
46,46,51823.0,0,0
47,47,51823.0,0,0
48,48,51823.0,0,0
49,49,51823.0,0,0
50,50,51823.0,0,0
51,51,51823.0,0,0
52,52,51823.0,0,0
53,53,51823.0,0,0
54,54,51823.0,0,0
55,55,51823.0,0,0
56,56,51823.0,0,0
57,57,51823.0,0,0
58,58,51822.0,1,0
59,59,51822.0,1,0
60,60,51821.0,2,0
61,61,51821.0,2,0
62,62,51821.0,2,0
63,63,51821.0,2,0
64,64,51821.0,2,0
65,65,51821.0,2,0
66,66,51821.0,2,0
67,67,51821.0,2,0
68,68,51820.0,3,0
69,69,51820.0,3,0
70,70,51819.0,4,0
71,71,51818.0,5,0
72,72,51818.0,5,0
73,73,51816.0,7,0
74,74,51814.0,9,0
75,75,51813.0,10,0
76,76,51813.0,10,0
77,77,51813.0,10,0
78,78,51807.0,16,0
79,79,51807.0,16,0
80,80,51804.0,19,0
81,81,51803.0,20,0
82,82,51802.0,21,0
83,83,51802.0,21,0
84,84,51801.0,22,0
85,85,51798.0,25,0
86,86,51795.0,28,0
87,87,51792.0,31,0
88,88,51790.0,33,0
89,89,51790.0,33,0
90,90,51790.0,33,0
91,91,51789.0,34,0
92,92,51784.0,39,0
93,93,51779.0,44,0
94,94,51777.0,46,0
95,95,51775.0,48,0
96,96,51770.0,53,0
97,97,51768.0,54,1
98,98,51766.0,55,2
99,99,51760.0,61,2
100,100,51756.0,65,2
101,101,51749.0,72,2
102,102,51746.0,75,2
103,103,51741.0,80,2
104,104,51740.0,81,2
105,105,51735.0,86,2
106,106,51725.0,96,2
107,107,51723.0,98,2
108,108,51718.0,102,3
109,109,51714.0,106,3
110,110,51707.0,113,3
111,111,51706.0,114,3
112,112,51695.0,125,3
113,113,51692.0,127,4
114,114,51688.0,131,4
115,115,51683.0,136,4
116,116,51681.0,137,5
117,117,51654.0,164,5
118,118,51654.0,164,5
119,119,51647.0,169,7
120,120,51636.0,180,7
121,121,51636.0,180,7
122,122,51636.0,180,7
123,123,51628.0,185,10
124,124,51619.0,193,11
125,125,51619.0,193,11
126,126,51619.0,193,11
127,127,51613.0,198,12
128,128,51605.0,206,12
