,Days,S,I,D
0,0,51554.0,0,0
1,1,51554.0,0,0
2,2,51554.0,0,0
3,3,51554.0,0,0
4,4,51554.0,0,0
5,5,51554.0,0,0
6,6,51554.0,0,0
7,7,51554.0,0,0
8,8,51554.0,0,0
9,9,51554.0,0,0
10,10,51554.0,0,0
11,11,51554.0,0,0
12,12,51554.0,0,0
13,13,51554.0,0,0
14,14,51554.0,0,0
15,15,51554.0,0,0
16,16,51554.0,0,0
17,17,51554.0,0,0
18,18,51554.0,0,0
19,19,51554.0,0,0
20,20,51554.0,0,0
21,21,51554.0,0,0
22,22,51554.0,0,0
23,23,51554.0,0,0
24,24,51554.0,0,0
25,25,51554.0,0,0
26,26,51554.0,0,0
27,27,51554.0,0,0
28,28,51554.0,0,0
29,29,51554.0,0,0
30,30,51554.0,0,0
31,31,51554.0,0,0
32,32,51554.0,0,0
33,33,51554.0,0,0
34,34,51554.0,0,0
35,35,51554.0,0,0
36,36,51554.0,0,0
37,37,51554.0,0,0
38,38,51554.0,0,0
39,39,51554.0,0,0
40,40,51554.0,0,0
41,41,51554.0,0,0
42,42,51554.0,0,0
43,43,51554.0,0,0
44,44,51554.0,0,0
45,45,51554.0,0,0
46,46,51554.0,0,0
47,47,51554.0,0,0
48,48,51554.0,0,0
49,49,51554.0,0,0
50,50,51554.0,0,0
51,51,51554.0,0,0
52,52,51554.0,0,0
53,53,51554.0,0,0
54,54,51554.0,0,0
55,55,51554.0,0,0
56,56,51554.0,0,0
57,57,51554.0,0,0
58,58,51554.0,0,0
59,59,51554.0,0,0
60,60,51554.0,0,0
61,61,51554.0,0,0
62,62,51554.0,0,0
63,63,51553.0,1,0
64,64,51553.0,1,0
65,65,51553.0,1,0
66,66,51553.0,1,0
67,67,51553.0,1,0
68,68,51553.0,1,0
69,69,51552.0,2,0
70,70,51552.0,2,0
71,71,51552.0,2,0
72,72,51552.0,2,0
73,73,51552.0,2,0
74,74,51552.0,2,0
75,75,51551.0,3,0
76,76,51551.0,3,0
77,77,51551.0,3,0
78,78,51550.0,4,0
79,79,51549.0,4,1
80,80,51548.0,5,1
81,81,51547.0,6,1
82,82,51547.0,6,1
83,83,51545.0,8,1
84,84,51545.0,8,1
85,85,51543.0,10,1
86,86,51540.0,13,1
87,87,51537.0,15,2
88,88,51534.0,18,2
89,89,51528.0,23,3
90,90,51528.0,23,3
91,91,51526.0,25,3
92,92,51525.0,26,3
93,93,51524.0,27,3
94,94,51523.0,28,3
95,95,51521.0,30,3
96,96,51519.0,31,4
97,97,51517.0,32,5
98,98,51513.0,35,6
99,99,51511.0,37,6
100,100,51507.0,41,6
101,101,51505.0,43,6
102,102,51500.0,48,6
103,103,51500.0,48,6
104,104,51492.0,55,7
105,105,51487.0,60,7
106,106,51481.0,66,7
107,107,51481.0,66,7
108,108,51480.0,67,7
109,109,51479.0,68,7
110,110,51477.0,68,9
111,111,51476.0,69,9
112,112,51475.0,70,9
113,113,51473.0,71,10
114,114,51472.0,72,10
115,115,51472.0,72,10
116,116,51472.0,72,10
117,117,51470.0,74,10
118,118,51469.0,75,10
119,119,51466.0,78,10
120,120,51466.0,78,10
121,121,51463.0,81,10
122,122,51463.0,81,10
123,123,51461.0,82,11
124,124,51456.0,87,11
125,125,51455.0,87,12
126,126,51453.0,89,12
127,127,51449.0,93,12
128,128,51448.0,94,12
