,Days,S,I,D
0,0,50251.0,0,0
1,1,50251.0,0,0
2,2,50251.0,0,0
3,3,50251.0,0,0
4,4,50251.0,0,0
5,5,50251.0,0,0
6,6,50251.0,0,0
7,7,50251.0,0,0
8,8,50251.0,0,0
9,9,50251.0,0,0
10,10,50251.0,0,0
11,11,50251.0,0,0
12,12,50251.0,0,0
13,13,50251.0,0,0
14,14,50251.0,0,0
15,15,50251.0,0,0
16,16,50251.0,0,0
17,17,50251.0,0,0
18,18,50251.0,0,0
19,19,50251.0,0,0
20,20,50251.0,0,0
21,21,50251.0,0,0
22,22,50251.0,0,0
23,23,50251.0,0,0
24,24,50251.0,0,0
25,25,50251.0,0,0
26,26,50251.0,0,0
27,27,50251.0,0,0
28,28,50251.0,0,0
29,29,50251.0,0,0
30,30,50251.0,0,0
31,31,50251.0,0,0
32,32,50251.0,0,0
33,33,50251.0,0,0
34,34,50251.0,0,0
35,35,50251.0,0,0
36,36,50251.0,0,0
37,37,50251.0,0,0
38,38,50251.0,0,0
39,39,50251.0,0,0
40,40,50251.0,0,0
41,41,50251.0,0,0
42,42,50251.0,0,0
43,43,50251.0,0,0
44,44,50251.0,0,0
45,45,50251.0,0,0
46,46,50251.0,0,0
47,47,50251.0,0,0
48,48,50251.0,0,0
49,49,50251.0,0,0
50,50,50251.0,0,0
51,51,50251.0,0,0
52,52,50251.0,0,0
53,53,50251.0,0,0
54,54,50251.0,0,0
55,55,50251.0,0,0
56,56,50251.0,0,0
57,57,50251.0,0,0
58,58,50251.0,0,0
59,59,50251.0,0,0
60,60,50251.0,0,0
61,61,50250.0,1,0
62,62,50250.0,1,0
63,63,50250.0,1,0
64,64,50250.0,1,0
65,65,50250.0,1,0
66,66,50250.0,1,0
67,67,50247.0,4,0
68,68,50247.0,4,0
69,69,50247.0,4,0
70,70,50244.0,7,0
71,71,50243.0,8,0
72,72,50239.0,12,0
73,73,50238.0,13,0
74,74,50238.0,13,0
75,75,50236.0,15,0
76,76,50236.0,15,0
77,77,50235.0,16,0
78,78,50234.0,17,0
79,79,50234.0,17,0
80,80,50232.0,19,0
81,81,50232.0,19,0
82,82,50232.0,19,0
83,83,50232.0,19,0
84,84,50231.0,19,1
85,85,50231.0,19,1
86,86,50231.0,19,1
87,87,50225.0,24,2
88,88,50224.0,25,2
89,89,50223.0,26,2
90,90,50222.0,27,2
91,91,50218.0,31,2
92,92,50216.0,33,2
93,93,50206.0,43,2
94,94,50196.0,52,3
95,95,50195.0,53,3
96,96,50194.0,54,3
97,97,50195.0,52,4
98,98,50195.0,52,4
99,99,50193.0,52,6
100,100,50192.0,52,7
101,101,50186.0,57,8
102,102,50183.0,60,8
103,103,50180.0,63,8
104,104,50178.0,65,8
105,105,50176.0,67,8
106,106,50175.0,68,8
107,107,50172.0,70,9
108,108,50170.0,72,9
109,109,50162.0,80,9
110,110,50142.0,100,9
111,111,50139.0,103,9
112,112,50138.0,104,9
113,113,50136.0,106,9
114,114,50134.0,108,9
115,115,50130.0,112,9
116,116,50116.0,125,10
117,117,50112.0,129,10
118,118,50107.0,133,11
119,119,50105.0,135,11
120,120,50099.0,141,11
121,121,50098.0,141,12
122,122,50093.0,146,12
123,123,50088.0,151,12
124,124,50088.0,151,12
125,125,50088.0,151,12
126,126,50088.0,151,12
127,127,50087.0,152,12
128,128,50080.0,159,12
