,Days,S,I,D
0,0,230514.0,0,0
1,1,230514.0,0,0
2,2,230514.0,0,0
3,3,230514.0,0,0
4,4,230514.0,0,0
5,5,230514.0,0,0
6,6,230514.0,0,0
7,7,230514.0,0,0
8,8,230514.0,0,0
9,9,230514.0,0,0
10,10,230514.0,0,0
11,11,230514.0,0,0
12,12,230514.0,0,0
13,13,230514.0,0,0
14,14,230514.0,0,0
15,15,230514.0,0,0
16,16,230514.0,0,0
17,17,230514.0,0,0
18,18,230514.0,0,0
19,19,230514.0,0,0
20,20,230514.0,0,0
21,21,230514.0,0,0
22,22,230514.0,0,0
23,23,230514.0,0,0
24,24,230514.0,0,0
25,25,230514.0,0,0
26,26,230514.0,0,0
27,27,230514.0,0,0
28,28,230514.0,0,0
29,29,230514.0,0,0
30,30,230514.0,0,0
31,31,230514.0,0,0
32,32,230514.0,0,0
33,33,230514.0,0,0
34,34,230514.0,0,0
35,35,230514.0,0,0
36,36,230514.0,0,0
37,37,230514.0,0,0
38,38,230514.0,0,0
39,39,230514.0,0,0
40,40,230514.0,0,0
41,41,230514.0,0,0
42,42,230514.0,0,0
43,43,230514.0,0,0
44,44,230514.0,0,0
45,45,230514.0,0,0
46,46,230514.0,0,0
47,47,230514.0,0,0
48,48,230514.0,0,0
49,49,230514.0,0,0
50,50,230514.0,0,0
51,51,230514.0,0,0
52,52,230514.0,0,0
53,53,230514.0,0,0
54,54,230514.0,0,0
55,55,230513.0,1,0
56,56,230512.0,2,0
57,57,230512.0,2,0
58,58,230511.0,3,0
59,59,230510.0,4,0
60,60,230508.0,6,0
61,61,230506.0,8,0
62,62,230503.0,11,0
63,63,230500.0,14,0
64,64,230500.0,14,0
65,65,230487.0,27,0
66,66,230483.0,30,1
67,67,230478.0,35,1
68,68,230470.0,43,1
69,69,230468.0,44,2
70,70,230464.0,48,2
71,71,230449.0,62,3
72,72,230445.0,66,3
73,73,230435.0,76,3
74,74,230432.0,79,3
75,75,230424.0,87,3
76,76,230418.0,92,4
77,77,230411.0,99,4
78,78,230403.0,106,5
79,79,230400.0,108,6
80,80,230396.0,112,6
81,81,230394.0,114,6
82,82,230391.0,117,6
83,83,230387.0,121,6
84,84,230384.0,124,6
85,85,230381.0,127,6
86,86,230378.0,130,6
87,87,230377.0,131,6
88,88,230375.0,133,6
89,89,230373.0,135,6
90,90,230369.0,139,6
91,91,230363.0,145,6
92,92,230360.0,148,6
93,93,230353.0,154,7
94,94,230350.0,157,7
95,95,230350.0,157,7
96,96,230349.0,158,7
97,97,230347.0,160,7
98,98,230342.0,165,7
99,99,230339.0,168,7
100,100,230336.0,170,8
101,101,230336.0,170,8
102,102,230334.0,172,8
103,103,230333.0,173,8
104,104,230330.0,176,8
105,105,230326.0,180,8
106,106,230319.0,187,8
107,107,230314.0,192,8
108,108,230312.0,194,8
109,109,230309.0,197,8
110,110,230307.0,199,8
111,111,230303.0,203,8
112,112,230300.0,206,8
113,113,230296.0,210,8
114,114,230292.0,214,8
115,115,230287.0,219,8
116,116,230282.0,224,8
117,117,230279.0,226,9
118,118,230274.0,231,9
119,119,230270.0,235,9
120,120,230257.0,246,11
121,121,230251.0,252,11
122,122,230240.0,263,11
123,123,230236.0,267,11
124,124,230235.0,268,11
125,125,230220.0,282,12
126,126,230215.0,287,12
127,127,230212.0,290,12
128,128,230200.0,302,12
