,Days,S,I,D
0,0,507078.0,0,0
1,1,507078.0,0,0
2,2,507078.0,0,0
3,3,507078.0,0,0
4,4,507078.0,0,0
5,5,507078.0,0,0
6,6,507078.0,0,0
7,7,507078.0,0,0
8,8,507078.0,0,0
9,9,507078.0,0,0
10,10,507078.0,0,0
11,11,507078.0,0,0
12,12,507078.0,0,0
13,13,507078.0,0,0
14,14,507078.0,0,0
15,15,507078.0,0,0
16,16,507078.0,0,0
17,17,507078.0,0,0
18,18,507078.0,0,0
19,19,507078.0,0,0
20,20,507078.0,0,0
21,21,507078.0,0,0
22,22,507078.0,0,0
23,23,507078.0,0,0
24,24,507078.0,0,0
25,25,507078.0,0,0
26,26,507078.0,0,0
27,27,507078.0,0,0
28,28,507078.0,0,0
29,29,507078.0,0,0
30,30,507078.0,0,0
31,31,507078.0,0,0
32,32,507078.0,0,0
33,33,507078.0,0,0
34,34,507078.0,0,0
35,35,507078.0,0,0
36,36,507078.0,0,0
37,37,507078.0,0,0
38,38,507078.0,0,0
39,39,507078.0,0,0
40,40,507078.0,0,0
41,41,507078.0,0,0
42,42,507078.0,0,0
43,43,507078.0,0,0
44,44,507078.0,0,0
45,45,507078.0,0,0
46,46,507078.0,0,0
47,47,507077.0,1,0
48,48,507077.0,1,0
49,49,507077.0,1,0
50,50,507077.0,1,0
51,51,507077.0,1,0
52,52,507076.0,2,0
53,53,507076.0,2,0
54,54,507075.0,3,0
55,55,507075.0,3,0
56,56,507070.0,8,0
57,57,507065.0,13,0
58,58,507067.0,11,0
59,59,507063.0,15,0
60,60,507056.0,22,0
61,61,507045.0,33,0
62,62,507026.0,51,1
63,63,507016.0,61,1
64,64,507004.0,73,1
65,65,506982.0,95,1
66,66,506954.0,123,1
67,67,506914.0,163,1
68,68,506875.0,200,3
69,69,506847.0,228,3
70,70,506786.0,289,3
71,71,506729.0,343,6
72,72,506665.0,406,7
73,73,506589.0,481,8
74,74,506514.0,556,8
75,75,506424.0,646,8
76,76,506330.0,736,12
77,77,506218.0,838,22
78,78,506065.0,990,23
79,79,505977.0,1072,29
80,80,505869.0,1180,29
81,81,505776.0,1270,32
82,82,505645.0,1401,32
83,83,505560.0,1477,41
84,84,505442.0,1587,49
85,85,505284.0,1734,60
86,86,505207.0,1807,64
87,87,505087.0,1918,73
88,88,504873.0,2131,74
89,89,504742.0,2255,81
90,90,504610.0,2379,89
91,91,504461.0,2528,89
92,92,504306.0,2683,89
93,93,504222.0,2750,106
94,94,504090.0,2870,118
95,95,503974.0,2983,121
96,96,503832.0,3124,122
97,97,503669.0,3285,124
98,98,503557.0,3385,136
99,99,503412.0,3519,147
100,100,503277.0,3646,155
101,101,503144.0,3773,161
102,102,502942.0,3973,163
103,103,502842.0,4073,163
104,104,502647.0,4251,180
105,105,502582.0,4307,189
106,106,502406.0,4479,193
107,107,502260.0,4619,199
108,108,502103.0,4758,217
109,109,501983.0,4870,225
110,110,501892.0,4959,227
111,111,501799.0,5043,236
112,112,501733.0,5099,246
113,113,501650.0,5172,256
114,114,501561.0,5255,262
115,115,501429.0,5381,268
116,116,501351.0,5455,272
117,117,501230.0,5573,275
118,118,501155.0,5644,279
119,119,501054.0,5738,286
120,120,500970.0,5818,290
121,121,500856.0,5923,299
122,122,500822.0,5953,303
123,123,500747.0,6024,307
124,124,500668.0,6103,307
125,125,500600.0,6171,307
126,126,500538.0,6227,313
127,127,500468.0,6292,318
128,128,500401.0,6350,327
