,Days,S,I,D
0,0,85234.0,0,0
1,1,85234.0,0,0
2,2,85234.0,0,0
3,3,85234.0,0,0
4,4,85234.0,0,0
5,5,85234.0,0,0
6,6,85234.0,0,0
7,7,85234.0,0,0
8,8,85234.0,0,0
9,9,85234.0,0,0
10,10,85234.0,0,0
11,11,85234.0,0,0
12,12,85234.0,0,0
13,13,85234.0,0,0
14,14,85234.0,0,0
15,15,85234.0,0,0
16,16,85234.0,0,0
17,17,85234.0,0,0
18,18,85234.0,0,0
19,19,85234.0,0,0
20,20,85234.0,0,0
21,21,85234.0,0,0
22,22,85234.0,0,0
23,23,85234.0,0,0
24,24,85234.0,0,0
25,25,85234.0,0,0
26,26,85234.0,0,0
27,27,85234.0,0,0
28,28,85234.0,0,0
29,29,85234.0,0,0
30,30,85234.0,0,0
31,31,85234.0,0,0
32,32,85234.0,0,0
33,33,85234.0,0,0
34,34,85234.0,0,0
35,35,85234.0,0,0
36,36,85234.0,0,0
37,37,85234.0,0,0
38,38,85234.0,0,0
39,39,85234.0,0,0
40,40,85234.0,0,0
41,41,85234.0,0,0
42,42,85234.0,0,0
43,43,85234.0,0,0
44,44,85234.0,0,0
45,45,85234.0,0,0
46,46,85234.0,0,0
47,47,85234.0,0,0
48,48,85234.0,0,0
49,49,85233.0,1,0
50,50,85233.0,1,0
51,51,85233.0,1,0
52,52,85233.0,1,0
53,53,85233.0,1,0
54,54,85233.0,1,0
55,55,85233.0,1,0
56,56,85233.0,1,0
57,57,85233.0,1,0
58,58,85233.0,1,0
59,59,85233.0,1,0
60,60,85233.0,1,0
61,61,85231.0,3,0
62,62,85231.0,3,0
63,63,85231.0,3,0
64,64,85228.0,6,0
65,65,85224.0,10,0
66,66,85223.0,11,0
67,67,85221.0,13,0
68,68,85219.0,15,0
69,69,85216.0,18,0
70,70,85216.0,18,0
71,71,85216.0,18,0
72,72,85213.0,20,1
73,73,85211.0,22,1
74,74,85209.0,24,1
75,75,85207.0,26,1
76,76,85205.0,28,1
77,77,85205.0,28,1
78,78,85204.0,29,1
79,79,85204.0,29,1
80,80,85203.0,30,1
81,81,85203.0,30,1
82,82,85203.0,30,1
83,83,85203.0,30,1
84,84,85203.0,30,1
85,85,85203.0,30,1
86,86,85202.0,31,1
87,87,85201.0,32,1
88,88,85201.0,32,1
89,89,85200.0,33,1
90,90,85200.0,33,1
91,91,85200.0,33,1
92,92,85200.0,33,1
93,93,85200.0,33,1
94,94,85196.0,37,1
95,95,85195.0,38,1
96,96,85195.0,38,1
97,97,85195.0,38,1
98,98,85194.0,39,1
99,99,85194.0,39,1
100,100,85192.0,41,1
101,101,85191.0,41,2
102,102,85191.0,41,2
103,103,85183.0,49,2
104,104,85164.0,68,2
105,105,85156.0,75,3
106,106,85152.0,78,4
107,107,85149.0,80,5
108,108,85147.0,82,5
109,109,85145.0,84,5
110,110,85141.0,87,6
111,111,85139.0,89,6
112,112,85135.0,90,9
113,113,85134.0,91,9
114,114,85133.0,92,9
115,115,85133.0,92,9
116,116,85132.0,93,9
117,117,85132.0,93,9
118,118,85132.0,93,9
119,119,85131.0,94,9
120,120,85130.0,94,10
121,121,85129.0,95,10
122,122,85129.0,95,10
123,123,85128.0,96,10
124,124,85128.0,96,10
125,125,85128.0,96,10
126,126,85126.0,98,10
127,127,85125.0,98,11
128,128,85125.0,98,11
