,Days,S,I,D
0,0,147929.0,0,0
1,1,147929.0,0,0
2,2,147929.0,0,0
3,3,147929.0,0,0
4,4,147929.0,0,0
5,5,147929.0,0,0
6,6,147929.0,0,0
7,7,147929.0,0,0
8,8,147929.0,0,0
9,9,147929.0,0,0
10,10,147929.0,0,0
11,11,147929.0,0,0
12,12,147929.0,0,0
13,13,147929.0,0,0
14,14,147929.0,0,0
15,15,147929.0,0,0
16,16,147929.0,0,0
17,17,147929.0,0,0
18,18,147929.0,0,0
19,19,147929.0,0,0
20,20,147929.0,0,0
21,21,147929.0,0,0
22,22,147929.0,0,0
23,23,147929.0,0,0
24,24,147929.0,0,0
25,25,147929.0,0,0
26,26,147929.0,0,0
27,27,147929.0,0,0
28,28,147929.0,0,0
29,29,147929.0,0,0
30,30,147929.0,0,0
31,31,147929.0,0,0
32,32,147929.0,0,0
33,33,147929.0,0,0
34,34,147929.0,0,0
35,35,147929.0,0,0
36,36,147929.0,0,0
37,37,147929.0,0,0
38,38,147929.0,0,0
39,39,147929.0,0,0
40,40,147929.0,0,0
41,41,147929.0,0,0
42,42,147929.0,0,0
43,43,147929.0,0,0
44,44,147929.0,0,0
45,45,147929.0,0,0
46,46,147929.0,0,0
47,47,147929.0,0,0
48,48,147929.0,0,0
49,49,147929.0,0,0
50,50,147929.0,0,0
51,51,147929.0,0,0
52,52,147928.0,1,0
53,53,147928.0,1,0
54,54,147928.0,1,0
55,55,147927.0,2,0
56,56,147926.0,3,0
57,57,147926.0,3,0
58,58,147922.0,7,0
59,59,147921.0,8,0
60,60,147921.0,8,0
61,61,147920.0,9,0
62,62,147920.0,9,0
63,63,147919.0,9,1
64,64,147924.0,4,1
65,65,147917.0,11,1
66,66,147913.0,15,1
67,67,147912.0,16,1
68,68,147910.0,17,2
69,69,147908.0,19,2
70,70,147904.0,23,2
71,71,147900.0,27,2
72,72,147899.0,28,2
73,73,147893.0,34,2
74,74,147884.0,43,2
75,75,147881.0,46,2
76,76,147876.0,51,2
77,77,147869.0,55,5
78,78,147865.0,58,6
79,79,147859.0,64,6
80,80,147856.0,67,6
81,81,147852.0,71,6
82,82,147851.0,72,6
83,83,147847.0,75,7
84,84,147847.0,74,8
85,85,147841.0,80,8
86,86,147839.0,82,8
87,87,147839.0,82,8
88,88,147837.0,84,8
89,89,147835.0,86,8
90,90,147829.0,92,8
91,91,147828.0,92,9
92,92,147826.0,94,9
93,93,147825.0,95,9
94,94,147825.0,95,9
95,95,147821.0,97,11
96,96,147821.0,97,11
97,97,147821.0,97,11
98,98,147821.0,97,11
99,99,147819.0,99,11
100,100,147819.0,99,11
101,101,147819.0,99,11
102,102,147819.0,99,11
103,103,147819.0,99,11
104,104,147818.0,100,11
105,105,147817.0,101,11
106,106,147816.0,102,11
107,107,147816.0,102,11
108,108,147814.0,104,11
109,109,147812.0,106,11
110,110,147812.0,106,11
111,111,147811.0,107,11
112,112,147809.0,109,11
113,113,147809.0,109,11
114,114,147808.0,110,11
115,115,147808.0,110,11
116,116,147805.0,112,12
117,117,147805.0,112,12
118,118,147803.0,114,12
119,119,147802.0,115,12
120,120,147802.0,115,12
121,121,147799.0,118,12
122,122,147798.0,119,12
123,123,147798.0,119,12
124,124,147798.0,119,12
125,125,147798.0,119,12
126,126,147798.0,119,12
127,127,147798.0,119,12
128,128,147797.0,120,12
