,Days,S,I,D
0,0,172578.0,0,0
1,1,172578.0,0,0
2,2,172578.0,0,0
3,3,172578.0,0,0
4,4,172578.0,0,0
5,5,172578.0,0,0
6,6,172578.0,0,0
7,7,172578.0,0,0
8,8,172578.0,0,0
9,9,172578.0,0,0
10,10,172578.0,0,0
11,11,172578.0,0,0
12,12,172578.0,0,0
13,13,172578.0,0,0
14,14,172578.0,0,0
15,15,172578.0,0,0
16,16,172578.0,0,0
17,17,172578.0,0,0
18,18,172578.0,0,0
19,19,172578.0,0,0
20,20,172578.0,0,0
21,21,172578.0,0,0
22,22,172578.0,0,0
23,23,172578.0,0,0
24,24,172578.0,0,0
25,25,172578.0,0,0
26,26,172578.0,0,0
27,27,172578.0,0,0
28,28,172578.0,0,0
29,29,172578.0,0,0
30,30,172578.0,0,0
31,31,172578.0,0,0
32,32,172578.0,0,0
33,33,172578.0,0,0
34,34,172578.0,0,0
35,35,172578.0,0,0
36,36,172578.0,0,0
37,37,172578.0,0,0
38,38,172578.0,0,0
39,39,172578.0,0,0
40,40,172578.0,0,0
41,41,172578.0,0,0
42,42,172578.0,0,0
43,43,172578.0,0,0
44,44,172578.0,0,0
45,45,172578.0,0,0
46,46,172578.0,0,0
47,47,172578.0,0,0
48,48,172578.0,0,0
49,49,172578.0,0,0
50,50,172578.0,0,0
51,51,172578.0,0,0
52,52,172578.0,0,0
53,53,172578.0,0,0
54,54,172578.0,0,0
55,55,172578.0,0,0
56,56,172578.0,0,0
57,57,172578.0,0,0
58,58,172578.0,0,0
59,59,172577.0,1,0
60,60,172577.0,1,0
61,61,172577.0,1,0
62,62,172577.0,1,0
63,63,172574.0,3,1
64,64,172573.0,4,1
65,65,172571.0,6,1
66,66,172569.0,8,1
67,67,172566.0,11,1
68,68,172564.0,13,1
69,69,172564.0,13,1
70,70,172561.0,16,1
71,71,172561.0,16,1
72,72,172558.0,19,1
73,73,172555.0,22,1
74,74,172553.0,24,1
75,75,172553.0,24,1
76,76,172550.0,27,1
77,77,172547.0,30,1
78,78,172547.0,30,1
79,79,172546.0,31,1
80,80,172546.0,31,1
81,81,172545.0,32,1
82,82,172545.0,32,1
83,83,172544.0,32,2
84,84,172541.0,35,2
85,85,172539.0,37,2
86,86,172535.0,41,2
87,87,172533.0,42,3
88,88,172533.0,42,3
89,89,172532.0,43,3
90,90,172511.0,64,3
91,91,172509.0,65,4
92,92,172507.0,67,4
93,93,172504.0,69,5
94,94,172503.0,70,5
95,95,172502.0,71,5
96,96,172500.0,73,5
97,97,172499.0,74,5
98,98,172497.0,75,6
99,99,172496.0,76,6
100,100,172493.0,79,6
101,101,172490.0,82,6
102,102,172490.0,82,6
103,103,172481.0,89,8
104,104,172480.0,90,8
105,105,172479.0,91,8
106,106,172475.0,94,9
107,107,172468.0,100,10
108,108,172466.0,101,11
109,109,172466.0,101,11
110,110,172466.0,101,11
111,111,172459.0,107,12
112,112,172454.0,112,12
113,113,172451.0,115,12
114,114,172450.0,116,12
115,115,172446.0,120,12
116,116,172446.0,120,12
117,117,172446.0,120,12
118,118,172444.0,122,12
119,119,172444.0,122,12
120,120,172443.0,123,12
121,121,172443.0,123,12
122,122,172442.0,124,12
123,123,172442.0,124,12
124,124,172442.0,124,12
125,125,172442.0,124,12
126,126,172441.0,125,12
127,127,172440.0,126,12
128,128,172438.0,128,12
