,Days,S,I,D
0,0,596849.0,0,0
1,1,596849.0,0,0
2,2,596849.0,0,0
3,3,596849.0,0,0
4,4,596849.0,0,0
5,5,596849.0,0,0
6,6,596849.0,0,0
7,7,596849.0,0,0
8,8,596849.0,0,0
9,9,596849.0,0,0
10,10,596849.0,0,0
11,11,596849.0,0,0
12,12,596849.0,0,0
13,13,596849.0,0,0
14,14,596849.0,0,0
15,15,596849.0,0,0
16,16,596849.0,0,0
17,17,596849.0,0,0
18,18,596849.0,0,0
19,19,596849.0,0,0
20,20,596849.0,0,0
21,21,596849.0,0,0
22,22,596849.0,0,0
23,23,596849.0,0,0
24,24,596849.0,0,0
25,25,596849.0,0,0
26,26,596849.0,0,0
27,27,596849.0,0,0
28,28,596849.0,0,0
29,29,596849.0,0,0
30,30,596849.0,0,0
31,31,596849.0,0,0
32,32,596849.0,0,0
33,33,596849.0,0,0
34,34,596849.0,0,0
35,35,596849.0,0,0
36,36,596849.0,0,0
37,37,596849.0,0,0
38,38,596849.0,0,0
39,39,596849.0,0,0
40,40,596849.0,0,0
41,41,596849.0,0,0
42,42,596849.0,0,0
43,43,596849.0,0,0
44,44,596849.0,0,0
45,45,596849.0,0,0
46,46,596849.0,0,0
47,47,596849.0,0,0
48,48,596849.0,0,0
49,49,596849.0,0,0
50,50,596849.0,0,0
51,51,596849.0,0,0
52,52,596849.0,0,0
53,53,596849.0,0,0
54,54,596849.0,0,0
55,55,596848.0,1,0
56,56,596847.0,2,0
57,57,596846.0,3,0
58,58,596845.0,4,0
59,59,596844.0,5,0
60,60,596842.0,7,0
61,61,596842.0,7,0
62,62,596840.0,9,0
63,63,596837.0,12,0
64,64,596835.0,14,0
65,65,596829.0,20,0
66,66,596822.0,27,0
67,67,596819.0,30,0
68,68,596817.0,32,0
69,69,596812.0,37,0
70,70,596802.0,47,0
71,71,596800.0,49,0
72,72,596787.0,62,0
73,73,596777.0,72,0
74,74,596770.0,79,0
75,75,596757.0,92,0
76,76,596749.0,98,2
77,77,596742.0,105,2
78,78,596736.0,111,2
79,79,596726.0,121,2
80,80,596723.0,123,3
81,81,596712.0,133,4
82,82,596697.0,148,4
83,83,596680.0,163,6
84,84,596670.0,173,6
85,85,596651.0,192,6
86,86,596637.0,205,7
87,87,596632.0,210,7
88,88,596627.0,215,7
89,89,596624.0,218,7
90,90,596618.0,224,7
91,91,596616.0,226,7
92,92,596606.0,235,8
93,93,596594.0,247,8
94,94,596591.0,250,8
95,95,596589.0,252,8
96,96,596575.0,266,8
97,97,596573.0,268,8
98,98,596571.0,270,8
99,99,596556.0,285,8
100,100,596552.0,289,8
101,101,596544.0,297,8
102,102,596533.0,308,8
103,103,596531.0,310,8
104,104,596522.0,319,8
105,105,596521.0,320,8
106,106,596516.0,325,8
107,107,596514.0,326,9
108,108,596512.0,328,9
109,109,596512.0,328,9
110,110,596510.0,330,9
111,111,596494.0,346,9
112,112,596496.0,344,9
113,113,596492.0,348,9
114,114,596484.0,356,9
115,115,596480.0,359,10
116,116,596474.0,365,10
117,117,596471.0,367,11
118,118,596467.0,371,11
119,119,596466.0,372,11
120,120,596462.0,376,11
121,121,596458.0,380,11
122,122,596449.0,389,11
123,123,596444.0,394,11
124,124,596439.0,398,12
125,125,596438.0,399,12
126,126,596438.0,399,12
127,127,596436.0,401,12
128,128,596428.0,409,12
