,Days,S,I,D
0,0,716492.0,0,0
1,1,716492.0,0,0
2,2,716492.0,0,0
3,3,716492.0,0,0
4,4,716492.0,0,0
5,5,716492.0,0,0
6,6,716492.0,0,0
7,7,716492.0,0,0
8,8,716492.0,0,0
9,9,716492.0,0,0
10,10,716492.0,0,0
11,11,716492.0,0,0
12,12,716492.0,0,0
13,13,716492.0,0,0
14,14,716492.0,0,0
15,15,716492.0,0,0
16,16,716492.0,0,0
17,17,716492.0,0,0
18,18,716492.0,0,0
19,19,716492.0,0,0
20,20,716492.0,0,0
21,21,716492.0,0,0
22,22,716492.0,0,0
23,23,716492.0,0,0
24,24,716492.0,0,0
25,25,716492.0,0,0
26,26,716492.0,0,0
27,27,716492.0,0,0
28,28,716492.0,0,0
29,29,716492.0,0,0
30,30,716492.0,0,0
31,31,716492.0,0,0
32,32,716492.0,0,0
33,33,716492.0,0,0
34,34,716492.0,0,0
35,35,716492.0,0,0
36,36,716492.0,0,0
37,37,716492.0,0,0
38,38,716492.0,0,0
39,39,716492.0,0,0
40,40,716492.0,0,0
41,41,716492.0,0,0
42,42,716492.0,0,0
43,43,716492.0,0,0
44,44,716490.0,2,0
45,45,716490.0,2,0
46,46,716490.0,2,0
47,47,716489.0,3,0
48,48,716487.0,5,0
49,49,716486.0,6,0
50,50,716482.0,10,0
51,51,716477.0,15,0
52,52,716471.0,21,0
53,53,716467.0,25,0
54,54,716467.0,25,0
55,55,716454.0,38,0
56,56,716454.0,38,0
57,57,716443.0,49,0
58,58,716425.0,67,0
59,59,716395.0,97,0
60,60,716367.0,125,0
61,61,716344.0,148,0
62,62,716316.0,176,0
63,63,716275.0,214,3
64,64,716227.0,262,3
65,65,716177.0,312,3
66,66,716120.0,367,5
67,67,716079.0,408,5
68,68,716021.0,465,6
69,69,715946.0,539,7
70,70,715898.0,586,8
71,71,715838.0,643,11
72,72,715762.0,716,14
73,73,715709.0,769,14
74,74,715652.0,825,15
75,75,715630.0,847,15
76,76,715577.0,884,31
77,77,715532.0,927,33
78,78,715527.0,927,38
79,79,715523.0,927,42
80,80,715519.0,927,46
81,81,715519.0,927,46
82,82,715519.0,927,46
83,83,715509.0,927,56
84,84,715504.0,927,61
85,85,714880.0,1549,63
86,86,714790.0,1636,66
87,87,714695.0,1723,74
88,88,714633.0,1784,75
89,89,714529.0,1880,83
90,90,714397.0,2004,91
91,91,714325.0,2071,96
92,92,714222.0,2172,98
93,93,713979.0,2385,128
94,94,713873.0,2487,132
95,95,713777.0,2583,132
96,96,713675.0,2682,135
97,97,713556.0,2791,145
98,98,713452.0,2890,150
99,99,713337.0,3001,154
100,100,713237.0,3092,163
101,101,713106.0,3222,164
102,102,712981.0,3345,166
103,103,712898.0,3428,166
104,104,712758.0,3546,188
105,105,712623.0,3674,195
106,106,712494.0,3799,199
107,107,712398.0,3892,202
108,108,712286.0,4001,205
109,109,712216.0,4070,206
110,110,712162.0,4118,212
111,111,712091.0,4187,214
112,112,712005.0,4254,233
113,113,711896.0,4359,237
114,114,711792.0,4452,248
115,115,711683.0,4548,261
116,116,711571.0,4656,265
117,117,711500.0,4720,272
118,118,711417.0,4790,285
119,119,711340.0,4858,294
120,120,711248.0,4948,296
121,121,711138.0,5056,298
122,122,711043.0,5151,298
123,123,711021.0,5173,298
124,124,710978.0,5216,298
125,125,710922.0,5269,301
126,126,710863.0,5316,313
127,127,710734.0,5434,324
128,128,710597.0,5569,326
