,Days,S,I,D
0,0,1753893.0,0,0
1,1,1753893.0,0,0
2,2,1753893.0,0,0
3,3,1753893.0,0,0
4,4,1753893.0,0,0
5,5,1753893.0,0,0
6,6,1753893.0,0,0
7,7,1753893.0,0,0
8,8,1753893.0,0,0
9,9,1753893.0,0,0
10,10,1753893.0,0,0
11,11,1753893.0,0,0
12,12,1753893.0,0,0
13,13,1753893.0,0,0
14,14,1753893.0,0,0
15,15,1753893.0,0,0
16,16,1753893.0,0,0
17,17,1753893.0,0,0
18,18,1753893.0,0,0
19,19,1753893.0,0,0
20,20,1753893.0,0,0
21,21,1753893.0,0,0
22,22,1753893.0,0,0
23,23,1753893.0,0,0
24,24,1753893.0,0,0
25,25,1753893.0,0,0
26,26,1753893.0,0,0
27,27,1753893.0,0,0
28,28,1753893.0,0,0
29,29,1753893.0,0,0
30,30,1753893.0,0,0
31,31,1753893.0,0,0
32,32,1753893.0,0,0
33,33,1753893.0,0,0
34,34,1753893.0,0,0
35,35,1753893.0,0,0
36,36,1753893.0,0,0
37,37,1753893.0,0,0
38,38,1753893.0,0,0
39,39,1753893.0,0,0
40,40,1753893.0,0,0
41,41,1753893.0,0,0
42,42,1753893.0,0,0
43,43,1753893.0,0,0
44,44,1753893.0,0,0
45,45,1753893.0,0,0
46,46,1753893.0,0,0
47,47,1753893.0,0,0
48,48,1753892.0,1,0
49,49,1753892.0,1,0
50,50,1753892.0,1,0
51,51,1753887.0,6,0
52,52,1753885.0,8,0
53,53,1753880.0,13,0
54,54,1753879.0,14,0
55,55,1753876.0,17,0
56,56,1753869.0,23,1
57,57,1753773.0,119,1
58,58,1753674.0,216,3
59,59,1753540.0,349,4
60,60,1753411.0,477,5
61,61,1753247.0,638,8
62,62,1753007.0,873,13
63,63,1752751.0,1121,21
64,64,1752478.0,1389,26
65,65,1752046.0,1810,37
66,66,1751531.0,2316,46
67,67,1751133.0,2704,56
68,68,1750615.0,3195,83
69,69,1750038.0,3735,120
70,70,1749277.0,4470,146
71,71,1748630.0,5069,194
72,72,1747574.0,6096,223
73,73,1746879.0,6762,252
74,74,1746082.0,7518,293
75,75,1745277.0,8270,346
76,76,1744446.0,9045,402
77,77,1743821.0,9626,446
78,78,1743296.0,10093,504
79,79,1742745.0,10539,609
80,80,1742290.0,10951,652
81,81,1742025.0,11164,704
82,82,1741541.0,11648,704
83,83,1740864.0,12209,820
84,84,1740465.0,12544,884
85,85,1739910.0,13002,981
86,86,1739616.0,13233,1044
87,87,1739352.0,13471,1070
88,88,1739082.0,13692,1119
89,89,1738833.0,13912,1148
90,90,1738360.0,14255,1278
91,91,1738013.0,14561,1319
92,92,1737503.0,14994,1396
93,93,1737043.0,15407,1443
94,94,1736785.0,15548,1560
95,95,1736565.0,15748,1580
96,96,1736399.0,15872,1622
97,97,1736038.0,16173,1682
98,98,1735672.0,16494,1727
99,99,1735382.0,16729,1782
100,100,1735121.0,16970,1802
101,101,1734903.0,17106,1884
102,102,1734702.0,17298,1893
103,103,1734655.0,17314,1924
104,104,1734557.0,17391,1945
105,105,1734349.0,17571,1973
106,106,1734214.0,17667,2012
107,107,1734041.0,17824,2028
108,108,1733851.0,17960,2082
109,109,1733721.0,18075,2097
110,110,1733594.0,18194,2105
111,111,1733479.0,18274,2140
112,112,1733348.0,18389,2156
113,113,1732940.0,18770,2183
114,114,1732819.0,18882,2192
115,115,1732665.0,19016,2212
116,116,1732615.0,19065,2213
117,117,1732539.0,19128,2226
118,118,1732326.0,19292,2275
119,119,1732177.0,19432,2284
120,120,1732042.0,19538,2313
121,121,1731968.0,19602,2323
122,122,1731837.0,19697,2359
123,123,1731763.0,19771,2359
124,124,1731713.0,19816,2364
125,125,1731616.0,19909,2368
126,126,1731578.0,19909,2406
127,127,1731424.0,20059,2410
128,128,1731241.0,20227,2425
