,Days,S,I,D
0,0,405905.0,0,0
1,1,405905.0,0,0
2,2,405905.0,0,0
3,3,405905.0,0,0
4,4,405905.0,0,0
5,5,405905.0,0,0
6,6,405905.0,0,0
7,7,405905.0,0,0
8,8,405905.0,0,0
9,9,405905.0,0,0
10,10,405905.0,0,0
11,11,405905.0,0,0
12,12,405905.0,0,0
13,13,405905.0,0,0
14,14,405905.0,0,0
15,15,405905.0,0,0
16,16,405905.0,0,0
17,17,405905.0,0,0
18,18,405905.0,0,0
19,19,405905.0,0,0
20,20,405905.0,0,0
21,21,405905.0,0,0
22,22,405905.0,0,0
23,23,405905.0,0,0
24,24,405905.0,0,0
25,25,405905.0,0,0
26,26,405905.0,0,0
27,27,405905.0,0,0
28,28,405905.0,0,0
29,29,405905.0,0,0
30,30,405905.0,0,0
31,31,405905.0,0,0
32,32,405905.0,0,0
33,33,405905.0,0,0
34,34,405905.0,0,0
35,35,405905.0,0,0
36,36,405905.0,0,0
37,37,405905.0,0,0
38,38,405905.0,0,0
39,39,405905.0,0,0
40,40,405905.0,0,0
41,41,405905.0,0,0
42,42,405905.0,0,0
43,43,405905.0,0,0
44,44,405904.0,1,0
45,45,405904.0,1,0
46,46,405904.0,1,0
47,47,405904.0,1,0
48,48,405904.0,1,0
49,49,405904.0,1,0
50,50,405904.0,1,0
51,51,405904.0,1,0
52,52,405904.0,1,0
53,53,405904.0,1,0
54,54,405904.0,1,0
55,55,405902.0,3,0
56,56,405901.0,4,0
57,57,405900.0,5,0
58,58,405900.0,5,0
59,59,405895.0,9,1
60,60,405891.0,13,1
61,61,405873.0,31,1
62,62,405868.0,36,1
63,63,405852.0,52,1
64,64,405844.0,60,1
65,65,405812.0,92,1
66,66,405796.0,108,1
67,67,405787.0,117,1
68,68,405781.0,123,1
69,69,405762.0,142,1
70,70,405714.0,190,1
71,71,405673.0,231,1
72,72,405657.0,247,1
73,73,405630.0,274,1
74,74,405630.0,274,1
75,75,405604.0,300,1
76,76,405599.0,305,1
77,77,405596.0,308,1
78,78,405591.0,313,1
79,79,405576.0,328,1
80,80,405576.0,328,1
81,81,405564.0,339,2
82,82,405552.0,351,2
83,83,405550.0,353,2
84,84,405543.0,360,2
85,85,405519.0,383,3
86,86,405517.0,385,3
87,87,405517.0,385,3
88,88,405512.0,390,3
89,89,405511.0,391,3
90,90,405497.0,403,5
91,91,405494.0,406,5
92,92,405488.0,412,5
93,93,405483.0,416,6
94,94,405475.0,424,6
95,95,405475.0,424,6
96,96,405464.0,435,6
97,97,405460.0,438,7
98,98,405457.0,441,7
99,99,405454.0,444,7
100,100,405446.0,452,7
101,101,405442.0,456,7
102,102,405441.0,457,7
103,103,405435.0,463,7
104,104,405434.0,463,8
105,105,405432.0,464,9
106,106,405429.0,467,9
107,107,405415.0,481,9
108,108,405414.0,481,10
109,109,405414.0,481,10
110,110,405404.0,491,10
111,111,405404.0,491,10
112,112,405404.0,491,10
113,113,405404.0,491,10
114,114,405394.0,501,10
115,115,405389.0,506,10
116,116,405388.0,507,10
117,117,405385.0,509,11
118,118,405379.0,515,11
119,119,405379.0,515,11
120,120,405371.0,523,11
121,121,405354.0,540,11
122,122,405344.0,550,11
123,123,405336.0,558,11
124,124,405333.0,561,11
125,125,405326.0,568,11
126,126,405317.0,576,12
127,127,405315.0,578,12
128,128,405307.0,586,12
