,Days,S,I,D
0,0,58856.0,0,0
1,1,58856.0,0,0
2,2,58856.0,0,0
3,3,58856.0,0,0
4,4,58856.0,0,0
5,5,58856.0,0,0
6,6,58856.0,0,0
7,7,58856.0,0,0
8,8,58856.0,0,0
9,9,58856.0,0,0
10,10,58856.0,0,0
11,11,58856.0,0,0
12,12,58856.0,0,0
13,13,58856.0,0,0
14,14,58856.0,0,0
15,15,58856.0,0,0
16,16,58856.0,0,0
17,17,58856.0,0,0
18,18,58856.0,0,0
19,19,58856.0,0,0
20,20,58856.0,0,0
21,21,58856.0,0,0
22,22,58856.0,0,0
23,23,58856.0,0,0
24,24,58856.0,0,0
25,25,58856.0,0,0
26,26,58856.0,0,0
27,27,58856.0,0,0
28,28,58856.0,0,0
29,29,58856.0,0,0
30,30,58856.0,0,0
31,31,58856.0,0,0
32,32,58856.0,0,0
33,33,58856.0,0,0
34,34,58856.0,0,0
35,35,58856.0,0,0
36,36,58856.0,0,0
37,37,58856.0,0,0
38,38,58856.0,0,0
39,39,58856.0,0,0
40,40,58856.0,0,0
41,41,58856.0,0,0
42,42,58856.0,0,0
43,43,58856.0,0,0
44,44,58856.0,0,0
45,45,58856.0,0,0
46,46,58856.0,0,0
47,47,58856.0,0,0
48,48,58856.0,0,0
49,49,58856.0,0,0
50,50,58856.0,0,0
51,51,58856.0,0,0
52,52,58856.0,0,0
53,53,58856.0,0,0
54,54,58856.0,0,0
55,55,58856.0,0,0
56,56,58856.0,0,0
57,57,58856.0,0,0
58,58,58856.0,0,0
59,59,58856.0,0,0
60,60,58856.0,0,0
61,61,58856.0,0,0
62,62,58856.0,0,0
63,63,58856.0,0,0
64,64,58855.0,1,0
65,65,58855.0,1,0
66,66,58855.0,1,0
67,67,58855.0,1,0
68,68,58855.0,1,0
69,69,58855.0,1,0
70,70,58855.0,1,0
71,71,58854.0,2,0
72,72,58853.0,3,0
73,73,58852.0,4,0
74,74,58852.0,4,0
75,75,58852.0,4,0
76,76,58849.0,7,0
77,77,58848.0,8,0
78,78,58845.0,11,0
79,79,58844.0,12,0
80,80,58841.0,15,0
81,81,58841.0,15,0
82,82,58841.0,15,0
83,83,58839.0,17,0
84,84,58839.0,17,0
85,85,58839.0,17,0
86,86,58837.0,19,0
87,87,58834.0,22,0
88,88,58832.0,24,0
89,89,58830.0,26,0
90,90,58824.0,32,0
91,91,58821.0,35,0
92,92,58815.0,41,0
93,93,58811.0,45,0
94,94,58795.0,61,0
95,95,58790.0,66,0
96,96,58784.0,72,0
97,97,58782.0,74,0
98,98,58781.0,75,0
99,99,58764.0,92,0
100,100,58753.0,103,0
101,101,58743.0,113,0
102,102,58740.0,115,1
103,103,58735.0,120,1
104,104,58722.0,132,2
105,105,58707.0,146,3
106,106,58692.0,161,3
107,107,58673.0,180,3
108,108,58628.0,225,3
109,109,58611.0,242,3
110,110,58595.0,258,3
111,111,58586.0,266,4
112,112,58578.0,274,4
113,113,58547.0,305,4
114,114,58511.0,338,7
115,115,58481.0,368,7
116,116,58460.0,388,8
117,117,58410.0,438,8
118,118,58382.0,462,12
119,119,58374.0,470,12
120,120,58336.0,508,12
121,121,58299.0,545,12
122,122,58247.0,597,12
123,123,58216.0,628,12
124,124,58185.0,659,12
125,125,58174.0,670,12
126,126,58137.0,707,12
127,127,58125.0,719,12
128,128,58094.0,750,12
