,Days,S,I,D
0,0,9280.0,0,0
1,1,9280.0,0,0
2,2,9280.0,0,0
3,3,9280.0,0,0
4,4,9280.0,0,0
5,5,9280.0,0,0
6,6,9280.0,0,0
7,7,9280.0,0,0
8,8,9280.0,0,0
9,9,9280.0,0,0
10,10,9280.0,0,0
11,11,9280.0,0,0
12,12,9280.0,0,0
13,13,9280.0,0,0
14,14,9280.0,0,0
15,15,9280.0,0,0
16,16,9280.0,0,0
17,17,9280.0,0,0
18,18,9280.0,0,0
19,19,9280.0,0,0
20,20,9280.0,0,0
21,21,9280.0,0,0
22,22,9280.0,0,0
23,23,9280.0,0,0
24,24,9280.0,0,0
25,25,9280.0,0,0
26,26,9280.0,0,0
27,27,9280.0,0,0
28,28,9280.0,0,0
29,29,9280.0,0,0
30,30,9280.0,0,0
31,31,9280.0,0,0
32,32,9280.0,0,0
33,33,9280.0,0,0
34,34,9280.0,0,0
35,35,9280.0,0,0
36,36,9280.0,0,0
37,37,9280.0,0,0
38,38,9280.0,0,0
39,39,9280.0,0,0
40,40,9280.0,0,0
41,41,9280.0,0,0
42,42,9280.0,0,0
43,43,9280.0,0,0
44,44,9280.0,0,0
45,45,9280.0,0,0
46,46,9280.0,0,0
47,47,9280.0,0,0
48,48,9280.0,0,0
49,49,9280.0,0,0
50,50,9280.0,0,0
51,51,9280.0,0,0
52,52,9280.0,0,0
53,53,9280.0,0,0
54,54,9280.0,0,0
55,55,9280.0,0,0
56,56,9280.0,0,0
57,57,9280.0,0,0
58,58,9280.0,0,0
59,59,9280.0,0,0
60,60,9280.0,0,0
61,61,9280.0,0,0
62,62,9280.0,0,0
63,63,9280.0,0,0
64,64,9280.0,0,0
65,65,9280.0,0,0
66,66,9280.0,0,0
67,67,9280.0,0,0
68,68,9280.0,0,0
69,69,9280.0,0,0
70,70,9280.0,0,0
71,71,9278.0,2,0
72,72,9277.0,3,0
73,73,9276.0,4,0
74,74,9274.0,6,0
75,75,9274.0,6,0
76,76,9273.0,7,0
77,77,9273.0,7,0
78,78,9272.0,8,0
79,79,9271.0,9,0
80,80,9270.0,10,0
81,81,9269.0,11,0
82,82,9269.0,11,0
83,83,9267.0,13,0
84,84,9266.0,14,0
85,85,9266.0,14,0
86,86,9266.0,14,0
87,87,9265.0,15,0
88,88,9265.0,15,0
89,89,9265.0,15,0
90,90,9258.0,22,0
91,91,9255.0,25,0
92,92,9253.0,27,0
93,93,9252.0,28,0
94,94,9251.0,29,0
95,95,9251.0,29,0
96,96,9243.0,37,0
97,97,9240.0,40,0
98,98,9232.0,41,7
99,99,9230.0,42,8
100,100,9228.0,44,8
101,101,9228.0,44,8
102,102,9227.0,45,8
103,103,9227.0,45,8
104,104,9227.0,45,8
105,105,9227.0,45,8
106,106,9227.0,45,8
107,107,9227.0,45,8
108,108,9227.0,45,8
109,109,9226.0,46,8
110,110,9226.0,46,8
111,111,9226.0,46,8
112,112,9225.0,47,8
113,113,9225.0,47,8
114,114,9224.0,48,8
115,115,9224.0,48,8
116,116,9222.0,50,8
117,117,9221.0,51,8
118,118,9220.0,52,8
119,119,9218.0,52,10
120,120,9217.0,52,11
121,121,9217.0,52,11
122,122,9215.0,54,11
123,123,9215.0,54,11
124,124,9215.0,54,11
125,125,9215.0,54,11
126,126,9215.0,54,11
127,127,9215.0,54,11
128,128,9215.0,54,11
