,Days,S,I,D
0,0,89147.0,0,0
1,1,89147.0,0,0
2,2,89147.0,0,0
3,3,89147.0,0,0
4,4,89147.0,0,0
5,5,89147.0,0,0
6,6,89147.0,0,0
7,7,89147.0,0,0
8,8,89147.0,0,0
9,9,89147.0,0,0
10,10,89147.0,0,0
11,11,89147.0,0,0
12,12,89147.0,0,0
13,13,89147.0,0,0
14,14,89147.0,0,0
15,15,89147.0,0,0
16,16,89147.0,0,0
17,17,89147.0,0,0
18,18,89147.0,0,0
19,19,89147.0,0,0
20,20,89147.0,0,0
21,21,89147.0,0,0
22,22,89147.0,0,0
23,23,89147.0,0,0
24,24,89147.0,0,0
25,25,89147.0,0,0
26,26,89147.0,0,0
27,27,89147.0,0,0
28,28,89147.0,0,0
29,29,89147.0,0,0
30,30,89147.0,0,0
31,31,89147.0,0,0
32,32,89147.0,0,0
33,33,89147.0,0,0
34,34,89147.0,0,0
35,35,89147.0,0,0
36,36,89147.0,0,0
37,37,89147.0,0,0
38,38,89147.0,0,0
39,39,89147.0,0,0
40,40,89147.0,0,0
41,41,89147.0,0,0
42,42,89147.0,0,0
43,43,89147.0,0,0
44,44,89147.0,0,0
45,45,89147.0,0,0
46,46,89147.0,0,0
47,47,89147.0,0,0
48,48,89147.0,0,0
49,49,89147.0,0,0
50,50,89147.0,0,0
51,51,89147.0,0,0
52,52,89147.0,0,0
53,53,89147.0,0,0
54,54,89147.0,0,0
55,55,89147.0,0,0
56,56,89147.0,0,0
57,57,89143.0,3,1
58,58,89139.0,7,1
59,59,89135.0,11,1
60,60,89133.0,13,1
61,61,89132.0,14,1
62,62,89130.0,16,1
63,63,89126.0,20,1
64,64,89124.0,22,1
65,65,89114.0,30,3
66,66,89111.0,33,3
67,67,89110.0,34,3
68,68,89108.0,36,3
69,69,89101.0,43,3
70,70,89098.0,46,3
71,71,89097.0,47,3
72,72,89092.0,50,5
73,73,89088.0,53,6
74,74,89085.0,56,6
75,75,89079.0,62,6
76,76,89074.0,66,7
77,77,89069.0,70,8
78,78,89068.0,71,8
79,79,89067.0,71,9
80,80,89066.0,72,9
81,81,89066.0,72,9
82,82,89066.0,72,9
83,83,89065.0,73,9
84,84,89061.0,77,9
85,85,89061.0,77,9
86,86,89060.0,78,9
87,87,89059.0,79,9
88,88,89059.0,79,9
89,89,89058.0,80,9
90,90,89058.0,80,9
91,91,89058.0,80,9
92,92,89058.0,80,9
93,93,89058.0,80,9
94,94,89056.0,82,9
95,95,89053.0,85,9
96,96,89052.0,86,9
97,97,89052.0,86,9
98,98,89052.0,86,9
99,99,89050.0,88,9
100,100,89050.0,88,9
101,101,89049.0,89,9
102,102,89046.0,92,9
103,103,89044.0,94,9
104,104,89043.0,95,9
105,105,89043.0,95,9
106,106,89039.0,99,9
107,107,89037.0,101,9
108,108,89034.0,104,9
109,109,89033.0,105,9
110,110,89031.0,107,9
111,111,89030.0,107,10
112,112,89027.0,110,10
113,113,89024.0,113,10
114,114,89018.0,119,10
115,115,89016.0,120,11
116,116,89014.0,122,11
117,117,89014.0,122,11
118,118,89011.0,125,11
119,119,89006.0,130,11
120,120,89005.0,131,11
121,121,89003.0,133,11
122,122,89002.0,134,11
123,123,88999.0,137,11
124,124,88998.0,138,11
125,125,88998.0,138,11
126,126,88992.0,144,11
127,127,88980.0,156,11
128,128,88977.0,159,11
