,Days,S,I,D
0,0,29955.0,0,0
1,1,29955.0,0,0
2,2,29955.0,0,0
3,3,29955.0,0,0
4,4,29955.0,0,0
5,5,29955.0,0,0
6,6,29955.0,0,0
7,7,29955.0,0,0
8,8,29955.0,0,0
9,9,29955.0,0,0
10,10,29955.0,0,0
11,11,29955.0,0,0
12,12,29955.0,0,0
13,13,29955.0,0,0
14,14,29955.0,0,0
15,15,29955.0,0,0
16,16,29955.0,0,0
17,17,29955.0,0,0
18,18,29955.0,0,0
19,19,29955.0,0,0
20,20,29955.0,0,0
21,21,29955.0,0,0
22,22,29955.0,0,0
23,23,29955.0,0,0
24,24,29955.0,0,0
25,25,29955.0,0,0
26,26,29955.0,0,0
27,27,29955.0,0,0
28,28,29955.0,0,0
29,29,29955.0,0,0
30,30,29955.0,0,0
31,31,29955.0,0,0
32,32,29955.0,0,0
33,33,29955.0,0,0
34,34,29955.0,0,0
35,35,29955.0,0,0
36,36,29955.0,0,0
37,37,29955.0,0,0
38,38,29955.0,0,0
39,39,29955.0,0,0
40,40,29955.0,0,0
41,41,29955.0,0,0
42,42,29955.0,0,0
43,43,29955.0,0,0
44,44,29955.0,0,0
45,45,29955.0,0,0
46,46,29955.0,0,0
47,47,29955.0,0,0
48,48,29955.0,0,0
49,49,29955.0,0,0
50,50,29955.0,0,0
51,51,29955.0,0,0
52,52,29955.0,0,0
53,53,29955.0,0,0
54,54,29955.0,0,0
55,55,29955.0,0,0
56,56,29955.0,0,0
57,57,29955.0,0,0
58,58,29955.0,0,0
59,59,29955.0,0,0
60,60,29955.0,0,0
61,61,29955.0,0,0
62,62,29955.0,0,0
63,63,29955.0,0,0
64,64,29955.0,0,0
65,65,29955.0,0,0
66,66,29955.0,0,0
67,67,29955.0,0,0
68,68,29955.0,0,0
69,69,29955.0,0,0
70,70,29955.0,0,0
71,71,29955.0,0,0
72,72,29955.0,0,0
73,73,29955.0,0,0
74,74,29955.0,0,0
75,75,29955.0,0,0
76,76,29955.0,0,0
77,77,29955.0,0,0
78,78,29955.0,0,0
79,79,29955.0,0,0
80,80,29954.0,1,0
81,81,29954.0,1,0
82,82,29953.0,2,0
83,83,29953.0,2,0
84,84,29953.0,2,0
85,85,29952.0,3,0
86,86,29952.0,3,0
87,87,29952.0,3,0
88,88,29952.0,3,0
89,89,29952.0,3,0
90,90,29952.0,3,0
91,91,29951.0,4,0
92,92,29951.0,4,0
93,93,29950.0,5,0
94,94,29950.0,5,0
95,95,29949.0,6,0
96,96,29948.0,7,0
97,97,29943.0,12,0
98,98,29942.0,13,0
99,99,29937.0,18,0
100,100,29937.0,18,0
101,101,29928.0,26,1
102,102,29919.0,35,1
103,103,29918.0,36,1
104,104,29916.0,37,2
105,105,29911.0,42,2
106,106,29907.0,46,2
107,107,29905.0,48,2
108,108,29904.0,49,2
109,109,29904.0,49,2
110,110,29904.0,49,2
111,111,29901.0,52,2
112,112,29899.0,54,2
113,113,29895.0,58,2
114,114,29895.0,58,2
115,115,29892.0,61,2
116,116,29889.0,64,2
117,117,29889.0,64,2
118,118,29880.0,72,3
119,119,29878.0,73,4
120,120,29876.0,75,4
121,121,29876.0,75,4
122,122,29872.0,79,4
123,123,29871.0,80,4
124,124,29867.0,83,5
125,125,29867.0,83,5
126,126,29865.0,83,7
127,127,29864.0,84,7
128,128,29860.0,87,8
