,Days,S,I,D
0,0,34335.0,0,0
1,1,34335.0,0,0
2,2,34335.0,0,0
3,3,34335.0,0,0
4,4,34335.0,0,0
5,5,34335.0,0,0
6,6,34335.0,0,0
7,7,34335.0,0,0
8,8,34335.0,0,0
9,9,34335.0,0,0
10,10,34335.0,0,0
11,11,34335.0,0,0
12,12,34335.0,0,0
13,13,34335.0,0,0
14,14,34335.0,0,0
15,15,34335.0,0,0
16,16,34335.0,0,0
17,17,34335.0,0,0
18,18,34335.0,0,0
19,19,34335.0,0,0
20,20,34335.0,0,0
21,21,34335.0,0,0
22,22,34335.0,0,0
23,23,34335.0,0,0
24,24,34335.0,0,0
25,25,34335.0,0,0
26,26,34335.0,0,0
27,27,34335.0,0,0
28,28,34335.0,0,0
29,29,34335.0,0,0
30,30,34335.0,0,0
31,31,34335.0,0,0
32,32,34335.0,0,0
33,33,34335.0,0,0
34,34,34335.0,0,0
35,35,34335.0,0,0
36,36,34335.0,0,0
37,37,34335.0,0,0
38,38,34335.0,0,0
39,39,34335.0,0,0
40,40,34335.0,0,0
41,41,34335.0,0,0
42,42,34335.0,0,0
43,43,34335.0,0,0
44,44,34335.0,0,0
45,45,34335.0,0,0
46,46,34335.0,0,0
47,47,34335.0,0,0
48,48,34335.0,0,0
49,49,34335.0,0,0
50,50,34335.0,0,0
51,51,34335.0,0,0
52,52,34335.0,0,0
53,53,34335.0,0,0
54,54,34335.0,0,0
55,55,34335.0,0,0
56,56,34335.0,0,0
57,57,34335.0,0,0
58,58,34335.0,0,0
59,59,34335.0,0,0
60,60,34335.0,0,0
61,61,34335.0,0,0
62,62,34334.0,1,0
63,63,34333.0,2,0
64,64,34332.0,3,0
65,65,34332.0,3,0
66,66,34332.0,3,0
67,67,34332.0,3,0
68,68,34332.0,3,0
69,69,34332.0,3,0
70,70,34332.0,3,0
71,71,34331.0,4,0
72,72,34327.0,8,0
73,73,34326.0,9,0
74,74,34325.0,10,0
75,75,34324.0,11,0
76,76,34322.0,12,1
77,77,34314.0,20,1
78,78,34299.0,35,1
79,79,34292.0,42,1
80,80,34291.0,43,1
81,81,34288.0,46,1
82,82,34288.0,46,1
83,83,34285.0,47,3
84,84,34282.0,49,4
85,85,34280.0,50,5
86,86,34277.0,52,6
87,87,34276.0,52,7
88,88,34275.0,53,7
89,89,34274.0,54,7
90,90,34273.0,55,7
91,91,34269.0,58,8
92,92,34267.0,60,8
93,93,34265.0,62,8
94,94,34262.0,63,10
95,95,34261.0,64,10
96,96,34261.0,64,10
97,97,34258.0,67,10
98,98,34256.0,69,10
99,99,34255.0,70,10
100,100,34254.0,71,10
101,101,34254.0,71,10
102,102,34251.0,73,11
103,103,34251.0,73,11
104,104,34250.0,74,11
105,105,34250.0,74,11
106,106,34247.0,77,11
107,107,34245.0,79,11
108,108,34245.0,79,11
109,109,34245.0,79,11
110,110,34245.0,79,11
111,111,34243.0,81,11
112,112,34243.0,81,11
113,113,34242.0,82,11
114,114,34241.0,83,11
115,115,34238.0,86,11
116,116,34237.0,87,11
117,117,34235.0,89,11
118,118,34234.0,90,11
119,119,34234.0,90,11
120,120,34234.0,90,11
121,121,34233.0,91,11
122,122,34233.0,91,11
123,123,34233.0,91,11
124,124,34232.0,92,11
125,125,34232.0,92,11
126,126,34231.0,93,11
127,127,34231.0,93,11
128,128,34230.0,94,11
