,Days,S,I,D
0,0,39639.0,0,0
1,1,39639.0,0,0
2,2,39639.0,0,0
3,3,39639.0,0,0
4,4,39639.0,0,0
5,5,39639.0,0,0
6,6,39639.0,0,0
7,7,39639.0,0,0
8,8,39639.0,0,0
9,9,39639.0,0,0
10,10,39639.0,0,0
11,11,39639.0,0,0
12,12,39639.0,0,0
13,13,39639.0,0,0
14,14,39639.0,0,0
15,15,39639.0,0,0
16,16,39639.0,0,0
17,17,39639.0,0,0
18,18,39639.0,0,0
19,19,39639.0,0,0
20,20,39639.0,0,0
21,21,39639.0,0,0
22,22,39639.0,0,0
23,23,39639.0,0,0
24,24,39639.0,0,0
25,25,39639.0,0,0
26,26,39639.0,0,0
27,27,39639.0,0,0
28,28,39639.0,0,0
29,29,39639.0,0,0
30,30,39639.0,0,0
31,31,39639.0,0,0
32,32,39639.0,0,0
33,33,39639.0,0,0
34,34,39639.0,0,0
35,35,39639.0,0,0
36,36,39639.0,0,0
37,37,39639.0,0,0
38,38,39639.0,0,0
39,39,39639.0,0,0
40,40,39639.0,0,0
41,41,39639.0,0,0
42,42,39639.0,0,0
43,43,39639.0,0,0
44,44,39639.0,0,0
45,45,39639.0,0,0
46,46,39639.0,0,0
47,47,39639.0,0,0
48,48,39639.0,0,0
49,49,39639.0,0,0
50,50,39639.0,0,0
51,51,39639.0,0,0
52,52,39639.0,0,0
53,53,39639.0,0,0
54,54,39639.0,0,0
55,55,39639.0,0,0
56,56,39639.0,0,0
57,57,39638.0,1,0
58,58,39638.0,1,0
59,59,39638.0,1,0
60,60,39638.0,1,0
61,61,39638.0,1,0
62,62,39638.0,1,0
63,63,39638.0,1,0
64,64,39638.0,1,0
65,65,39638.0,1,0
66,66,39638.0,1,0
67,67,39637.0,2,0
68,68,39637.0,2,0
69,69,39635.0,4,0
70,70,39635.0,4,0
71,71,39632.0,7,0
72,72,39632.0,7,0
73,73,39631.0,8,0
74,74,39631.0,8,0
75,75,39631.0,8,0
76,76,39630.0,9,0
77,77,39629.0,10,0
78,78,39629.0,10,0
79,79,39628.0,11,0
80,80,39624.0,15,0
81,81,39624.0,15,0
82,82,39624.0,15,0
83,83,39624.0,15,0
84,84,39624.0,15,0
85,85,39623.0,16,0
86,86,39619.0,20,0
87,87,39619.0,20,0
88,88,39619.0,20,0
89,89,39607.0,32,0
90,90,39606.0,32,1
91,91,39606.0,32,1
92,92,39605.0,33,1
93,93,39604.0,34,1
94,94,39604.0,34,1
95,95,39604.0,34,1
96,96,39604.0,34,1
97,97,39603.0,35,1
98,98,39602.0,36,1
99,99,39602.0,36,1
100,100,39602.0,36,1
101,101,39602.0,36,1
102,102,39601.0,37,1
103,103,39601.0,37,1
104,104,39600.0,38,1
105,105,39599.0,38,2
106,106,39598.0,39,2
107,107,39561.0,75,3
108,108,39556.0,80,3
109,109,39556.0,80,3
110,110,39556.0,80,3
111,111,39554.0,80,5
112,112,39554.0,80,5
113,113,39554.0,80,5
114,114,39551.0,83,5
115,115,39547.0,87,5
116,116,39545.0,87,7
117,117,39545.0,87,7
118,118,39545.0,87,7
119,119,39542.0,90,7
120,120,39539.0,93,7
121,121,39536.0,95,8
122,122,39536.0,95,8
123,123,39535.0,96,8
124,124,39535.0,96,8
125,125,39535.0,96,8
126,126,39530.0,100,9
127,127,39528.0,102,9
128,128,39525.0,104,10
