,Days,S,I,D
0,0,29763.0,0,0
1,1,29763.0,0,0
2,2,29763.0,0,0
3,3,29763.0,0,0
4,4,29763.0,0,0
5,5,29763.0,0,0
6,6,29763.0,0,0
7,7,29763.0,0,0
8,8,29763.0,0,0
9,9,29763.0,0,0
10,10,29763.0,0,0
11,11,29763.0,0,0
12,12,29763.0,0,0
13,13,29763.0,0,0
14,14,29763.0,0,0
15,15,29763.0,0,0
16,16,29763.0,0,0
17,17,29763.0,0,0
18,18,29763.0,0,0
19,19,29763.0,0,0
20,20,29763.0,0,0
21,21,29763.0,0,0
22,22,29763.0,0,0
23,23,29763.0,0,0
24,24,29763.0,0,0
25,25,29763.0,0,0
26,26,29763.0,0,0
27,27,29763.0,0,0
28,28,29763.0,0,0
29,29,29763.0,0,0
30,30,29763.0,0,0
31,31,29763.0,0,0
32,32,29763.0,0,0
33,33,29763.0,0,0
34,34,29763.0,0,0
35,35,29763.0,0,0
36,36,29763.0,0,0
37,37,29763.0,0,0
38,38,29763.0,0,0
39,39,29763.0,0,0
40,40,29763.0,0,0
41,41,29763.0,0,0
42,42,29763.0,0,0
43,43,29763.0,0,0
44,44,29763.0,0,0
45,45,29763.0,0,0
46,46,29763.0,0,0
47,47,29763.0,0,0
48,48,29763.0,0,0
49,49,29763.0,0,0
50,50,29763.0,0,0
51,51,29763.0,0,0
52,52,29763.0,0,0
53,53,29763.0,0,0
54,54,29763.0,0,0
55,55,29763.0,0,0
56,56,29763.0,0,0
57,57,29763.0,0,0
58,58,29763.0,0,0
59,59,29762.0,1,0
60,60,29762.0,1,0
61,61,29762.0,1,0
62,62,29762.0,1,0
63,63,29760.0,3,0
64,64,29756.0,7,0
65,65,29756.0,7,0
66,66,29754.0,9,0
67,67,29754.0,9,0
68,68,29754.0,9,0
69,69,29754.0,9,0
70,70,29752.0,11,0
71,71,29752.0,11,0
72,72,29746.0,16,1
73,73,29745.0,17,1
74,74,29743.0,19,1
75,75,29743.0,19,1
76,76,29741.0,21,1
77,77,29738.0,23,2
78,78,29728.0,33,2
79,79,29722.0,39,2
80,80,29719.0,42,2
81,81,29709.0,52,2
82,82,29704.0,57,2
83,83,29702.0,58,3
84,84,29702.0,58,3
85,85,29700.0,60,3
86,86,29700.0,60,3
87,87,29699.0,60,4
88,88,29698.0,61,4
89,89,29696.0,63,4
90,90,29693.0,65,5
91,91,29693.0,65,5
92,92,29691.0,67,5
93,93,29689.0,69,5
94,94,29685.0,73,5
95,95,29684.0,74,5
96,96,29682.0,75,6
97,97,29682.0,75,6
98,98,29682.0,75,6
99,99,29682.0,75,6
100,100,29679.0,78,6
101,101,29675.0,82,6
102,102,29674.0,83,6
103,103,29672.0,85,6
104,104,29666.0,90,7
105,105,29664.0,92,7
106,106,29663.0,93,7
107,107,29661.0,95,7
108,108,29660.0,96,7
109,109,29660.0,96,7
110,110,29660.0,96,7
111,111,29658.0,97,8
112,112,29654.0,100,9
113,113,29653.0,101,9
114,114,29653.0,101,9
115,115,29653.0,101,9
116,116,29653.0,101,9
117,117,29651.0,103,9
118,118,29648.0,106,9
119,119,29646.0,107,10
120,120,29646.0,107,10
121,121,29646.0,107,10
122,122,29644.0,109,10
123,123,29640.0,113,10
124,124,29637.0,116,10
125,125,29635.0,117,11
126,126,29635.0,117,11
127,127,29633.0,119,11
128,128,29632.0,120,11
