,Days,S,I,D
0,0,84460.0,0,0
1,1,84460.0,0,0
2,2,84460.0,0,0
3,3,84460.0,0,0
4,4,84460.0,0,0
5,5,84460.0,0,0
6,6,84460.0,0,0
7,7,84460.0,0,0
8,8,84460.0,0,0
9,9,84460.0,0,0
10,10,84460.0,0,0
11,11,84460.0,0,0
12,12,84460.0,0,0
13,13,84460.0,0,0
14,14,84460.0,0,0
15,15,84460.0,0,0
16,16,84460.0,0,0
17,17,84460.0,0,0
18,18,84460.0,0,0
19,19,84460.0,0,0
20,20,84460.0,0,0
21,21,84460.0,0,0
22,22,84460.0,0,0
23,23,84460.0,0,0
24,24,84460.0,0,0
25,25,84460.0,0,0
26,26,84460.0,0,0
27,27,84460.0,0,0
28,28,84460.0,0,0
29,29,84460.0,0,0
30,30,84460.0,0,0
31,31,84460.0,0,0
32,32,84460.0,0,0
33,33,84460.0,0,0
34,34,84460.0,0,0
35,35,84460.0,0,0
36,36,84460.0,0,0
37,37,84460.0,0,0
38,38,84460.0,0,0
39,39,84460.0,0,0
40,40,84460.0,0,0
41,41,84460.0,0,0
42,42,84460.0,0,0
43,43,84460.0,0,0
44,44,84460.0,0,0
45,45,84460.0,0,0
46,46,84460.0,0,0
47,47,84460.0,0,0
48,48,84460.0,0,0
49,49,84458.0,2,0
50,50,84457.0,3,0
51,51,84457.0,3,0
52,52,84454.0,6,0
53,53,84454.0,6,0
54,54,84453.0,7,0
55,55,84446.0,14,0
56,56,84444.0,16,0
57,57,84442.0,17,1
58,58,84440.0,19,1
59,59,84440.0,19,1
60,60,84438.0,21,1
61,61,84434.0,25,1
62,62,84430.0,29,1
63,63,84421.0,38,1
64,64,84395.0,64,1
65,65,84380.0,79,1
66,66,84367.0,92,1
67,67,84364.0,95,1
68,68,84353.0,106,1
69,69,84348.0,109,3
70,70,84348.0,109,3
71,71,84343.0,114,3
72,72,84338.0,119,3
73,73,84336.0,121,3
74,74,84325.0,132,3
75,75,84321.0,133,6
76,76,84311.0,143,6
77,77,84304.0,149,7
78,78,84302.0,151,7
79,79,84299.0,154,7
80,80,84299.0,154,7
81,81,84297.0,156,7
82,82,84297.0,156,7
83,83,84295.0,157,8
84,84,84294.0,158,8
85,85,84295.0,157,8
86,86,84295.0,157,8
87,87,84295.0,157,8
88,88,84295.0,157,8
89,89,84294.0,158,8
90,90,84291.0,160,9
91,91,84291.0,160,9
92,92,84291.0,160,9
93,93,84291.0,160,9
94,94,84291.0,160,9
95,95,84291.0,160,9
96,96,84287.0,164,9
97,97,84283.0,168,9
98,98,84283.0,168,9
99,99,84283.0,168,9
100,100,84283.0,168,9
101,101,84283.0,168,9
102,102,84283.0,168,9
103,103,84283.0,168,9
104,104,84283.0,168,9
105,105,84279.0,172,9
106,106,84279.0,172,9
107,107,84279.0,172,9
108,108,84278.0,173,9
109,109,84277.0,174,9
110,110,84277.0,174,9
111,111,84277.0,174,9
112,112,84275.0,176,9
113,113,84274.0,176,10
114,114,84274.0,176,10
115,115,84274.0,176,10
116,116,84274.0,176,10
117,117,84274.0,176,10
118,118,84274.0,176,10
119,119,84274.0,176,10
120,120,84273.0,177,10
121,121,84273.0,177,10
122,122,84273.0,177,10
123,123,84273.0,177,10
124,124,84273.0,177,10
125,125,84273.0,177,10
126,126,84272.0,177,11
127,127,84272.0,177,11
128,128,84271.0,178,11
