,Days,S,I,D
0,0,420152.0,0,0
1,1,420152.0,0,0
2,2,420152.0,0,0
3,3,420152.0,0,0
4,4,420152.0,0,0
5,5,420152.0,0,0
6,6,420152.0,0,0
7,7,420152.0,0,0
8,8,420152.0,0,0
9,9,420152.0,0,0
10,10,420152.0,0,0
11,11,420152.0,0,0
12,12,420152.0,0,0
13,13,420152.0,0,0
14,14,420152.0,0,0
15,15,420152.0,0,0
16,16,420152.0,0,0
17,17,420152.0,0,0
18,18,420152.0,0,0
19,19,420152.0,0,0
20,20,420152.0,0,0
21,21,420152.0,0,0
22,22,420152.0,0,0
23,23,420152.0,0,0
24,24,420152.0,0,0
25,25,420152.0,0,0
26,26,420152.0,0,0
27,27,420152.0,0,0
28,28,420152.0,0,0
29,29,420152.0,0,0
30,30,420152.0,0,0
31,31,420152.0,0,0
32,32,420152.0,0,0
33,33,420152.0,0,0
34,34,420152.0,0,0
35,35,420152.0,0,0
36,36,420152.0,0,0
37,37,420152.0,0,0
38,38,420152.0,0,0
39,39,420152.0,0,0
40,40,420152.0,0,0
41,41,420152.0,0,0
42,42,420152.0,0,0
43,43,420152.0,0,0
44,44,420152.0,0,0
45,45,420152.0,0,0
46,46,420152.0,0,0
47,47,420152.0,0,0
48,48,420152.0,0,0
49,49,420152.0,0,0
50,50,420152.0,0,0
51,51,420152.0,0,0
52,52,420152.0,0,0
53,53,420152.0,0,0
54,54,420152.0,0,0
55,55,420152.0,0,0
56,56,420151.0,1,0
57,57,420151.0,1,0
58,58,420147.0,5,0
59,59,420145.0,7,0
60,60,420139.0,13,0
61,61,420138.0,14,0
62,62,420136.0,16,0
63,63,420116.0,36,0
64,64,420116.0,36,0
65,65,420087.0,65,0
66,66,420087.0,65,0
67,67,420084.0,68,0
68,68,420070.0,82,0
69,69,420042.0,110,0
70,70,420001.0,151,0
71,71,419983.0,168,1
72,72,419950.0,201,1
73,73,419915.0,235,2
74,74,419873.0,276,3
75,75,419823.0,326,3
76,76,419779.0,369,4
77,77,419729.0,416,7
78,78,419528.0,616,8
79,79,419420.0,720,12
80,80,419203.0,930,19
81,81,419097.0,1035,20
82,82,418982.0,1150,20
83,83,418878.0,1247,27
84,84,418789.0,1335,28
85,85,418705.0,1419,28
86,86,418581.0,1537,34
87,87,418364.0,1748,40
88,88,418189.0,1898,65
89,89,418133.0,1945,74
90,90,418082.0,1988,82
91,91,417998.0,2069,85
92,92,417854.0,2212,86
93,93,417726.0,2339,87
94,94,417658.0,2406,88
95,95,417573.0,2491,88
96,96,417537.0,2526,89
97,97,417456.0,2605,91
98,98,417399.0,2637,116
99,99,417337.0,2698,117
100,100,417287.0,2748,117
101,101,417224.0,2810,118
102,102,417148.0,2886,118
103,103,417086.0,2948,118
104,104,417001.0,3004,147
105,105,416956.0,3048,148
106,106,416889.0,3095,168
107,107,416794.0,3190,168
108,108,416726.0,3257,169
109,109,416611.0,3371,170
110,110,416564.0,3417,171
111,111,416527.0,3453,172
112,112,416488.0,3485,179
113,113,416426.0,3530,196
114,114,416352.0,3593,207
115,115,416301.0,3643,208
116,116,416267.0,3677,208
117,117,416185.0,3719,248
118,118,416155.0,3735,262
119,119,416116.0,3763,273
120,120,416089.0,3784,279
121,121,416031.0,3838,283
122,122,416015.0,3845,292
123,123,415971.0,3885,296
124,124,415953.0,3903,296
125,125,415937.0,3919,296
126,126,415899.0,3952,301
127,127,415871.0,3973,308
128,128,415853.0,3988,311
