,Days,S,I,D
0,0,31333.0,0,0
1,1,31333.0,0,0
2,2,31333.0,0,0
3,3,31333.0,0,0
4,4,31333.0,0,0
5,5,31333.0,0,0
6,6,31333.0,0,0
7,7,31333.0,0,0
8,8,31333.0,0,0
9,9,31333.0,0,0
10,10,31333.0,0,0
11,11,31333.0,0,0
12,12,31333.0,0,0
13,13,31333.0,0,0
14,14,31333.0,0,0
15,15,31333.0,0,0
16,16,31333.0,0,0
17,17,31333.0,0,0
18,18,31333.0,0,0
19,19,31333.0,0,0
20,20,31333.0,0,0
21,21,31333.0,0,0
22,22,31333.0,0,0
23,23,31333.0,0,0
24,24,31333.0,0,0
25,25,31333.0,0,0
26,26,31333.0,0,0
27,27,31333.0,0,0
28,28,31333.0,0,0
29,29,31333.0,0,0
30,30,31333.0,0,0
31,31,31333.0,0,0
32,32,31333.0,0,0
33,33,31333.0,0,0
34,34,31333.0,0,0
35,35,31333.0,0,0
36,36,31333.0,0,0
37,37,31333.0,0,0
38,38,31333.0,0,0
39,39,31333.0,0,0
40,40,31333.0,0,0
41,41,31333.0,0,0
42,42,31333.0,0,0
43,43,31333.0,0,0
44,44,31333.0,0,0
45,45,31333.0,0,0
46,46,31333.0,0,0
47,47,31333.0,0,0
48,48,31333.0,0,0
49,49,31333.0,0,0
50,50,31333.0,0,0
51,51,31333.0,0,0
52,52,31333.0,0,0
53,53,31333.0,0,0
54,54,31333.0,0,0
55,55,31333.0,0,0
56,56,31331.0,2,0
57,57,31331.0,2,0
58,58,31331.0,2,0
59,59,31331.0,2,0
60,60,31330.0,3,0
61,61,31329.0,4,0
62,62,31329.0,4,0
63,63,31329.0,4,0
64,64,31327.0,6,0
65,65,31327.0,6,0
66,66,31327.0,6,0
67,67,31322.0,11,0
68,68,31317.0,16,0
69,69,31310.0,22,1
70,70,31307.0,25,1
71,71,31305.0,27,1
72,72,31300.0,32,1
73,73,31298.0,34,1
74,74,31286.0,45,2
75,75,31280.0,51,2
76,76,31277.0,54,2
77,77,31277.0,54,2
78,78,31273.0,57,3
79,79,31269.0,61,3
80,80,31265.0,65,3
81,81,31262.0,68,3
82,82,31262.0,68,3
83,83,31260.0,69,4
84,84,31258.0,70,5
85,85,31254.0,74,5
86,86,31252.0,76,5
87,87,31249.0,79,5
88,88,31246.0,82,5
89,89,31242.0,85,6
90,90,31241.0,86,6
91,91,31240.0,87,6
92,92,31237.0,89,7
93,93,31236.0,90,7
94,94,31232.0,94,7
95,95,31230.0,96,7
96,96,31225.0,101,7
97,97,31225.0,101,7
98,98,31225.0,101,7
99,99,31224.0,102,7
100,100,31224.0,102,7
101,101,31221.0,105,7
102,102,31219.0,107,7
103,103,31216.0,110,7
104,104,31213.0,112,8
105,105,31210.0,115,8
106,106,31210.0,115,8
107,107,31207.0,118,8
108,108,31207.0,118,8
109,109,31206.0,118,9
110,110,31206.0,118,9
111,111,31204.0,120,9
112,112,31204.0,120,9
113,113,31203.0,120,10
114,114,31196.0,127,10
115,115,31194.0,129,10
116,116,31194.0,129,10
117,117,31194.0,129,10
118,118,31194.0,129,10
119,119,31191.0,132,10
120,120,31190.0,133,10
121,121,31189.0,134,10
122,122,31187.0,136,10
123,123,31183.0,140,10
124,124,31181.0,141,11
125,125,31180.0,142,11
126,126,31173.0,149,11
127,127,31168.0,154,11
128,128,31166.0,156,11
