,Days,S,I,D
0,0,416075.0,0,0
1,1,416075.0,0,0
2,2,416075.0,0,0
3,3,416075.0,0,0
4,4,416075.0,0,0
5,5,416075.0,0,0
6,6,416075.0,0,0
7,7,416075.0,0,0
8,8,416075.0,0,0
9,9,416075.0,0,0
10,10,416075.0,0,0
11,11,416075.0,0,0
12,12,416075.0,0,0
13,13,416075.0,0,0
14,14,416075.0,0,0
15,15,416075.0,0,0
16,16,416075.0,0,0
17,17,416075.0,0,0
18,18,416075.0,0,0
19,19,416075.0,0,0
20,20,416075.0,0,0
21,21,416075.0,0,0
22,22,416075.0,0,0
23,23,416075.0,0,0
24,24,416075.0,0,0
25,25,416075.0,0,0
26,26,416075.0,0,0
27,27,416075.0,0,0
28,28,416075.0,0,0
29,29,416075.0,0,0
30,30,416075.0,0,0
31,31,416075.0,0,0
32,32,416075.0,0,0
33,33,416075.0,0,0
34,34,416075.0,0,0
35,35,416075.0,0,0
36,36,416075.0,0,0
37,37,416075.0,0,0
38,38,416075.0,0,0
39,39,416075.0,0,0
40,40,416075.0,0,0
41,41,416075.0,0,0
42,42,416075.0,0,0
43,43,416075.0,0,0
44,44,416075.0,0,0
45,45,416075.0,0,0
46,46,416075.0,0,0
47,47,416075.0,0,0
48,48,416075.0,0,0
49,49,416075.0,0,0
50,50,416074.0,1,0
51,51,416074.0,1,0
52,52,416074.0,1,0
53,53,416074.0,1,0
54,54,416073.0,2,0
55,55,416069.0,6,0
56,56,416069.0,6,0
57,57,416069.0,6,0
58,58,416065.0,10,0
59,59,416064.0,11,0
60,60,416063.0,12,0
61,61,416061.0,14,0
62,62,416058.0,17,0
63,63,416052.0,21,2
64,64,416052.0,21,2
65,65,416042.0,31,2
66,66,416037.0,36,2
67,67,416034.0,39,2
68,68,416032.0,40,3
69,69,416022.0,50,3
70,70,416016.0,56,3
71,71,416011.0,61,3
72,72,416006.0,66,3
73,73,415994.0,78,3
74,74,415988.0,84,3
75,75,415982.0,90,3
76,76,415975.0,97,3
77,77,415969.0,103,3
78,78,415963.0,109,3
79,79,415956.0,116,3
80,80,415951.0,121,3
81,81,415947.0,125,3
82,82,415940.0,132,3
83,83,415937.0,135,3
84,84,415930.0,142,3
85,85,415922.0,150,3
86,86,415918.0,153,4
87,87,415916.0,154,5
88,88,415909.0,161,5
89,89,415899.0,171,5
90,90,415897.0,173,5
91,91,415887.0,183,5
92,92,415878.0,191,6
93,93,415873.0,196,6
94,94,415868.0,201,6
95,95,415865.0,204,6
96,96,415865.0,204,6
97,97,415863.0,205,7
98,98,415862.0,206,7
99,99,415854.0,214,7
100,100,415846.0,222,7
101,101,415844.0,224,7
102,102,415843.0,225,7
103,103,415842.0,226,7
104,104,415837.0,231,7
105,105,415833.0,235,7
106,106,415826.0,241,8
107,107,415817.0,250,8
108,108,415810.0,256,9
109,109,415800.0,266,9
110,110,415798.0,268,9
111,111,415795.0,271,9
112,112,415795.0,271,9
113,113,415795.0,271,9
114,114,415789.0,277,9
115,115,415785.0,281,9
116,116,415785.0,281,9
117,117,415782.0,284,9
118,118,415782.0,284,9
119,119,415782.0,284,9
120,120,415782.0,284,9
121,121,415777.0,289,9
122,122,415776.0,290,9
123,123,415775.0,290,10
124,124,415771.0,294,10
125,125,415769.0,296,10
126,126,415765.0,300,10
127,127,415760.0,304,11
128,128,415759.0,305,11
