,Days,S,I,D
0,0,60115.0,0,0
1,1,60115.0,0,0
2,2,60115.0,0,0
3,3,60115.0,0,0
4,4,60115.0,0,0
5,5,60115.0,0,0
6,6,60115.0,0,0
7,7,60115.0,0,0
8,8,60115.0,0,0
9,9,60115.0,0,0
10,10,60115.0,0,0
11,11,60115.0,0,0
12,12,60115.0,0,0
13,13,60115.0,0,0
14,14,60115.0,0,0
15,15,60115.0,0,0
16,16,60115.0,0,0
17,17,60115.0,0,0
18,18,60115.0,0,0
19,19,60115.0,0,0
20,20,60115.0,0,0
21,21,60115.0,0,0
22,22,60115.0,0,0
23,23,60115.0,0,0
24,24,60115.0,0,0
25,25,60115.0,0,0
26,26,60115.0,0,0
27,27,60115.0,0,0
28,28,60115.0,0,0
29,29,60115.0,0,0
30,30,60115.0,0,0
31,31,60115.0,0,0
32,32,60115.0,0,0
33,33,60115.0,0,0
34,34,60115.0,0,0
35,35,60115.0,0,0
36,36,60115.0,0,0
37,37,60115.0,0,0
38,38,60115.0,0,0
39,39,60115.0,0,0
40,40,60115.0,0,0
41,41,60115.0,0,0
42,42,60115.0,0,0
43,43,60115.0,0,0
44,44,60115.0,0,0
45,45,60115.0,0,0
46,46,60115.0,0,0
47,47,60115.0,0,0
48,48,60115.0,0,0
49,49,60115.0,0,0
50,50,60115.0,0,0
51,51,60115.0,0,0
52,52,60115.0,0,0
53,53,60115.0,0,0
54,54,60115.0,0,0
55,55,60115.0,0,0
56,56,60115.0,0,0
57,57,60115.0,0,0
58,58,60115.0,0,0
59,59,60114.0,1,0
60,60,60114.0,1,0
61,61,60114.0,1,0
62,62,60114.0,1,0
63,63,60114.0,1,0
64,64,60114.0,1,0
65,65,60112.0,3,0
66,66,60112.0,3,0
67,67,60109.0,6,0
68,68,60108.0,7,0
69,69,60106.0,9,0
70,70,60106.0,9,0
71,71,60095.0,20,0
72,72,60093.0,22,0
73,73,60091.0,24,0
74,74,60078.0,37,0
75,75,60045.0,70,0
76,76,60039.0,76,0
77,77,60032.0,83,0
78,78,60032.0,83,0
79,79,60028.0,87,0
80,80,60027.0,88,0
81,81,60026.0,89,0
82,82,60023.0,92,0
83,83,60014.0,97,4
84,84,60013.0,98,4
85,85,60007.0,104,4
86,86,60003.0,108,4
87,87,60001.0,109,5
88,88,60000.0,110,5
89,89,59998.0,112,5
90,90,59996.0,114,5
91,91,59992.0,118,5
92,92,59989.0,121,5
93,93,59989.0,121,5
94,94,59984.0,126,5
95,95,59977.0,133,5
96,96,59977.0,133,5
97,97,59977.0,133,5
98,98,59974.0,136,5
99,99,59974.0,136,5
100,100,59973.0,137,5
101,101,59953.0,157,5
102,102,59951.0,159,5
103,103,59951.0,159,5
104,104,59951.0,159,5
105,105,59951.0,159,5
106,106,59951.0,159,5
107,107,59951.0,159,5
108,108,59945.0,164,6
109,109,59944.0,165,6
110,110,59942.0,167,6
111,111,59939.0,170,6
112,112,59938.0,171,6
113,113,59931.0,178,6
114,114,59928.0,181,6
115,115,59919.0,190,6
116,116,59913.0,196,6
117,117,59908.0,201,6
118,118,59907.0,202,6
119,119,59901.0,208,6
120,120,59887.0,222,6
121,121,59882.0,226,7
122,122,59869.0,239,7
123,123,59868.0,240,7
124,124,59861.0,247,7
125,125,59854.0,254,7
126,126,59849.0,258,8
127,127,59838.0,269,8
128,128,59830.0,277,8
