,Days,S,I,D
0,0,175769.0,0,0
1,1,175769.0,0,0
2,2,175769.0,0,0
3,3,175769.0,0,0
4,4,175769.0,0,0
5,5,175769.0,0,0
6,6,175769.0,0,0
7,7,175769.0,0,0
8,8,175769.0,0,0
9,9,175769.0,0,0
10,10,175769.0,0,0
11,11,175769.0,0,0
12,12,175769.0,0,0
13,13,175769.0,0,0
14,14,175769.0,0,0
15,15,175769.0,0,0
16,16,175769.0,0,0
17,17,175769.0,0,0
18,18,175769.0,0,0
19,19,175769.0,0,0
20,20,175769.0,0,0
21,21,175769.0,0,0
22,22,175769.0,0,0
23,23,175769.0,0,0
24,24,175769.0,0,0
25,25,175769.0,0,0
26,26,175769.0,0,0
27,27,175769.0,0,0
28,28,175769.0,0,0
29,29,175769.0,0,0
30,30,175769.0,0,0
31,31,175769.0,0,0
32,32,175769.0,0,0
33,33,175769.0,0,0
34,34,175769.0,0,0
35,35,175769.0,0,0
36,36,175769.0,0,0
37,37,175769.0,0,0
38,38,175769.0,0,0
39,39,175769.0,0,0
40,40,175769.0,0,0
41,41,175769.0,0,0
42,42,175769.0,0,0
43,43,175769.0,0,0
44,44,175769.0,0,0
45,45,175769.0,0,0
46,46,175769.0,0,0
47,47,175769.0,0,0
48,48,175769.0,0,0
49,49,175769.0,0,0
50,50,175769.0,0,0
51,51,175769.0,0,0
52,52,175769.0,0,0
53,53,175769.0,0,0
54,54,175769.0,0,0
55,55,175769.0,0,0
56,56,175769.0,0,0
57,57,175769.0,0,0
58,58,175769.0,0,0
59,59,175768.0,1,0
60,60,175768.0,1,0
61,61,175768.0,1,0
62,62,175767.0,2,0
63,63,175766.0,3,0
64,64,175764.0,5,0
65,65,175759.0,10,0
66,66,175755.0,14,0
67,67,175754.0,15,0
68,68,175748.0,21,0
69,69,175745.0,24,0
70,70,175745.0,24,0
71,71,175739.0,30,0
72,72,175727.0,41,1
73,73,175718.0,50,1
74,74,175712.0,55,2
75,75,175710.0,57,2
76,76,175705.0,61,3
77,77,175702.0,64,3
78,78,175688.0,78,3
79,79,175687.0,79,3
80,80,175686.0,80,3
81,81,175683.0,83,3
82,82,175680.0,86,3
83,83,175680.0,86,3
84,84,175678.0,88,3
85,85,175673.0,92,4
86,86,175671.0,94,4
87,87,175671.0,94,4
88,88,175665.0,100,4
89,89,175665.0,100,4
90,90,175663.0,102,4
91,91,175662.0,103,4
92,92,175661.0,104,4
93,93,175660.0,105,4
94,94,175657.0,108,4
95,95,175657.0,108,4
96,96,175654.0,110,5
97,97,175650.0,114,5
98,98,175649.0,115,5
99,99,175646.0,118,5
100,100,175643.0,121,5
101,101,175642.0,122,5
102,102,175639.0,125,5
103,103,175634.0,130,5
104,104,175629.0,133,7
105,105,175625.0,137,7
106,106,175616.0,146,7
107,107,175612.0,150,7
108,108,175600.0,162,7
109,109,175600.0,162,7
110,110,175598.0,164,7
111,111,175590.0,172,7
112,112,175587.0,175,7
113,113,175582.0,180,7
114,114,175580.0,182,7
115,115,175578.0,184,7
116,116,175577.0,185,7
117,117,175571.0,190,8
118,118,175570.0,190,9
119,119,175563.0,197,9
120,120,175561.0,199,9
121,121,175559.0,200,10
122,122,175558.0,201,10
123,123,175555.0,204,10
124,124,175552.0,207,10
125,125,175545.0,214,10
126,126,175541.0,218,10
127,127,175537.0,222,10
128,128,175529.0,230,10
