,Days,S,I,D
0,0,1951260.0,0,0
1,1,1951260.0,0,0
2,2,1951260.0,0,0
3,3,1951260.0,0,0
4,4,1951260.0,0,0
5,5,1951260.0,0,0
6,6,1951260.0,0,0
7,7,1951260.0,0,0
8,8,1951260.0,0,0
9,9,1951260.0,0,0
10,10,1951260.0,0,0
11,11,1951260.0,0,0
12,12,1951260.0,0,0
13,13,1951260.0,0,0
14,14,1951260.0,0,0
15,15,1951260.0,0,0
16,16,1951260.0,0,0
17,17,1951260.0,0,0
18,18,1951260.0,0,0
19,19,1951260.0,0,0
20,20,1951260.0,0,0
21,21,1951260.0,0,0
22,22,1951260.0,0,0
23,23,1951260.0,0,0
24,24,1951260.0,0,0
25,25,1951260.0,0,0
26,26,1951260.0,0,0
27,27,1951260.0,0,0
28,28,1951260.0,0,0
29,29,1951260.0,0,0
30,30,1951260.0,0,0
31,31,1951260.0,0,0
32,32,1951260.0,0,0
33,33,1951260.0,0,0
34,34,1951260.0,0,0
35,35,1951260.0,0,0
36,36,1951260.0,0,0
37,37,1951260.0,0,0
38,38,1951260.0,0,0
39,39,1951260.0,0,0
40,40,1951260.0,0,0
41,41,1951260.0,0,0
42,42,1951260.0,0,0
43,43,1951260.0,0,0
44,44,1951260.0,0,0
45,45,1951258.0,2,0
46,46,1951258.0,2,0
47,47,1951256.0,4,0
48,48,1951256.0,4,0
49,49,1951253.0,7,0
50,50,1951249.0,11,0
51,51,1951240.0,20,0
52,52,1951224.0,36,0
53,53,1951224.0,36,0
54,54,1951220.0,39,1
55,55,1951204.0,55,1
56,56,1951179.0,80,1
57,57,1951163.0,96,1
58,58,1951108.0,151,1
59,59,1951095.0,164,1
60,60,1951040.0,217,3
61,61,1950994.0,263,3
62,62,1950946.0,311,3
63,63,1950845.0,412,3
64,64,1950752.0,505,3
65,65,1950619.0,631,10
66,66,1950429.0,820,11
67,67,1950237.0,1012,11
68,68,1950111.0,1137,12
69,69,1950029.0,1219,12
70,70,1949899.0,1348,13
71,71,1949762.0,1481,17
72,72,1949640.0,1598,22
73,73,1949463.0,1765,32
74,74,1949334.0,1886,40
75,75,1949138.0,2075,47
76,76,1948976.0,2230,54
77,77,1948835.0,2365,60
78,78,1948713.0,2480,67
79,79,1948509.0,2679,72
80,80,1948340.0,2844,76
81,81,1948239.0,2945,76
82,82,1948007.0,3177,76
83,83,1947918.0,3261,81
84,84,1947803.0,3363,94
85,85,1947693.0,3466,101
86,86,1947465.0,3688,107
87,87,1947307.0,3838,115
88,88,1947174.0,3971,115
89,89,1947060.0,4078,122
90,90,1946966.0,4168,126
91,91,1946859.0,4254,147
92,92,1946672.0,4431,157
93,93,1946507.0,4591,162
94,94,1946439.0,4659,162
95,95,1946361.0,4729,170
96,96,1946292.0,4794,174
97,97,1946234.0,4847,179
98,98,1946180.0,4898,182
99,99,1946122.0,4953,185
100,100,1945917.0,5144,199
101,101,1945799.0,5257,204
102,102,1945741.0,5312,207
103,103,1945669.0,5383,208
104,104,1945553.0,5492,215
105,105,1945488.0,5553,219
106,106,1945353.0,5677,230
107,107,1945324.0,5688,248
108,108,1945223.0,5780,257
109,109,1945145.0,5858,257
110,110,1945120.0,5882,258
111,111,1945029.0,5973,258
112,112,1944995.0,5998,267
113,113,1944936.0,6057,267
114,114,1944855.0,6133,272
115,115,1944781.0,6201,278
116,116,1944738.0,6243,279
117,117,1944657.0,6322,281
118,118,1944609.0,6369,282
119,119,1944568.0,6407,285
120,120,1944460.0,6514,286
121,121,1944394.0,6580,286
122,122,1944319.0,6649,292
123,123,1944271.0,6697,292
124,124,1944202.0,6760,298
125,125,1944161.0,6799,300
126,126,1944130.0,6825,305
127,127,1944083.0,6870,307
128,128,1943977.0,6975,308
