,Days,S,I,D
0,0,25605.0,0,0
1,1,25605.0,0,0
2,2,25605.0,0,0
3,3,25605.0,0,0
4,4,25605.0,0,0
5,5,25605.0,0,0
6,6,25605.0,0,0
7,7,25605.0,0,0
8,8,25605.0,0,0
9,9,25605.0,0,0
10,10,25605.0,0,0
11,11,25605.0,0,0
12,12,25605.0,0,0
13,13,25605.0,0,0
14,14,25605.0,0,0
15,15,25605.0,0,0
16,16,25605.0,0,0
17,17,25605.0,0,0
18,18,25605.0,0,0
19,19,25605.0,0,0
20,20,25605.0,0,0
21,21,25605.0,0,0
22,22,25605.0,0,0
23,23,25605.0,0,0
24,24,25605.0,0,0
25,25,25605.0,0,0
26,26,25605.0,0,0
27,27,25605.0,0,0
28,28,25605.0,0,0
29,29,25605.0,0,0
30,30,25605.0,0,0
31,31,25605.0,0,0
32,32,25605.0,0,0
33,33,25605.0,0,0
34,34,25605.0,0,0
35,35,25605.0,0,0
36,36,25605.0,0,0
37,37,25605.0,0,0
38,38,25605.0,0,0
39,39,25605.0,0,0
40,40,25605.0,0,0
41,41,25605.0,0,0
42,42,25605.0,0,0
43,43,25605.0,0,0
44,44,25605.0,0,0
45,45,25605.0,0,0
46,46,25605.0,0,0
47,47,25605.0,0,0
48,48,25605.0,0,0
49,49,25605.0,0,0
50,50,25605.0,0,0
51,51,25605.0,0,0
52,52,25605.0,0,0
53,53,25605.0,0,0
54,54,25605.0,0,0
55,55,25605.0,0,0
56,56,25605.0,0,0
57,57,25605.0,0,0
58,58,25605.0,0,0
59,59,25605.0,0,0
60,60,25605.0,0,0
61,61,25603.0,2,0
62,62,25603.0,2,0
63,63,25603.0,2,0
64,64,25600.0,5,0
65,65,25600.0,5,0
66,66,25598.0,7,0
67,67,25596.0,9,0
68,68,25594.0,11,0
69,69,25590.0,15,0
70,70,25586.0,19,0
71,71,25576.0,26,3
72,72,25568.0,34,3
73,73,25563.0,39,3
74,74,25560.0,40,5
75,75,25548.0,52,5
76,76,25542.0,58,5
77,77,25535.0,65,5
78,78,25534.0,66,5
79,79,25533.0,67,5
80,80,25527.0,71,7
81,81,25525.0,73,7
82,82,25524.0,74,7
83,83,25523.0,74,8
84,84,25523.0,74,8
85,85,25518.0,78,9
86,86,25517.0,79,9
87,87,25517.0,79,9
88,88,25517.0,79,9
89,89,25517.0,79,9
90,90,25517.0,79,9
91,91,25516.0,80,9
92,92,25515.0,81,9
93,93,25515.0,81,9
94,94,25514.0,82,9
95,95,25514.0,82,9
96,96,25509.0,87,9
97,97,25506.0,90,9
98,98,25506.0,90,9
99,99,25506.0,90,9
100,100,25506.0,90,9
101,101,25506.0,90,9
102,102,25506.0,90,9
103,103,25506.0,90,9
104,104,25506.0,90,9
105,105,25506.0,90,9
106,106,25506.0,90,9
107,107,25506.0,90,9
108,108,25506.0,90,9
109,109,25506.0,90,9
110,110,25506.0,90,9
111,111,25505.0,90,10
112,112,25501.0,94,10
113,113,25501.0,94,10
114,114,25501.0,94,10
115,115,25496.0,99,10
116,116,25495.0,100,10
117,117,25477.0,118,10
118,118,25464.0,131,10
119,119,25438.0,157,10
120,120,25423.0,172,10
121,121,25413.0,182,10
122,122,25413.0,182,10
123,123,25413.0,182,10
124,124,25413.0,182,10
125,125,25411.0,184,10
126,126,25411.0,184,10
127,127,25411.0,184,10
128,128,25411.0,184,10
