,Days,S,I,D
0,0,22000.0,0,0
1,1,22000.0,0,0
2,2,22000.0,0,0
3,3,22000.0,0,0
4,4,22000.0,0,0
5,5,22000.0,0,0
6,6,22000.0,0,0
7,7,22000.0,0,0
8,8,22000.0,0,0
9,9,22000.0,0,0
10,10,22000.0,0,0
11,11,22000.0,0,0
12,12,22000.0,0,0
13,13,22000.0,0,0
14,14,22000.0,0,0
15,15,22000.0,0,0
16,16,22000.0,0,0
17,17,22000.0,0,0
18,18,22000.0,0,0
19,19,22000.0,0,0
20,20,22000.0,0,0
21,21,22000.0,0,0
22,22,22000.0,0,0
23,23,22000.0,0,0
24,24,22000.0,0,0
25,25,22000.0,0,0
26,26,22000.0,0,0
27,27,22000.0,0,0
28,28,22000.0,0,0
29,29,22000.0,0,0
30,30,22000.0,0,0
31,31,22000.0,0,0
32,32,22000.0,0,0
33,33,22000.0,0,0
34,34,22000.0,0,0
35,35,22000.0,0,0
36,36,22000.0,0,0
37,37,22000.0,0,0
38,38,22000.0,0,0
39,39,22000.0,0,0
40,40,22000.0,0,0
41,41,22000.0,0,0
42,42,22000.0,0,0
43,43,22000.0,0,0
44,44,22000.0,0,0
45,45,22000.0,0,0
46,46,22000.0,0,0
47,47,22000.0,0,0
48,48,22000.0,0,0
49,49,22000.0,0,0
50,50,22000.0,0,0
51,51,22000.0,0,0
52,52,22000.0,0,0
53,53,22000.0,0,0
54,54,22000.0,0,0
55,55,22000.0,0,0
56,56,22000.0,0,0
57,57,22000.0,0,0
58,58,22000.0,0,0
59,59,22000.0,0,0
60,60,22000.0,0,0
61,61,22000.0,0,0
62,62,22000.0,0,0
63,63,22000.0,0,0
64,64,21999.0,1,0
65,65,21998.0,2,0
66,66,21998.0,2,0
67,67,21998.0,2,0
68,68,21998.0,2,0
69,69,21998.0,2,0
70,70,21998.0,2,0
71,71,21997.0,3,0
72,72,21997.0,3,0
73,73,21997.0,3,0
74,74,21997.0,3,0
75,75,21997.0,3,0
76,76,21996.0,4,0
77,77,21996.0,4,0
78,78,21996.0,4,0
79,79,21996.0,4,0
80,80,21996.0,4,0
81,81,21996.0,4,0
82,82,21995.0,5,0
83,83,21995.0,5,0
84,84,21993.0,7,0
85,85,21993.0,7,0
86,86,21993.0,7,0
87,87,21993.0,7,0
88,88,21992.0,8,0
89,89,21991.0,8,1
90,90,21991.0,8,1
91,91,21991.0,8,1
92,92,21991.0,8,1
93,93,21991.0,8,1
94,94,21991.0,8,1
95,95,21990.0,9,1
96,96,21990.0,9,1
97,97,21990.0,9,1
98,98,21990.0,9,1
99,99,21989.0,10,1
100,100,21985.0,14,1
101,101,21983.0,16,1
102,102,21983.0,16,1
103,103,21982.0,17,1
104,104,21981.0,18,1
105,105,21980.0,19,1
106,106,21979.0,20,1
107,107,21979.0,20,1
108,108,21979.0,20,1
109,109,21979.0,20,1
110,110,21979.0,20,1
111,111,21978.0,21,1
112,112,21978.0,21,1
113,113,21978.0,21,1
114,114,21977.0,22,1
115,115,21976.0,23,1
116,116,21975.0,24,1
117,117,21970.0,29,1
118,118,21962.0,37,1
119,119,21954.0,44,2
120,120,21951.0,47,2
121,121,21951.0,47,2
122,122,21945.0,51,4
123,123,21943.0,52,5
124,124,21909.0,85,6
125,125,21908.0,85,7
126,126,21907.0,85,8
127,127,21904.0,88,8
128,128,21899.0,92,9
