,Days,S,I,D
0,0,173283.0,0,0
1,1,173283.0,0,0
2,2,173283.0,0,0
3,3,173283.0,0,0
4,4,173283.0,0,0
5,5,173283.0,0,0
6,6,173283.0,0,0
7,7,173283.0,0,0
8,8,173283.0,0,0
9,9,173283.0,0,0
10,10,173283.0,0,0
11,11,173283.0,0,0
12,12,173283.0,0,0
13,13,173283.0,0,0
14,14,173283.0,0,0
15,15,173283.0,0,0
16,16,173283.0,0,0
17,17,173283.0,0,0
18,18,173283.0,0,0
19,19,173283.0,0,0
20,20,173283.0,0,0
21,21,173283.0,0,0
22,22,173283.0,0,0
23,23,173283.0,0,0
24,24,173283.0,0,0
25,25,173283.0,0,0
26,26,173283.0,0,0
27,27,173283.0,0,0
28,28,173283.0,0,0
29,29,173283.0,0,0
30,30,173283.0,0,0
31,31,173283.0,0,0
32,32,173283.0,0,0
33,33,173283.0,0,0
34,34,173283.0,0,0
35,35,173283.0,0,0
36,36,173283.0,0,0
37,37,173283.0,0,0
38,38,173283.0,0,0
39,39,173283.0,0,0
40,40,173283.0,0,0
41,41,173283.0,0,0
42,42,173283.0,0,0
43,43,173283.0,0,0
44,44,173283.0,0,0
45,45,173283.0,0,0
46,46,173283.0,0,0
47,47,173283.0,0,0
48,48,173283.0,0,0
49,49,173283.0,0,0
50,50,173283.0,0,0
51,51,173283.0,0,0
52,52,173283.0,0,0
53,53,173283.0,0,0
54,54,173283.0,0,0
55,55,173283.0,0,0
56,56,173283.0,0,0
57,57,173283.0,0,0
58,58,173283.0,0,0
59,59,173283.0,0,0
60,60,173282.0,1,0
61,61,173282.0,1,0
62,62,173282.0,1,0
63,63,173280.0,3,0
64,64,173276.0,7,0
65,65,173276.0,7,0
66,66,173273.0,10,0
67,67,173273.0,10,0
68,68,173267.0,16,0
69,69,173265.0,18,0
70,70,173262.0,21,0
71,71,173258.0,25,0
72,72,173252.0,31,0
73,73,173245.0,38,0
74,74,173241.0,41,1
75,75,173230.0,52,1
76,76,173216.0,66,1
77,77,173205.0,77,1
78,78,173194.0,88,1
79,79,173183.0,99,1
80,80,173171.0,111,1
81,81,173167.0,115,1
82,82,173164.0,118,1
83,83,173158.0,124,1
84,84,173152.0,129,2
85,85,173135.0,146,2
86,86,173125.0,155,3
87,87,173121.0,159,3
88,88,173121.0,159,3
89,89,173109.0,171,3
90,90,173101.0,179,3
91,91,173098.0,182,3
92,92,173092.0,188,3
93,93,173083.0,196,4
94,94,173072.0,206,5
95,95,173070.0,208,5
96,96,173062.0,216,5
97,97,173060.0,218,5
98,98,173056.0,222,5
99,99,173051.0,226,6
100,100,173046.0,230,7
101,101,173040.0,236,7
102,102,173035.0,241,7
103,103,173031.0,245,7
104,104,173021.0,255,7
105,105,173016.0,260,7
106,106,173002.0,274,7
107,107,172999.0,276,8
108,108,172996.0,279,8
109,109,172995.0,280,8
110,110,172989.0,286,8
111,111,172989.0,286,8
112,112,172984.0,291,8
113,113,172982.0,293,8
114,114,172978.0,297,8
115,115,172974.0,301,8
116,116,172968.0,307,8
117,117,172966.0,309,8
118,118,172966.0,309,8
119,119,172963.0,312,8
120,120,172955.0,320,8
121,121,172945.0,329,9
122,122,172945.0,329,9
123,123,172943.0,331,9
124,124,172937.0,337,9
125,125,172934.0,340,9
126,126,172933.0,341,9
127,127,172925.0,348,10
128,128,172917.0,356,10
