,Days,S,I,D
0,0,24665.0,0,0
1,1,24665.0,0,0
2,2,24665.0,0,0
3,3,24665.0,0,0
4,4,24665.0,0,0
5,5,24665.0,0,0
6,6,24665.0,0,0
7,7,24665.0,0,0
8,8,24665.0,0,0
9,9,24665.0,0,0
10,10,24665.0,0,0
11,11,24665.0,0,0
12,12,24665.0,0,0
13,13,24665.0,0,0
14,14,24665.0,0,0
15,15,24665.0,0,0
16,16,24665.0,0,0
17,17,24665.0,0,0
18,18,24665.0,0,0
19,19,24665.0,0,0
20,20,24665.0,0,0
21,21,24665.0,0,0
22,22,24665.0,0,0
23,23,24665.0,0,0
24,24,24665.0,0,0
25,25,24665.0,0,0
26,26,24665.0,0,0
27,27,24665.0,0,0
28,28,24665.0,0,0
29,29,24665.0,0,0
30,30,24665.0,0,0
31,31,24665.0,0,0
32,32,24665.0,0,0
33,33,24665.0,0,0
34,34,24665.0,0,0
35,35,24665.0,0,0
36,36,24665.0,0,0
37,37,24665.0,0,0
38,38,24665.0,0,0
39,39,24665.0,0,0
40,40,24665.0,0,0
41,41,24665.0,0,0
42,42,24665.0,0,0
43,43,24665.0,0,0
44,44,24665.0,0,0
45,45,24665.0,0,0
46,46,24665.0,0,0
47,47,24665.0,0,0
48,48,24665.0,0,0
49,49,24665.0,0,0
50,50,24665.0,0,0
51,51,24665.0,0,0
52,52,24665.0,0,0
53,53,24665.0,0,0
54,54,24665.0,0,0
55,55,24664.0,1,0
56,56,24664.0,1,0
57,57,24664.0,1,0
58,58,24664.0,1,0
59,59,24664.0,1,0
60,60,24664.0,1,0
61,61,24662.0,3,0
62,62,24660.0,5,0
63,63,24659.0,6,0
64,64,24658.0,7,0
65,65,24658.0,7,0
66,66,24651.0,14,0
67,67,24648.0,17,0
68,68,24648.0,17,0
69,69,24646.0,19,0
70,70,24646.0,19,0
71,71,24646.0,19,0
72,72,24645.0,20,0
73,73,24642.0,22,1
74,74,24640.0,24,1
75,75,24637.0,26,2
76,76,24635.0,28,2
77,77,24634.0,29,2
78,78,24634.0,29,2
79,79,24634.0,29,2
80,80,24632.0,31,2
81,81,24630.0,33,2
82,82,24629.0,34,2
83,83,24629.0,34,2
84,84,24628.0,35,2
85,85,24619.0,44,2
86,86,24617.0,45,3
87,87,24606.0,54,5
88,88,24588.0,72,5
89,89,24588.0,72,5
90,90,24582.0,77,6
91,91,24581.0,78,6
92,92,24576.0,83,6
93,93,24574.0,84,7
94,94,24574.0,84,7
95,95,24570.0,87,8
96,96,24570.0,87,8
97,97,24569.0,88,8
98,98,24567.0,90,8
99,99,24565.0,92,8
100,100,24565.0,92,8
101,101,24564.0,93,8
102,102,24564.0,93,8
103,103,24564.0,93,8
104,104,24563.0,94,8
105,105,24562.0,95,8
106,106,24562.0,95,8
107,107,24561.0,95,9
108,108,24559.0,97,9
109,109,24559.0,97,9
110,110,24557.0,98,10
111,111,24557.0,98,10
112,112,24557.0,98,10
113,113,24557.0,98,10
114,114,24556.0,99,10
115,115,24556.0,99,10
116,116,24556.0,99,10
117,117,24556.0,99,10
118,118,24556.0,99,10
119,119,24556.0,99,10
120,120,24556.0,99,10
121,121,24555.0,100,10
122,122,24555.0,100,10
123,123,24555.0,100,10
124,124,24555.0,100,10
125,125,24555.0,100,10
126,126,24555.0,100,10
127,127,24555.0,100,10
128,128,24555.0,100,10
