,Days,S,I,D
0,0,651215.0,0,0
1,1,651215.0,0,0
2,2,651215.0,0,0
3,3,651215.0,0,0
4,4,651215.0,0,0
5,5,651215.0,0,0
6,6,651215.0,0,0
7,7,651215.0,0,0
8,8,651215.0,0,0
9,9,651215.0,0,0
10,10,651215.0,0,0
11,11,651215.0,0,0
12,12,651215.0,0,0
13,13,651215.0,0,0
14,14,651215.0,0,0
15,15,651215.0,0,0
16,16,651215.0,0,0
17,17,651215.0,0,0
18,18,651215.0,0,0
19,19,651215.0,0,0
20,20,651215.0,0,0
21,21,651215.0,0,0
22,22,651215.0,0,0
23,23,651215.0,0,0
24,24,651215.0,0,0
25,25,651215.0,0,0
26,26,651215.0,0,0
27,27,651215.0,0,0
28,28,651215.0,0,0
29,29,651215.0,0,0
30,30,651215.0,0,0
31,31,651215.0,0,0
32,32,651215.0,0,0
33,33,651215.0,0,0
34,34,651215.0,0,0
35,35,651215.0,0,0
36,36,651215.0,0,0
37,37,651215.0,0,0
38,38,651215.0,0,0
39,39,651215.0,0,0
40,40,651215.0,0,0
41,41,651215.0,0,0
42,42,651215.0,0,0
43,43,651215.0,0,0
44,44,651215.0,0,0
45,45,651215.0,0,0
46,46,651215.0,0,0
47,47,651213.0,2,0
48,48,651213.0,2,0
49,49,651212.0,3,0
50,50,651212.0,3,0
51,51,651208.0,7,0
52,52,651205.0,10,0
53,53,651200.0,15,0
54,54,651200.0,15,0
55,55,651197.0,18,0
56,56,651197.0,18,0
57,57,651193.0,22,0
58,58,651186.0,29,0
59,59,651175.0,40,0
60,60,651170.0,45,0
61,61,651157.0,58,0
62,62,651146.0,69,0
63,63,651127.0,88,0
64,64,651095.0,119,1
65,65,651059.0,155,1
66,66,651008.0,204,3
67,67,650971.0,241,3
68,68,650924.0,288,3
69,69,650876.0,333,6
70,70,650827.0,381,7
71,71,650764.0,441,10
72,72,650705.0,500,10
73,73,650653.0,552,10
74,74,650594.0,608,13
75,75,650548.0,652,15
76,76,650481.0,718,16
77,77,650432.0,764,19
78,78,650314.0,877,24
79,79,650254.0,931,30
80,80,650180.0,998,37
81,81,650179.0,998,38
82,82,650179.0,998,38
83,83,650174.0,998,43
84,84,650165.0,998,52
85,85,649818.0,1342,55
86,86,649738.0,1419,58
87,87,649655.0,1498,62
88,88,649614.0,1536,65
89,89,649541.0,1602,72
90,90,649486.0,1649,80
91,91,649411.0,1717,87
92,92,649290.0,1824,101
93,93,649060.0,2030,125
94,94,649005.0,2083,127
95,95,648928.0,2160,127
96,96,648833.0,2252,130
97,97,648767.0,2312,136
98,98,648686.0,2389,140
99,99,648602.0,2472,141
100,100,648506.0,2557,152
101,101,648437.0,2625,153
102,102,648353.0,2706,156
103,103,648300.0,2758,157
104,104,648167.0,2883,165
105,105,648069.0,2977,169
106,106,647954.0,3089,172
107,107,647891.0,3148,176
108,108,647811.0,3228,176
109,109,647767.0,3272,176
110,110,647723.0,3313,179
111,111,647662.0,3370,183
112,112,647551.0,3464,200
113,113,647476.0,3526,213
114,114,647405.0,3583,227
115,115,647319.0,3652,244
116,116,647259.0,3703,253
117,117,647195.0,3767,253
118,118,647130.0,3827,258
119,119,647054.0,3889,272
120,120,646999.0,3943,273
121,121,646965.0,3974,276
122,122,646910.0,4027,278
123,123,646896.0,4039,280
124,124,646860.0,4075,280
125,125,646810.0,4121,284
126,126,646751.0,4166,298
127,127,646713.0,4201,301
128,128,646657.0,4254,304
