,Days,S,I,D
0,0,79332.0,0,0
1,1,79332.0,0,0
2,2,79332.0,0,0
3,3,79332.0,0,0
4,4,79332.0,0,0
5,5,79332.0,0,0
6,6,79332.0,0,0
7,7,79332.0,0,0
8,8,79332.0,0,0
9,9,79332.0,0,0
10,10,79332.0,0,0
11,11,79332.0,0,0
12,12,79332.0,0,0
13,13,79332.0,0,0
14,14,79332.0,0,0
15,15,79332.0,0,0
16,16,79332.0,0,0
17,17,79332.0,0,0
18,18,79332.0,0,0
19,19,79332.0,0,0
20,20,79332.0,0,0
21,21,79332.0,0,0
22,22,79332.0,0,0
23,23,79332.0,0,0
24,24,79332.0,0,0
25,25,79332.0,0,0
26,26,79332.0,0,0
27,27,79332.0,0,0
28,28,79332.0,0,0
29,29,79332.0,0,0
30,30,79332.0,0,0
31,31,79332.0,0,0
32,32,79332.0,0,0
33,33,79332.0,0,0
34,34,79332.0,0,0
35,35,79332.0,0,0
36,36,79332.0,0,0
37,37,79332.0,0,0
38,38,79332.0,0,0
39,39,79332.0,0,0
40,40,79332.0,0,0
41,41,79332.0,0,0
42,42,79332.0,0,0
43,43,79332.0,0,0
44,44,79332.0,0,0
45,45,79332.0,0,0
46,46,79332.0,0,0
47,47,79332.0,0,0
48,48,79332.0,0,0
49,49,79332.0,0,0
50,50,79332.0,0,0
51,51,79332.0,0,0
52,52,79332.0,0,0
53,53,79332.0,0,0
54,54,79332.0,0,0
55,55,79332.0,0,0
56,56,79332.0,0,0
57,57,79331.0,1,0
58,58,79331.0,1,0
59,59,79330.0,2,0
60,60,79330.0,2,0
61,61,79330.0,2,0
62,62,79327.0,5,0
63,63,79326.0,6,0
64,64,79325.0,7,0
65,65,79324.0,8,0
66,66,79319.0,13,0
67,67,79318.0,14,0
68,68,79313.0,19,0
69,69,79308.0,24,0
70,70,79299.0,33,0
71,71,79288.0,43,1
72,72,79282.0,49,1
73,73,79277.0,54,1
74,74,79276.0,55,1
75,75,79275.0,56,1
76,76,79258.0,73,1
77,77,79249.0,82,1
78,78,79246.0,85,1
79,79,79239.0,90,3
80,80,79239.0,90,3
81,81,79238.0,91,3
82,82,79236.0,93,3
83,83,79230.0,98,4
84,84,79227.0,100,5
85,85,79224.0,102,6
86,86,79223.0,103,6
87,87,79223.0,103,6
88,88,79223.0,103,6
89,89,79221.0,104,7
90,90,79220.0,105,7
91,91,79220.0,105,7
92,92,79219.0,105,8
93,93,79217.0,106,9
94,94,79217.0,106,9
95,95,79214.0,109,9
96,96,79211.0,112,9
97,97,79209.0,114,9
98,98,79206.0,117,9
99,99,79205.0,118,9
100,100,79205.0,118,9
101,101,79204.0,118,10
102,102,79204.0,118,10
103,103,79203.0,119,10
104,104,79202.0,120,10
105,105,79199.0,123,10
106,106,79196.0,126,10
107,107,79196.0,126,10
108,108,79196.0,126,10
109,109,79196.0,126,10
110,110,79196.0,126,10
111,111,79196.0,126,10
112,112,79195.0,127,10
113,113,79193.0,129,10
114,114,79190.0,132,10
115,115,79190.0,132,10
116,116,79188.0,134,10
117,117,79187.0,135,10
118,118,79186.0,136,10
119,119,79186.0,136,10
120,120,79186.0,136,10
121,121,79186.0,136,10
122,122,79185.0,137,10
123,123,79184.0,138,10
124,124,79184.0,138,10
125,125,79184.0,138,10
126,126,79183.0,139,10
127,127,79183.0,139,10
128,128,79183.0,139,10
