,Days,S,I,D
0,0,28977.0,0,0
1,1,28977.0,0,0
2,2,28977.0,0,0
3,3,28977.0,0,0
4,4,28977.0,0,0
5,5,28977.0,0,0
6,6,28977.0,0,0
7,7,28977.0,0,0
8,8,28977.0,0,0
9,9,28977.0,0,0
10,10,28977.0,0,0
11,11,28977.0,0,0
12,12,28977.0,0,0
13,13,28977.0,0,0
14,14,28977.0,0,0
15,15,28977.0,0,0
16,16,28977.0,0,0
17,17,28977.0,0,0
18,18,28977.0,0,0
19,19,28977.0,0,0
20,20,28977.0,0,0
21,21,28977.0,0,0
22,22,28977.0,0,0
23,23,28977.0,0,0
24,24,28977.0,0,0
25,25,28977.0,0,0
26,26,28977.0,0,0
27,27,28977.0,0,0
28,28,28977.0,0,0
29,29,28977.0,0,0
30,30,28977.0,0,0
31,31,28977.0,0,0
32,32,28977.0,0,0
33,33,28977.0,0,0
34,34,28977.0,0,0
35,35,28977.0,0,0
36,36,28977.0,0,0
37,37,28977.0,0,0
38,38,28977.0,0,0
39,39,28977.0,0,0
40,40,28977.0,0,0
41,41,28977.0,0,0
42,42,28977.0,0,0
43,43,28977.0,0,0
44,44,28977.0,0,0
45,45,28977.0,0,0
46,46,28977.0,0,0
47,47,28977.0,0,0
48,48,28977.0,0,0
49,49,28977.0,0,0
50,50,28977.0,0,0
51,51,28977.0,0,0
52,52,28977.0,0,0
53,53,28977.0,0,0
54,54,28977.0,0,0
55,55,28977.0,0,0
56,56,28977.0,0,0
57,57,28977.0,0,0
58,58,28977.0,0,0
59,59,28977.0,0,0
60,60,28977.0,0,0
61,61,28977.0,0,0
62,62,28977.0,0,0
63,63,28977.0,0,0
64,64,28977.0,0,0
65,65,28977.0,0,0
66,66,28976.0,1,0
67,67,28976.0,1,0
68,68,28976.0,1,0
69,69,28976.0,1,0
70,70,28976.0,1,0
71,71,28975.0,2,0
72,72,28975.0,2,0
73,73,28973.0,4,0
74,74,28973.0,4,0
75,75,28972.0,5,0
76,76,28971.0,6,0
77,77,28971.0,6,0
78,78,28971.0,6,0
79,79,28969.0,8,0
80,80,28968.0,9,0
81,81,28968.0,9,0
82,82,28968.0,9,0
83,83,28967.0,10,0
84,84,28941.0,35,1
85,85,28927.0,48,2
86,86,28927.0,48,2
87,87,28927.0,48,2
88,88,28927.0,48,2
89,89,28927.0,48,2
90,90,28922.0,52,3
91,91,28920.0,53,4
92,92,28919.0,53,5
93,93,28919.0,53,5
94,94,28918.0,53,6
95,95,28913.0,58,6
96,96,28913.0,58,6
97,97,28909.0,61,7
98,98,28909.0,61,7
99,99,28908.0,62,7
100,100,28906.0,64,7
101,101,28905.0,64,8
102,102,28900.0,69,8
103,103,28897.0,72,8
104,104,28892.0,77,8
105,105,28892.0,77,8
106,106,28880.0,89,8
107,107,28871.0,97,9
108,108,28868.0,100,9
109,109,28860.0,108,9
110,110,28860.0,108,9
111,111,28859.0,109,9
112,112,28858.0,110,9
113,113,28858.0,110,9
114,114,28857.0,111,9
115,115,28855.0,112,10
116,116,28853.0,114,10
117,117,28847.0,120,10
118,118,28845.0,122,10
119,119,28841.0,126,10
120,120,28835.0,132,10
121,121,28835.0,132,10
122,122,28831.0,136,10
123,123,28831.0,136,10
124,124,28821.0,146,10
125,125,28817.0,150,10
126,126,28814.0,153,10
127,127,28813.0,154,10
128,128,28812.0,155,10
