,Days,S,I,D
0,0,57419.0,0,0
1,1,57419.0,0,0
2,2,57419.0,0,0
3,3,57419.0,0,0
4,4,57419.0,0,0
5,5,57419.0,0,0
6,6,57419.0,0,0
7,7,57419.0,0,0
8,8,57419.0,0,0
9,9,57419.0,0,0
10,10,57419.0,0,0
11,11,57419.0,0,0
12,12,57419.0,0,0
13,13,57419.0,0,0
14,14,57419.0,0,0
15,15,57419.0,0,0
16,16,57419.0,0,0
17,17,57419.0,0,0
18,18,57419.0,0,0
19,19,57419.0,0,0
20,20,57419.0,0,0
21,21,57419.0,0,0
22,22,57419.0,0,0
23,23,57419.0,0,0
24,24,57419.0,0,0
25,25,57419.0,0,0
26,26,57419.0,0,0
27,27,57419.0,0,0
28,28,57419.0,0,0
29,29,57419.0,0,0
30,30,57419.0,0,0
31,31,57419.0,0,0
32,32,57419.0,0,0
33,33,57419.0,0,0
34,34,57419.0,0,0
35,35,57419.0,0,0
36,36,57419.0,0,0
37,37,57419.0,0,0
38,38,57419.0,0,0
39,39,57419.0,0,0
40,40,57419.0,0,0
41,41,57419.0,0,0
42,42,57419.0,0,0
43,43,57419.0,0,0
44,44,57419.0,0,0
45,45,57419.0,0,0
46,46,57419.0,0,0
47,47,57419.0,0,0
48,48,57419.0,0,0
49,49,57419.0,0,0
50,50,57419.0,0,0
51,51,57419.0,0,0
52,52,57419.0,0,0
53,53,57419.0,0,0
54,54,57419.0,0,0
55,55,57419.0,0,0
56,56,57419.0,0,0
57,57,57418.0,1,0
58,58,57418.0,1,0
59,59,57418.0,1,0
60,60,57418.0,1,0
61,61,57418.0,1,0
62,62,57418.0,1,0
63,63,57418.0,1,0
64,64,57418.0,1,0
65,65,57418.0,1,0
66,66,57417.0,2,0
67,67,57417.0,2,0
68,68,57416.0,3,0
69,69,57415.0,4,0
70,70,57415.0,4,0
71,71,57413.0,6,0
72,72,57411.0,8,0
73,73,57408.0,10,1
74,74,57406.0,12,1
75,75,57404.0,14,1
76,76,57398.0,20,1
77,77,57396.0,22,1
78,78,57392.0,26,1
79,79,57391.0,27,1
80,80,57387.0,30,2
81,81,57386.0,31,2
82,82,57384.0,33,2
83,83,57381.0,35,3
84,84,57376.0,39,4
85,85,57376.0,39,4
86,86,57375.0,40,4
87,87,57373.0,42,4
88,88,57373.0,42,4
89,89,57370.0,44,5
90,90,57365.0,48,6
91,91,57363.0,50,6
92,92,57359.0,53,7
93,93,57356.0,56,7
94,94,57356.0,56,7
95,95,57345.0,67,7
96,96,57344.0,68,7
97,97,57337.0,75,7
98,98,57330.0,82,7
99,99,57305.0,107,7
100,100,57290.0,120,9
101,101,57285.0,125,9
102,102,57271.0,139,9
103,103,57270.0,140,9
104,104,57264.0,146,9
105,105,57256.0,154,9
106,106,57252.0,157,10
107,107,57248.0,161,10
108,108,57247.0,162,10
109,109,57243.0,166,10
110,110,57243.0,166,10
111,111,57242.0,167,10
112,112,57238.0,171,10
113,113,57234.0,175,10
114,114,57232.0,177,10
115,115,57228.0,181,10
116,116,57228.0,181,10
117,117,57228.0,181,10
118,118,57223.0,186,10
119,119,57222.0,187,10
120,120,57217.0,192,10
121,121,57212.0,197,10
122,122,57202.0,207,10
123,123,57190.0,219,10
124,124,57181.0,228,10
125,125,57181.0,228,10
126,126,57167.0,242,10
127,127,57153.0,256,10
128,128,57141.0,268,10
