,Days,S,I,D
0,0,66802.0,0,0
1,1,66802.0,0,0
2,2,66802.0,0,0
3,3,66802.0,0,0
4,4,66802.0,0,0
5,5,66802.0,0,0
6,6,66802.0,0,0
7,7,66802.0,0,0
8,8,66802.0,0,0
9,9,66802.0,0,0
10,10,66802.0,0,0
11,11,66802.0,0,0
12,12,66802.0,0,0
13,13,66802.0,0,0
14,14,66802.0,0,0
15,15,66802.0,0,0
16,16,66802.0,0,0
17,17,66802.0,0,0
18,18,66802.0,0,0
19,19,66802.0,0,0
20,20,66802.0,0,0
21,21,66802.0,0,0
22,22,66802.0,0,0
23,23,66802.0,0,0
24,24,66802.0,0,0
25,25,66802.0,0,0
26,26,66802.0,0,0
27,27,66802.0,0,0
28,28,66802.0,0,0
29,29,66802.0,0,0
30,30,66802.0,0,0
31,31,66802.0,0,0
32,32,66802.0,0,0
33,33,66802.0,0,0
34,34,66802.0,0,0
35,35,66802.0,0,0
36,36,66802.0,0,0
37,37,66802.0,0,0
38,38,66802.0,0,0
39,39,66802.0,0,0
40,40,66802.0,0,0
41,41,66802.0,0,0
42,42,66802.0,0,0
43,43,66802.0,0,0
44,44,66802.0,0,0
45,45,66802.0,0,0
46,46,66802.0,0,0
47,47,66802.0,0,0
48,48,66802.0,0,0
49,49,66802.0,0,0
50,50,66802.0,0,0
51,51,66802.0,0,0
52,52,66802.0,0,0
53,53,66802.0,0,0
54,54,66802.0,0,0
55,55,66802.0,0,0
56,56,66802.0,0,0
57,57,66802.0,0,0
58,58,66801.0,1,0
59,59,66800.0,2,0
60,60,66797.0,5,0
61,61,66795.0,7,0
62,62,66794.0,8,0
63,63,66794.0,8,0
64,64,66794.0,8,0
65,65,66794.0,8,0
66,66,66794.0,8,0
67,67,66792.0,10,0
68,68,66791.0,11,0
69,69,66791.0,11,0
70,70,66791.0,11,0
71,71,66787.0,15,0
72,72,66787.0,15,0
73,73,66783.0,19,0
74,74,66783.0,19,0
75,75,66775.0,27,0
76,76,66773.0,29,0
77,77,66774.0,28,0
78,78,66771.0,31,0
79,79,66769.0,33,0
80,80,66769.0,33,0
81,81,66763.0,39,0
82,82,66759.0,43,0
83,83,66758.0,44,0
84,84,66758.0,44,0
85,85,66753.0,49,0
86,86,66750.0,52,0
87,87,66743.0,59,0
88,88,66738.0,64,0
89,89,66733.0,69,0
90,90,66725.0,77,0
91,91,66717.0,85,0
92,92,66710.0,92,0
93,93,66703.0,99,0
94,94,66699.0,103,0
95,95,66699.0,103,0
96,96,66694.0,107,1
97,97,66690.0,110,2
98,98,66686.0,114,2
99,99,66674.0,126,2
100,100,66670.0,130,2
101,101,66665.0,135,2
102,102,66660.0,140,2
103,103,66656.0,144,2
104,104,66651.0,149,2
105,105,66649.0,151,2
106,106,66642.0,157,3
107,107,66628.0,171,3
108,108,66626.0,173,3
109,109,66625.0,174,3
110,110,66622.0,177,3
111,111,66620.0,177,5
112,112,66620.0,177,5
113,113,66616.0,181,5
114,114,66603.0,194,5
115,115,66585.0,212,5
116,116,66579.0,218,5
117,117,66575.0,222,5
118,118,66570.0,227,5
119,119,66565.0,232,5
120,120,66556.0,240,6
121,121,66554.0,242,6
122,122,66552.0,244,6
123,123,66550.0,246,6
124,124,66548.0,247,7
125,125,66541.0,254,7
126,126,66534.0,260,8
127,127,66532.0,262,8
128,128,66517.0,276,9
