,Days,S,I,D
0,0,179349.0,0,0
1,1,179349.0,0,0
2,2,179349.0,0,0
3,3,179349.0,0,0
4,4,179349.0,0,0
5,5,179349.0,0,0
6,6,179349.0,0,0
7,7,179349.0,0,0
8,8,179349.0,0,0
9,9,179349.0,0,0
10,10,179349.0,0,0
11,11,179349.0,0,0
12,12,179349.0,0,0
13,13,179349.0,0,0
14,14,179349.0,0,0
15,15,179349.0,0,0
16,16,179349.0,0,0
17,17,179349.0,0,0
18,18,179349.0,0,0
19,19,179349.0,0,0
20,20,179349.0,0,0
21,21,179349.0,0,0
22,22,179349.0,0,0
23,23,179349.0,0,0
24,24,179349.0,0,0
25,25,179349.0,0,0
26,26,179349.0,0,0
27,27,179349.0,0,0
28,28,179349.0,0,0
29,29,179349.0,0,0
30,30,179349.0,0,0
31,31,179349.0,0,0
32,32,179349.0,0,0
33,33,179349.0,0,0
34,34,179349.0,0,0
35,35,179349.0,0,0
36,36,179349.0,0,0
37,37,179349.0,0,0
38,38,179349.0,0,0
39,39,179349.0,0,0
40,40,179349.0,0,0
41,41,179349.0,0,0
42,42,179349.0,0,0
43,43,179348.0,1,0
44,44,179347.0,1,1
45,45,179347.0,1,1
46,46,179347.0,1,1
47,47,179347.0,1,1
48,48,179347.0,1,1
49,49,179347.0,1,1
50,50,179347.0,1,1
51,51,179347.0,1,1
52,52,179347.0,1,1
53,53,179347.0,1,1
54,54,179347.0,1,1
55,55,179347.0,1,1
56,56,179347.0,1,1
57,57,179346.0,2,1
58,58,179345.0,3,1
59,59,179345.0,3,1
60,60,179344.0,4,1
61,61,179344.0,4,1
62,62,179344.0,4,1
63,63,179340.0,8,1
64,64,179336.0,12,1
65,65,179335.0,13,1
66,66,179332.0,16,1
67,67,179328.0,20,1
68,68,179311.0,36,2
69,69,179303.0,44,2
70,70,179301.0,46,2
71,71,179300.0,47,2
72,72,179299.0,48,2
73,73,179297.0,50,2
74,74,179292.0,55,2
75,75,179283.0,64,2
76,76,179281.0,66,2
77,77,179277.0,70,2
78,78,179251.0,96,2
79,79,179241.0,105,3
80,80,179240.0,106,3
81,81,179236.0,109,4
82,82,179232.0,113,4
83,83,179231.0,114,4
84,84,179230.0,115,4
85,85,179226.0,118,5
86,86,179213.0,130,6
87,87,179210.0,133,6
88,88,179205.0,138,6
89,89,179204.0,139,6
90,90,179204.0,139,6
91,91,179203.0,140,6
92,92,179202.0,141,6
93,93,179200.0,143,6
94,94,179196.0,147,6
95,95,179194.0,149,6
96,96,179193.0,150,6
97,97,179191.0,151,7
98,98,179189.0,153,7
99,99,179188.0,154,7
100,100,179184.0,157,8
101,101,179184.0,157,8
102,102,179184.0,157,8
103,103,179183.0,158,8
104,104,179183.0,158,8
105,105,179183.0,158,8
106,106,179181.0,160,8
107,107,179178.0,162,9
108,108,179168.0,172,9
109,109,179167.0,173,9
110,110,179164.0,176,9
111,111,179161.0,179,9
112,112,179161.0,179,9
113,113,179160.0,180,9
114,114,179158.0,182,9
115,115,179158.0,182,9
116,116,179157.0,183,9
117,117,179155.0,185,9
118,118,179154.0,186,9
119,119,179143.0,197,9
120,120,179142.0,198,9
121,121,179138.0,202,9
122,122,179133.0,207,9
123,123,179133.0,207,9
124,124,179132.0,208,9
125,125,179131.0,209,9
126,126,179103.0,237,9
127,127,179103.0,237,9
128,128,179100.0,240,9
