,Days,S,I,D
0,0,99920.0,0,0
1,1,99920.0,0,0
2,2,99920.0,0,0
3,3,99920.0,0,0
4,4,99920.0,0,0
5,5,99920.0,0,0
6,6,99920.0,0,0
7,7,99920.0,0,0
8,8,99920.0,0,0
9,9,99920.0,0,0
10,10,99920.0,0,0
11,11,99920.0,0,0
12,12,99920.0,0,0
13,13,99920.0,0,0
14,14,99920.0,0,0
15,15,99920.0,0,0
16,16,99920.0,0,0
17,17,99920.0,0,0
18,18,99920.0,0,0
19,19,99920.0,0,0
20,20,99920.0,0,0
21,21,99920.0,0,0
22,22,99920.0,0,0
23,23,99920.0,0,0
24,24,99920.0,0,0
25,25,99920.0,0,0
26,26,99920.0,0,0
27,27,99920.0,0,0
28,28,99920.0,0,0
29,29,99920.0,0,0
30,30,99920.0,0,0
31,31,99920.0,0,0
32,32,99920.0,0,0
33,33,99920.0,0,0
34,34,99920.0,0,0
35,35,99920.0,0,0
36,36,99920.0,0,0
37,37,99920.0,0,0
38,38,99920.0,0,0
39,39,99920.0,0,0
40,40,99920.0,0,0
41,41,99920.0,0,0
42,42,99920.0,0,0
43,43,99920.0,0,0
44,44,99920.0,0,0
45,45,99920.0,0,0
46,46,99920.0,0,0
47,47,99920.0,0,0
48,48,99920.0,0,0
49,49,99920.0,0,0
50,50,99920.0,0,0
51,51,99920.0,0,0
52,52,99920.0,0,0
53,53,99920.0,0,0
54,54,99920.0,0,0
55,55,99920.0,0,0
56,56,99920.0,0,0
57,57,99920.0,0,0
58,58,99920.0,0,0
59,59,99920.0,0,0
60,60,99920.0,0,0
61,61,99920.0,0,0
62,62,99920.0,0,0
63,63,99920.0,0,0
64,64,99920.0,0,0
65,65,99919.0,1,0
66,66,99920.0,0,0
67,67,99919.0,1,0
68,68,99914.0,6,0
69,69,99914.0,6,0
70,70,99914.0,6,0
71,71,99911.0,9,0
72,72,99911.0,9,0
73,73,99910.0,10,0
74,74,99910.0,10,0
75,75,99909.0,11,0
76,76,99908.0,12,0
77,77,99906.0,14,0
78,78,99905.0,15,0
79,79,99904.0,16,0
80,80,99903.0,17,0
81,81,99900.0,20,0
82,82,99899.0,21,0
83,83,99899.0,21,0
84,84,99898.0,22,0
85,85,99896.0,24,0
86,86,99896.0,24,0
87,87,99896.0,24,0
88,88,99896.0,24,0
89,89,99896.0,24,0
90,90,99895.0,25,0
91,91,99893.0,27,0
92,92,99892.0,28,0
93,93,99887.0,33,0
94,94,99887.0,33,0
95,95,99887.0,33,0
96,96,99887.0,33,0
97,97,99885.0,35,0
98,98,99863.0,57,0
99,99,99847.0,73,0
100,100,99840.0,80,0
101,101,99840.0,80,0
102,102,99839.0,81,0
103,103,99839.0,81,0
104,104,99838.0,82,0
105,105,99838.0,82,0
106,106,99831.0,88,1
107,107,99828.0,91,1
108,108,99826.0,93,1
109,109,99826.0,93,1
110,110,99813.0,106,1
111,111,99811.0,108,1
112,112,99803.0,116,1
113,113,99799.0,120,1
114,114,99799.0,120,1
115,115,99792.0,120,8
116,116,99792.0,120,8
117,117,99784.0,128,8
118,118,99777.0,135,8
119,119,99777.0,135,8
120,120,99777.0,135,8
121,121,99771.0,140,9
122,122,99770.0,141,9
123,123,99771.0,140,9
124,124,99771.0,140,9
125,125,99765.0,146,9
126,126,99765.0,146,9
127,127,99764.0,147,9
128,128,99759.0,152,9
