,Days,S,I,D
0,0,25081.0,0,0
1,1,25081.0,0,0
2,2,25081.0,0,0
3,3,25081.0,0,0
4,4,25081.0,0,0
5,5,25081.0,0,0
6,6,25081.0,0,0
7,7,25081.0,0,0
8,8,25081.0,0,0
9,9,25081.0,0,0
10,10,25081.0,0,0
11,11,25081.0,0,0
12,12,25081.0,0,0
13,13,25081.0,0,0
14,14,25081.0,0,0
15,15,25081.0,0,0
16,16,25081.0,0,0
17,17,25081.0,0,0
18,18,25081.0,0,0
19,19,25081.0,0,0
20,20,25081.0,0,0
21,21,25081.0,0,0
22,22,25081.0,0,0
23,23,25081.0,0,0
24,24,25081.0,0,0
25,25,25081.0,0,0
26,26,25081.0,0,0
27,27,25081.0,0,0
28,28,25081.0,0,0
29,29,25081.0,0,0
30,30,25081.0,0,0
31,31,25081.0,0,0
32,32,25081.0,0,0
33,33,25081.0,0,0
34,34,25081.0,0,0
35,35,25081.0,0,0
36,36,25081.0,0,0
37,37,25081.0,0,0
38,38,25081.0,0,0
39,39,25081.0,0,0
40,40,25081.0,0,0
41,41,25081.0,0,0
42,42,25081.0,0,0
43,43,25081.0,0,0
44,44,25081.0,0,0
45,45,25081.0,0,0
46,46,25081.0,0,0
47,47,25081.0,0,0
48,48,25081.0,0,0
49,49,25081.0,0,0
50,50,25081.0,0,0
51,51,25081.0,0,0
52,52,25081.0,0,0
53,53,25081.0,0,0
54,54,25081.0,0,0
55,55,25081.0,0,0
56,56,25081.0,0,0
57,57,25081.0,0,0
58,58,25081.0,0,0
59,59,25081.0,0,0
60,60,25081.0,0,0
61,61,25081.0,0,0
62,62,25081.0,0,0
63,63,25080.0,1,0
64,64,25080.0,1,0
65,65,25080.0,1,0
66,66,25080.0,1,0
67,67,25080.0,1,0
68,68,25080.0,1,0
69,69,25080.0,1,0
70,70,25080.0,1,0
71,71,25080.0,1,0
72,72,25080.0,1,0
73,73,25078.0,2,1
74,74,25077.0,3,1
75,75,25077.0,3,1
76,76,25076.0,4,1
77,77,25076.0,4,1
78,78,25076.0,4,1
79,79,25076.0,4,1
80,80,25075.0,5,1
81,81,25076.0,4,1
82,82,25076.0,4,1
83,83,25076.0,4,1
84,84,25076.0,4,1
85,85,25074.0,6,1
86,86,25072.0,8,1
87,87,25069.0,11,1
88,88,25069.0,11,1
89,89,25066.0,13,2
90,90,25064.0,15,2
91,91,25064.0,15,2
92,92,25057.0,21,3
93,93,25048.0,29,4
94,94,25048.0,29,4
95,95,25044.0,33,4
96,96,25036.0,41,4
97,97,25030.0,47,4
98,98,25030.0,47,4
99,99,25026.0,51,4
100,100,25023.0,51,7
101,101,25022.0,52,7
102,102,25022.0,52,7
103,103,25022.0,52,7
104,104,25022.0,52,7
105,105,25021.0,53,7
106,106,25019.0,54,8
107,107,25019.0,54,8
108,108,25019.0,54,8
109,109,25018.0,55,8
110,110,25018.0,55,8
111,111,25018.0,55,8
112,112,25018.0,55,8
113,113,25017.0,56,8
114,114,25016.0,57,8
115,115,25015.0,58,8
116,116,25015.0,58,8
117,117,25014.0,59,8
118,118,25008.0,65,8
119,119,25001.0,71,9
120,120,24999.0,73,9
121,121,24996.0,76,9
122,122,24995.0,77,9
123,123,24995.0,77,9
124,124,24990.0,82,9
125,125,24988.0,84,9
126,126,24983.0,89,9
127,127,24982.0,90,9
128,128,24978.0,94,9
