,Days,S,I,D
0,0,71375.0,0,0
1,1,71375.0,0,0
2,2,71375.0,0,0
3,3,71375.0,0,0
4,4,71375.0,0,0
5,5,71375.0,0,0
6,6,71375.0,0,0
7,7,71375.0,0,0
8,8,71375.0,0,0
9,9,71375.0,0,0
10,10,71375.0,0,0
11,11,71375.0,0,0
12,12,71375.0,0,0
13,13,71375.0,0,0
14,14,71375.0,0,0
15,15,71375.0,0,0
16,16,71375.0,0,0
17,17,71375.0,0,0
18,18,71375.0,0,0
19,19,71375.0,0,0
20,20,71375.0,0,0
21,21,71375.0,0,0
22,22,71375.0,0,0
23,23,71375.0,0,0
24,24,71375.0,0,0
25,25,71375.0,0,0
26,26,71375.0,0,0
27,27,71375.0,0,0
28,28,71375.0,0,0
29,29,71375.0,0,0
30,30,71375.0,0,0
31,31,71375.0,0,0
32,32,71375.0,0,0
33,33,71375.0,0,0
34,34,71375.0,0,0
35,35,71375.0,0,0
36,36,71375.0,0,0
37,37,71375.0,0,0
38,38,71375.0,0,0
39,39,71375.0,0,0
40,40,71375.0,0,0
41,41,71375.0,0,0
42,42,71375.0,0,0
43,43,71375.0,0,0
44,44,71375.0,0,0
45,45,71375.0,0,0
46,46,71375.0,0,0
47,47,71375.0,0,0
48,48,71375.0,0,0
49,49,71374.0,1,0
50,50,71374.0,1,0
51,51,71375.0,0,0
52,52,71375.0,0,0
53,53,71375.0,0,0
54,54,71375.0,0,0
55,55,71375.0,0,0
56,56,71374.0,1,0
57,57,71374.0,1,0
58,58,71372.0,3,0
59,59,71371.0,4,0
60,60,71371.0,4,0
61,61,71366.0,9,0
62,62,71365.0,10,0
63,63,71362.0,13,0
64,64,71362.0,13,0
65,65,71361.0,14,0
66,66,71360.0,15,0
67,67,71360.0,15,0
68,68,71359.0,16,0
69,69,71357.0,18,0
70,70,71357.0,18,0
71,71,71356.0,19,0
72,72,71356.0,19,0
73,73,71354.0,21,0
74,74,71352.0,23,0
75,75,71350.0,25,0
76,76,71349.0,26,0
77,77,71349.0,26,0
78,78,71349.0,26,0
79,79,71348.0,27,0
80,80,71345.0,30,0
81,81,71346.0,29,0
82,82,71346.0,29,0
83,83,71346.0,29,0
84,84,71346.0,29,0
85,85,71346.0,29,0
86,86,71344.0,31,0
87,87,71343.0,32,0
88,88,71343.0,32,0
89,89,71343.0,32,0
90,90,71343.0,32,0
91,91,71343.0,32,0
92,92,71341.0,34,0
93,93,71340.0,35,0
94,94,71340.0,35,0
95,95,71340.0,35,0
96,96,71340.0,35,0
97,97,71340.0,35,0
98,98,71340.0,35,0
99,99,71337.0,38,0
100,100,71337.0,38,0
101,101,71332.0,43,0
102,102,71326.0,49,0
103,103,71324.0,50,1
104,104,71324.0,50,1
105,105,71324.0,50,1
106,106,71324.0,50,1
107,107,71323.0,51,1
108,108,71318.0,55,2
109,109,71312.0,61,2
110,110,71308.0,65,2
111,111,71307.0,66,2
112,112,71305.0,68,2
113,113,71300.0,73,2
114,114,71297.0,76,2
115,115,71296.0,77,2
116,116,71296.0,77,2
117,117,71291.0,81,3
118,118,71279.0,91,5
119,119,71272.0,97,6
120,120,71271.0,97,7
121,121,71268.0,100,7
122,122,71265.0,103,7
123,123,71261.0,106,8
124,124,71259.0,108,8
125,125,71258.0,108,9
126,126,71257.0,109,9
127,127,71257.0,109,9
128,128,71252.0,114,9
