,Days,S,I,D
0,0,543557.0,0,0
1,1,543557.0,0,0
2,2,543557.0,0,0
3,3,543557.0,0,0
4,4,543557.0,0,0
5,5,543557.0,0,0
6,6,543557.0,0,0
7,7,543557.0,0,0
8,8,543557.0,0,0
9,9,543557.0,0,0
10,10,543557.0,0,0
11,11,543557.0,0,0
12,12,543557.0,0,0
13,13,543557.0,0,0
14,14,543557.0,0,0
15,15,543557.0,0,0
16,16,543557.0,0,0
17,17,543557.0,0,0
18,18,543557.0,0,0
19,19,543557.0,0,0
20,20,543557.0,0,0
21,21,543557.0,0,0
22,22,543557.0,0,0
23,23,543557.0,0,0
24,24,543557.0,0,0
25,25,543557.0,0,0
26,26,543557.0,0,0
27,27,543557.0,0,0
28,28,543557.0,0,0
29,29,543557.0,0,0
30,30,543557.0,0,0
31,31,543557.0,0,0
32,32,543557.0,0,0
33,33,543557.0,0,0
34,34,543557.0,0,0
35,35,543557.0,0,0
36,36,543557.0,0,0
37,37,543557.0,0,0
38,38,543557.0,0,0
39,39,543557.0,0,0
40,40,543557.0,0,0
41,41,543557.0,0,0
42,42,543557.0,0,0
43,43,543557.0,0,0
44,44,543557.0,0,0
45,45,543557.0,0,0
46,46,543557.0,0,0
47,47,543557.0,0,0
48,48,543557.0,0,0
49,49,543557.0,0,0
50,50,543557.0,0,0
51,51,543557.0,0,0
52,52,543557.0,0,0
53,53,543557.0,0,0
54,54,543557.0,0,0
55,55,543557.0,0,0
56,56,543557.0,0,0
57,57,543555.0,2,0
58,58,543555.0,2,0
59,59,543553.0,4,0
60,60,543552.0,5,0
61,61,543552.0,5,0
62,62,543547.0,10,0
63,63,543545.0,12,0
64,64,543536.0,21,0
65,65,543524.0,33,0
66,66,543511.0,45,1
67,67,543488.0,67,2
68,68,543458.0,97,2
69,69,543431.0,123,3
70,70,543397.0,157,3
71,71,543350.0,203,4
72,72,543320.0,232,5
73,73,543261.0,291,5
74,74,543178.0,371,8
75,75,543138.0,408,11
76,76,543053.0,490,14
77,77,542980.0,561,16
78,78,542944.0,596,17
79,79,542888.0,648,21
80,80,542836.0,698,23
81,81,542761.0,772,24
82,82,542705.0,828,24
83,83,542666.0,865,26
84,84,542614.0,914,29
85,85,542558.0,970,29
86,86,542492.0,1030,35
87,87,542408.0,1113,36
88,88,542309.0,1188,60
89,89,542255.0,1236,66
90,90,542190.0,1295,72
91,91,542159.0,1326,72
92,92,542126.0,1359,72
93,93,542032.0,1451,74
94,94,541982.0,1501,74
95,95,541906.0,1577,74
96,96,541849.0,1633,75
97,97,541801.0,1678,78
98,98,541751.0,1703,103
99,99,541688.0,1765,104
100,100,541631.0,1820,106
101,101,541541.0,1904,112
102,102,541509.0,1936,112
103,103,541453.0,1991,113
104,104,541395.0,2018,144
105,105,541371.0,2041,145
106,106,541326.0,2070,161
107,107,541270.0,2122,165
108,108,541206.0,2185,166
109,109,541168.0,2223,166
110,110,541133.0,2256,168
111,111,541094.0,2295,168
112,112,541060.0,2325,172
113,113,541010.0,2364,183
114,114,540943.0,2428,186
115,115,540901.0,2470,186
116,116,540862.0,2508,187
117,117,540753.0,2552,252
118,118,540705.0,2593,259
119,119,540692.0,2599,266
120,120,540598.0,2690,269
121,121,540549.0,2736,272
122,122,540488.0,2790,279
123,123,540424.0,2854,279
124,124,540381.0,2896,280
125,125,540291.0,2985,281
126,126,540244.0,3031,282
127,127,540215.0,3056,286
128,128,540160.0,3105,292
