,Days,S,I,D
0,0,38458.0,0,0
1,1,38458.0,0,0
2,2,38458.0,0,0
3,3,38458.0,0,0
4,4,38458.0,0,0
5,5,38458.0,0,0
6,6,38458.0,0,0
7,7,38458.0,0,0
8,8,38458.0,0,0
9,9,38458.0,0,0
10,10,38458.0,0,0
11,11,38458.0,0,0
12,12,38458.0,0,0
13,13,38458.0,0,0
14,14,38458.0,0,0
15,15,38458.0,0,0
16,16,38458.0,0,0
17,17,38458.0,0,0
18,18,38458.0,0,0
19,19,38458.0,0,0
20,20,38458.0,0,0
21,21,38458.0,0,0
22,22,38458.0,0,0
23,23,38458.0,0,0
24,24,38458.0,0,0
25,25,38458.0,0,0
26,26,38458.0,0,0
27,27,38458.0,0,0
28,28,38458.0,0,0
29,29,38458.0,0,0
30,30,38458.0,0,0
31,31,38458.0,0,0
32,32,38458.0,0,0
33,33,38458.0,0,0
34,34,38458.0,0,0
35,35,38458.0,0,0
36,36,38458.0,0,0
37,37,38458.0,0,0
38,38,38458.0,0,0
39,39,38458.0,0,0
40,40,38458.0,0,0
41,41,38458.0,0,0
42,42,38458.0,0,0
43,43,38458.0,0,0
44,44,38458.0,0,0
45,45,38458.0,0,0
46,46,38458.0,0,0
47,47,38458.0,0,0
48,48,38458.0,0,0
49,49,38458.0,0,0
50,50,38458.0,0,0
51,51,38458.0,0,0
52,52,38458.0,0,0
53,53,38458.0,0,0
54,54,38458.0,0,0
55,55,38458.0,0,0
56,56,38458.0,0,0
57,57,38458.0,0,0
58,58,38457.0,1,0
59,59,38457.0,1,0
60,60,38457.0,1,0
61,61,38457.0,1,0
62,62,38457.0,1,0
63,63,38457.0,1,0
64,64,38457.0,1,0
65,65,38457.0,1,0
66,66,38455.0,3,0
67,67,38455.0,3,0
68,68,38453.0,5,0
69,69,38452.0,6,0
70,70,38452.0,6,0
71,71,38452.0,6,0
72,72,38451.0,7,0
73,73,38451.0,7,0
74,74,38451.0,7,0
75,75,38448.0,10,0
76,76,38448.0,10,0
77,77,38447.0,11,0
78,78,38445.0,13,0
79,79,38445.0,13,0
80,80,38444.0,14,0
81,81,38443.0,15,0
82,82,38434.0,24,0
83,83,38433.0,25,0
84,84,38432.0,26,0
85,85,38417.0,41,0
86,86,38416.0,42,0
87,87,38408.0,49,1
88,88,38407.0,50,1
89,89,38407.0,50,1
90,90,38405.0,52,1
91,91,38398.0,59,1
92,92,38398.0,59,1
93,93,38398.0,59,1
94,94,38397.0,60,1
95,95,38396.0,61,1
96,96,38396.0,61,1
97,97,38394.0,62,2
98,98,38393.0,63,2
99,99,38392.0,64,2
100,100,38386.0,70,2
101,101,38381.0,75,2
102,102,38381.0,75,2
103,103,38381.0,75,2
104,104,38381.0,75,2
105,105,38380.0,76,2
106,106,38379.0,77,2
107,107,38375.0,78,5
108,108,38374.0,79,5
109,109,38373.0,80,5
110,110,38372.0,80,6
111,111,38370.0,82,6
112,112,38369.0,83,6
113,113,38368.0,84,6
114,114,38367.0,85,6
115,115,38366.0,86,6
116,116,38366.0,86,6
117,117,38365.0,86,7
118,118,38365.0,86,7
119,119,38362.0,88,8
120,120,38361.0,89,8
121,121,38359.0,91,8
122,122,38359.0,91,8
123,123,38357.0,93,8
124,124,38357.0,93,8
125,125,38356.0,94,8
126,126,38356.0,94,8
127,127,38352.0,98,8
128,128,38349.0,100,9
