,Days,S,I,D
0,0,37924.0,0,0
1,1,37924.0,0,0
2,2,37924.0,0,0
3,3,37924.0,0,0
4,4,37924.0,0,0
5,5,37924.0,0,0
6,6,37924.0,0,0
7,7,37924.0,0,0
8,8,37924.0,0,0
9,9,37924.0,0,0
10,10,37924.0,0,0
11,11,37924.0,0,0
12,12,37924.0,0,0
13,13,37924.0,0,0
14,14,37924.0,0,0
15,15,37924.0,0,0
16,16,37924.0,0,0
17,17,37924.0,0,0
18,18,37924.0,0,0
19,19,37924.0,0,0
20,20,37924.0,0,0
21,21,37924.0,0,0
22,22,37924.0,0,0
23,23,37924.0,0,0
24,24,37924.0,0,0
25,25,37924.0,0,0
26,26,37924.0,0,0
27,27,37924.0,0,0
28,28,37924.0,0,0
29,29,37924.0,0,0
30,30,37924.0,0,0
31,31,37924.0,0,0
32,32,37924.0,0,0
33,33,37924.0,0,0
34,34,37924.0,0,0
35,35,37924.0,0,0
36,36,37924.0,0,0
37,37,37924.0,0,0
38,38,37924.0,0,0
39,39,37924.0,0,0
40,40,37924.0,0,0
41,41,37924.0,0,0
42,42,37924.0,0,0
43,43,37924.0,0,0
44,44,37924.0,0,0
45,45,37924.0,0,0
46,46,37924.0,0,0
47,47,37924.0,0,0
48,48,37924.0,0,0
49,49,37924.0,0,0
50,50,37924.0,0,0
51,51,37924.0,0,0
52,52,37924.0,0,0
53,53,37924.0,0,0
54,54,37924.0,0,0
55,55,37924.0,0,0
56,56,37924.0,0,0
57,57,37924.0,0,0
58,58,37924.0,0,0
59,59,37923.0,1,0
60,60,37923.0,1,0
61,61,37923.0,1,0
62,62,37922.0,2,0
63,63,37922.0,2,0
64,64,37921.0,3,0
65,65,37921.0,3,0
66,66,37921.0,3,0
67,67,37921.0,3,0
68,68,37921.0,3,0
69,69,37921.0,3,0
70,70,37921.0,3,0
71,71,37921.0,3,0
72,72,37920.0,4,0
73,73,37920.0,4,0
74,74,37919.0,5,0
75,75,37918.0,6,0
76,76,37918.0,6,0
77,77,37918.0,6,0
78,78,37916.0,8,0
79,79,37916.0,8,0
80,80,37914.0,10,0
81,81,37914.0,10,0
82,82,37914.0,10,0
83,83,37912.0,11,1
84,84,37912.0,11,1
85,85,37911.0,12,1
86,86,37911.0,12,1
87,87,37911.0,12,1
88,88,37910.0,13,1
89,89,37910.0,13,1
90,90,37910.0,13,1
91,91,37910.0,13,1
92,92,37910.0,13,1
93,93,37906.0,17,1
94,94,37906.0,17,1
95,95,37906.0,17,1
96,96,37894.0,28,2
97,97,37887.0,34,3
98,98,37887.0,34,3
99,99,37884.0,36,4
100,100,37884.0,36,4
101,101,37883.0,36,5
102,102,37883.0,36,5
103,103,37883.0,36,5
104,104,37880.0,38,6
105,105,37880.0,38,6
106,106,37880.0,38,6
107,107,37880.0,38,6
108,108,37880.0,38,6
109,109,37880.0,38,6
110,110,37880.0,38,6
111,111,37880.0,38,6
112,112,37866.0,51,7
113,113,37866.0,51,7
114,114,37866.0,51,7
115,115,37866.0,51,7
116,116,37866.0,51,7
117,117,37866.0,51,7
118,118,37866.0,51,7
119,119,37862.0,55,7
120,120,37862.0,55,7
121,121,37861.0,55,8
122,122,37860.0,56,8
123,123,37860.0,56,8
124,124,37860.0,56,8
125,125,37858.0,57,9
126,126,37858.0,57,9
127,127,37858.0,57,9
128,128,37857.0,58,9
