,Days,S,I,D
0,0,445384.0,0,0
1,1,445384.0,0,0
2,2,445384.0,0,0
3,3,445384.0,0,0
4,4,445384.0,0,0
5,5,445384.0,0,0
6,6,445384.0,0,0
7,7,445384.0,0,0
8,8,445384.0,0,0
9,9,445384.0,0,0
10,10,445384.0,0,0
11,11,445384.0,0,0
12,12,445384.0,0,0
13,13,445384.0,0,0
14,14,445384.0,0,0
15,15,445384.0,0,0
16,16,445384.0,0,0
17,17,445384.0,0,0
18,18,445384.0,0,0
19,19,445384.0,0,0
20,20,445384.0,0,0
21,21,445384.0,0,0
22,22,445384.0,0,0
23,23,445384.0,0,0
24,24,445384.0,0,0
25,25,445384.0,0,0
26,26,445384.0,0,0
27,27,445384.0,0,0
28,28,445384.0,0,0
29,29,445384.0,0,0
30,30,445384.0,0,0
31,31,445384.0,0,0
32,32,445384.0,0,0
33,33,445384.0,0,0
34,34,445384.0,0,0
35,35,445384.0,0,0
36,36,445384.0,0,0
37,37,445384.0,0,0
38,38,445384.0,0,0
39,39,445384.0,0,0
40,40,445384.0,0,0
41,41,445384.0,0,0
42,42,445384.0,0,0
43,43,445384.0,0,0
44,44,445384.0,0,0
45,45,445384.0,0,0
46,46,445384.0,0,0
47,47,445382.0,2,0
48,48,445382.0,2,0
49,49,445382.0,2,0
50,50,445382.0,2,0
51,51,445381.0,3,0
52,52,445381.0,3,0
53,53,445380.0,4,0
54,54,445379.0,5,0
55,55,445379.0,5,0
56,56,445374.0,10,0
57,57,445370.0,14,0
58,58,445367.0,17,0
59,59,445363.0,21,0
60,60,445358.0,26,0
61,61,445344.0,40,0
62,62,445342.0,42,0
63,63,445336.0,48,0
64,64,445318.0,64,2
65,65,445294.0,88,2
66,66,445266.0,115,3
67,67,445239.0,142,3
68,68,445203.0,178,3
69,69,445179.0,202,3
70,70,445124.0,255,5
71,71,445082.0,294,8
72,72,445008.0,367,9
73,73,444905.0,469,10
74,74,444826.0,547,11
75,75,444727.0,646,11
76,76,444638.0,733,13
77,77,444566.0,801,17
78,78,444480.0,883,21
79,79,444408.0,954,22
80,80,444331.0,1031,22
81,81,444266.0,1095,23
82,82,444206.0,1155,23
83,83,444149.0,1207,28
84,84,444078.0,1261,45
85,85,444006.0,1326,52
86,86,443964.0,1366,54
87,87,443871.0,1456,57
88,88,443739.0,1587,58
89,89,443660.0,1663,61
90,90,443553.0,1765,66
91,91,443440.0,1878,66
92,92,443349.0,1969,66
93,93,443249.0,2054,81
94,94,443143.0,2153,88
95,95,442957.0,2333,94
96,96,442879.0,2407,98
97,97,442735.0,2543,106
98,98,442661.0,2606,117
99,99,442564.0,2690,130
100,100,442471.0,2769,144
101,101,442359.0,2879,146
102,102,442192.0,3043,149
103,103,442135.0,3100,149
104,104,442013.0,3207,164
105,105,441972.0,3235,177
106,106,441832.0,3367,185
107,107,441763.0,3431,190
108,108,441659.0,3531,194
109,109,441612.0,3574,198
110,110,441519.0,3665,200
111,111,441479.0,3697,208
112,112,441444.0,3726,214
113,113,441374.0,3782,228
114,114,441297.0,3849,238
115,115,441270.0,3875,239
116,116,441208.0,3937,239
117,117,441153.0,3986,245
118,118,441137.0,4000,247
119,119,441077.0,4058,249
120,120,441038.0,4097,249
121,121,440906.0,4217,261
122,122,440866.0,4252,266
123,123,440806.0,4308,270
124,124,440758.0,4355,271
125,125,440730.0,4381,273
126,126,440677.0,4432,275
127,127,440631.0,4476,277
128,128,440579.0,4519,286
