,Days,S,I,D
0,0,22736.0,0,0
1,1,22736.0,0,0
2,2,22736.0,0,0
3,3,22736.0,0,0
4,4,22736.0,0,0
5,5,22736.0,0,0
6,6,22736.0,0,0
7,7,22736.0,0,0
8,8,22736.0,0,0
9,9,22736.0,0,0
10,10,22736.0,0,0
11,11,22736.0,0,0
12,12,22736.0,0,0
13,13,22736.0,0,0
14,14,22736.0,0,0
15,15,22736.0,0,0
16,16,22736.0,0,0
17,17,22736.0,0,0
18,18,22736.0,0,0
19,19,22736.0,0,0
20,20,22736.0,0,0
21,21,22736.0,0,0
22,22,22736.0,0,0
23,23,22736.0,0,0
24,24,22736.0,0,0
25,25,22736.0,0,0
26,26,22736.0,0,0
27,27,22736.0,0,0
28,28,22736.0,0,0
29,29,22736.0,0,0
30,30,22736.0,0,0
31,31,22736.0,0,0
32,32,22736.0,0,0
33,33,22736.0,0,0
34,34,22736.0,0,0
35,35,22736.0,0,0
36,36,22736.0,0,0
37,37,22736.0,0,0
38,38,22736.0,0,0
39,39,22736.0,0,0
40,40,22736.0,0,0
41,41,22736.0,0,0
42,42,22736.0,0,0
43,43,22736.0,0,0
44,44,22736.0,0,0
45,45,22736.0,0,0
46,46,22736.0,0,0
47,47,22736.0,0,0
48,48,22736.0,0,0
49,49,22736.0,0,0
50,50,22736.0,0,0
51,51,22736.0,0,0
52,52,22736.0,0,0
53,53,22736.0,0,0
54,54,22734.0,2,0
55,55,22734.0,2,0
56,56,22734.0,2,0
57,57,22734.0,2,0
58,58,22734.0,2,0
59,59,22734.0,2,0
60,60,22732.0,4,0
61,61,22732.0,4,0
62,62,22729.0,7,0
63,63,22729.0,7,0
64,64,22714.0,21,1
65,65,22714.0,21,1
66,66,22711.0,23,2
67,67,22707.0,26,3
68,68,22704.0,28,4
69,69,22697.0,35,4
70,70,22692.0,39,5
71,71,22685.0,45,6
72,72,22682.0,48,6
73,73,22680.0,50,6
74,74,22677.0,53,6
75,75,22675.0,55,6
76,76,22669.0,60,7
77,77,22668.0,61,7
78,78,22665.0,64,7
79,79,22663.0,66,7
80,80,22662.0,67,7
81,81,22660.0,69,7
82,82,22660.0,69,7
83,83,22655.0,74,7
84,84,22654.0,75,7
85,85,22654.0,75,7
86,86,22642.0,87,7
87,87,22640.0,89,7
88,88,22640.0,89,7
89,89,22639.0,90,7
90,90,22638.0,91,7
91,91,22638.0,91,7
92,92,22638.0,91,7
93,93,22637.0,92,7
94,94,22635.0,94,7
95,95,22635.0,94,7
96,96,22635.0,94,7
97,97,22634.0,95,7
98,98,22633.0,96,7
99,99,22632.0,97,7
100,100,22632.0,97,7
101,101,22632.0,97,7
102,102,22632.0,97,7
103,103,22630.0,99,7
104,104,22630.0,99,7
105,105,22628.0,101,7
106,106,22628.0,101,7
107,107,22625.0,104,7
108,108,22625.0,104,7
109,109,22625.0,104,7
110,110,22623.0,106,7
111,111,22623.0,106,7
112,112,22623.0,106,7
113,113,22623.0,106,7
114,114,22623.0,106,7
115,115,22623.0,106,7
116,116,22623.0,106,7
117,117,22623.0,106,7
118,118,22623.0,106,7
119,119,22623.0,106,7
120,120,22623.0,106,7
121,121,22622.0,106,8
122,122,22622.0,106,8
123,123,22622.0,106,8
124,124,22622.0,106,8
125,125,22622.0,106,8
126,126,22622.0,106,8
127,127,22619.0,109,8
128,128,22619.0,109,8
