,Days,S,I,D
0,0,435594.0,0,0
1,1,435594.0,0,0
2,2,435594.0,0,0
3,3,435594.0,0,0
4,4,435594.0,0,0
5,5,435594.0,0,0
6,6,435594.0,0,0
7,7,435594.0,0,0
8,8,435594.0,0,0
9,9,435594.0,0,0
10,10,435594.0,0,0
11,11,435594.0,0,0
12,12,435594.0,0,0
13,13,435594.0,0,0
14,14,435594.0,0,0
15,15,435594.0,0,0
16,16,435594.0,0,0
17,17,435594.0,0,0
18,18,435594.0,0,0
19,19,435594.0,0,0
20,20,435594.0,0,0
21,21,435594.0,0,0
22,22,435594.0,0,0
23,23,435594.0,0,0
24,24,435594.0,0,0
25,25,435594.0,0,0
26,26,435594.0,0,0
27,27,435594.0,0,0
28,28,435594.0,0,0
29,29,435594.0,0,0
30,30,435594.0,0,0
31,31,435594.0,0,0
32,32,435594.0,0,0
33,33,435594.0,0,0
34,34,435594.0,0,0
35,35,435594.0,0,0
36,36,435594.0,0,0
37,37,435594.0,0,0
38,38,435594.0,0,0
39,39,435594.0,0,0
40,40,435594.0,0,0
41,41,435594.0,0,0
42,42,435594.0,0,0
43,43,435594.0,0,0
44,44,435594.0,0,0
45,45,435594.0,0,0
46,46,435594.0,0,0
47,47,435594.0,0,0
48,48,435594.0,0,0
49,49,435594.0,0,0
50,50,435594.0,0,0
51,51,435594.0,0,0
52,52,435594.0,0,0
53,53,435594.0,0,0
54,54,435594.0,0,0
55,55,435594.0,0,0
56,56,435592.0,2,0
57,57,435592.0,2,0
58,58,435589.0,5,0
59,59,435589.0,5,0
60,60,435589.0,5,0
61,61,435574.0,20,0
62,62,435570.0,24,0
63,63,435569.0,24,1
64,64,435569.0,24,1
65,65,435566.0,27,1
66,66,435561.0,32,1
67,67,435561.0,32,1
68,68,435557.0,36,1
69,69,435553.0,40,1
70,70,435550.0,42,2
71,71,435539.0,53,2
72,72,435535.0,57,2
73,73,435530.0,62,2
74,74,435530.0,62,2
75,75,435529.0,63,2
76,76,435528.0,64,2
77,77,435522.0,69,3
78,78,435520.0,71,3
79,79,435512.0,79,3
80,80,435509.0,82,3
81,81,435504.0,87,3
82,82,435504.0,87,3
83,83,435491.0,100,3
84,84,435491.0,100,3
85,85,435472.0,119,3
86,86,435472.0,119,3
87,87,435455.0,136,3
88,88,435449.0,141,4
89,89,435442.0,148,4
90,90,435440.0,150,4
91,91,435440.0,150,4
92,92,435426.0,164,4
93,93,435421.0,169,4
94,94,435414.0,176,4
95,95,435407.0,183,4
96,96,435405.0,185,4
97,97,435398.0,191,5
98,98,435383.0,206,5
99,99,435376.0,213,5
100,100,435367.0,222,5
101,101,435362.0,226,6
102,102,435353.0,235,6
103,103,435351.0,237,6
104,104,435347.0,241,6
105,105,435341.0,247,6
106,106,435338.0,250,6
107,107,435321.0,267,6
108,108,435311.0,277,6
109,109,435309.0,279,6
110,110,435309.0,279,6
111,111,435289.0,299,6
112,112,435280.0,308,6
113,113,435271.0,317,6
114,114,435264.0,322,8
115,115,435258.0,328,8
116,116,435245.0,341,8
117,117,435242.0,344,8
118,118,435237.0,349,8
119,119,435231.0,355,8
120,120,435231.0,355,8
121,121,435224.0,362,8
122,122,435224.0,362,8
123,123,435224.0,362,8
124,124,435224.0,362,8
125,125,435157.0,429,8
126,126,435157.0,429,8
127,127,435157.0,429,8
128,128,435117.0,469,8
