,Days,S,I,D
0,0,24133.0,0,0
1,1,24133.0,0,0
2,2,24133.0,0,0
3,3,24133.0,0,0
4,4,24133.0,0,0
5,5,24133.0,0,0
6,6,24133.0,0,0
7,7,24133.0,0,0
8,8,24133.0,0,0
9,9,24133.0,0,0
10,10,24133.0,0,0
11,11,24133.0,0,0
12,12,24133.0,0,0
13,13,24133.0,0,0
14,14,24133.0,0,0
15,15,24133.0,0,0
16,16,24133.0,0,0
17,17,24133.0,0,0
18,18,24133.0,0,0
19,19,24133.0,0,0
20,20,24133.0,0,0
21,21,24133.0,0,0
22,22,24133.0,0,0
23,23,24133.0,0,0
24,24,24133.0,0,0
25,25,24133.0,0,0
26,26,24133.0,0,0
27,27,24133.0,0,0
28,28,24133.0,0,0
29,29,24133.0,0,0
30,30,24133.0,0,0
31,31,24133.0,0,0
32,32,24133.0,0,0
33,33,24133.0,0,0
34,34,24133.0,0,0
35,35,24133.0,0,0
36,36,24133.0,0,0
37,37,24133.0,0,0
38,38,24133.0,0,0
39,39,24133.0,0,0
40,40,24133.0,0,0
41,41,24133.0,0,0
42,42,24133.0,0,0
43,43,24133.0,0,0
44,44,24133.0,0,0
45,45,24133.0,0,0
46,46,24133.0,0,0
47,47,24133.0,0,0
48,48,24133.0,0,0
49,49,24133.0,0,0
50,50,24133.0,0,0
51,51,24133.0,0,0
52,52,24133.0,0,0
53,53,24133.0,0,0
54,54,24133.0,0,0
55,55,24133.0,0,0
56,56,24133.0,0,0
57,57,24133.0,0,0
58,58,24133.0,0,0
59,59,24133.0,0,0
60,60,24133.0,0,0
61,61,24133.0,0,0
62,62,24133.0,0,0
63,63,24133.0,0,0
64,64,24133.0,0,0
65,65,24133.0,0,0
66,66,24132.0,1,0
67,67,24132.0,1,0
68,68,24131.0,2,0
69,69,24131.0,2,0
70,70,24131.0,2,0
71,71,24130.0,3,0
72,72,24130.0,3,0
73,73,24130.0,3,0
74,74,24130.0,3,0
75,75,24130.0,3,0
76,76,24130.0,3,0
77,77,24130.0,3,0
78,78,24130.0,3,0
79,79,24130.0,3,0
80,80,24130.0,3,0
81,81,24130.0,3,0
82,82,24129.0,4,0
83,83,24128.0,5,0
84,84,24128.0,5,0
85,85,24128.0,5,0
86,86,24127.0,6,0
87,87,24127.0,6,0
88,88,24126.0,7,0
89,89,24125.0,8,0
90,90,24125.0,8,0
91,91,24122.0,11,0
92,92,24122.0,11,0
93,93,24119.0,14,0
94,94,24115.0,18,0
95,95,24107.0,26,0
96,96,24099.0,34,0
97,97,24091.0,42,0
98,98,24090.0,43,0
99,99,24086.0,47,0
100,100,24082.0,51,0
101,101,24076.0,57,0
102,102,24051.0,82,0
103,103,24034.0,99,0
104,104,24033.0,100,0
105,105,24027.0,106,0
106,106,24002.0,130,1
107,107,23993.0,139,1
108,108,23987.0,145,1
109,109,23984.0,148,1
110,110,23980.0,152,1
111,111,23968.0,164,1
112,112,23967.0,164,2
113,113,23967.0,164,2
114,114,23966.0,164,3
115,115,23951.0,178,4
116,116,23950.0,179,4
117,117,23945.0,183,5
118,118,23942.0,186,5
119,119,23938.0,188,7
120,120,23925.0,201,7
121,121,23919.0,206,8
122,122,23913.0,212,8
123,123,23904.0,221,8
124,124,23899.0,226,8
125,125,23899.0,226,8
126,126,23897.0,228,8
127,127,23895.0,230,8
128,128,23894.0,231,8
