,Days,S,I,D
0,0,522046.0,0,0
1,1,522046.0,0,0
2,2,522046.0,0,0
3,3,522046.0,0,0
4,4,522046.0,0,0
5,5,522046.0,0,0
6,6,522046.0,0,0
7,7,522046.0,0,0
8,8,522046.0,0,0
9,9,522046.0,0,0
10,10,522046.0,0,0
11,11,522046.0,0,0
12,12,522046.0,0,0
13,13,522046.0,0,0
14,14,522046.0,0,0
15,15,522046.0,0,0
16,16,522046.0,0,0
17,17,522046.0,0,0
18,18,522046.0,0,0
19,19,522046.0,0,0
20,20,522046.0,0,0
21,21,522046.0,0,0
22,22,522046.0,0,0
23,23,522046.0,0,0
24,24,522046.0,0,0
25,25,522046.0,0,0
26,26,522046.0,0,0
27,27,522046.0,0,0
28,28,522046.0,0,0
29,29,522046.0,0,0
30,30,522046.0,0,0
31,31,522046.0,0,0
32,32,522046.0,0,0
33,33,522046.0,0,0
34,34,522046.0,0,0
35,35,522046.0,0,0
36,36,522046.0,0,0
37,37,522046.0,0,0
38,38,522046.0,0,0
39,39,522046.0,0,0
40,40,522046.0,0,0
41,41,522046.0,0,0
42,42,522046.0,0,0
43,43,522046.0,0,0
44,44,522046.0,0,0
45,45,522046.0,0,0
46,46,522046.0,0,0
47,47,522046.0,0,0
48,48,522046.0,0,0
49,49,522046.0,0,0
50,50,522046.0,0,0
51,51,522045.0,1,0
52,52,522044.0,2,0
53,53,522044.0,2,0
54,54,522044.0,2,0
55,55,522042.0,4,0
56,56,522037.0,9,0
57,57,522036.0,10,0
58,58,522029.0,17,0
59,59,522027.0,19,0
60,60,522023.0,23,0
61,61,522006.0,40,0
62,62,522006.0,40,0
63,63,521992.0,54,0
64,64,521962.0,84,0
65,65,521939.0,107,0
66,66,521930.0,116,0
67,67,521909.0,137,0
68,68,521900.0,146,0
69,69,521886.0,159,1
70,70,521862.0,183,1
71,71,521834.0,210,2
72,72,521818.0,226,2
73,73,521794.0,250,2
74,74,521775.0,269,2
75,75,521736.0,307,3
76,76,521705.0,335,6
77,77,521667.0,373,6
78,78,521614.0,425,7
79,79,521552.0,485,9
80,80,521499.0,532,15
81,81,521467.0,562,17
82,82,521436.0,593,17
83,83,521405.0,621,20
84,84,521363.0,658,25
85,85,521322.0,699,25
86,86,521277.0,739,30
87,87,521214.0,796,36
88,88,521165.0,839,42
89,89,521119.0,883,44
90,90,521063.0,919,64
91,91,521032.0,950,64
92,92,520993.0,989,64
93,93,520905.0,1064,77
94,94,520831.0,1134,81
95,95,520788.0,1177,81
96,96,520751.0,1214,81
97,97,520705.0,1256,85
98,98,520641.0,1304,101
99,99,520560.0,1375,111
100,100,520503.0,1432,111
101,101,520460.0,1469,117
102,102,520427.0,1502,117
103,103,520368.0,1560,118
104,104,520296.0,1601,149
105,105,520254.0,1636,156
106,106,520206.0,1673,167
107,107,520142.0,1728,176
108,108,520089.0,1774,183
109,109,519997.0,1865,184
110,110,519975.0,1884,187
111,111,519928.0,1929,189
112,112,519894.0,1955,197
113,113,519825.0,2008,213
114,114,519768.0,2060,218
115,115,519726.0,2100,220
116,116,519708.0,2118,220
117,117,519666.0,2153,227
118,118,519617.0,2199,230
119,119,519594.0,2217,235
120,120,519541.0,2267,238
121,121,519484.0,2320,242
122,122,519437.0,2364,245
123,123,519408.0,2390,248
124,124,519367.0,2428,251
125,125,519340.0,2454,252
126,126,519282.0,2504,260
127,127,519221.0,2555,270
128,128,519162.0,2607,277
