,Days,S,I,D
0,0,27520.0,0,0
1,1,27520.0,0,0
2,2,27520.0,0,0
3,3,27520.0,0,0
4,4,27520.0,0,0
5,5,27520.0,0,0
6,6,27520.0,0,0
7,7,27520.0,0,0
8,8,27520.0,0,0
9,9,27520.0,0,0
10,10,27520.0,0,0
11,11,27520.0,0,0
12,12,27520.0,0,0
13,13,27520.0,0,0
14,14,27520.0,0,0
15,15,27520.0,0,0
16,16,27520.0,0,0
17,17,27520.0,0,0
18,18,27520.0,0,0
19,19,27520.0,0,0
20,20,27520.0,0,0
21,21,27520.0,0,0
22,22,27520.0,0,0
23,23,27520.0,0,0
24,24,27520.0,0,0
25,25,27520.0,0,0
26,26,27520.0,0,0
27,27,27520.0,0,0
28,28,27520.0,0,0
29,29,27520.0,0,0
30,30,27520.0,0,0
31,31,27520.0,0,0
32,32,27520.0,0,0
33,33,27520.0,0,0
34,34,27520.0,0,0
35,35,27520.0,0,0
36,36,27520.0,0,0
37,37,27520.0,0,0
38,38,27520.0,0,0
39,39,27520.0,0,0
40,40,27520.0,0,0
41,41,27520.0,0,0
42,42,27520.0,0,0
43,43,27520.0,0,0
44,44,27520.0,0,0
45,45,27520.0,0,0
46,46,27520.0,0,0
47,47,27520.0,0,0
48,48,27520.0,0,0
49,49,27520.0,0,0
50,50,27520.0,0,0
51,51,27520.0,0,0
52,52,27520.0,0,0
53,53,27520.0,0,0
54,54,27520.0,0,0
55,55,27520.0,0,0
56,56,27520.0,0,0
57,57,27520.0,0,0
58,58,27519.0,1,0
59,59,27519.0,1,0
60,60,27519.0,1,0
61,61,27519.0,1,0
62,62,27517.0,3,0
63,63,27517.0,3,0
64,64,27517.0,3,0
65,65,27517.0,3,0
66,66,27517.0,3,0
67,67,27517.0,3,0
68,68,27517.0,3,0
69,69,27515.0,5,0
70,70,27514.0,6,0
71,71,27514.0,6,0
72,72,27513.0,7,0
73,73,27512.0,7,1
74,74,27510.0,9,1
75,75,27509.0,10,1
76,76,27506.0,13,1
77,77,27507.0,12,1
78,78,27507.0,12,1
79,79,27507.0,12,1
80,80,27507.0,12,1
81,81,27507.0,12,1
82,82,27507.0,12,1
83,83,27506.0,13,1
84,84,27505.0,14,1
85,85,27504.0,15,1
86,86,27504.0,15,1
87,87,27504.0,15,1
88,88,27504.0,15,1
89,89,27504.0,15,1
90,90,27504.0,15,1
91,91,27504.0,15,1
92,92,27501.0,18,1
93,93,27500.0,19,1
94,94,27500.0,19,1
95,95,27499.0,20,1
96,96,27498.0,21,1
97,97,27496.0,23,1
98,98,27494.0,23,3
99,99,27494.0,23,3
100,100,27493.0,24,3
101,101,27493.0,24,3
102,102,27493.0,24,3
103,103,27492.0,25,3
104,104,27487.0,29,4
105,105,27482.0,34,4
106,106,27482.0,34,4
107,107,27482.0,34,4
108,108,27482.0,34,4
109,109,27482.0,34,4
110,110,27479.0,37,4
111,111,27472.0,44,4
112,112,27472.0,44,4
113,113,27471.0,45,4
114,114,27469.0,47,4
115,115,27420.0,95,5
116,116,27419.0,95,6
117,117,27418.0,95,7
118,118,27411.0,102,7
119,119,27404.0,109,7
120,120,27399.0,113,8
121,121,27396.0,116,8
122,122,27395.0,117,8
123,123,27395.0,117,8
124,124,27394.0,118,8
125,125,27393.0,119,8
126,126,27394.0,118,8
127,127,27393.0,119,8
128,128,27392.0,120,8
