,Days,S,I,D
0,0,14772.0,0,0
1,1,14772.0,0,0
2,2,14772.0,0,0
3,3,14772.0,0,0
4,4,14772.0,0,0
5,5,14772.0,0,0
6,6,14772.0,0,0
7,7,14772.0,0,0
8,8,14772.0,0,0
9,9,14772.0,0,0
10,10,14772.0,0,0
11,11,14772.0,0,0
12,12,14772.0,0,0
13,13,14772.0,0,0
14,14,14772.0,0,0
15,15,14772.0,0,0
16,16,14772.0,0,0
17,17,14772.0,0,0
18,18,14772.0,0,0
19,19,14772.0,0,0
20,20,14772.0,0,0
21,21,14772.0,0,0
22,22,14772.0,0,0
23,23,14772.0,0,0
24,24,14772.0,0,0
25,25,14772.0,0,0
26,26,14772.0,0,0
27,27,14772.0,0,0
28,28,14772.0,0,0
29,29,14772.0,0,0
30,30,14772.0,0,0
31,31,14772.0,0,0
32,32,14772.0,0,0
33,33,14772.0,0,0
34,34,14772.0,0,0
35,35,14772.0,0,0
36,36,14772.0,0,0
37,37,14772.0,0,0
38,38,14772.0,0,0
39,39,14772.0,0,0
40,40,14772.0,0,0
41,41,14772.0,0,0
42,42,14772.0,0,0
43,43,14772.0,0,0
44,44,14772.0,0,0
45,45,14772.0,0,0
46,46,14772.0,0,0
47,47,14772.0,0,0
48,48,14772.0,0,0
49,49,14772.0,0,0
50,50,14772.0,0,0
51,51,14772.0,0,0
52,52,14772.0,0,0
53,53,14772.0,0,0
54,54,14772.0,0,0
55,55,14772.0,0,0
56,56,14772.0,0,0
57,57,14772.0,0,0
58,58,14772.0,0,0
59,59,14772.0,0,0
60,60,14772.0,0,0
61,61,14772.0,0,0
62,62,14772.0,0,0
63,63,14772.0,0,0
64,64,14772.0,0,0
65,65,14772.0,0,0
66,66,14772.0,0,0
67,67,14772.0,0,0
68,68,14772.0,0,0
69,69,14772.0,0,0
70,70,14772.0,0,0
71,71,14772.0,0,0
72,72,14772.0,0,0
73,73,14772.0,0,0
74,74,14772.0,0,0
75,75,14772.0,0,0
76,76,14772.0,0,0
77,77,14772.0,0,0
78,78,14772.0,0,0
79,79,14772.0,0,0
80,80,14772.0,0,0
81,81,14770.0,2,0
82,82,14770.0,2,0
83,83,14772.0,0,0
84,84,14772.0,0,0
85,85,14772.0,0,0
86,86,14772.0,0,0
87,87,14772.0,0,0
88,88,14772.0,0,0
89,89,14747.0,24,1
90,90,14747.0,24,1
91,91,14746.0,25,1
92,92,14745.0,25,2
93,93,14744.0,26,2
94,94,14744.0,26,2
95,95,14744.0,26,2
96,96,14744.0,26,2
97,97,14744.0,26,2
98,98,14744.0,26,2
99,99,14744.0,26,2
100,100,14744.0,26,2
101,101,14744.0,26,2
102,102,14734.0,35,3
103,103,14732.0,36,4
104,104,14732.0,36,4
105,105,14732.0,36,4
106,106,14732.0,36,4
107,107,14731.0,37,4
108,108,14731.0,37,4
109,109,14731.0,37,4
110,110,14731.0,37,4
111,111,14731.0,37,4
112,112,14729.0,39,4
113,113,14729.0,39,4
114,114,14728.0,40,4
115,115,14726.0,42,4
116,116,14724.0,44,4
117,117,14724.0,44,4
118,118,14724.0,44,4
119,119,14723.0,44,5
120,120,14721.0,46,5
121,121,14721.0,46,5
122,122,14720.0,47,5
123,123,14720.0,47,5
124,124,14719.0,48,5
125,125,14717.0,49,6
126,126,14711.0,53,8
127,127,14711.0,53,8
128,128,14709.0,55,8
