,Days,S,I,D
0,0,108718.0,0,0
1,1,108718.0,0,0
2,2,108718.0,0,0
3,3,108718.0,0,0
4,4,108718.0,0,0
5,5,108718.0,0,0
6,6,108718.0,0,0
7,7,108718.0,0,0
8,8,108718.0,0,0
9,9,108718.0,0,0
10,10,108718.0,0,0
11,11,108718.0,0,0
12,12,108718.0,0,0
13,13,108718.0,0,0
14,14,108718.0,0,0
15,15,108718.0,0,0
16,16,108718.0,0,0
17,17,108718.0,0,0
18,18,108718.0,0,0
19,19,108718.0,0,0
20,20,108718.0,0,0
21,21,108718.0,0,0
22,22,108718.0,0,0
23,23,108718.0,0,0
24,24,108718.0,0,0
25,25,108718.0,0,0
26,26,108718.0,0,0
27,27,108718.0,0,0
28,28,108718.0,0,0
29,29,108718.0,0,0
30,30,108718.0,0,0
31,31,108718.0,0,0
32,32,108718.0,0,0
33,33,108718.0,0,0
34,34,108718.0,0,0
35,35,108718.0,0,0
36,36,108718.0,0,0
37,37,108718.0,0,0
38,38,108718.0,0,0
39,39,108718.0,0,0
40,40,108718.0,0,0
41,41,108718.0,0,0
42,42,108718.0,0,0
43,43,108718.0,0,0
44,44,108718.0,0,0
45,45,108718.0,0,0
46,46,108718.0,0,0
47,47,108718.0,0,0
48,48,108718.0,0,0
49,49,108718.0,0,0
50,50,108718.0,0,0
51,51,108718.0,0,0
52,52,108718.0,0,0
53,53,108718.0,0,0
54,54,108718.0,0,0
55,55,108718.0,0,0
56,56,108718.0,0,0
57,57,108718.0,0,0
58,58,108718.0,0,0
59,59,108717.0,1,0
60,60,108716.0,2,0
61,61,108716.0,2,0
62,62,108716.0,2,0
63,63,108714.0,4,0
64,64,108712.0,6,0
65,65,108710.0,8,0
66,66,108702.0,16,0
67,67,108701.0,17,0
68,68,108699.0,19,0
69,69,108697.0,21,0
70,70,108697.0,21,0
71,71,108695.0,23,0
72,72,108691.0,26,1
73,73,108690.0,27,1
74,74,108684.0,32,2
75,75,108682.0,34,2
76,76,108678.0,38,2
77,77,108675.0,41,2
78,78,108673.0,43,2
79,79,108673.0,43,2
80,80,108670.0,46,2
81,81,108670.0,46,2
82,82,108666.0,49,3
83,83,108665.0,50,3
84,84,108662.0,53,3
85,85,108661.0,54,3
86,86,108659.0,56,3
87,87,108659.0,56,3
88,88,108658.0,57,3
89,89,108654.0,61,3
90,90,108649.0,66,3
91,91,108647.0,68,3
92,92,108644.0,71,3
93,93,108642.0,73,3
94,94,108639.0,76,3
95,95,108639.0,76,3
96,96,108638.0,77,3
97,97,108634.0,80,4
98,98,108633.0,81,4
99,99,108611.0,103,4
100,100,108611.0,103,4
101,101,108609.0,105,4
102,102,108606.0,108,4
103,103,108604.0,110,4
104,104,108604.0,110,4
105,105,108604.0,110,4
106,106,108602.0,112,4
107,107,108598.0,116,4
108,108,108595.0,119,4
109,109,108594.0,120,4
110,110,108591.0,123,4
111,111,108590.0,124,4
112,112,108588.0,126,4
113,113,108584.0,130,4
114,114,108581.0,133,4
115,115,108578.0,136,4
116,116,108576.0,138,4
117,117,108575.0,139,4
118,118,108573.0,141,4
119,119,108572.0,142,4
120,120,108572.0,142,4
121,121,108572.0,142,4
122,122,108570.0,143,5
123,123,108562.0,148,8
124,124,108561.0,149,8
125,125,108549.0,161,8
126,126,108542.0,168,8
127,127,108540.0,170,8
128,128,108530.0,180,8
