,Days,S,I,D
0,0,291923.0,0,0
1,1,291923.0,0,0
2,2,291923.0,0,0
3,3,291923.0,0,0
4,4,291923.0,0,0
5,5,291923.0,0,0
6,6,291923.0,0,0
7,7,291923.0,0,0
8,8,291923.0,0,0
9,9,291923.0,0,0
10,10,291923.0,0,0
11,11,291923.0,0,0
12,12,291923.0,0,0
13,13,291923.0,0,0
14,14,291923.0,0,0
15,15,291923.0,0,0
16,16,291923.0,0,0
17,17,291923.0,0,0
18,18,291923.0,0,0
19,19,291923.0,0,0
20,20,291923.0,0,0
21,21,291923.0,0,0
22,22,291923.0,0,0
23,23,291923.0,0,0
24,24,291923.0,0,0
25,25,291923.0,0,0
26,26,291923.0,0,0
27,27,291923.0,0,0
28,28,291923.0,0,0
29,29,291923.0,0,0
30,30,291923.0,0,0
31,31,291923.0,0,0
32,32,291923.0,0,0
33,33,291923.0,0,0
34,34,291923.0,0,0
35,35,291923.0,0,0
36,36,291923.0,0,0
37,37,291923.0,0,0
38,38,291923.0,0,0
39,39,291923.0,0,0
40,40,291923.0,0,0
41,41,291923.0,0,0
42,42,291923.0,0,0
43,43,291923.0,0,0
44,44,291923.0,0,0
45,45,291923.0,0,0
46,46,291923.0,0,0
47,47,291923.0,0,0
48,48,291923.0,0,0
49,49,291923.0,0,0
50,50,291922.0,1,0
51,51,291922.0,1,0
52,52,291921.0,2,0
53,53,291921.0,2,0
54,54,291920.0,3,0
55,55,291920.0,3,0
56,56,291920.0,3,0
57,57,291917.0,6,0
58,58,291915.0,8,0
59,59,291913.0,10,0
60,60,291909.0,14,0
61,61,291907.0,16,0
62,62,291903.0,19,1
63,63,291897.0,23,3
64,64,291895.0,25,3
65,65,291889.0,31,3
66,66,291882.0,38,3
67,67,291882.0,38,3
68,68,291882.0,38,3
69,69,291872.0,48,3
70,70,291866.0,51,6
71,71,291863.0,54,6
72,72,291857.0,60,6
73,73,291856.0,61,6
74,74,291856.0,61,6
75,75,291851.0,66,6
76,76,291850.0,67,6
77,77,291846.0,71,6
78,78,291844.0,72,7
79,79,291845.0,71,7
80,80,291845.0,71,7
81,81,291845.0,71,7
82,82,291845.0,71,7
83,83,291843.0,73,7
84,84,291838.0,78,7
85,85,291835.0,81,7
86,86,291834.0,82,7
87,87,291834.0,82,7
88,88,291834.0,82,7
89,89,291834.0,82,7
90,90,291834.0,82,7
91,91,291834.0,82,7
92,92,291834.0,82,7
93,93,291834.0,82,7
94,94,291834.0,82,7
95,95,291834.0,82,7
96,96,291834.0,82,7
97,97,291834.0,82,7
98,98,291833.0,83,7
99,99,291831.0,85,7
100,100,291830.0,86,7
101,101,291827.0,89,7
102,102,291826.0,90,7
103,103,291826.0,90,7
104,104,291826.0,90,7
105,105,291826.0,90,7
106,106,291825.0,91,7
107,107,291823.0,93,7
108,108,291823.0,93,7
109,109,291823.0,93,7
110,110,291823.0,93,7
111,111,291823.0,93,7
112,112,291822.0,94,7
113,113,291822.0,94,7
114,114,291822.0,94,7
115,115,291822.0,94,7
116,116,291820.0,96,7
117,117,291820.0,96,7
118,118,291814.0,102,7
119,119,291809.0,107,7
120,120,291808.0,107,8
121,121,291803.0,112,8
122,122,291802.0,113,8
123,123,291799.0,116,8
124,124,291796.0,119,8
125,125,291795.0,120,8
126,126,291795.0,120,8
127,127,291791.0,124,8
128,128,291780.0,135,8
