,Days,S,I,D
0,0,81887.0,0,0
1,1,81887.0,0,0
2,2,81887.0,0,0
3,3,81887.0,0,0
4,4,81887.0,0,0
5,5,81887.0,0,0
6,6,81887.0,0,0
7,7,81887.0,0,0
8,8,81887.0,0,0
9,9,81887.0,0,0
10,10,81887.0,0,0
11,11,81887.0,0,0
12,12,81887.0,0,0
13,13,81887.0,0,0
14,14,81887.0,0,0
15,15,81887.0,0,0
16,16,81887.0,0,0
17,17,81887.0,0,0
18,18,81887.0,0,0
19,19,81887.0,0,0
20,20,81887.0,0,0
21,21,81887.0,0,0
22,22,81887.0,0,0
23,23,81887.0,0,0
24,24,81887.0,0,0
25,25,81887.0,0,0
26,26,81887.0,0,0
27,27,81887.0,0,0
28,28,81887.0,0,0
29,29,81887.0,0,0
30,30,81887.0,0,0
31,31,81887.0,0,0
32,32,81887.0,0,0
33,33,81887.0,0,0
34,34,81887.0,0,0
35,35,81887.0,0,0
36,36,81887.0,0,0
37,37,81887.0,0,0
38,38,81887.0,0,0
39,39,81887.0,0,0
40,40,81887.0,0,0
41,41,81887.0,0,0
42,42,81887.0,0,0
43,43,81887.0,0,0
44,44,81887.0,0,0
45,45,81887.0,0,0
46,46,81887.0,0,0
47,47,81887.0,0,0
48,48,81887.0,0,0
49,49,81887.0,0,0
50,50,81887.0,0,0
51,51,81886.0,1,0
52,52,81886.0,1,0
53,53,81886.0,1,0
54,54,81886.0,1,0
55,55,81885.0,2,0
56,56,81883.0,4,0
57,57,81882.0,5,0
58,58,81881.0,6,0
59,59,81881.0,6,0
60,60,81881.0,6,0
61,61,81881.0,6,0
62,62,81879.0,8,0
63,63,81878.0,9,0
64,64,81877.0,10,0
65,65,81875.0,12,0
66,66,81875.0,12,0
67,67,81875.0,12,0
68,68,81875.0,12,0
69,69,81875.0,12,0
70,70,81872.0,15,0
71,71,81870.0,17,0
72,72,81868.0,19,0
73,73,81868.0,19,0
74,74,81868.0,19,0
75,75,81867.0,20,0
76,76,81865.0,22,0
77,77,81863.0,24,0
78,78,81858.0,29,0
79,79,81857.0,30,0
80,80,81857.0,30,0
81,81,81854.0,33,0
82,82,81850.0,37,0
83,83,81844.0,43,0
84,84,81838.0,49,0
85,85,81833.0,54,0
86,86,81833.0,54,0
87,87,81828.0,58,1
88,88,81823.0,63,1
89,89,81818.0,68,1
90,90,81813.0,73,1
91,91,81812.0,74,1
92,92,81812.0,74,1
93,93,81812.0,74,1
94,94,81809.0,77,1
95,95,81807.0,79,1
96,96,81807.0,79,1
97,97,81804.0,82,1
98,98,81801.0,84,2
99,99,81799.0,86,2
100,100,81797.0,88,2
101,101,81792.0,93,2
102,102,81782.0,103,2
103,103,81773.0,111,3
104,104,81763.0,121,3
105,105,81763.0,121,3
106,106,81756.0,127,4
107,107,81753.0,130,4
108,108,81748.0,135,4
109,109,81733.0,150,4
110,110,81731.0,152,4
111,111,81727.0,156,4
112,112,81725.0,157,5
113,113,81712.0,169,6
114,114,81703.0,178,6
115,115,81693.0,188,6
116,116,81689.0,192,6
117,117,81684.0,197,6
118,118,81674.0,207,6
119,119,81654.0,226,7
120,120,81642.0,238,7
121,121,81638.0,242,7
122,122,81625.0,255,7
123,123,81617.0,263,7
124,124,81603.0,277,7
125,125,81588.0,292,7
126,126,81580.0,300,7
127,127,81567.0,313,7
128,128,81557.0,323,7
