,Days,S,I,D
0,0,22141.0,0,0
1,1,22141.0,0,0
2,2,22141.0,0,0
3,3,22141.0,0,0
4,4,22141.0,0,0
5,5,22141.0,0,0
6,6,22141.0,0,0
7,7,22141.0,0,0
8,8,22141.0,0,0
9,9,22141.0,0,0
10,10,22141.0,0,0
11,11,22141.0,0,0
12,12,22141.0,0,0
13,13,22141.0,0,0
14,14,22141.0,0,0
15,15,22141.0,0,0
16,16,22141.0,0,0
17,17,22141.0,0,0
18,18,22141.0,0,0
19,19,22141.0,0,0
20,20,22141.0,0,0
21,21,22141.0,0,0
22,22,22141.0,0,0
23,23,22141.0,0,0
24,24,22141.0,0,0
25,25,22141.0,0,0
26,26,22141.0,0,0
27,27,22141.0,0,0
28,28,22141.0,0,0
29,29,22141.0,0,0
30,30,22141.0,0,0
31,31,22141.0,0,0
32,32,22141.0,0,0
33,33,22141.0,0,0
34,34,22141.0,0,0
35,35,22141.0,0,0
36,36,22141.0,0,0
37,37,22141.0,0,0
38,38,22141.0,0,0
39,39,22141.0,0,0
40,40,22141.0,0,0
41,41,22141.0,0,0
42,42,22141.0,0,0
43,43,22141.0,0,0
44,44,22141.0,0,0
45,45,22141.0,0,0
46,46,22141.0,0,0
47,47,22141.0,0,0
48,48,22141.0,0,0
49,49,22141.0,0,0
50,50,22141.0,0,0
51,51,22141.0,0,0
52,52,22141.0,0,0
53,53,22141.0,0,0
54,54,22141.0,0,0
55,55,22141.0,0,0
56,56,22140.0,1,0
57,57,22140.0,1,0
58,58,22140.0,1,0
59,59,22139.0,2,0
60,60,22138.0,3,0
61,61,22138.0,3,0
62,62,22137.0,4,0
63,63,22135.0,6,0
64,64,22133.0,8,0
65,65,22130.0,11,0
66,66,22130.0,11,0
67,67,22128.0,13,0
68,68,22122.0,18,1
69,69,22116.0,24,1
70,70,22105.0,34,2
71,71,22103.0,36,2
72,72,22096.0,43,2
73,73,22092.0,47,2
74,74,22090.0,49,2
75,75,22087.0,52,2
76,76,22082.0,57,2
77,77,22077.0,62,2
78,78,22074.0,65,2
79,79,22068.0,70,3
80,80,22059.0,79,3
81,81,22056.0,81,4
82,82,22048.0,89,4
83,83,22042.0,95,4
84,84,22036.0,101,4
85,85,22031.0,106,4
86,86,22027.0,109,5
87,87,22023.0,113,5
88,88,22018.0,118,5
89,89,22015.0,121,5
90,90,22012.0,124,5
91,91,22012.0,124,5
92,92,22012.0,124,5
93,93,22005.0,131,5
94,94,22004.0,132,5
95,95,22004.0,132,5
96,96,21999.0,136,6
97,97,21997.0,138,6
98,98,21995.0,139,7
99,99,21993.0,141,7
100,100,21990.0,144,7
101,101,21989.0,145,7
102,102,21986.0,148,7
103,103,21985.0,149,7
104,104,21985.0,149,7
105,105,21982.0,152,7
106,106,21980.0,154,7
107,107,21979.0,155,7
108,108,21978.0,156,7
109,109,21975.0,159,7
110,110,21972.0,162,7
111,111,21971.0,163,7
112,112,21970.0,163,8
113,113,21970.0,163,8
114,114,21970.0,163,8
115,115,21963.0,170,8
116,116,21961.0,172,8
117,117,21961.0,172,8
118,118,21960.0,173,8
119,119,21960.0,173,8
120,120,21960.0,173,8
121,121,21957.0,176,8
122,122,21954.0,179,8
123,123,21954.0,179,8
124,124,21953.0,180,8
125,125,21949.0,184,8
126,126,21948.0,185,8
127,127,21948.0,185,8
128,128,21948.0,185,8
