,Days,S,I,D
0,0,12841.0,0,0
1,1,12841.0,0,0
2,2,12841.0,0,0
3,3,12841.0,0,0
4,4,12841.0,0,0
5,5,12841.0,0,0
6,6,12841.0,0,0
7,7,12841.0,0,0
8,8,12841.0,0,0
9,9,12841.0,0,0
10,10,12841.0,0,0
11,11,12841.0,0,0
12,12,12841.0,0,0
13,13,12841.0,0,0
14,14,12841.0,0,0
15,15,12841.0,0,0
16,16,12841.0,0,0
17,17,12841.0,0,0
18,18,12841.0,0,0
19,19,12841.0,0,0
20,20,12841.0,0,0
21,21,12841.0,0,0
22,22,12841.0,0,0
23,23,12841.0,0,0
24,24,12841.0,0,0
25,25,12841.0,0,0
26,26,12841.0,0,0
27,27,12841.0,0,0
28,28,12841.0,0,0
29,29,12841.0,0,0
30,30,12841.0,0,0
31,31,12841.0,0,0
32,32,12841.0,0,0
33,33,12841.0,0,0
34,34,12841.0,0,0
35,35,12841.0,0,0
36,36,12841.0,0,0
37,37,12841.0,0,0
38,38,12841.0,0,0
39,39,12841.0,0,0
40,40,12841.0,0,0
41,41,12841.0,0,0
42,42,12841.0,0,0
43,43,12841.0,0,0
44,44,12841.0,0,0
45,45,12841.0,0,0
46,46,12841.0,0,0
47,47,12841.0,0,0
48,48,12841.0,0,0
49,49,12841.0,0,0
50,50,12841.0,0,0
51,51,12841.0,0,0
52,52,12841.0,0,0
53,53,12841.0,0,0
54,54,12841.0,0,0
55,55,12841.0,0,0
56,56,12841.0,0,0
57,57,12841.0,0,0
58,58,12841.0,0,0
59,59,12841.0,0,0
60,60,12841.0,0,0
61,61,12841.0,0,0
62,62,12841.0,0,0
63,63,12841.0,0,0
64,64,12840.0,1,0
65,65,12840.0,1,0
66,66,12840.0,1,0
67,67,12840.0,1,0
68,68,12839.0,2,0
69,69,12838.0,3,0
70,70,12837.0,4,0
71,71,12837.0,4,0
72,72,12837.0,4,0
73,73,12837.0,4,0
74,74,12836.0,5,0
75,75,12835.0,6,0
76,76,12835.0,6,0
77,77,12835.0,6,0
78,78,12835.0,6,0
79,79,12834.0,7,0
80,80,12832.0,9,0
81,81,12831.0,10,0
82,82,12831.0,10,0
83,83,12829.0,12,0
84,84,12828.0,13,0
85,85,12828.0,13,0
86,86,12828.0,13,0
87,87,12827.0,14,0
88,88,12827.0,14,0
89,89,12824.0,17,0
90,90,12823.0,18,0
91,91,12820.0,21,0
92,92,12819.0,22,0
93,93,12816.0,25,0
94,94,12814.0,27,0
95,95,12809.0,32,0
96,96,12802.0,39,0
97,97,12802.0,39,0
98,98,12802.0,39,0
99,99,12798.0,43,0
100,100,12792.0,49,0
101,101,12792.0,49,0
102,102,12792.0,49,0
103,103,12790.0,51,0
104,104,12787.0,54,0
105,105,12787.0,54,0
106,106,12785.0,56,0
107,107,12782.0,59,0
108,108,12780.0,61,0
109,109,12775.0,66,0
110,110,12774.0,67,0
111,111,12771.0,69,1
112,112,12767.0,72,2
113,113,12761.0,77,3
114,114,12757.0,81,3
115,115,12754.0,84,3
116,116,12754.0,84,3
117,117,12753.0,85,3
118,118,12746.0,92,3
119,119,12709.0,129,3
120,120,12705.0,133,3
121,121,12702.0,135,4
122,122,12697.0,140,4
123,123,12696.0,141,4
124,124,12692.0,145,4
125,125,12687.0,147,7
126,126,12686.0,148,7
127,127,12685.0,148,8
128,128,12684.0,149,8
