,Days,S,I,D
0,0,1310300.0,0,0
1,1,1310300.0,0,0
2,2,1310300.0,0,0
3,3,1310300.0,0,0
4,4,1310300.0,0,0
5,5,1310300.0,0,0
6,6,1310300.0,0,0
7,7,1310300.0,0,0
8,8,1310300.0,0,0
9,9,1310300.0,0,0
10,10,1310300.0,0,0
11,11,1310300.0,0,0
12,12,1310300.0,0,0
13,13,1310300.0,0,0
14,14,1310300.0,0,0
15,15,1310300.0,0,0
16,16,1310300.0,0,0
17,17,1310300.0,0,0
18,18,1310300.0,0,0
19,19,1310300.0,0,0
20,20,1310300.0,0,0
21,21,1310300.0,0,0
22,22,1310300.0,0,0
23,23,1310300.0,0,0
24,24,1310300.0,0,0
25,25,1310300.0,0,0
26,26,1310300.0,0,0
27,27,1310300.0,0,0
28,28,1310300.0,0,0
29,29,1310300.0,0,0
30,30,1310300.0,0,0
31,31,1310300.0,0,0
32,32,1310300.0,0,0
33,33,1310300.0,0,0
34,34,1310300.0,0,0
35,35,1310300.0,0,0
36,36,1310300.0,0,0
37,37,1310300.0,0,0
38,38,1310300.0,0,0
39,39,1310300.0,0,0
40,40,1310300.0,0,0
41,41,1310300.0,0,0
42,42,1310300.0,0,0
43,43,1310300.0,0,0
44,44,1310300.0,0,0
45,45,1310300.0,0,0
46,46,1310300.0,0,0
47,47,1310300.0,0,0
48,48,1310300.0,0,0
49,49,1310300.0,0,0
50,50,1310300.0,0,0
51,51,1310300.0,0,0
52,52,1310299.0,1,0
53,53,1310297.0,3,0
54,54,1310297.0,3,0
55,55,1310296.0,4,0
56,56,1310293.0,7,0
57,57,1310290.0,10,0
58,58,1310286.0,14,0
59,59,1310279.0,21,0
60,60,1310266.0,34,0
61,61,1310254.0,44,2
62,62,1310223.0,75,2
63,63,1310210.0,88,2
64,64,1310189.0,108,3
65,65,1310146.0,152,2
66,66,1310076.0,222,2
67,67,1310051.0,247,2
68,68,1310017.0,281,2
69,69,1309972.0,325,3
70,70,1309905.0,391,4
71,71,1309854.0,441,5
72,72,1309792.0,503,5
73,73,1309737.0,557,6
74,74,1309695.0,597,8
75,75,1309647.0,644,9
76,76,1309585.0,703,12
77,77,1309527.0,761,12
78,78,1309484.0,802,14
79,79,1309436.0,850,14
80,80,1309392.0,894,14
81,81,1309343.0,943,14
82,82,1309274.0,1012,14
83,83,1309229.0,1053,18
84,84,1309179.0,1102,19
85,85,1309069.0,1212,19
86,86,1308958.0,1320,22
87,87,1308870.0,1403,27
88,88,1308761.0,1510,29
89,89,1308755.0,1510,35
90,90,1308706.0,1557,37
91,91,1308660.0,1598,42
92,92,1308581.0,1673,46
93,93,1308484.0,1768,48
94,94,1308411.0,1839,50
95,95,1308305.0,1942,53
96,96,1308238.0,2005,57
97,97,1308148.0,2090,62
98,98,1308013.0,2216,71
99,99,1307786.0,2441,73
100,100,1307635.0,2589,76
101,101,1307524.0,2698,78
102,102,1307316.0,2905,79
103,103,1307228.0,2988,84
104,104,1307116.0,3097,87
105,105,1306964.0,3237,99
106,106,1306816.0,3377,107
107,107,1306577.0,3615,108
108,108,1306476.0,3710,114
109,109,1306404.0,3777,119
110,110,1306295.0,3881,124
111,111,1306160.0,4002,138
112,112,1306039.0,4113,148
113,113,1305923.0,4227,150
114,114,1305814.0,4330,156
115,115,1305711.0,4420,169
116,116,1305637.0,4493,170
117,117,1305549.0,4574,177
118,118,1305401.0,4706,193
119,119,1305307.0,4793,200
120,120,1305210.0,4885,205
121,121,1305089.0,4996,215
122,122,1304979.0,5097,224
123,123,1304884.0,5188,228
124,124,1304753.0,5310,237
125,125,1304647.0,5414,239
126,126,1304571.0,5486,243
127,127,1304481.0,5566,253
128,128,1304370.0,5674,256
