,Days,S,I,D
0,0,177499.0,0,0
1,1,177499.0,0,0
2,2,177499.0,0,0
3,3,177499.0,0,0
4,4,177499.0,0,0
5,5,177499.0,0,0
6,6,177499.0,0,0
7,7,177499.0,0,0
8,8,177499.0,0,0
9,9,177499.0,0,0
10,10,177499.0,0,0
11,11,177499.0,0,0
12,12,177499.0,0,0
13,13,177499.0,0,0
14,14,177499.0,0,0
15,15,177499.0,0,0
16,16,177499.0,0,0
17,17,177499.0,0,0
18,18,177499.0,0,0
19,19,177499.0,0,0
20,20,177499.0,0,0
21,21,177499.0,0,0
22,22,177499.0,0,0
23,23,177499.0,0,0
24,24,177499.0,0,0
25,25,177499.0,0,0
26,26,177499.0,0,0
27,27,177499.0,0,0
28,28,177499.0,0,0
29,29,177499.0,0,0
30,30,177499.0,0,0
31,31,177499.0,0,0
32,32,177499.0,0,0
33,33,177499.0,0,0
34,34,177499.0,0,0
35,35,177499.0,0,0
36,36,177499.0,0,0
37,37,177499.0,0,0
38,38,177499.0,0,0
39,39,177499.0,0,0
40,40,177499.0,0,0
41,41,177499.0,0,0
42,42,177499.0,0,0
43,43,177499.0,0,0
44,44,177499.0,0,0
45,45,177499.0,0,0
46,46,177499.0,0,0
47,47,177499.0,0,0
48,48,177499.0,0,0
49,49,177499.0,0,0
50,50,177499.0,0,0
51,51,177499.0,0,0
52,52,177499.0,0,0
53,53,177499.0,0,0
54,54,177499.0,0,0
55,55,177499.0,0,0
56,56,177499.0,0,0
57,57,177499.0,0,0
58,58,177499.0,0,0
59,59,177499.0,0,0
60,60,177499.0,0,0
61,61,177499.0,0,0
62,62,177499.0,0,0
63,63,177499.0,0,0
64,64,177495.0,4,0
65,65,177494.0,5,0
66,66,177491.0,7,1
67,67,177485.0,13,1
68,68,177484.0,14,1
69,69,177481.0,17,1
70,70,177480.0,18,1
71,71,177478.0,20,1
72,72,177474.0,24,1
73,73,177470.0,27,2
74,74,177466.0,31,2
75,75,177460.0,36,3
76,76,177453.0,43,3
77,77,177446.0,50,3
78,78,177440.0,56,3
79,79,177439.0,57,3
80,80,177423.0,73,3
81,81,177422.0,74,3
82,82,177418.0,78,3
83,83,177415.0,79,5
84,84,177413.0,81,5
85,85,177412.0,82,5
86,86,177406.0,88,5
87,87,177404.0,90,5
88,88,177404.0,90,5
89,89,177402.0,92,5
90,90,177401.0,93,5
91,91,177399.0,95,5
92,92,177396.0,98,5
93,93,177395.0,99,5
94,94,177394.0,100,5
95,95,177393.0,101,5
96,96,177389.0,105,5
97,97,177388.0,106,5
98,98,177382.0,112,5
99,99,177377.0,117,5
100,100,177373.0,121,5
101,101,177368.0,126,5
102,102,177367.0,127,5
103,103,177366.0,128,5
104,104,177361.0,133,5
105,105,177358.0,136,5
106,106,177354.0,140,5
107,107,177348.0,146,5
108,108,177340.0,154,5
109,109,177334.0,160,5
110,110,177329.0,165,5
111,111,177321.0,173,5
112,112,177316.0,178,5
113,113,177315.0,179,5
114,114,177311.0,183,5
115,115,177309.0,185,5
116,116,177309.0,185,5
117,117,177296.0,198,5
118,118,177295.0,199,5
119,119,177276.0,217,6
120,120,177259.0,234,6
121,121,177244.0,249,6
122,122,177239.0,254,6
123,123,177239.0,254,6
124,124,177239.0,254,6
125,125,177228.0,265,6
126,126,177220.0,272,7
127,127,177218.0,274,7
128,128,177201.0,291,7
