,Days,S,I,D
0,0,154291.0,0,0
1,1,154291.0,0,0
2,2,154291.0,0,0
3,3,154291.0,0,0
4,4,154291.0,0,0
5,5,154291.0,0,0
6,6,154291.0,0,0
7,7,154291.0,0,0
8,8,154291.0,0,0
9,9,154291.0,0,0
10,10,154291.0,0,0
11,11,154291.0,0,0
12,12,154291.0,0,0
13,13,154291.0,0,0
14,14,154291.0,0,0
15,15,154291.0,0,0
16,16,154291.0,0,0
17,17,154291.0,0,0
18,18,154291.0,0,0
19,19,154291.0,0,0
20,20,154291.0,0,0
21,21,154291.0,0,0
22,22,154291.0,0,0
23,23,154291.0,0,0
24,24,154291.0,0,0
25,25,154291.0,0,0
26,26,154291.0,0,0
27,27,154291.0,0,0
28,28,154291.0,0,0
29,29,154291.0,0,0
30,30,154291.0,0,0
31,31,154291.0,0,0
32,32,154291.0,0,0
33,33,154291.0,0,0
34,34,154291.0,0,0
35,35,154291.0,0,0
36,36,154291.0,0,0
37,37,154291.0,0,0
38,38,154291.0,0,0
39,39,154291.0,0,0
40,40,154291.0,0,0
41,41,154291.0,0,0
42,42,154291.0,0,0
43,43,154291.0,0,0
44,44,154291.0,0,0
45,45,154291.0,0,0
46,46,154291.0,0,0
47,47,154291.0,0,0
48,48,154291.0,0,0
49,49,154291.0,0,0
50,50,154287.0,4,0
51,51,154287.0,4,0
52,52,154291.0,0,0
53,53,154291.0,0,0
54,54,154291.0,0,0
55,55,154290.0,1,0
56,56,154290.0,1,0
57,57,154290.0,1,0
58,58,154290.0,1,0
59,59,154288.0,3,0
60,60,154288.0,3,0
61,61,154288.0,3,0
62,62,154285.0,6,0
63,63,154281.0,10,0
64,64,154281.0,10,0
65,65,154281.0,10,0
66,66,154279.0,12,0
67,67,154279.0,12,0
68,68,154277.0,14,0
69,69,154267.0,24,0
70,70,154267.0,24,0
71,71,154264.0,27,0
72,72,154258.0,33,0
73,73,154255.0,36,0
74,74,154255.0,36,0
75,75,154251.0,40,0
76,76,154245.0,46,0
77,77,154241.0,50,0
78,78,154233.0,58,0
79,79,154226.0,65,0
80,80,154223.0,68,0
81,81,154222.0,69,0
82,82,154220.0,71,0
83,83,154216.0,75,0
84,84,154212.0,79,0
85,85,154204.0,87,0
86,86,154199.0,91,1
87,87,154190.0,100,1
88,88,154189.0,101,1
89,89,154173.0,116,2
90,90,154167.0,122,2
91,91,154165.0,124,2
92,92,154160.0,129,2
93,93,154152.0,137,2
94,94,154151.0,138,2
95,95,154146.0,143,2
96,96,154145.0,144,2
97,97,154141.0,147,3
98,98,154132.0,155,4
99,99,154127.0,160,4
100,100,154125.0,162,4
101,101,154124.0,163,4
102,102,154123.0,164,4
103,103,154119.0,168,4
104,104,154117.0,169,5
105,105,154116.0,170,5
106,106,154116.0,170,5
107,107,154108.0,178,5
108,108,154107.0,179,5
109,109,154103.0,183,5
110,110,154101.0,185,5
111,111,154099.0,186,6
112,112,154093.0,192,6
113,113,154088.0,197,6
114,114,154083.0,202,6
115,115,154080.0,205,6
116,116,154080.0,205,6
117,117,154073.0,212,6
118,118,154073.0,212,6
119,119,154071.0,214,6
120,120,154062.0,223,6
121,121,154062.0,223,6
122,122,154062.0,223,6
123,123,154062.0,223,6
124,124,154060.0,224,7
125,125,154055.0,229,7
126,126,154047.0,237,7
127,127,154041.0,243,7
128,128,154036.0,248,7
