,Days,S,I,D
0,0,153902.0,0,0
1,1,153902.0,0,0
2,2,153902.0,0,0
3,3,153902.0,0,0
4,4,153902.0,0,0
5,5,153902.0,0,0
6,6,153902.0,0,0
7,7,153902.0,0,0
8,8,153902.0,0,0
9,9,153902.0,0,0
10,10,153902.0,0,0
11,11,153902.0,0,0
12,12,153902.0,0,0
13,13,153902.0,0,0
14,14,153902.0,0,0
15,15,153902.0,0,0
16,16,153902.0,0,0
17,17,153902.0,0,0
18,18,153902.0,0,0
19,19,153902.0,0,0
20,20,153902.0,0,0
21,21,153902.0,0,0
22,22,153902.0,0,0
23,23,153902.0,0,0
24,24,153902.0,0,0
25,25,153902.0,0,0
26,26,153902.0,0,0
27,27,153902.0,0,0
28,28,153902.0,0,0
29,29,153902.0,0,0
30,30,153902.0,0,0
31,31,153902.0,0,0
32,32,153902.0,0,0
33,33,153902.0,0,0
34,34,153902.0,0,0
35,35,153902.0,0,0
36,36,153902.0,0,0
37,37,153902.0,0,0
38,38,153902.0,0,0
39,39,153902.0,0,0
40,40,153902.0,0,0
41,41,153902.0,0,0
42,42,153902.0,0,0
43,43,153902.0,0,0
44,44,153902.0,0,0
45,45,153902.0,0,0
46,46,153902.0,0,0
47,47,153902.0,0,0
48,48,153902.0,0,0
49,49,153902.0,0,0
50,50,153902.0,0,0
51,51,153902.0,0,0
52,52,153902.0,0,0
53,53,153902.0,0,0
54,54,153902.0,0,0
55,55,153902.0,0,0
56,56,153902.0,0,0
57,57,153902.0,0,0
58,58,153899.0,3,0
59,59,153895.0,7,0
60,60,153895.0,7,0
61,61,153894.0,8,0
62,62,153889.0,13,0
63,63,153882.0,20,0
64,64,153878.0,23,1
65,65,153878.0,23,1
66,66,153878.0,23,1
67,67,153866.0,35,1
68,68,153864.0,37,1
69,69,153861.0,40,1
70,70,153853.0,48,1
71,71,153851.0,50,1
72,72,153837.0,64,1
73,73,153835.0,66,1
74,74,153829.0,72,1
75,75,153827.0,74,1
76,76,153823.0,78,1
77,77,153821.0,79,2
78,78,153815.0,85,2
79,79,153812.0,88,2
80,80,153806.0,94,2
81,81,153801.0,99,2
82,82,153800.0,100,2
83,83,153795.0,105,2
84,84,153787.0,113,2
85,85,153778.0,122,2
86,86,153772.0,128,2
87,87,153770.0,130,2
88,88,153767.0,133,2
89,89,153759.0,141,2
90,90,153752.0,146,4
91,91,153750.0,148,4
92,92,153745.0,153,4
93,93,153744.0,154,4
94,94,153735.0,162,5
95,95,153730.0,167,5
96,96,153726.0,171,5
97,97,153718.0,179,5
98,98,153715.0,182,5
99,99,153711.0,186,5
100,100,153703.0,194,5
101,101,153700.0,197,5
102,102,153696.0,200,6
103,103,153689.0,207,6
104,104,153675.0,221,6
105,105,153670.0,226,6
106,106,153665.0,231,6
107,107,153658.0,238,6
108,108,153648.0,248,6
109,109,153646.0,250,6
110,110,153645.0,251,6
111,111,153640.0,256,6
112,112,153634.0,262,6
113,113,153625.0,271,6
114,114,153620.0,276,6
115,115,153614.0,282,6
116,116,153611.0,285,6
117,117,153609.0,287,6
118,118,153601.0,295,6
119,119,153586.0,310,6
120,120,153581.0,315,6
121,121,153571.0,325,6
122,122,153560.0,336,6
123,123,153547.0,349,6
124,124,153540.0,356,6
125,125,153538.0,358,6
126,126,153523.0,373,6
127,127,153511.0,385,6
128,128,153496.0,399,7
