,Days,S,I,D
0,0,274118.0,0,0
1,1,274118.0,0,0
2,2,274118.0,0,0
3,3,274118.0,0,0
4,4,274118.0,0,0
5,5,274118.0,0,0
6,6,274118.0,0,0
7,7,274118.0,0,0
8,8,274118.0,0,0
9,9,274118.0,0,0
10,10,274118.0,0,0
11,11,274118.0,0,0
12,12,274118.0,0,0
13,13,274118.0,0,0
14,14,274118.0,0,0
15,15,274118.0,0,0
16,16,274118.0,0,0
17,17,274118.0,0,0
18,18,274118.0,0,0
19,19,274118.0,0,0
20,20,274118.0,0,0
21,21,274118.0,0,0
22,22,274118.0,0,0
23,23,274118.0,0,0
24,24,274118.0,0,0
25,25,274118.0,0,0
26,26,274118.0,0,0
27,27,274118.0,0,0
28,28,274118.0,0,0
29,29,274118.0,0,0
30,30,274118.0,0,0
31,31,274118.0,0,0
32,32,274118.0,0,0
33,33,274118.0,0,0
34,34,274118.0,0,0
35,35,274118.0,0,0
36,36,274118.0,0,0
37,37,274118.0,0,0
38,38,274118.0,0,0
39,39,274118.0,0,0
40,40,274118.0,0,0
41,41,274118.0,0,0
42,42,274118.0,0,0
43,43,274118.0,0,0
44,44,274118.0,0,0
45,45,274118.0,0,0
46,46,274118.0,0,0
47,47,274118.0,0,0
48,48,274118.0,0,0
49,49,274118.0,0,0
50,50,274118.0,0,0
51,51,274118.0,0,0
52,52,274118.0,0,0
53,53,274118.0,0,0
54,54,274118.0,0,0
55,55,274117.0,1,0
56,56,274117.0,1,0
57,57,274117.0,1,0
58,58,274117.0,1,0
59,59,274117.0,1,0
60,60,274114.0,4,0
61,61,274111.0,7,0
62,62,274107.0,11,0
63,63,274100.0,18,0
64,64,274100.0,18,0
65,65,274100.0,18,0
66,66,274087.0,31,0
67,67,274082.0,36,0
68,68,274075.0,43,0
69,69,274061.0,56,1
70,70,274051.0,66,1
71,71,274051.0,66,1
72,72,274044.0,73,1
73,73,274035.0,81,2
74,74,274031.0,85,2
75,75,274021.0,95,2
76,76,274008.0,108,2
77,77,274001.0,115,2
78,78,273996.0,120,2
79,79,273991.0,125,2
80,80,273991.0,125,2
81,81,273981.0,134,3
82,82,273979.0,136,3
83,83,273977.0,138,3
84,84,273977.0,138,3
85,85,273966.0,149,3
86,86,273964.0,151,3
87,87,273959.0,156,3
88,88,273959.0,156,3
89,89,273956.0,159,3
90,90,273953.0,162,3
91,91,273949.0,166,3
92,92,273944.0,171,3
93,93,273943.0,172,3
94,94,273938.0,177,3
95,95,273938.0,177,3
96,96,273929.0,186,3
97,97,273927.0,188,3
98,98,273918.0,197,3
99,99,273905.0,210,3
100,100,273900.0,215,3
101,101,273896.0,219,3
102,102,273896.0,219,3
103,103,273896.0,219,3
104,104,273895.0,219,4
105,105,273891.0,222,5
106,106,273888.0,225,5
107,107,273880.0,233,5
108,108,273876.0,237,5
109,109,273875.0,238,5
110,110,273871.0,242,5
111,111,273855.0,258,5
112,112,273848.0,265,5
113,113,273841.0,272,5
114,114,273833.0,280,5
115,115,273823.0,290,5
116,116,273820.0,293,5
117,117,273809.0,304,5
118,118,273805.0,308,5
119,119,273796.0,317,5
120,120,273789.0,324,5
121,121,273784.0,329,5
122,122,273773.0,339,6
123,123,273772.0,340,6
124,124,273766.0,346,6
125,125,273760.0,352,6
126,126,273749.0,363,6
127,127,273740.0,371,7
128,128,273726.0,385,7
