,Days,S,I,D
0,0,406892.0,0,0
1,1,406892.0,0,0
2,2,406892.0,0,0
3,3,406892.0,0,0
4,4,406892.0,0,0
5,5,406892.0,0,0
6,6,406892.0,0,0
7,7,406892.0,0,0
8,8,406892.0,0,0
9,9,406892.0,0,0
10,10,406892.0,0,0
11,11,406892.0,0,0
12,12,406892.0,0,0
13,13,406892.0,0,0
14,14,406892.0,0,0
15,15,406892.0,0,0
16,16,406892.0,0,0
17,17,406892.0,0,0
18,18,406892.0,0,0
19,19,406892.0,0,0
20,20,406892.0,0,0
21,21,406892.0,0,0
22,22,406892.0,0,0
23,23,406892.0,0,0
24,24,406892.0,0,0
25,25,406892.0,0,0
26,26,406892.0,0,0
27,27,406892.0,0,0
28,28,406892.0,0,0
29,29,406892.0,0,0
30,30,406892.0,0,0
31,31,406892.0,0,0
32,32,406892.0,0,0
33,33,406892.0,0,0
34,34,406892.0,0,0
35,35,406892.0,0,0
36,36,406892.0,0,0
37,37,406892.0,0,0
38,38,406892.0,0,0
39,39,406892.0,0,0
40,40,406892.0,0,0
41,41,406892.0,0,0
42,42,406892.0,0,0
43,43,406892.0,0,0
44,44,406892.0,0,0
45,45,406892.0,0,0
46,46,406892.0,0,0
47,47,406892.0,0,0
48,48,406892.0,0,0
49,49,406892.0,0,0
50,50,406892.0,0,0
51,51,406892.0,0,0
52,52,406892.0,0,0
53,53,406892.0,0,0
54,54,406892.0,0,0
55,55,406892.0,0,0
56,56,406892.0,0,0
57,57,406892.0,0,0
58,58,406891.0,1,0
59,59,406885.0,7,0
60,60,406878.0,14,0
61,61,406869.0,23,0
62,62,406858.0,34,0
63,63,406846.0,46,0
64,64,406828.0,63,1
65,65,406797.0,91,4
66,66,406777.0,110,5
67,67,406760.0,127,5
68,68,406735.0,150,7
69,69,406700.0,185,7
70,70,406635.0,249,8
71,71,406533.0,349,10
72,72,406459.0,422,11
73,73,406413.0,464,15
74,74,406370.0,504,18
75,75,406298.0,568,26
76,76,406221.0,638,33
77,77,406140.0,713,39
78,78,406089.0,755,48
79,79,406007.0,828,57
80,80,405911.0,919,62
81,81,405869.0,955,68
82,82,405836.0,988,68
83,83,405776.0,1030,86
84,84,405719.0,1084,89
85,85,405646.0,1147,99
86,86,405589.0,1197,106
87,87,405552.0,1228,112
88,88,405537.0,1240,115
89,89,405513.0,1256,123
90,90,405463.0,1298,131
91,91,405392.0,1362,138
92,92,405361.0,1387,144
93,93,405307.0,1434,151
94,94,405283.0,1452,157
95,95,405264.0,1467,161
96,96,405244.0,1483,165
97,97,405185.0,1533,174
98,98,405148.0,1564,180
99,99,405123.0,1581,188
100,100,405100.0,1600,192
101,101,405076.0,1620,196
102,102,405062.0,1634,196
103,103,405046.0,1647,199
104,104,405024.0,1668,200
105,105,404974.0,1710,208
106,106,404948.0,1731,213
107,107,404939.0,1739,214
108,108,404919.0,1750,223
109,109,404910.0,1758,224
110,110,404903.0,1765,224
111,111,404885.0,1782,225
112,112,404881.0,1784,227
113,113,404851.0,1813,228
114,114,404828.0,1835,229
115,115,404817.0,1845,230
116,116,404796.0,1866,230
117,117,404792.0,1869,231
118,118,404766.0,1891,235
119,119,404739.0,1915,238
120,120,404726.0,1926,240
121,121,404723.0,1929,240
122,122,404716.0,1936,240
123,123,404704.0,1948,240
124,124,404689.0,1961,242
125,125,404683.0,1964,245
126,126,404674.0,1971,247
127,127,404660.0,1983,249
128,128,404644.0,1998,250
