,Days,S,I,D
0,0,92035.0,0,0
1,1,92035.0,0,0
2,2,92035.0,0,0
3,3,92035.0,0,0
4,4,92035.0,0,0
5,5,92035.0,0,0
6,6,92035.0,0,0
7,7,92035.0,0,0
8,8,92035.0,0,0
9,9,92035.0,0,0
10,10,92035.0,0,0
11,11,92035.0,0,0
12,12,92035.0,0,0
13,13,92035.0,0,0
14,14,92035.0,0,0
15,15,92035.0,0,0
16,16,92035.0,0,0
17,17,92035.0,0,0
18,18,92035.0,0,0
19,19,92035.0,0,0
20,20,92035.0,0,0
21,21,92035.0,0,0
22,22,92035.0,0,0
23,23,92035.0,0,0
24,24,92035.0,0,0
25,25,92035.0,0,0
26,26,92035.0,0,0
27,27,92035.0,0,0
28,28,92035.0,0,0
29,29,92035.0,0,0
30,30,92035.0,0,0
31,31,92035.0,0,0
32,32,92035.0,0,0
33,33,92035.0,0,0
34,34,92035.0,0,0
35,35,92035.0,0,0
36,36,92035.0,0,0
37,37,92035.0,0,0
38,38,92035.0,0,0
39,39,92035.0,0,0
40,40,92035.0,0,0
41,41,92035.0,0,0
42,42,92035.0,0,0
43,43,92035.0,0,0
44,44,92035.0,0,0
45,45,92035.0,0,0
46,46,92035.0,0,0
47,47,92035.0,0,0
48,48,92035.0,0,0
49,49,92035.0,0,0
50,50,92035.0,0,0
51,51,92035.0,0,0
52,52,92035.0,0,0
53,53,92035.0,0,0
54,54,92035.0,0,0
55,55,92035.0,0,0
56,56,92035.0,0,0
57,57,92035.0,0,0
58,58,92035.0,0,0
59,59,92035.0,0,0
60,60,92035.0,0,0
61,61,92035.0,0,0
62,62,92035.0,0,0
63,63,92035.0,0,0
64,64,92032.0,3,0
65,65,92032.0,3,0
66,66,92032.0,3,0
67,67,92032.0,3,0
68,68,92029.0,6,0
69,69,92026.0,9,0
70,70,92019.0,16,0
71,71,92015.0,20,0
72,72,92008.0,27,0
73,73,92003.0,32,0
74,74,92003.0,32,0
75,75,92000.0,35,0
76,76,91985.0,50,0
77,77,91976.0,59,0
78,78,91969.0,66,0
79,79,91962.0,73,0
80,80,91959.0,76,0
81,81,91958.0,77,0
82,82,91954.0,81,0
83,83,91948.0,87,0
84,84,91945.0,89,1
85,85,91945.0,89,1
86,86,91945.0,89,1
87,87,91945.0,89,1
88,88,91941.0,93,1
89,89,91941.0,93,1
90,90,91939.0,95,1
91,91,91938.0,96,1
92,92,91928.0,105,2
93,93,91928.0,105,2
94,94,91919.0,114,2
95,95,91916.0,117,2
96,96,91912.0,121,2
97,97,91905.0,127,3
98,98,91905.0,127,3
99,99,91900.0,132,3
100,100,91895.0,137,3
101,101,91891.0,139,5
102,102,91891.0,139,5
103,103,91891.0,139,5
104,104,91887.0,143,5
105,105,91884.0,146,5
106,106,91884.0,146,5
107,107,91884.0,146,5
108,108,91882.0,148,5
109,109,91880.0,150,5
110,110,91880.0,150,5
111,111,91879.0,150,6
112,112,91879.0,150,6
113,113,91875.0,154,6
114,114,91875.0,154,6
115,115,91875.0,154,6
116,116,91874.0,154,7
117,117,91872.0,156,7
118,118,91871.0,157,7
119,119,91871.0,157,7
120,120,91871.0,157,7
121,121,91871.0,157,7
122,122,91871.0,157,7
123,123,91871.0,157,7
124,124,91871.0,157,7
125,125,91871.0,157,7
126,126,91871.0,157,7
127,127,91869.0,159,7
128,128,91868.0,160,7
