,Days,S,I,D
0,0,182001.0,0,0
1,1,182001.0,0,0
2,2,182001.0,0,0
3,3,182001.0,0,0
4,4,182001.0,0,0
5,5,182001.0,0,0
6,6,182001.0,0,0
7,7,182001.0,0,0
8,8,182001.0,0,0
9,9,182001.0,0,0
10,10,182001.0,0,0
11,11,182001.0,0,0
12,12,182001.0,0,0
13,13,182001.0,0,0
14,14,182001.0,0,0
15,15,182001.0,0,0
16,16,182001.0,0,0
17,17,182001.0,0,0
18,18,182001.0,0,0
19,19,182001.0,0,0
20,20,182001.0,0,0
21,21,182001.0,0,0
22,22,182001.0,0,0
23,23,182001.0,0,0
24,24,182001.0,0,0
25,25,182001.0,0,0
26,26,182001.0,0,0
27,27,182001.0,0,0
28,28,182001.0,0,0
29,29,182001.0,0,0
30,30,182001.0,0,0
31,31,182001.0,0,0
32,32,182001.0,0,0
33,33,182001.0,0,0
34,34,182001.0,0,0
35,35,182001.0,0,0
36,36,182001.0,0,0
37,37,182001.0,0,0
38,38,182001.0,0,0
39,39,182001.0,0,0
40,40,182001.0,0,0
41,41,182001.0,0,0
42,42,182001.0,0,0
43,43,182001.0,0,0
44,44,182001.0,0,0
45,45,182001.0,0,0
46,46,182001.0,0,0
47,47,182001.0,0,0
48,48,182001.0,0,0
49,49,182001.0,0,0
50,50,182001.0,0,0
51,51,182001.0,0,0
52,52,182001.0,0,0
53,53,182001.0,0,0
54,54,182001.0,0,0
55,55,182001.0,0,0
56,56,182000.0,1,0
57,57,181999.0,2,0
58,58,181997.0,4,0
59,59,181988.0,13,0
60,60,181983.0,18,0
61,61,181978.0,23,0
62,62,181972.0,29,0
63,63,181965.0,36,0
64,64,181952.0,49,0
65,65,181952.0,49,0
66,66,181952.0,49,0
67,67,181929.0,71,1
68,68,181923.0,77,1
69,69,181916.0,84,1
70,70,181906.0,94,1
71,71,181897.0,103,1
72,72,181897.0,103,1
73,73,181882.0,118,1
74,74,181868.0,132,1
75,75,181864.0,136,1
76,76,181860.0,140,1
77,77,181856.0,144,1
78,78,181850.0,150,1
79,79,181842.0,158,1
80,80,181836.0,163,2
81,81,181828.0,171,2
82,82,181821.0,178,2
83,83,181811.0,188,2
84,84,181799.0,199,3
85,85,181787.0,211,3
86,86,181785.0,213,3
87,87,181778.0,220,3
88,88,181764.0,234,3
89,89,181760.0,238,3
90,90,181759.0,239,3
91,91,181754.0,244,3
92,92,181745.0,252,4
93,93,181741.0,256,4
94,94,181736.0,261,4
95,95,181736.0,261,4
96,96,181731.0,266,4
97,97,181725.0,272,4
98,98,181720.0,277,4
99,99,181715.0,282,4
100,100,181704.0,293,4
101,101,181703.0,294,4
102,102,181699.0,298,4
103,103,181693.0,304,4
104,104,181689.0,308,4
105,105,181687.0,310,4
106,106,181676.0,320,5
107,107,181671.0,325,5
108,108,181665.0,331,5
109,109,181665.0,331,5
110,110,181660.0,336,5
111,111,181650.0,346,5
112,112,181646.0,350,5
113,113,181641.0,355,5
114,114,181627.0,369,5
115,115,181612.0,384,5
116,116,181610.0,386,5
117,117,181605.0,391,5
118,118,181592.0,404,5
119,119,181578.0,418,5
120,120,181576.0,419,6
121,121,181553.0,442,6
122,122,181537.0,458,6
123,123,181534.0,461,6
124,124,181521.0,474,6
125,125,181510.0,485,6
126,126,181502.0,493,6
127,127,181492.0,503,6
128,128,181474.0,520,7
