,Days,S,I,D
0,0,22601.0,0,0
1,1,22601.0,0,0
2,2,22601.0,0,0
3,3,22601.0,0,0
4,4,22601.0,0,0
5,5,22601.0,0,0
6,6,22601.0,0,0
7,7,22601.0,0,0
8,8,22601.0,0,0
9,9,22601.0,0,0
10,10,22601.0,0,0
11,11,22601.0,0,0
12,12,22601.0,0,0
13,13,22601.0,0,0
14,14,22601.0,0,0
15,15,22601.0,0,0
16,16,22601.0,0,0
17,17,22601.0,0,0
18,18,22601.0,0,0
19,19,22601.0,0,0
20,20,22601.0,0,0
21,21,22601.0,0,0
22,22,22601.0,0,0
23,23,22601.0,0,0
24,24,22601.0,0,0
25,25,22601.0,0,0
26,26,22601.0,0,0
27,27,22601.0,0,0
28,28,22601.0,0,0
29,29,22601.0,0,0
30,30,22601.0,0,0
31,31,22601.0,0,0
32,32,22601.0,0,0
33,33,22601.0,0,0
34,34,22601.0,0,0
35,35,22601.0,0,0
36,36,22601.0,0,0
37,37,22601.0,0,0
38,38,22601.0,0,0
39,39,22601.0,0,0
40,40,22601.0,0,0
41,41,22601.0,0,0
42,42,22601.0,0,0
43,43,22601.0,0,0
44,44,22601.0,0,0
45,45,22601.0,0,0
46,46,22601.0,0,0
47,47,22601.0,0,0
48,48,22601.0,0,0
49,49,22601.0,0,0
50,50,22601.0,0,0
51,51,22601.0,0,0
52,52,22601.0,0,0
53,53,22601.0,0,0
54,54,22601.0,0,0
55,55,22601.0,0,0
56,56,22601.0,0,0
57,57,22601.0,0,0
58,58,22601.0,0,0
59,59,22601.0,0,0
60,60,22601.0,0,0
61,61,22601.0,0,0
62,62,22598.0,3,0
63,63,22598.0,3,0
64,64,22597.0,4,0
65,65,22597.0,4,0
66,66,22595.0,6,0
67,67,22595.0,6,0
68,68,22593.0,8,0
69,69,22585.0,16,0
70,70,22582.0,19,0
71,71,22580.0,21,0
72,72,22577.0,24,0
73,73,22573.0,28,0
74,74,22573.0,28,0
75,75,22555.0,46,0
76,76,22555.0,46,0
77,77,22549.0,52,0
78,78,22541.0,60,0
79,79,22538.0,63,0
80,80,22534.0,67,0
81,81,22532.0,69,0
82,82,22522.0,79,0
83,83,22517.0,83,1
84,84,22507.0,93,1
85,85,22496.0,104,1
86,86,22486.0,113,2
87,87,22485.0,114,2
88,88,22481.0,118,2
89,89,22474.0,125,2
90,90,22474.0,125,2
91,91,22469.0,130,2
92,92,22458.0,141,2
93,93,22450.0,149,2
94,94,22448.0,151,2
95,95,22446.0,153,2
96,96,22441.0,157,3
97,97,22439.0,159,3
98,98,22435.0,163,3
99,99,22432.0,166,3
100,100,22431.0,167,3
101,101,22431.0,167,3
102,102,22429.0,169,3
103,103,22426.0,171,4
104,104,22420.0,175,6
105,105,22417.0,178,6
106,106,22414.0,181,6
107,107,22413.0,182,6
108,108,22413.0,182,6
109,109,22410.0,185,6
110,110,22408.0,186,7
111,111,22404.0,190,7
112,112,22403.0,191,7
113,113,22401.0,193,7
114,114,22401.0,193,7
115,115,22401.0,193,7
116,116,22401.0,193,7
117,117,22397.0,197,7
118,118,22394.0,200,7
119,119,22391.0,203,7
120,120,22390.0,204,7
121,121,22383.0,211,7
122,122,22383.0,211,7
123,123,22373.0,221,7
124,124,22371.0,223,7
125,125,22371.0,223,7
126,126,22368.0,226,7
127,127,22366.0,228,7
128,128,22363.0,231,7
