,Days,S,I,D
0,0,269956.0,0,0
1,1,269956.0,0,0
2,2,269956.0,0,0
3,3,269956.0,0,0
4,4,269956.0,0,0
5,5,269956.0,0,0
6,6,269956.0,0,0
7,7,269956.0,0,0
8,8,269956.0,0,0
9,9,269956.0,0,0
10,10,269956.0,0,0
11,11,269956.0,0,0
12,12,269956.0,0,0
13,13,269956.0,0,0
14,14,269956.0,0,0
15,15,269956.0,0,0
16,16,269956.0,0,0
17,17,269956.0,0,0
18,18,269956.0,0,0
19,19,269956.0,0,0
20,20,269956.0,0,0
21,21,269956.0,0,0
22,22,269956.0,0,0
23,23,269956.0,0,0
24,24,269956.0,0,0
25,25,269956.0,0,0
26,26,269956.0,0,0
27,27,269956.0,0,0
28,28,269956.0,0,0
29,29,269956.0,0,0
30,30,269956.0,0,0
31,31,269956.0,0,0
32,32,269956.0,0,0
33,33,269956.0,0,0
34,34,269956.0,0,0
35,35,269956.0,0,0
36,36,269956.0,0,0
37,37,269956.0,0,0
38,38,269956.0,0,0
39,39,269956.0,0,0
40,40,269956.0,0,0
41,41,269956.0,0,0
42,42,269956.0,0,0
43,43,269956.0,0,0
44,44,269956.0,0,0
45,45,269956.0,0,0
46,46,269956.0,0,0
47,47,269956.0,0,0
48,48,269955.0,1,0
49,49,269955.0,1,0
50,50,269955.0,1,0
51,51,269955.0,1,0
52,52,269955.0,1,0
53,53,269955.0,1,0
54,54,269954.0,2,0
55,55,269950.0,6,0
56,56,269949.0,7,0
57,57,269945.0,11,0
58,58,269935.0,21,0
59,59,269931.0,25,0
60,60,269921.0,35,0
61,61,269920.0,36,0
62,62,269919.0,37,0
63,63,269910.0,46,0
64,64,269903.0,53,0
65,65,269896.0,60,0
66,66,269888.0,68,0
67,67,269884.0,72,0
68,68,269876.0,80,0
69,69,269869.0,87,0
70,70,269864.0,92,0
71,71,269861.0,95,0
72,72,269846.0,110,0
73,73,269841.0,115,0
74,74,269833.0,123,0
75,75,269823.0,133,0
76,76,269817.0,139,0
77,77,269812.0,144,0
78,78,269802.0,154,0
79,79,269789.0,167,0
80,80,269782.0,174,0
81,81,269741.0,215,0
82,82,269769.0,187,0
83,83,269761.0,195,0
84,84,269760.0,196,0
85,85,269756.0,200,0
86,86,269755.0,201,0
87,87,269751.0,205,0
88,88,269746.0,210,0
89,89,269738.0,218,0
90,90,269731.0,224,1
91,91,269729.0,226,1
92,92,269724.0,231,1
93,93,269711.0,244,1
94,94,269710.0,245,1
95,95,269703.0,251,2
96,96,269700.0,254,2
97,97,269699.0,255,2
98,98,269692.0,262,2
99,99,269684.0,267,5
100,100,269678.0,273,5
101,101,269676.0,275,5
102,102,269665.0,286,5
103,103,269662.0,289,5
104,104,269662.0,289,5
105,105,269656.0,295,5
106,106,269651.0,300,5
107,107,269645.0,306,5
108,108,269643.0,308,5
109,109,269639.0,312,5
110,110,269631.0,320,5
111,111,269627.0,324,5
112,112,269625.0,326,5
113,113,269622.0,329,5
114,114,269621.0,329,6
115,115,269620.0,329,7
116,116,269617.0,332,7
117,117,269612.0,337,7
118,118,269610.0,339,7
119,119,269605.0,344,7
120,120,269603.0,346,7
121,121,269595.0,354,7
122,122,269594.0,355,7
123,123,269588.0,361,7
124,124,269584.0,365,7
125,125,269579.0,370,7
126,126,269579.0,370,7
127,127,269577.0,372,7
128,128,269571.0,378,7
