,Days,S,I,D
0,0,71604.0,0,0
1,1,71604.0,0,0
2,2,71604.0,0,0
3,3,71604.0,0,0
4,4,71604.0,0,0
5,5,71604.0,0,0
6,6,71604.0,0,0
7,7,71604.0,0,0
8,8,71604.0,0,0
9,9,71604.0,0,0
10,10,71604.0,0,0
11,11,71604.0,0,0
12,12,71604.0,0,0
13,13,71604.0,0,0
14,14,71604.0,0,0
15,15,71604.0,0,0
16,16,71604.0,0,0
17,17,71604.0,0,0
18,18,71604.0,0,0
19,19,71604.0,0,0
20,20,71604.0,0,0
21,21,71604.0,0,0
22,22,71604.0,0,0
23,23,71604.0,0,0
24,24,71604.0,0,0
25,25,71604.0,0,0
26,26,71604.0,0,0
27,27,71604.0,0,0
28,28,71604.0,0,0
29,29,71604.0,0,0
30,30,71604.0,0,0
31,31,71604.0,0,0
32,32,71604.0,0,0
33,33,71604.0,0,0
34,34,71604.0,0,0
35,35,71604.0,0,0
36,36,71604.0,0,0
37,37,71604.0,0,0
38,38,71604.0,0,0
39,39,71604.0,0,0
40,40,71604.0,0,0
41,41,71604.0,0,0
42,42,71604.0,0,0
43,43,71604.0,0,0
44,44,71604.0,0,0
45,45,71604.0,0,0
46,46,71604.0,0,0
47,47,71604.0,0,0
48,48,71604.0,0,0
49,49,71604.0,0,0
50,50,71604.0,0,0
51,51,71604.0,0,0
52,52,71604.0,0,0
53,53,71604.0,0,0
54,54,71604.0,0,0
55,55,71604.0,0,0
56,56,71604.0,0,0
57,57,71604.0,0,0
58,58,71604.0,0,0
59,59,71604.0,0,0
60,60,71604.0,0,0
61,61,71604.0,0,0
62,62,71604.0,0,0
63,63,71599.0,5,0
64,64,71594.0,10,0
65,65,71594.0,10,0
66,66,71587.0,16,1
67,67,71587.0,16,1
68,68,71585.0,18,1
69,69,71582.0,21,1
70,70,71576.0,27,1
71,71,71567.0,36,1
72,72,71564.0,39,1
73,73,71560.0,43,1
74,74,71559.0,44,1
75,75,71558.0,45,1
76,76,71555.0,47,2
77,77,71555.0,47,2
78,78,71554.0,48,2
79,79,71548.0,53,3
80,80,71547.0,54,3
81,81,71546.0,55,3
82,82,71545.0,56,3
83,83,71541.0,60,3
84,84,71544.0,57,3
85,85,71543.0,58,3
86,86,71543.0,58,3
87,87,71543.0,58,3
88,88,71543.0,58,3
89,89,71543.0,58,3
90,90,71531.0,69,4
91,91,71530.0,70,4
92,92,71528.0,71,5
93,93,71528.0,71,5
94,94,71525.0,73,6
95,95,71522.0,76,6
96,96,71522.0,76,6
97,97,71522.0,76,6
98,98,71521.0,77,6
99,99,71521.0,77,6
100,100,71518.0,80,6
101,101,71518.0,80,6
102,102,71518.0,80,6
103,103,71518.0,80,6
104,104,71518.0,80,6
105,105,71516.0,81,7
106,106,71515.0,82,7
107,107,71515.0,82,7
108,108,71515.0,82,7
109,109,71515.0,82,7
110,110,71515.0,82,7
111,111,71515.0,82,7
112,112,71514.0,83,7
113,113,71514.0,83,7
114,114,71514.0,83,7
115,115,71514.0,83,7
116,116,71513.0,84,7
117,117,71512.0,85,7
118,118,71512.0,85,7
119,119,71512.0,85,7
120,120,71510.0,87,7
121,121,71509.0,88,7
122,122,71508.0,89,7
123,123,71507.0,90,7
124,124,71506.0,91,7
125,125,71505.0,92,7
126,126,71504.0,93,7
127,127,71504.0,93,7
128,128,71504.0,93,7
