,Days,S,I,D
0,0,44413.0,0,0
1,1,44413.0,0,0
2,2,44413.0,0,0
3,3,44413.0,0,0
4,4,44413.0,0,0
5,5,44413.0,0,0
6,6,44413.0,0,0
7,7,44413.0,0,0
8,8,44413.0,0,0
9,9,44413.0,0,0
10,10,44413.0,0,0
11,11,44413.0,0,0
12,12,44413.0,0,0
13,13,44413.0,0,0
14,14,44413.0,0,0
15,15,44413.0,0,0
16,16,44413.0,0,0
17,17,44413.0,0,0
18,18,44413.0,0,0
19,19,44413.0,0,0
20,20,44413.0,0,0
21,21,44413.0,0,0
22,22,44413.0,0,0
23,23,44413.0,0,0
24,24,44413.0,0,0
25,25,44413.0,0,0
26,26,44413.0,0,0
27,27,44413.0,0,0
28,28,44413.0,0,0
29,29,44413.0,0,0
30,30,44413.0,0,0
31,31,44413.0,0,0
32,32,44413.0,0,0
33,33,44413.0,0,0
34,34,44413.0,0,0
35,35,44413.0,0,0
36,36,44413.0,0,0
37,37,44413.0,0,0
38,38,44413.0,0,0
39,39,44413.0,0,0
40,40,44413.0,0,0
41,41,44413.0,0,0
42,42,44413.0,0,0
43,43,44413.0,0,0
44,44,44413.0,0,0
45,45,44413.0,0,0
46,46,44413.0,0,0
47,47,44413.0,0,0
48,48,44413.0,0,0
49,49,44413.0,0,0
50,50,44413.0,0,0
51,51,44413.0,0,0
52,52,44413.0,0,0
53,53,44413.0,0,0
54,54,44413.0,0,0
55,55,44413.0,0,0
56,56,44413.0,0,0
57,57,44413.0,0,0
58,58,44413.0,0,0
59,59,44413.0,0,0
60,60,44413.0,0,0
61,61,44412.0,1,0
62,62,44412.0,1,0
63,63,44411.0,2,0
64,64,44410.0,3,0
65,65,44410.0,3,0
66,66,44409.0,4,0
67,67,44409.0,4,0
68,68,44408.0,5,0
69,69,44406.0,7,0
70,70,44402.0,9,2
71,71,44400.0,11,2
72,72,44399.0,12,2
73,73,44396.0,15,2
74,74,44394.0,17,2
75,75,44394.0,17,2
76,76,44393.0,18,2
77,77,44391.0,20,2
78,78,44390.0,21,2
79,79,44388.0,23,2
80,80,44387.0,23,3
81,81,44387.0,23,3
82,82,44386.0,24,3
83,83,44386.0,24,3
84,84,44387.0,23,3
85,85,44383.0,27,3
86,86,44383.0,27,3
87,87,44380.0,30,3
88,88,44380.0,30,3
89,89,44380.0,30,3
90,90,44380.0,30,3
91,91,44380.0,30,3
92,92,44372.0,38,3
93,93,44363.0,47,3
94,94,44360.0,50,3
95,95,44360.0,50,3
96,96,44358.0,52,3
97,97,44354.0,56,3
98,98,44350.0,60,3
99,99,44347.0,63,3
100,100,44346.0,64,3
101,101,44346.0,64,3
102,102,44343.0,67,3
103,103,44339.0,71,3
104,104,44337.0,73,3
105,105,44337.0,73,3
106,106,44337.0,73,3
107,107,44332.0,78,3
108,108,44329.0,81,3
109,109,44327.0,83,3
110,110,44326.0,84,3
111,111,44321.0,87,5
112,112,44320.0,88,5
113,113,44315.0,93,5
114,114,44313.0,95,5
115,115,44310.0,98,5
116,116,44310.0,98,5
117,117,44309.0,99,5
118,118,44307.0,100,6
119,119,44304.0,102,7
120,120,44301.0,105,7
121,121,44278.0,128,7
122,122,44274.0,132,7
123,123,44273.0,133,7
124,124,44272.0,134,7
125,125,44265.0,141,7
126,126,44262.0,144,7
127,127,44258.0,148,7
128,128,44254.0,152,7
