,Days,S,I,D
0,0,22725.0,0,0
1,1,22725.0,0,0
2,2,22725.0,0,0
3,3,22725.0,0,0
4,4,22725.0,0,0
5,5,22725.0,0,0
6,6,22725.0,0,0
7,7,22725.0,0,0
8,8,22725.0,0,0
9,9,22725.0,0,0
10,10,22725.0,0,0
11,11,22725.0,0,0
12,12,22725.0,0,0
13,13,22725.0,0,0
14,14,22725.0,0,0
15,15,22725.0,0,0
16,16,22725.0,0,0
17,17,22725.0,0,0
18,18,22725.0,0,0
19,19,22725.0,0,0
20,20,22725.0,0,0
21,21,22725.0,0,0
22,22,22725.0,0,0
23,23,22725.0,0,0
24,24,22725.0,0,0
25,25,22725.0,0,0
26,26,22725.0,0,0
27,27,22725.0,0,0
28,28,22725.0,0,0
29,29,22725.0,0,0
30,30,22725.0,0,0
31,31,22725.0,0,0
32,32,22725.0,0,0
33,33,22725.0,0,0
34,34,22725.0,0,0
35,35,22725.0,0,0
36,36,22725.0,0,0
37,37,22725.0,0,0
38,38,22725.0,0,0
39,39,22725.0,0,0
40,40,22725.0,0,0
41,41,22725.0,0,0
42,42,22725.0,0,0
43,43,22725.0,0,0
44,44,22725.0,0,0
45,45,22725.0,0,0
46,46,22725.0,0,0
47,47,22725.0,0,0
48,48,22725.0,0,0
49,49,22725.0,0,0
50,50,22725.0,0,0
51,51,22725.0,0,0
52,52,22725.0,0,0
53,53,22725.0,0,0
54,54,22725.0,0,0
55,55,22725.0,0,0
56,56,22725.0,0,0
57,57,22725.0,0,0
58,58,22725.0,0,0
59,59,22725.0,0,0
60,60,22725.0,0,0
61,61,22725.0,0,0
62,62,22725.0,0,0
63,63,22725.0,0,0
64,64,22725.0,0,0
65,65,22724.0,1,0
66,66,22723.0,2,0
67,67,22723.0,2,0
68,68,22723.0,2,0
69,69,22723.0,2,0
70,70,22720.0,5,0
71,71,22719.0,6,0
72,72,22715.0,10,0
73,73,22713.0,11,1
74,74,22713.0,11,1
75,75,22712.0,12,1
76,76,22711.0,13,1
77,77,22709.0,15,1
78,78,22704.0,20,1
79,79,22702.0,22,1
80,80,22696.0,27,2
81,81,22687.0,36,2
82,82,22683.0,40,2
83,83,22677.0,45,3
84,84,22677.0,45,3
85,85,22675.0,47,3
86,86,22671.0,51,3
87,87,22671.0,51,3
88,88,22669.0,53,3
89,89,22666.0,56,3
90,90,22664.0,58,3
91,91,22664.0,58,3
92,92,22663.0,58,4
93,93,22661.0,60,4
94,94,22661.0,60,4
95,95,22661.0,60,4
96,96,22660.0,61,4
97,97,22659.0,62,4
98,98,22659.0,62,4
99,99,22659.0,62,4
100,100,22659.0,62,4
101,101,22647.0,74,4
102,102,22644.0,77,4
103,103,22642.0,79,4
104,104,22639.0,82,4
105,105,22629.0,91,5
106,106,22623.0,96,6
107,107,22619.0,100,6
108,108,22617.0,102,6
109,109,22614.0,104,7
110,110,22607.0,111,7
111,111,22601.0,117,7
112,112,22601.0,117,7
113,113,22600.0,118,7
114,114,22599.0,119,7
115,115,22599.0,119,7
116,116,22598.0,120,7
117,117,22598.0,120,7
118,118,22598.0,120,7
119,119,22598.0,120,7
120,120,22596.0,122,7
121,121,22595.0,123,7
122,122,22594.0,124,7
123,123,22594.0,124,7
124,124,22594.0,124,7
125,125,22594.0,124,7
126,126,22594.0,124,7
127,127,22593.0,125,7
128,128,22593.0,125,7
