,Days,S,I,D
0,0,23047.0,0,0
1,1,23047.0,0,0
2,2,23047.0,0,0
3,3,23047.0,0,0
4,4,23047.0,0,0
5,5,23047.0,0,0
6,6,23047.0,0,0
7,7,23047.0,0,0
8,8,23047.0,0,0
9,9,23047.0,0,0
10,10,23047.0,0,0
11,11,23047.0,0,0
12,12,23047.0,0,0
13,13,23047.0,0,0
14,14,23047.0,0,0
15,15,23047.0,0,0
16,16,23047.0,0,0
17,17,23047.0,0,0
18,18,23047.0,0,0
19,19,23047.0,0,0
20,20,23047.0,0,0
21,21,23047.0,0,0
22,22,23047.0,0,0
23,23,23047.0,0,0
24,24,23047.0,0,0
25,25,23047.0,0,0
26,26,23047.0,0,0
27,27,23047.0,0,0
28,28,23047.0,0,0
29,29,23047.0,0,0
30,30,23047.0,0,0
31,31,23047.0,0,0
32,32,23047.0,0,0
33,33,23047.0,0,0
34,34,23047.0,0,0
35,35,23047.0,0,0
36,36,23047.0,0,0
37,37,23047.0,0,0
38,38,23047.0,0,0
39,39,23047.0,0,0
40,40,23047.0,0,0
41,41,23047.0,0,0
42,42,23047.0,0,0
43,43,23047.0,0,0
44,44,23047.0,0,0
45,45,23047.0,0,0
46,46,23047.0,0,0
47,47,23047.0,0,0
48,48,23047.0,0,0
49,49,23047.0,0,0
50,50,23047.0,0,0
51,51,23047.0,0,0
52,52,23047.0,0,0
53,53,23047.0,0,0
54,54,23047.0,0,0
55,55,23047.0,0,0
56,56,23047.0,0,0
57,57,23046.0,1,0
58,58,23046.0,1,0
59,59,23046.0,1,0
60,60,23046.0,1,0
61,61,23046.0,1,0
62,62,23045.0,2,0
63,63,23044.0,3,0
64,64,23044.0,3,0
65,65,23044.0,3,0
66,66,23042.0,4,1
67,67,23041.0,5,1
68,68,23038.0,8,1
69,69,23037.0,9,1
70,70,23035.0,10,2
71,71,23034.0,11,2
72,72,23031.0,13,3
73,73,23030.0,14,3
74,74,23028.0,16,3
75,75,23028.0,16,3
76,76,23026.0,18,3
77,77,23026.0,18,3
78,78,23025.0,19,3
79,79,23025.0,19,3
80,80,23024.0,20,3
81,81,23024.0,20,3
82,82,23024.0,20,3
83,83,23024.0,20,3
84,84,23024.0,20,3
85,85,23024.0,20,3
86,86,23022.0,21,4
87,87,23022.0,21,4
88,88,23021.0,22,4
89,89,23021.0,22,4
90,90,23021.0,22,4
91,91,23021.0,22,4
92,92,23021.0,22,4
93,93,23020.0,23,4
94,94,23018.0,25,4
95,95,23018.0,25,4
96,96,23018.0,25,4
97,97,23017.0,26,4
98,98,23015.0,28,4
99,99,23015.0,28,4
100,100,23015.0,28,4
101,101,23015.0,28,4
102,102,23014.0,29,4
103,103,23013.0,30,4
104,104,23013.0,30,4
105,105,23010.0,33,4
106,106,23009.0,34,4
107,107,23009.0,34,4
108,108,23007.0,36,4
109,109,23007.0,36,4
110,110,23005.0,38,4
111,111,23004.0,39,4
112,112,23004.0,39,4
113,113,23003.0,40,4
114,114,23003.0,40,4
115,115,23003.0,40,4
116,116,23001.0,42,4
117,117,23001.0,42,4
118,118,23001.0,42,4
119,119,23000.0,43,4
120,120,22993.0,50,4
121,121,22993.0,50,4
122,122,22993.0,50,4
123,123,22980.0,63,4
124,124,22978.0,65,4
125,125,22975.0,68,4
126,126,22972.0,71,4
127,127,22966.0,74,7
128,128,22964.0,76,7
