,Days,S,I,D
0,0,8477.0,0,0
1,1,8477.0,0,0
2,2,8477.0,0,0
3,3,8477.0,0,0
4,4,8477.0,0,0
5,5,8477.0,0,0
6,6,8477.0,0,0
7,7,8477.0,0,0
8,8,8477.0,0,0
9,9,8477.0,0,0
10,10,8477.0,0,0
11,11,8477.0,0,0
12,12,8477.0,0,0
13,13,8477.0,0,0
14,14,8477.0,0,0
15,15,8477.0,0,0
16,16,8477.0,0,0
17,17,8477.0,0,0
18,18,8477.0,0,0
19,19,8477.0,0,0
20,20,8477.0,0,0
21,21,8477.0,0,0
22,22,8477.0,0,0
23,23,8477.0,0,0
24,24,8477.0,0,0
25,25,8477.0,0,0
26,26,8477.0,0,0
27,27,8477.0,0,0
28,28,8477.0,0,0
29,29,8477.0,0,0
30,30,8477.0,0,0
31,31,8477.0,0,0
32,32,8477.0,0,0
33,33,8477.0,0,0
34,34,8477.0,0,0
35,35,8477.0,0,0
36,36,8477.0,0,0
37,37,8477.0,0,0
38,38,8477.0,0,0
39,39,8477.0,0,0
40,40,8477.0,0,0
41,41,8477.0,0,0
42,42,8477.0,0,0
43,43,8477.0,0,0
44,44,8477.0,0,0
45,45,8477.0,0,0
46,46,8477.0,0,0
47,47,8477.0,0,0
48,48,8477.0,0,0
49,49,8477.0,0,0
50,50,8477.0,0,0
51,51,8477.0,0,0
52,52,8477.0,0,0
53,53,8477.0,0,0
54,54,8477.0,0,0
55,55,8477.0,0,0
56,56,8477.0,0,0
57,57,8477.0,0,0
58,58,8477.0,0,0
59,59,8477.0,0,0
60,60,8477.0,0,0
61,61,8477.0,0,0
62,62,8477.0,0,0
63,63,8477.0,0,0
64,64,8477.0,0,0
65,65,8477.0,0,0
66,66,8477.0,0,0
67,67,8476.0,1,0
68,68,8476.0,1,0
69,69,8476.0,1,0
70,70,8476.0,1,0
71,71,8476.0,1,0
72,72,8475.0,2,0
73,73,8475.0,2,0
74,74,8475.0,2,0
75,75,8475.0,2,0
76,76,8474.0,2,1
77,77,8473.0,3,1
78,78,8471.0,5,1
79,79,8469.0,7,1
80,80,8467.0,9,1
81,81,8464.0,11,2
82,82,8463.0,12,2
83,83,8462.0,13,2
84,84,8462.0,13,2
85,85,8459.0,15,3
86,86,8456.0,18,3
87,87,8455.0,19,3
88,88,8454.0,20,3
89,89,8452.0,21,4
90,90,8452.0,21,4
91,91,8451.0,22,4
92,92,8451.0,22,4
93,93,8451.0,22,4
94,94,8451.0,22,4
95,95,8451.0,22,4
96,96,8450.0,22,5
97,97,8449.0,23,5
98,98,8448.0,24,5
99,99,8447.0,25,5
100,100,8443.0,29,5
101,101,8440.0,32,5
102,102,8440.0,32,5
103,103,8439.0,33,5
104,104,8437.0,34,6
105,105,8437.0,34,6
106,106,8437.0,34,6
107,107,8437.0,34,6
108,108,8435.0,36,6
109,109,8435.0,36,6
110,110,8435.0,36,6
111,111,8435.0,36,6
112,112,8434.0,37,6
113,113,8433.0,38,6
114,114,8431.0,40,6
115,115,8429.0,42,6
116,116,8429.0,42,6
117,117,8428.0,43,6
118,118,8428.0,43,6
119,119,8428.0,43,6
120,120,8427.0,44,6
121,121,8427.0,44,6
122,122,8425.0,46,6
123,123,8424.0,47,6
124,124,8423.0,48,6
125,125,8423.0,48,6
126,126,8422.0,48,7
127,127,8421.0,49,7
128,128,8420.0,50,7
