,Days,S,I,D
0,0,134238.0,0,0
1,1,134238.0,0,0
2,2,134238.0,0,0
3,3,134238.0,0,0
4,4,134238.0,0,0
5,5,134238.0,0,0
6,6,134238.0,0,0
7,7,134238.0,0,0
8,8,134238.0,0,0
9,9,134238.0,0,0
10,10,134238.0,0,0
11,11,134238.0,0,0
12,12,134238.0,0,0
13,13,134238.0,0,0
14,14,134238.0,0,0
15,15,134238.0,0,0
16,16,134238.0,0,0
17,17,134238.0,0,0
18,18,134238.0,0,0
19,19,134238.0,0,0
20,20,134238.0,0,0
21,21,134238.0,0,0
22,22,134238.0,0,0
23,23,134238.0,0,0
24,24,134238.0,0,0
25,25,134238.0,0,0
26,26,134238.0,0,0
27,27,134238.0,0,0
28,28,134238.0,0,0
29,29,134238.0,0,0
30,30,134238.0,0,0
31,31,134238.0,0,0
32,32,134238.0,0,0
33,33,134238.0,0,0
34,34,134238.0,0,0
35,35,134238.0,0,0
36,36,134238.0,0,0
37,37,134238.0,0,0
38,38,134238.0,0,0
39,39,134238.0,0,0
40,40,134238.0,0,0
41,41,134238.0,0,0
42,42,134238.0,0,0
43,43,134238.0,0,0
44,44,134238.0,0,0
45,45,134238.0,0,0
46,46,134238.0,0,0
47,47,134238.0,0,0
48,48,134238.0,0,0
49,49,134238.0,0,0
50,50,134238.0,0,0
51,51,134238.0,0,0
52,52,134237.0,1,0
53,53,134237.0,1,0
54,54,134237.0,1,0
55,55,134237.0,1,0
56,56,134237.0,1,0
57,57,134237.0,1,0
58,58,134237.0,1,0
59,59,134237.0,1,0
60,60,134236.0,2,0
61,61,134236.0,2,0
62,62,134236.0,2,0
63,63,134235.0,3,0
64,64,134236.0,2,0
65,65,134236.0,2,0
66,66,134235.0,3,0
67,67,134233.0,5,0
68,68,134232.0,6,0
69,69,134231.0,7,0
70,70,134230.0,8,0
71,71,134229.0,9,0
72,72,134227.0,11,0
73,73,134219.0,18,1
74,74,134213.0,24,1
75,75,134211.0,26,1
76,76,134208.0,29,1
77,77,134205.0,31,2
78,78,134200.0,36,2
79,79,134193.0,43,2
80,80,134189.0,47,2
81,81,134186.0,50,2
82,82,134185.0,51,2
83,83,134180.0,56,2
84,84,134176.0,60,2
85,85,134174.0,62,2
86,86,134167.0,69,2
87,87,134164.0,72,2
88,88,134162.0,74,2
89,89,134159.0,77,2
90,90,134157.0,79,2
91,91,134152.0,83,3
92,92,134141.0,94,3
93,93,134134.0,101,3
94,94,134128.0,107,3
95,95,134128.0,107,3
96,96,134116.0,119,3
97,97,134109.0,126,3
98,98,134104.0,131,3
99,99,134092.0,143,3
100,100,134079.0,155,4
101,101,134060.0,174,4
102,102,134048.0,186,4
103,103,134039.0,195,4
104,104,134028.0,206,4
105,105,134028.0,206,4
106,106,134004.0,230,4
107,107,134001.0,233,4
108,108,133995.0,239,4
109,109,133986.0,248,4
110,110,133977.0,257,4
111,111,133973.0,261,4
112,112,133964.0,270,4
113,113,133952.0,282,4
114,114,133943.0,291,4
115,115,133930.0,304,4
116,116,133922.0,312,4
117,117,133915.0,319,4
118,118,133895.0,339,4
119,119,133883.0,351,4
120,120,133868.0,366,4
121,121,133861.0,373,4
122,122,133848.0,386,4
123,123,133832.0,401,5
124,124,133810.0,422,6
125,125,133769.0,463,6
126,126,133758.0,474,6
127,127,133745.0,487,6
128,128,133731.0,500,7
