,Days,S,I,D
0,0,244076.0,0,0
1,1,244076.0,0,0
2,2,244076.0,0,0
3,3,244076.0,0,0
4,4,244076.0,0,0
5,5,244076.0,0,0
6,6,244076.0,0,0
7,7,244076.0,0,0
8,8,244076.0,0,0
9,9,244076.0,0,0
10,10,244076.0,0,0
11,11,244076.0,0,0
12,12,244076.0,0,0
13,13,244076.0,0,0
14,14,244076.0,0,0
15,15,244076.0,0,0
16,16,244076.0,0,0
17,17,244076.0,0,0
18,18,244076.0,0,0
19,19,244076.0,0,0
20,20,244076.0,0,0
21,21,244076.0,0,0
22,22,244076.0,0,0
23,23,244076.0,0,0
24,24,244076.0,0,0
25,25,244076.0,0,0
26,26,244076.0,0,0
27,27,244076.0,0,0
28,28,244076.0,0,0
29,29,244076.0,0,0
30,30,244076.0,0,0
31,31,244076.0,0,0
32,32,244076.0,0,0
33,33,244076.0,0,0
34,34,244076.0,0,0
35,35,244076.0,0,0
36,36,244076.0,0,0
37,37,244076.0,0,0
38,38,244076.0,0,0
39,39,244076.0,0,0
40,40,244076.0,0,0
41,41,244076.0,0,0
42,42,244076.0,0,0
43,43,244076.0,0,0
44,44,244076.0,0,0
45,45,244076.0,0,0
46,46,244076.0,0,0
47,47,244076.0,0,0
48,48,244076.0,0,0
49,49,244076.0,0,0
50,50,244076.0,0,0
51,51,244076.0,0,0
52,52,244076.0,0,0
53,53,244076.0,0,0
54,54,244076.0,0,0
55,55,244076.0,0,0
56,56,244076.0,0,0
57,57,244076.0,0,0
58,58,244075.0,1,0
59,59,244073.0,3,0
60,60,244073.0,3,0
61,61,244072.0,4,0
62,62,244071.0,5,0
63,63,244071.0,5,0
64,64,244070.0,6,0
65,65,244068.0,8,0
66,66,244066.0,10,0
67,67,244062.0,14,0
68,68,244059.0,17,0
69,69,244049.0,27,0
70,70,244043.0,33,0
71,71,244038.0,37,1
72,72,244032.0,43,1
73,73,244020.0,55,1
74,74,244016.0,59,1
75,75,244015.0,60,1
76,76,244003.0,72,1
77,77,243998.0,77,1
78,78,243991.0,84,1
79,79,243987.0,88,1
80,80,243985.0,90,1
81,81,243985.0,90,1
82,82,243976.0,99,1
83,83,243978.0,97,1
84,84,243975.0,99,2
85,85,243969.0,105,2
86,86,243966.0,108,2
87,87,243965.0,109,2
88,88,243963.0,111,2
89,89,243961.0,113,2
90,90,243955.0,118,3
91,91,243947.0,126,3
92,92,243937.0,136,3
93,93,243904.0,169,3
94,94,243894.0,179,3
95,95,243894.0,179,3
96,96,243889.0,184,3
97,97,243885.0,188,3
98,98,243881.0,192,3
99,99,243875.0,198,3
100,100,243869.0,204,3
101,101,243862.0,211,3
102,102,243851.0,221,4
103,103,243833.0,239,4
104,104,243821.0,251,4
105,105,243821.0,251,4
106,106,243801.0,270,5
107,107,243797.0,274,5
108,108,243781.0,290,5
109,109,243767.0,304,5
110,110,243763.0,308,5
111,111,243752.0,319,5
112,112,243744.0,327,5
113,113,243733.0,338,5
114,114,243722.0,349,5
115,115,243721.0,350,5
116,116,243721.0,350,5
117,117,243710.0,361,5
118,118,243700.0,370,6
119,119,243700.0,370,6
120,120,243693.0,377,6
121,121,243682.0,388,6
122,122,243677.0,393,6
123,123,243671.0,399,6
124,124,243638.0,432,6
125,125,243620.0,450,6
126,126,243619.0,451,6
127,127,243618.0,452,6
128,128,243600.0,470,6
