,Days,S,I,D
0,0,17307.0,0,0
1,1,17307.0,0,0
2,2,17307.0,0,0
3,3,17307.0,0,0
4,4,17307.0,0,0
5,5,17307.0,0,0
6,6,17307.0,0,0
7,7,17307.0,0,0
8,8,17307.0,0,0
9,9,17307.0,0,0
10,10,17307.0,0,0
11,11,17307.0,0,0
12,12,17307.0,0,0
13,13,17307.0,0,0
14,14,17307.0,0,0
15,15,17307.0,0,0
16,16,17307.0,0,0
17,17,17307.0,0,0
18,18,17307.0,0,0
19,19,17307.0,0,0
20,20,17307.0,0,0
21,21,17307.0,0,0
22,22,17307.0,0,0
23,23,17307.0,0,0
24,24,17307.0,0,0
25,25,17307.0,0,0
26,26,17307.0,0,0
27,27,17307.0,0,0
28,28,17307.0,0,0
29,29,17307.0,0,0
30,30,17307.0,0,0
31,31,17307.0,0,0
32,32,17307.0,0,0
33,33,17307.0,0,0
34,34,17307.0,0,0
35,35,17307.0,0,0
36,36,17307.0,0,0
37,37,17307.0,0,0
38,38,17307.0,0,0
39,39,17307.0,0,0
40,40,17307.0,0,0
41,41,17307.0,0,0
42,42,17307.0,0,0
43,43,17307.0,0,0
44,44,17307.0,0,0
45,45,17307.0,0,0
46,46,17307.0,0,0
47,47,17307.0,0,0
48,48,17307.0,0,0
49,49,17307.0,0,0
50,50,17307.0,0,0
51,51,17307.0,0,0
52,52,17307.0,0,0
53,53,17307.0,0,0
54,54,17307.0,0,0
55,55,17307.0,0,0
56,56,17307.0,0,0
57,57,17307.0,0,0
58,58,17307.0,0,0
59,59,17307.0,0,0
60,60,17307.0,0,0
61,61,17307.0,0,0
62,62,17307.0,0,0
63,63,17307.0,0,0
64,64,17307.0,0,0
65,65,17307.0,0,0
66,66,17307.0,0,0
67,67,17306.0,1,0
68,68,17306.0,1,0
69,69,17306.0,1,0
70,70,17306.0,1,0
71,71,17306.0,1,0
72,72,17305.0,2,0
73,73,17305.0,2,0
74,74,17305.0,2,0
75,75,17303.0,4,0
76,76,17303.0,4,0
77,77,17302.0,5,0
78,78,17302.0,5,0
79,79,17300.0,7,0
80,80,17297.0,10,0
81,81,17297.0,10,0
82,82,17296.0,10,1
83,83,17293.0,13,1
84,84,17292.0,14,1
85,85,17290.0,16,1
86,86,17285.0,21,1
87,87,17285.0,21,1
88,88,17281.0,25,1
89,89,17276.0,30,1
90,90,17275.0,31,1
91,91,17272.0,34,1
92,92,17268.0,38,1
93,93,17262.0,44,1
94,94,17261.0,45,1
95,95,17261.0,45,1
96,96,17256.0,50,1
97,97,17253.0,53,1
98,98,17246.0,60,1
99,99,17245.0,61,1
100,100,17238.0,68,1
101,101,17230.0,76,1
102,102,17224.0,82,1
103,103,17217.0,88,2
104,104,17209.0,96,2
105,105,17209.0,96,2
106,106,17199.0,106,2
107,107,17191.0,114,2
108,108,17189.0,116,2
109,109,17185.0,120,2
110,110,17170.0,135,2
111,111,17165.0,139,3
112,112,17152.0,152,3
113,113,17134.0,170,3
114,114,17128.0,176,3
115,115,17121.0,183,3
116,116,17117.0,187,3
117,117,17106.0,198,3
118,118,17102.0,202,3
119,119,17097.0,207,3
120,120,17081.0,223,3
121,121,17075.0,228,4
122,122,17073.0,230,4
123,123,17064.0,239,4
124,124,17041.0,261,5
125,125,17024.0,277,6
126,126,17021.0,280,6
127,127,17020.0,281,6
128,128,17014.0,287,6
