,Days,S,I,D
0,0,254261.0,0,0
1,1,254261.0,0,0
2,2,254261.0,0,0
3,3,254261.0,0,0
4,4,254261.0,0,0
5,5,254261.0,0,0
6,6,254261.0,0,0
7,7,254261.0,0,0
8,8,254261.0,0,0
9,9,254261.0,0,0
10,10,254261.0,0,0
11,11,254261.0,0,0
12,12,254261.0,0,0
13,13,254261.0,0,0
14,14,254261.0,0,0
15,15,254261.0,0,0
16,16,254261.0,0,0
17,17,254261.0,0,0
18,18,254261.0,0,0
19,19,254261.0,0,0
20,20,254261.0,0,0
21,21,254261.0,0,0
22,22,254261.0,0,0
23,23,254261.0,0,0
24,24,254261.0,0,0
25,25,254261.0,0,0
26,26,254261.0,0,0
27,27,254261.0,0,0
28,28,254261.0,0,0
29,29,254261.0,0,0
30,30,254261.0,0,0
31,31,254261.0,0,0
32,32,254261.0,0,0
33,33,254261.0,0,0
34,34,254261.0,0,0
35,35,254261.0,0,0
36,36,254261.0,0,0
37,37,254261.0,0,0
38,38,254261.0,0,0
39,39,254261.0,0,0
40,40,254261.0,0,0
41,41,254261.0,0,0
42,42,254261.0,0,0
43,43,254261.0,0,0
44,44,254261.0,0,0
45,45,254261.0,0,0
46,46,254261.0,0,0
47,47,254261.0,0,0
48,48,254261.0,0,0
49,49,254261.0,0,0
50,50,254261.0,0,0
51,51,254261.0,0,0
52,52,254261.0,0,0
53,53,254260.0,1,0
54,54,254259.0,2,0
55,55,254258.0,3,0
56,56,254257.0,4,0
57,57,254257.0,4,0
58,58,254253.0,8,0
59,59,254252.0,9,0
60,60,254245.0,16,0
61,61,254243.0,18,0
62,62,254238.0,22,1
63,63,254232.0,28,1
64,64,254224.0,36,1
65,65,254217.0,42,2
66,66,254209.0,50,2
67,67,254200.0,59,2
68,68,254198.0,61,2
69,69,254180.0,79,2
70,70,254169.0,90,2
71,71,254157.0,102,2
72,72,254140.0,119,2
73,73,254127.0,132,2
74,74,254118.0,141,2
75,75,254112.0,147,2
76,76,254105.0,154,2
77,77,254103.0,156,2
78,78,254096.0,163,2
79,79,254094.0,165,2
80,80,254089.0,170,2
81,81,254086.0,173,2
82,82,254083.0,176,2
83,83,254082.0,177,2
84,84,254080.0,178,3
85,85,254076.0,182,3
86,86,254071.0,186,4
87,87,254069.0,188,4
88,88,254067.0,190,4
89,89,254065.0,192,4
90,90,254063.0,194,4
91,91,254062.0,195,4
92,92,254057.0,200,4
93,93,254054.0,203,4
94,94,254054.0,203,4
95,95,254053.0,204,4
96,96,254053.0,204,4
97,97,254050.0,207,4
98,98,254050.0,207,4
99,99,254049.0,208,4
100,100,254047.0,210,4
101,101,254046.0,211,4
102,102,254046.0,211,4
103,103,254046.0,211,4
104,104,254043.0,214,4
105,105,254041.0,216,4
106,106,254035.0,222,4
107,107,254035.0,222,4
108,108,254035.0,222,4
109,109,254035.0,222,4
110,110,254035.0,222,4
111,111,254034.0,223,4
112,112,254028.0,229,4
113,113,254025.0,231,5
114,114,254025.0,231,5
115,115,254025.0,231,5
116,116,254025.0,231,5
117,117,254024.0,232,5
118,118,254023.0,233,5
119,119,254023.0,233,5
120,120,254021.0,235,5
121,121,254020.0,236,5
122,122,254018.0,238,5
123,123,254017.0,239,5
124,124,254016.0,240,5
125,125,254015.0,241,5
126,126,254011.0,245,5
127,127,254009.0,247,5
128,128,254003.0,252,6
