,Days,S,I,D
0,0,1050114.0,0,0
1,1,1050114.0,0,0
2,2,1050114.0,0,0
3,3,1050114.0,0,0
4,4,1050114.0,0,0
5,5,1050114.0,0,0
6,6,1050114.0,0,0
7,7,1050114.0,0,0
8,8,1050114.0,0,0
9,9,1050114.0,0,0
10,10,1050114.0,0,0
11,11,1050114.0,0,0
12,12,1050114.0,0,0
13,13,1050114.0,0,0
14,14,1050114.0,0,0
15,15,1050114.0,0,0
16,16,1050114.0,0,0
17,17,1050114.0,0,0
18,18,1050114.0,0,0
19,19,1050114.0,0,0
20,20,1050114.0,0,0
21,21,1050114.0,0,0
22,22,1050114.0,0,0
23,23,1050114.0,0,0
24,24,1050114.0,0,0
25,25,1050114.0,0,0
26,26,1050114.0,0,0
27,27,1050114.0,0,0
28,28,1050114.0,0,0
29,29,1050114.0,0,0
30,30,1050114.0,0,0
31,31,1050114.0,0,0
32,32,1050114.0,0,0
33,33,1050114.0,0,0
34,34,1050114.0,0,0
35,35,1050114.0,0,0
36,36,1050114.0,0,0
37,37,1050114.0,0,0
38,38,1050114.0,0,0
39,39,1050114.0,0,0
40,40,1050114.0,0,0
41,41,1050112.0,2,0
42,42,1050112.0,2,0
43,43,1050112.0,2,0
44,44,1050112.0,2,0
45,45,1050111.0,3,0
46,46,1050111.0,3,0
47,47,1050109.0,5,0
48,48,1050109.0,5,0
49,49,1050108.0,6,0
50,50,1050106.0,8,0
51,51,1050106.0,8,0
52,52,1050101.0,13,0
53,53,1050094.0,20,0
54,54,1050087.0,27,0
55,55,1050081.0,33,0
56,56,1050065.0,49,0
57,57,1050046.0,66,2
58,58,1050024.0,88,2
59,59,1050013.0,99,2
60,60,1050001.0,111,2
61,61,1049960.0,152,2
62,62,1049919.0,191,4
63,63,1049906.0,204,4
64,64,1049879.0,231,4
65,65,1049755.0,347,12
66,66,1049724.0,378,12
67,67,1049677.0,425,12
68,68,1049595.0,503,16
69,69,1049497.0,599,18
70,70,1049456.0,638,20
71,71,1049344.0,747,23
72,72,1049178.0,910,26
73,73,1049129.0,959,26
74,74,1049116.0,970,28
75,75,1049029.0,1053,32
76,76,1048890.0,1185,39
77,77,1048811.0,1261,42
78,78,1048730.0,1336,48
79,79,1048647.0,1417,50
80,80,1048618.0,1446,50
81,81,1048569.0,1495,50
82,82,1048429.0,1635,50
83,83,1048242.0,1812,60
84,84,1048149.0,1902,63
85,85,1048103.0,1945,66
86,86,1048003.0,2037,74
87,87,1047975.0,2065,74
88,88,1047908.0,2131,75
89,89,1047836.0,2198,80
90,90,1047825.0,2206,83
91,91,1047774.0,2255,85
92,92,1047590.0,2436,88
93,93,1047523.0,2500,91
94,94,1047480.0,2543,91
95,95,1047475.0,2545,94
96,96,1047331.0,2680,103
97,97,1047286.0,2720,108
98,98,1047235.0,2766,113
99,99,1047189.0,2808,117
100,100,1047103.0,2889,122
101,101,1047067.0,2925,122
102,102,1047014.0,2978,122
103,103,1046922.0,3063,129
104,104,1046827.0,3157,130
105,105,1046728.0,3251,135
106,106,1046719.0,3258,137
107,107,1046654.0,3316,144
108,108,1046585.0,3385,144
109,109,1046462.0,3508,144
110,110,1046442.0,3525,147
111,111,1046370.0,3595,149
112,112,1046347.0,3615,152
113,113,1046328.0,3627,159
114,114,1046241.0,3709,164
115,115,1046203.0,3746,165
116,116,1046197.0,3752,165
117,117,1046190.0,3752,172
118,118,1046146.0,3794,174
119,119,1046145.0,3794,175
120,120,1046049.0,3872,193
121,121,1045986.0,3932,196
122,122,1045941.0,3977,196
123,123,1045864.0,4054,196
124,124,1045834.0,4081,199
125,125,1045647.0,4256,211
126,126,1045585.0,4311,218
127,127,1045520.0,4370,224
128,128,1045389.0,4495,230
