,Days,S,I,D
0,0,223499.0,0,0
1,1,223499.0,0,0
2,2,223499.0,0,0
3,3,223499.0,0,0
4,4,223499.0,0,0
5,5,223499.0,0,0
6,6,223499.0,0,0
7,7,223499.0,0,0
8,8,223499.0,0,0
9,9,223499.0,0,0
10,10,223499.0,0,0
11,11,223499.0,0,0
12,12,223499.0,0,0
13,13,223499.0,0,0
14,14,223499.0,0,0
15,15,223499.0,0,0
16,16,223499.0,0,0
17,17,223499.0,0,0
18,18,223499.0,0,0
19,19,223499.0,0,0
20,20,223499.0,0,0
21,21,223499.0,0,0
22,22,223499.0,0,0
23,23,223499.0,0,0
24,24,223499.0,0,0
25,25,223499.0,0,0
26,26,223499.0,0,0
27,27,223499.0,0,0
28,28,223499.0,0,0
29,29,223499.0,0,0
30,30,223499.0,0,0
31,31,223499.0,0,0
32,32,223499.0,0,0
33,33,223499.0,0,0
34,34,223499.0,0,0
35,35,223499.0,0,0
36,36,223499.0,0,0
37,37,223499.0,0,0
38,38,223499.0,0,0
39,39,223499.0,0,0
40,40,223499.0,0,0
41,41,223499.0,0,0
42,42,223499.0,0,0
43,43,223499.0,0,0
44,44,223499.0,0,0
45,45,223499.0,0,0
46,46,223499.0,0,0
47,47,223499.0,0,0
48,48,223499.0,0,0
49,49,223499.0,0,0
50,50,223499.0,0,0
51,51,223499.0,0,0
52,52,223499.0,0,0
53,53,223499.0,0,0
54,54,223499.0,0,0
55,55,223499.0,0,0
56,56,223499.0,0,0
57,57,223499.0,0,0
58,58,223498.0,1,0
59,59,223498.0,1,0
60,60,223498.0,1,0
61,61,223495.0,4,0
62,62,223494.0,5,0
63,63,223491.0,8,0
64,64,223477.0,21,1
65,65,223475.0,23,1
66,66,223476.0,22,1
67,67,223458.0,40,1
68,68,223450.0,48,1
69,69,223445.0,53,1
70,70,223430.0,68,1
71,71,223419.0,79,1
72,72,223409.0,89,1
73,73,223399.0,99,1
74,74,223397.0,101,1
75,75,223393.0,104,2
76,76,223382.0,114,3
77,77,223375.0,121,3
78,78,223356.0,139,4
79,79,223349.0,145,5
80,80,223348.0,146,5
81,81,223339.0,155,5
82,82,223333.0,161,5
83,83,223327.0,167,5
84,84,223313.0,181,5
85,85,223313.0,181,5
86,86,223307.0,187,5
87,87,223307.0,187,5
88,88,223307.0,187,5
89,89,223287.0,207,5
90,90,223281.0,212,6
91,91,223278.0,215,6
92,92,223271.0,222,6
93,93,223267.0,226,6
94,94,223262.0,231,6
95,95,223262.0,231,6
96,96,223255.0,238,6
97,97,223243.0,250,6
98,98,223241.0,252,6
99,99,223238.0,255,6
100,100,223235.0,258,6
101,101,223235.0,258,6
102,102,223235.0,258,6
103,103,223227.0,266,6
104,104,223227.0,266,6
105,105,223223.0,270,6
106,106,223221.0,272,6
107,107,223221.0,272,6
108,108,223221.0,272,6
109,109,223221.0,272,6
110,110,223219.0,274,6
111,111,223219.0,274,6
112,112,223218.0,275,6
113,113,223217.0,276,6
114,114,223217.0,276,6
115,115,223217.0,276,6
116,116,223217.0,276,6
117,117,223217.0,276,6
118,118,223213.0,280,6
119,119,223213.0,280,6
120,120,223210.0,283,6
121,121,223209.0,284,6
122,122,223209.0,284,6
123,123,223209.0,284,6
124,124,223209.0,284,6
125,125,223206.0,287,6
126,126,223202.0,291,6
127,127,223199.0,294,6
128,128,223199.0,294,6
