,Days,S,I,D
0,0,19066.0,0,0
1,1,19066.0,0,0
2,2,19066.0,0,0
3,3,19066.0,0,0
4,4,19066.0,0,0
5,5,19066.0,0,0
6,6,19066.0,0,0
7,7,19066.0,0,0
8,8,19066.0,0,0
9,9,19066.0,0,0
10,10,19066.0,0,0
11,11,19066.0,0,0
12,12,19066.0,0,0
13,13,19066.0,0,0
14,14,19066.0,0,0
15,15,19066.0,0,0
16,16,19066.0,0,0
17,17,19066.0,0,0
18,18,19066.0,0,0
19,19,19066.0,0,0
20,20,19066.0,0,0
21,21,19066.0,0,0
22,22,19066.0,0,0
23,23,19066.0,0,0
24,24,19066.0,0,0
25,25,19066.0,0,0
26,26,19066.0,0,0
27,27,19066.0,0,0
28,28,19066.0,0,0
29,29,19066.0,0,0
30,30,19066.0,0,0
31,31,19066.0,0,0
32,32,19066.0,0,0
33,33,19066.0,0,0
34,34,19066.0,0,0
35,35,19066.0,0,0
36,36,19066.0,0,0
37,37,19066.0,0,0
38,38,19066.0,0,0
39,39,19066.0,0,0
40,40,19066.0,0,0
41,41,19066.0,0,0
42,42,19066.0,0,0
43,43,19066.0,0,0
44,44,19066.0,0,0
45,45,19066.0,0,0
46,46,19066.0,0,0
47,47,19066.0,0,0
48,48,19066.0,0,0
49,49,19066.0,0,0
50,50,19066.0,0,0
51,51,19066.0,0,0
52,52,19066.0,0,0
53,53,19066.0,0,0
54,54,19066.0,0,0
55,55,19066.0,0,0
56,56,19066.0,0,0
57,57,19066.0,0,0
58,58,19066.0,0,0
59,59,19066.0,0,0
60,60,19066.0,0,0
61,61,19066.0,0,0
62,62,19066.0,0,0
63,63,19066.0,0,0
64,64,19065.0,1,0
65,65,19064.0,2,0
66,66,19063.0,3,0
67,67,19062.0,4,0
68,68,19062.0,4,0
69,69,19062.0,4,0
70,70,19061.0,5,0
71,71,19061.0,5,0
72,72,19058.0,8,0
73,73,19058.0,8,0
74,74,19053.0,13,0
75,75,19053.0,13,0
76,76,19052.0,14,0
77,77,19051.0,14,1
78,78,19051.0,14,1
79,79,19050.0,15,1
80,80,19046.0,19,1
81,81,19044.0,21,1
82,82,19042.0,23,1
83,83,19042.0,23,1
84,84,19041.0,24,1
85,85,19041.0,24,1
86,86,19041.0,24,1
87,87,19040.0,25,1
88,88,19038.0,27,1
89,89,19035.0,30,1
90,90,19029.0,35,2
91,91,19026.0,38,2
92,92,19025.0,38,3
93,93,19024.0,39,3
94,94,19023.0,40,3
95,95,19022.0,41,3
96,96,19020.0,43,3
97,97,19019.0,44,3
98,98,19017.0,46,3
99,99,19014.0,49,3
100,100,19011.0,52,3
101,101,19007.0,56,3
102,102,19005.0,58,3
103,103,18997.0,66,3
104,104,18995.0,68,3
105,105,18995.0,68,3
106,106,18990.0,73,3
107,107,18986.0,76,4
108,108,18985.0,77,4
109,109,18982.0,80,4
110,110,18979.0,83,4
111,111,18972.0,89,5
112,112,18970.0,91,5
113,113,18964.0,97,5
114,114,18959.0,101,6
115,115,18958.0,102,6
116,116,18957.0,103,6
117,117,18956.0,104,6
118,118,18944.0,116,6
119,119,18942.0,118,6
120,120,18939.0,121,6
121,121,18935.0,125,6
122,122,18928.0,132,6
123,123,18926.0,134,6
124,124,18919.0,141,6
125,125,18915.0,145,6
126,126,18910.0,150,6
127,127,18905.0,155,6
128,128,18900.0,160,6
