,Days,S,I,D
0,0,77036.0,0,0
1,1,77036.0,0,0
2,2,77036.0,0,0
3,3,77036.0,0,0
4,4,77036.0,0,0
5,5,77036.0,0,0
6,6,77036.0,0,0
7,7,77036.0,0,0
8,8,77036.0,0,0
9,9,77036.0,0,0
10,10,77036.0,0,0
11,11,77036.0,0,0
12,12,77036.0,0,0
13,13,77036.0,0,0
14,14,77036.0,0,0
15,15,77036.0,0,0
16,16,77036.0,0,0
17,17,77036.0,0,0
18,18,77036.0,0,0
19,19,77036.0,0,0
20,20,77036.0,0,0
21,21,77036.0,0,0
22,22,77036.0,0,0
23,23,77036.0,0,0
24,24,77036.0,0,0
25,25,77036.0,0,0
26,26,77036.0,0,0
27,27,77036.0,0,0
28,28,77036.0,0,0
29,29,77036.0,0,0
30,30,77036.0,0,0
31,31,77036.0,0,0
32,32,77036.0,0,0
33,33,77036.0,0,0
34,34,77036.0,0,0
35,35,77036.0,0,0
36,36,77036.0,0,0
37,37,77036.0,0,0
38,38,77036.0,0,0
39,39,77036.0,0,0
40,40,77036.0,0,0
41,41,77036.0,0,0
42,42,77036.0,0,0
43,43,77036.0,0,0
44,44,77036.0,0,0
45,45,77036.0,0,0
46,46,77036.0,0,0
47,47,77036.0,0,0
48,48,77036.0,0,0
49,49,77036.0,0,0
50,50,77036.0,0,0
51,51,77036.0,0,0
52,52,77036.0,0,0
53,53,77036.0,0,0
54,54,77034.0,2,0
55,55,77034.0,2,0
56,56,77034.0,2,0
57,57,77034.0,2,0
58,58,77034.0,2,0
59,59,77033.0,3,0
60,60,77033.0,3,0
61,61,77030.0,6,0
62,62,77030.0,6,0
63,63,77026.0,10,0
64,64,77026.0,10,0
65,65,77022.0,13,1
66,66,77022.0,13,1
67,67,77021.0,14,1
68,68,77021.0,14,1
69,69,77021.0,14,1
70,70,77017.0,17,2
71,71,77016.0,18,2
72,72,77015.0,19,2
73,73,77012.0,22,2
74,74,77006.0,28,2
75,75,77005.0,29,2
76,76,77002.0,32,2
77,77,76999.0,35,2
78,78,76993.0,41,2
79,79,76987.0,44,5
80,80,76979.0,52,5
81,81,76977.0,54,5
82,82,76972.0,59,5
83,83,76972.0,59,5
84,84,76973.0,58,5
85,85,76969.0,62,5
86,86,76967.0,64,5
87,87,76966.0,65,5
88,88,76960.0,71,5
89,89,76954.0,77,5
90,90,76953.0,78,5
91,91,76944.0,87,5
92,92,76943.0,88,5
93,93,76942.0,89,5
94,94,76941.0,90,5
95,95,76940.0,91,5
96,96,76938.0,93,5
97,97,76935.0,96,5
98,98,76933.0,98,5
99,99,76923.0,108,5
100,100,76918.0,113,5
101,101,76917.0,114,5
102,102,76913.0,118,5
103,103,76911.0,120,5
104,104,76906.0,125,5
105,105,76894.0,137,5
106,106,76892.0,139,5
107,107,76891.0,140,5
108,108,76888.0,143,5
109,109,76883.0,148,5
110,110,76881.0,149,6
111,111,76880.0,150,6
112,112,76877.0,153,6
113,113,76867.0,163,6
114,114,76860.0,170,6
115,115,76858.0,172,6
116,116,76854.0,176,6
117,117,76852.0,178,6
118,118,76848.0,182,6
119,119,76844.0,186,6
120,120,76832.0,198,6
121,121,76826.0,204,6
122,122,76813.0,217,6
123,123,76801.0,229,6
124,124,76799.0,231,6
125,125,76797.0,233,6
126,126,76794.0,236,6
127,127,76792.0,238,6
128,128,76786.0,244,6
