,Days,S,I,D
0,0,13143.0,0,0
1,1,13143.0,0,0
2,2,13143.0,0,0
3,3,13143.0,0,0
4,4,13143.0,0,0
5,5,13143.0,0,0
6,6,13143.0,0,0
7,7,13143.0,0,0
8,8,13143.0,0,0
9,9,13143.0,0,0
10,10,13143.0,0,0
11,11,13143.0,0,0
12,12,13143.0,0,0
13,13,13143.0,0,0
14,14,13143.0,0,0
15,15,13143.0,0,0
16,16,13143.0,0,0
17,17,13143.0,0,0
18,18,13143.0,0,0
19,19,13143.0,0,0
20,20,13143.0,0,0
21,21,13143.0,0,0
22,22,13143.0,0,0
23,23,13143.0,0,0
24,24,13143.0,0,0
25,25,13143.0,0,0
26,26,13143.0,0,0
27,27,13143.0,0,0
28,28,13143.0,0,0
29,29,13143.0,0,0
30,30,13143.0,0,0
31,31,13143.0,0,0
32,32,13143.0,0,0
33,33,13143.0,0,0
34,34,13143.0,0,0
35,35,13143.0,0,0
36,36,13143.0,0,0
37,37,13143.0,0,0
38,38,13143.0,0,0
39,39,13143.0,0,0
40,40,13143.0,0,0
41,41,13143.0,0,0
42,42,13143.0,0,0
43,43,13143.0,0,0
44,44,13143.0,0,0
45,45,13143.0,0,0
46,46,13143.0,0,0
47,47,13143.0,0,0
48,48,13143.0,0,0
49,49,13143.0,0,0
50,50,13143.0,0,0
51,51,13143.0,0,0
52,52,13143.0,0,0
53,53,13143.0,0,0
54,54,13143.0,0,0
55,55,13143.0,0,0
56,56,13143.0,0,0
57,57,13143.0,0,0
58,58,13143.0,0,0
59,59,13143.0,0,0
60,60,13143.0,0,0
61,61,13143.0,0,0
62,62,13142.0,1,0
63,63,13142.0,1,0
64,64,13142.0,1,0
65,65,13142.0,1,0
66,66,13142.0,1,0
67,67,13142.0,1,0
68,68,13142.0,1,0
69,69,13141.0,2,0
70,70,13141.0,2,0
71,71,13141.0,2,0
72,72,13141.0,2,0
73,73,13139.0,4,0
74,74,13139.0,4,0
75,75,13138.0,5,0
76,76,13133.0,10,0
77,77,13131.0,12,0
78,78,13127.0,16,0
79,79,13125.0,18,0
80,80,13124.0,19,0
81,81,13120.0,23,0
82,82,13114.0,29,0
83,83,13096.0,47,0
84,84,13106.0,37,0
85,85,13101.0,42,0
86,86,13097.0,46,0
87,87,13095.0,48,0
88,88,13093.0,50,0
89,89,13089.0,53,1
90,90,13087.0,55,1
91,91,13082.0,59,2
92,92,13075.0,66,2
93,93,13073.0,67,3
94,94,13072.0,68,3
95,95,13070.0,70,3
96,96,13067.0,73,3
97,97,13066.0,74,3
98,98,13066.0,74,3
99,99,13065.0,75,3
100,100,13060.0,80,3
101,101,13060.0,80,3
102,102,13060.0,80,3
103,103,13059.0,81,3
104,104,13059.0,81,3
105,105,13059.0,81,3
106,106,13059.0,81,3
107,107,13058.0,81,4
108,108,13058.0,81,4
109,109,13055.0,84,4
110,110,13054.0,84,5
111,111,13053.0,85,5
112,112,13050.0,88,5
113,113,13049.0,89,5
114,114,13048.0,90,5
115,115,13048.0,90,5
116,116,13047.0,91,5
117,117,13044.0,93,6
118,118,13044.0,93,6
119,119,13043.0,94,6
120,120,13043.0,94,6
121,121,13042.0,95,6
122,122,13042.0,95,6
123,123,13042.0,95,6
124,124,13042.0,95,6
125,125,13039.0,98,6
126,126,13038.0,99,6
127,127,13038.0,99,6
128,128,13037.0,100,6
