,Days,S,I,D
0,0,117123.0,0,0
1,1,117123.0,0,0
2,2,117123.0,0,0
3,3,117123.0,0,0
4,4,117123.0,0,0
5,5,117123.0,0,0
6,6,117123.0,0,0
7,7,117123.0,0,0
8,8,117123.0,0,0
9,9,117123.0,0,0
10,10,117123.0,0,0
11,11,117123.0,0,0
12,12,117123.0,0,0
13,13,117123.0,0,0
14,14,117123.0,0,0
15,15,117123.0,0,0
16,16,117123.0,0,0
17,17,117123.0,0,0
18,18,117123.0,0,0
19,19,117123.0,0,0
20,20,117123.0,0,0
21,21,117123.0,0,0
22,22,117123.0,0,0
23,23,117123.0,0,0
24,24,117123.0,0,0
25,25,117123.0,0,0
26,26,117123.0,0,0
27,27,117123.0,0,0
28,28,117123.0,0,0
29,29,117123.0,0,0
30,30,117123.0,0,0
31,31,117123.0,0,0
32,32,117123.0,0,0
33,33,117123.0,0,0
34,34,117123.0,0,0
35,35,117123.0,0,0
36,36,117123.0,0,0
37,37,117123.0,0,0
38,38,117123.0,0,0
39,39,117123.0,0,0
40,40,117123.0,0,0
41,41,117123.0,0,0
42,42,117123.0,0,0
43,43,117123.0,0,0
44,44,117123.0,0,0
45,45,117123.0,0,0
46,46,117123.0,0,0
47,47,117123.0,0,0
48,48,117123.0,0,0
49,49,117123.0,0,0
50,50,117123.0,0,0
51,51,117123.0,0,0
52,52,117123.0,0,0
53,53,117123.0,0,0
54,54,117123.0,0,0
55,55,117123.0,0,0
56,56,117123.0,0,0
57,57,117123.0,0,0
58,58,117123.0,0,0
59,59,117123.0,0,0
60,60,117123.0,0,0
61,61,117123.0,0,0
62,62,117121.0,2,0
63,63,117121.0,2,0
64,64,117121.0,2,0
65,65,117114.0,9,0
66,66,117113.0,10,0
67,67,117113.0,10,0
68,68,117109.0,14,0
69,69,117107.0,16,0
70,70,117102.0,21,0
71,71,117096.0,27,0
72,72,117086.0,37,0
73,73,117074.0,49,0
74,74,117069.0,54,0
75,75,117069.0,54,0
76,76,117066.0,57,0
77,77,117050.0,73,0
78,78,117041.0,82,0
79,79,117034.0,89,0
80,80,117032.0,91,0
81,81,117031.0,92,0
82,82,117025.0,98,0
83,83,117024.0,99,0
84,84,117022.0,101,0
85,85,117020.0,102,1
86,86,117016.0,106,1
87,87,117015.0,107,1
88,88,117013.0,109,1
89,89,117009.0,113,1
90,90,117004.0,118,1
91,91,116997.0,125,1
92,92,116995.0,127,1
93,93,116993.0,129,1
94,94,116992.0,130,1
95,95,116991.0,131,1
96,96,116983.0,139,1
97,97,116981.0,141,1
98,98,116979.0,143,1
99,99,116976.0,145,2
100,100,116968.0,153,2
101,101,116965.0,156,2
102,102,116962.0,159,2
103,103,116955.0,166,2
104,104,116955.0,166,2
105,105,116949.0,171,3
106,106,116943.0,177,3
107,107,116935.0,184,4
108,108,116932.0,187,4
109,109,116927.0,191,5
110,110,116927.0,191,5
111,111,116926.0,191,6
112,112,116921.0,196,6
113,113,116917.0,200,6
114,114,116912.0,205,6
115,115,116912.0,205,6
116,116,116907.0,210,6
117,117,116907.0,210,6
118,118,116898.0,219,6
119,119,116884.0,233,6
120,120,116869.0,248,6
121,121,116864.0,253,6
122,122,116854.0,263,6
123,123,116832.0,285,6
124,124,116831.0,286,6
125,125,116829.0,288,6
126,126,116829.0,288,6
127,127,116820.0,297,6
128,128,116816.0,301,6
