,Days,S,I,D
0,0,136271.0,0,0
1,1,136271.0,0,0
2,2,136271.0,0,0
3,3,136271.0,0,0
4,4,136271.0,0,0
5,5,136271.0,0,0
6,6,136271.0,0,0
7,7,136271.0,0,0
8,8,136271.0,0,0
9,9,136271.0,0,0
10,10,136271.0,0,0
11,11,136271.0,0,0
12,12,136271.0,0,0
13,13,136271.0,0,0
14,14,136271.0,0,0
15,15,136271.0,0,0
16,16,136271.0,0,0
17,17,136271.0,0,0
18,18,136271.0,0,0
19,19,136271.0,0,0
20,20,136271.0,0,0
21,21,136271.0,0,0
22,22,136271.0,0,0
23,23,136271.0,0,0
24,24,136271.0,0,0
25,25,136271.0,0,0
26,26,136271.0,0,0
27,27,136271.0,0,0
28,28,136271.0,0,0
29,29,136271.0,0,0
30,30,136271.0,0,0
31,31,136271.0,0,0
32,32,136271.0,0,0
33,33,136271.0,0,0
34,34,136271.0,0,0
35,35,136271.0,0,0
36,36,136271.0,0,0
37,37,136271.0,0,0
38,38,136271.0,0,0
39,39,136271.0,0,0
40,40,136271.0,0,0
41,41,136271.0,0,0
42,42,136271.0,0,0
43,43,136271.0,0,0
44,44,136271.0,0,0
45,45,136271.0,0,0
46,46,136271.0,0,0
47,47,136271.0,0,0
48,48,136271.0,0,0
49,49,136271.0,0,0
50,50,136271.0,0,0
51,51,136271.0,0,0
52,52,136271.0,0,0
53,53,136271.0,0,0
54,54,136271.0,0,0
55,55,136271.0,0,0
56,56,136271.0,0,0
57,57,136271.0,0,0
58,58,136271.0,0,0
59,59,136271.0,0,0
60,60,136271.0,0,0
61,61,136271.0,0,0
62,62,136271.0,0,0
63,63,136271.0,0,0
64,64,136271.0,0,0
65,65,136271.0,0,0
66,66,136268.0,3,0
67,67,136268.0,3,0
68,68,136265.0,6,0
69,69,136265.0,6,0
70,70,136265.0,6,0
71,71,136254.0,17,0
72,72,136250.0,21,0
73,73,136247.0,24,0
74,74,136237.0,34,0
75,75,136234.0,36,1
76,76,136234.0,36,1
77,77,136230.0,40,1
78,78,136217.0,52,2
79,79,136213.0,56,2
80,80,136209.0,60,2
81,81,136205.0,64,2
82,82,136205.0,64,2
83,83,136196.0,73,2
84,84,136196.0,73,2
85,85,136189.0,80,2
86,86,136176.0,93,2
87,87,136171.0,97,3
88,88,136165.0,103,3
89,89,136156.0,112,3
90,90,136153.0,115,3
91,91,136151.0,117,3
92,92,136143.0,125,3
93,93,136131.0,137,3
94,94,136119.0,149,3
95,95,136104.0,164,3
96,96,136096.0,172,3
97,97,136077.0,191,3
98,98,136068.0,200,3
99,99,136055.0,213,3
100,100,136034.0,234,3
101,101,136012.0,256,3
102,102,135998.0,270,3
103,103,135989.0,279,3
104,104,135972.0,296,3
105,105,135958.0,310,3
106,106,135935.0,333,3
107,107,135925.0,343,3
108,108,135913.0,355,3
109,109,135910.0,358,3
110,110,135910.0,358,3
111,111,135889.0,379,3
112,112,135854.0,413,4
113,113,135823.0,444,4
114,114,135790.0,477,4
115,115,135674.0,593,4
116,116,135665.0,602,4
117,117,135665.0,602,4
118,118,135655.0,611,5
119,119,135650.0,616,5
120,120,135641.0,625,5
121,121,135636.0,629,6
122,122,135620.0,645,6
123,123,135617.0,648,6
124,124,135617.0,648,6
125,125,135617.0,648,6
126,126,135613.0,652,6
127,127,135610.0,655,6
128,128,135607.0,658,6
