,Days,S,I,D
0,0,94324.0,0,0
1,1,94324.0,0,0
2,2,94324.0,0,0
3,3,94324.0,0,0
4,4,94324.0,0,0
5,5,94324.0,0,0
6,6,94324.0,0,0
7,7,94324.0,0,0
8,8,94324.0,0,0
9,9,94324.0,0,0
10,10,94324.0,0,0
11,11,94324.0,0,0
12,12,94324.0,0,0
13,13,94324.0,0,0
14,14,94324.0,0,0
15,15,94324.0,0,0
16,16,94324.0,0,0
17,17,94324.0,0,0
18,18,94324.0,0,0
19,19,94324.0,0,0
20,20,94324.0,0,0
21,21,94324.0,0,0
22,22,94324.0,0,0
23,23,94324.0,0,0
24,24,94324.0,0,0
25,25,94324.0,0,0
26,26,94324.0,0,0
27,27,94324.0,0,0
28,28,94324.0,0,0
29,29,94324.0,0,0
30,30,94324.0,0,0
31,31,94324.0,0,0
32,32,94324.0,0,0
33,33,94324.0,0,0
34,34,94324.0,0,0
35,35,94324.0,0,0
36,36,94324.0,0,0
37,37,94324.0,0,0
38,38,94324.0,0,0
39,39,94324.0,0,0
40,40,94324.0,0,0
41,41,94324.0,0,0
42,42,94324.0,0,0
43,43,94324.0,0,0
44,44,94324.0,0,0
45,45,94324.0,0,0
46,46,94324.0,0,0
47,47,94324.0,0,0
48,48,94324.0,0,0
49,49,94324.0,0,0
50,50,94324.0,0,0
51,51,94324.0,0,0
52,52,94324.0,0,0
53,53,94324.0,0,0
54,54,94324.0,0,0
55,55,94324.0,0,0
56,56,94323.0,1,0
57,57,94323.0,1,0
58,58,94323.0,1,0
59,59,94323.0,1,0
60,60,94323.0,1,0
61,61,94323.0,1,0
62,62,94323.0,1,0
63,63,94323.0,1,0
64,64,94323.0,1,0
65,65,94322.0,2,0
66,66,94321.0,3,0
67,67,94321.0,3,0
68,68,94320.0,4,0
69,69,94315.0,9,0
70,70,94315.0,9,0
71,71,94315.0,9,0
72,72,94314.0,10,0
73,73,94309.0,14,1
74,74,94309.0,14,1
75,75,94309.0,14,1
76,76,94306.0,17,1
77,77,94303.0,20,1
78,78,94300.0,23,1
79,79,94294.0,29,1
80,80,94293.0,30,1
81,81,94291.0,32,1
82,82,94291.0,32,1
83,83,94291.0,32,1
84,84,94286.0,37,1
85,85,94278.0,45,1
86,86,94270.0,53,1
87,87,94267.0,56,1
88,88,94266.0,57,1
89,89,94266.0,57,1
90,90,94259.0,64,1
91,91,94257.0,66,1
92,92,94257.0,66,1
93,93,94256.0,67,1
94,94,94256.0,67,1
95,95,94255.0,68,1
96,96,94255.0,68,1
97,97,94254.0,69,1
98,98,94254.0,69,1
99,99,94252.0,70,2
100,100,94248.0,74,2
101,101,94246.0,76,2
102,102,94246.0,76,2
103,103,94246.0,76,2
104,104,94246.0,76,2
105,105,94246.0,76,2
106,106,94246.0,76,2
107,107,94246.0,76,2
108,108,94246.0,76,2
109,109,94246.0,76,2
110,110,94246.0,76,2
111,111,94242.0,80,2
112,112,94240.0,82,2
113,113,94202.0,120,2
114,114,94200.0,122,2
115,115,94191.0,130,3
116,116,94188.0,133,3
117,117,94188.0,133,3
118,118,94182.0,137,5
119,119,94172.0,147,5
120,120,94172.0,147,5
121,121,94172.0,147,5
122,122,94172.0,147,5
123,123,94172.0,147,5
124,124,94172.0,147,5
125,125,94172.0,147,5
126,126,94162.0,156,6
127,127,94129.0,189,6
128,128,94127.0,191,6
