,Days,S,I,D
0,0,65936.0,0,0
1,1,65936.0,0,0
2,2,65936.0,0,0
3,3,65936.0,0,0
4,4,65936.0,0,0
5,5,65936.0,0,0
6,6,65936.0,0,0
7,7,65936.0,0,0
8,8,65936.0,0,0
9,9,65936.0,0,0
10,10,65936.0,0,0
11,11,65936.0,0,0
12,12,65936.0,0,0
13,13,65936.0,0,0
14,14,65936.0,0,0
15,15,65936.0,0,0
16,16,65936.0,0,0
17,17,65936.0,0,0
18,18,65936.0,0,0
19,19,65936.0,0,0
20,20,65936.0,0,0
21,21,65936.0,0,0
22,22,65936.0,0,0
23,23,65936.0,0,0
24,24,65936.0,0,0
25,25,65936.0,0,0
26,26,65936.0,0,0
27,27,65936.0,0,0
28,28,65936.0,0,0
29,29,65936.0,0,0
30,30,65936.0,0,0
31,31,65936.0,0,0
32,32,65936.0,0,0
33,33,65936.0,0,0
34,34,65936.0,0,0
35,35,65936.0,0,0
36,36,65936.0,0,0
37,37,65936.0,0,0
38,38,65936.0,0,0
39,39,65936.0,0,0
40,40,65936.0,0,0
41,41,65936.0,0,0
42,42,65936.0,0,0
43,43,65936.0,0,0
44,44,65936.0,0,0
45,45,65936.0,0,0
46,46,65936.0,0,0
47,47,65936.0,0,0
48,48,65936.0,0,0
49,49,65936.0,0,0
50,50,65936.0,0,0
51,51,65936.0,0,0
52,52,65936.0,0,0
53,53,65936.0,0,0
54,54,65936.0,0,0
55,55,65936.0,0,0
56,56,65936.0,0,0
57,57,65936.0,0,0
58,58,65936.0,0,0
59,59,65936.0,0,0
60,60,65936.0,0,0
61,61,65936.0,0,0
62,62,65936.0,0,0
63,63,65936.0,0,0
64,64,65936.0,0,0
65,65,65936.0,0,0
66,66,65935.0,1,0
67,67,65935.0,1,0
68,68,65935.0,1,0
69,69,65934.0,2,0
70,70,65933.0,3,0
71,71,65933.0,3,0
72,72,65930.0,6,0
73,73,65930.0,6,0
74,74,65928.0,8,0
75,75,65926.0,10,0
76,76,65922.0,13,1
77,77,65919.0,16,1
78,78,65919.0,16,1
79,79,65919.0,16,1
80,80,65918.0,17,1
81,81,65918.0,17,1
82,82,65916.0,19,1
83,83,65916.0,19,1
84,84,65915.0,20,1
85,85,65914.0,21,1
86,86,65912.0,22,2
87,87,65911.0,23,2
88,88,65907.0,27,2
89,89,65906.0,28,2
90,90,65906.0,28,2
91,91,65904.0,30,2
92,92,65904.0,30,2
93,93,65903.0,31,2
94,94,65903.0,31,2
95,95,65903.0,31,2
96,96,65901.0,33,2
97,97,65901.0,33,2
98,98,65899.0,34,3
99,99,65899.0,34,3
100,100,65898.0,35,3
101,101,65896.0,37,3
102,102,65895.0,38,3
103,103,65894.0,39,3
104,104,65892.0,41,3
105,105,65889.0,44,3
106,106,65884.0,49,3
107,107,65880.0,51,5
108,108,65879.0,52,5
109,109,65878.0,53,5
110,110,65878.0,53,5
111,111,65875.0,56,5
112,112,65875.0,56,5
113,113,65873.0,58,5
114,114,65871.0,60,5
115,115,65870.0,61,5
116,116,65870.0,61,5
117,117,65870.0,61,5
118,118,65869.0,62,5
119,119,65868.0,63,5
120,120,65867.0,64,5
121,121,65866.0,65,5
122,122,65865.0,66,5
123,123,65862.0,69,5
124,124,65862.0,69,5
125,125,65860.0,71,5
126,126,65856.0,75,5
127,127,65855.0,75,6
128,128,65853.0,77,6
