,Days,S,I,D
0,0,39531.0,0,0
1,1,39531.0,0,0
2,2,39531.0,0,0
3,3,39531.0,0,0
4,4,39531.0,0,0
5,5,39531.0,0,0
6,6,39531.0,0,0
7,7,39531.0,0,0
8,8,39531.0,0,0
9,9,39531.0,0,0
10,10,39531.0,0,0
11,11,39531.0,0,0
12,12,39531.0,0,0
13,13,39531.0,0,0
14,14,39531.0,0,0
15,15,39531.0,0,0
16,16,39531.0,0,0
17,17,39531.0,0,0
18,18,39531.0,0,0
19,19,39531.0,0,0
20,20,39531.0,0,0
21,21,39531.0,0,0
22,22,39531.0,0,0
23,23,39531.0,0,0
24,24,39531.0,0,0
25,25,39531.0,0,0
26,26,39531.0,0,0
27,27,39531.0,0,0
28,28,39531.0,0,0
29,29,39531.0,0,0
30,30,39531.0,0,0
31,31,39531.0,0,0
32,32,39531.0,0,0
33,33,39531.0,0,0
34,34,39531.0,0,0
35,35,39531.0,0,0
36,36,39531.0,0,0
37,37,39531.0,0,0
38,38,39531.0,0,0
39,39,39531.0,0,0
40,40,39531.0,0,0
41,41,39531.0,0,0
42,42,39531.0,0,0
43,43,39531.0,0,0
44,44,39531.0,0,0
45,45,39531.0,0,0
46,46,39531.0,0,0
47,47,39531.0,0,0
48,48,39531.0,0,0
49,49,39531.0,0,0
50,50,39531.0,0,0
51,51,39530.0,1,0
52,52,39530.0,1,0
53,53,39530.0,1,0
54,54,39523.0,8,0
55,55,39523.0,8,0
56,56,39523.0,8,0
57,57,39523.0,8,0
58,58,39522.0,9,0
59,59,39522.0,9,0
60,60,39521.0,10,0
61,61,39521.0,10,0
62,62,39519.0,12,0
63,63,39517.0,14,0
64,64,39517.0,14,0
65,65,39514.0,17,0
66,66,39510.0,21,0
67,67,39510.0,21,0
68,68,39507.0,24,0
69,69,39506.0,25,0
70,70,39506.0,25,0
71,71,39505.0,26,0
72,72,39504.0,27,0
73,73,39495.0,36,0
74,74,39494.0,37,0
75,75,39493.0,38,0
76,76,39493.0,38,0
77,77,39493.0,38,0
78,78,39493.0,38,0
79,79,39492.0,39,0
80,80,39492.0,39,0
81,81,39491.0,40,0
82,82,39490.0,41,0
83,83,39489.0,42,0
84,84,39489.0,42,0
85,85,39488.0,43,0
86,86,39486.0,45,0
87,87,39484.0,47,0
88,88,39482.0,49,0
89,89,39480.0,51,0
90,90,39480.0,51,0
91,91,39476.0,51,4
92,92,39474.0,53,4
93,93,39461.0,66,4
94,94,39451.0,76,4
95,95,39444.0,83,4
96,96,39429.0,98,4
97,97,39426.0,101,4
98,98,39425.0,102,4
99,99,39419.0,108,4
100,100,39415.0,112,4
101,101,39408.0,119,4
102,102,39405.0,122,4
103,103,39399.0,128,4
104,104,39396.0,131,4
105,105,39372.0,155,4
106,106,39368.0,159,4
107,107,39363.0,164,4
108,108,39358.0,169,4
109,109,39351.0,176,4
110,110,39347.0,180,4
111,111,39345.0,182,4
112,112,39337.0,190,4
113,113,39334.0,193,4
114,114,39330.0,197,4
115,115,39325.0,202,4
116,116,39324.0,202,5
117,117,39323.0,203,5
118,118,39298.0,228,5
119,119,39292.0,233,6
120,120,39288.0,237,6
121,121,39287.0,238,6
122,122,39281.0,244,6
123,123,39277.0,248,6
124,124,39276.0,249,6
125,125,39275.0,250,6
126,126,39270.0,255,6
127,127,39264.0,261,6
128,128,39252.0,273,6
