,Days,S,I,D
0,0,109826.0,0,0
1,1,109826.0,0,0
2,2,109826.0,0,0
3,3,109826.0,0,0
4,4,109826.0,0,0
5,5,109826.0,0,0
6,6,109826.0,0,0
7,7,109826.0,0,0
8,8,109826.0,0,0
9,9,109826.0,0,0
10,10,109826.0,0,0
11,11,109826.0,0,0
12,12,109826.0,0,0
13,13,109826.0,0,0
14,14,109826.0,0,0
15,15,109826.0,0,0
16,16,109826.0,0,0
17,17,109826.0,0,0
18,18,109826.0,0,0
19,19,109826.0,0,0
20,20,109826.0,0,0
21,21,109826.0,0,0
22,22,109826.0,0,0
23,23,109826.0,0,0
24,24,109826.0,0,0
25,25,109826.0,0,0
26,26,109826.0,0,0
27,27,109826.0,0,0
28,28,109826.0,0,0
29,29,109826.0,0,0
30,30,109826.0,0,0
31,31,109826.0,0,0
32,32,109826.0,0,0
33,33,109826.0,0,0
34,34,109826.0,0,0
35,35,109826.0,0,0
36,36,109826.0,0,0
37,37,109826.0,0,0
38,38,109826.0,0,0
39,39,109826.0,0,0
40,40,109826.0,0,0
41,41,109826.0,0,0
42,42,109826.0,0,0
43,43,109826.0,0,0
44,44,109826.0,0,0
45,45,109826.0,0,0
46,46,109826.0,0,0
47,47,109826.0,0,0
48,48,109826.0,0,0
49,49,109826.0,0,0
50,50,109826.0,0,0
51,51,109826.0,0,0
52,52,109826.0,0,0
53,53,109826.0,0,0
54,54,109826.0,0,0
55,55,109826.0,0,0
56,56,109826.0,0,0
57,57,109824.0,2,0
58,58,109824.0,2,0
59,59,109824.0,2,0
60,60,109824.0,2,0
61,61,109824.0,2,0
62,62,109823.0,3,0
63,63,109823.0,3,0
64,64,109822.0,4,0
65,65,109818.0,8,0
66,66,109818.0,8,0
67,67,109818.0,8,0
68,68,109811.0,15,0
69,69,109805.0,21,0
70,70,109799.0,27,0
71,71,109788.0,37,1
72,72,109777.0,47,2
73,73,109771.0,53,2
74,74,109769.0,55,2
75,75,109767.0,57,2
76,76,109763.0,61,2
77,77,109756.0,67,3
78,78,109754.0,69,3
79,79,109753.0,69,4
80,80,109751.0,71,4
81,81,109748.0,74,4
82,82,109748.0,74,4
83,83,109745.0,76,5
84,84,109744.0,77,5
85,85,109737.0,84,5
86,86,109734.0,87,5
87,87,109733.0,88,5
88,88,109733.0,88,5
89,89,109731.0,90,5
90,90,109722.0,99,5
91,91,109717.0,104,5
92,92,109710.0,111,5
93,93,109707.0,114,5
94,94,109707.0,114,5
95,95,109706.0,115,5
96,96,109704.0,116,6
97,97,109701.0,119,6
98,98,109696.0,124,6
99,99,109689.0,131,6
100,100,109687.0,133,6
101,101,109684.0,136,6
102,102,109684.0,136,6
103,103,109683.0,137,6
104,104,109682.0,138,6
105,105,109679.0,141,6
106,106,109674.0,146,6
107,107,109670.0,150,6
108,108,109670.0,150,6
109,109,109670.0,150,6
110,110,109669.0,151,6
111,111,109668.0,152,6
112,112,109665.0,155,6
113,113,109659.0,161,6
114,114,109658.0,162,6
115,115,109658.0,162,6
116,116,109657.0,163,6
117,117,109655.0,165,6
118,118,109655.0,165,6
119,119,109652.0,168,6
120,120,109650.0,170,6
121,121,109647.0,173,6
122,122,109645.0,175,6
123,123,109644.0,176,6
124,124,109642.0,178,6
125,125,109642.0,178,6
126,126,109642.0,178,6
127,127,109637.0,183,6
128,128,109635.0,185,6
