,Days,S,I,D
0,0,131264.0,0,0
1,1,131264.0,0,0
2,2,131264.0,0,0
3,3,131264.0,0,0
4,4,131264.0,0,0
5,5,131264.0,0,0
6,6,131264.0,0,0
7,7,131264.0,0,0
8,8,131264.0,0,0
9,9,131264.0,0,0
10,10,131264.0,0,0
11,11,131264.0,0,0
12,12,131264.0,0,0
13,13,131264.0,0,0
14,14,131264.0,0,0
15,15,131264.0,0,0
16,16,131264.0,0,0
17,17,131264.0,0,0
18,18,131264.0,0,0
19,19,131264.0,0,0
20,20,131264.0,0,0
21,21,131264.0,0,0
22,22,131264.0,0,0
23,23,131264.0,0,0
24,24,131264.0,0,0
25,25,131264.0,0,0
26,26,131264.0,0,0
27,27,131264.0,0,0
28,28,131264.0,0,0
29,29,131264.0,0,0
30,30,131264.0,0,0
31,31,131264.0,0,0
32,32,131264.0,0,0
33,33,131264.0,0,0
34,34,131264.0,0,0
35,35,131264.0,0,0
36,36,131264.0,0,0
37,37,131264.0,0,0
38,38,131264.0,0,0
39,39,131264.0,0,0
40,40,131264.0,0,0
41,41,131264.0,0,0
42,42,131264.0,0,0
43,43,131264.0,0,0
44,44,131264.0,0,0
45,45,131264.0,0,0
46,46,131264.0,0,0
47,47,131264.0,0,0
48,48,131264.0,0,0
49,49,131264.0,0,0
50,50,131264.0,0,0
51,51,131264.0,0,0
52,52,131264.0,0,0
53,53,131264.0,0,0
54,54,131264.0,0,0
55,55,131264.0,0,0
56,56,131263.0,1,0
57,57,131263.0,1,0
58,58,131263.0,1,0
59,59,131263.0,1,0
60,60,131263.0,1,0
61,61,131262.0,2,0
62,62,131249.0,15,0
63,63,131249.0,15,0
64,64,131249.0,15,0
65,65,131249.0,15,0
66,66,131249.0,15,0
67,67,131249.0,15,0
68,68,131249.0,15,0
69,69,131247.0,17,0
70,70,131247.0,17,0
71,71,131247.0,17,0
72,72,131247.0,17,0
73,73,131247.0,17,0
74,74,131244.0,20,0
75,75,131244.0,20,0
76,76,131244.0,20,0
77,77,131229.0,35,0
78,78,131229.0,35,0
79,79,131222.0,42,0
80,80,131222.0,42,0
81,81,131222.0,42,0
82,82,131216.0,48,0
83,83,131212.0,52,0
84,84,131210.0,54,0
85,85,131193.0,71,0
86,86,131193.0,71,0
87,87,131177.0,87,0
88,88,131169.0,95,0
89,89,131163.0,101,0
90,90,131152.0,112,0
91,91,131134.0,130,0
92,92,131134.0,130,0
93,93,131099.0,165,0
94,94,131080.0,184,0
95,95,131045.0,219,0
96,96,131030.0,234,0
97,97,131001.0,263,0
98,98,130950.0,313,1
99,99,130931.0,332,1
100,100,130919.0,344,1
101,101,130919.0,344,1
102,102,130894.0,369,1
103,103,130863.0,400,1
104,104,130837.0,426,1
105,105,130816.0,447,1
106,106,130776.0,486,2
107,107,130750.0,512,2
108,108,130732.0,530,2
109,109,130732.0,530,2
110,110,130689.0,573,2
111,111,130625.0,637,2
112,112,130554.0,708,2
113,113,130532.0,730,2
114,114,130511.0,751,2
115,115,130486.0,776,2
116,116,130486.0,776,2
117,117,130452.0,810,2
118,118,130433.0,828,3
119,119,130398.0,863,3
120,120,130381.0,878,5
121,121,130353.0,906,5
122,122,130339.0,920,5
123,123,130339.0,920,5
124,124,130339.0,920,5
125,125,130310.0,949,5
126,126,130309.0,950,5
127,127,130294.0,964,6
128,128,130263.0,995,6
