,Days,S,I,D
0,0,171020.0,0,0
1,1,171020.0,0,0
2,2,171020.0,0,0
3,3,171020.0,0,0
4,4,171020.0,0,0
5,5,171020.0,0,0
6,6,171020.0,0,0
7,7,171020.0,0,0
8,8,171020.0,0,0
9,9,171020.0,0,0
10,10,171020.0,0,0
11,11,171020.0,0,0
12,12,171020.0,0,0
13,13,171020.0,0,0
14,14,171020.0,0,0
15,15,171020.0,0,0
16,16,171020.0,0,0
17,17,171020.0,0,0
18,18,171020.0,0,0
19,19,171020.0,0,0
20,20,171020.0,0,0
21,21,171020.0,0,0
22,22,171020.0,0,0
23,23,171020.0,0,0
24,24,171020.0,0,0
25,25,171020.0,0,0
26,26,171020.0,0,0
27,27,171020.0,0,0
28,28,171020.0,0,0
29,29,171020.0,0,0
30,30,171020.0,0,0
31,31,171020.0,0,0
32,32,171020.0,0,0
33,33,171020.0,0,0
34,34,171020.0,0,0
35,35,171020.0,0,0
36,36,171020.0,0,0
37,37,171020.0,0,0
38,38,171020.0,0,0
39,39,171020.0,0,0
40,40,171020.0,0,0
41,41,171020.0,0,0
42,42,171020.0,0,0
43,43,171020.0,0,0
44,44,171020.0,0,0
45,45,171020.0,0,0
46,46,171020.0,0,0
47,47,171020.0,0,0
48,48,171020.0,0,0
49,49,171020.0,0,0
50,50,171020.0,0,0
51,51,171020.0,0,0
52,52,171019.0,1,0
53,53,171019.0,1,0
54,54,171017.0,3,0
55,55,171017.0,3,0
56,56,171017.0,3,0
57,57,171015.0,5,0
58,58,171015.0,5,0
59,59,171015.0,5,0
60,60,171015.0,5,0
61,61,171015.0,5,0
62,62,171015.0,5,0
63,63,171015.0,5,0
64,64,171014.0,6,0
65,65,171014.0,6,0
66,66,171013.0,7,0
67,67,171012.0,8,0
68,68,171010.0,10,0
69,69,171009.0,11,0
70,70,171007.0,13,0
71,71,171003.0,17,0
72,72,171002.0,18,0
73,73,171002.0,18,0
74,74,171000.0,20,0
75,75,170995.0,24,1
76,76,170995.0,24,1
77,77,170995.0,24,1
78,78,170994.0,25,1
79,79,170994.0,25,1
80,80,170994.0,25,1
81,81,170992.0,27,1
82,82,170992.0,27,1
83,83,170990.0,29,1
84,84,170988.0,31,1
85,85,170987.0,32,1
86,86,170985.0,34,1
87,87,170981.0,38,1
88,88,170979.0,40,1
89,89,170979.0,40,1
90,90,170979.0,40,1
91,91,170976.0,43,1
92,92,170973.0,46,1
93,93,170973.0,46,1
94,94,170971.0,48,1
95,95,170971.0,48,1
96,96,170971.0,48,1
97,97,170971.0,48,1
98,98,170968.0,51,1
99,99,170966.0,53,1
100,100,170957.0,62,1
101,101,170952.0,67,1
102,102,170950.0,69,1
103,103,170947.0,72,1
104,104,170936.0,83,1
105,105,170934.0,85,1
106,106,170931.0,88,1
107,107,170928.0,91,1
108,108,170921.0,98,1
109,109,170921.0,98,1
110,110,170919.0,100,1
111,111,170918.0,101,1
112,112,170917.0,102,1
113,113,170911.0,108,1
114,114,170907.0,112,1
115,115,170902.0,117,1
116,116,170896.0,123,1
117,117,170895.0,124,1
118,118,170893.0,126,1
119,119,170885.0,134,1
120,120,170878.0,141,1
121,121,170859.0,160,1
122,122,170853.0,166,1
123,123,170847.0,172,1
124,124,170837.0,182,1
125,125,170828.0,191,1
126,126,170818.0,199,3
127,127,170812.0,205,3
128,128,170792.0,224,4
