,Days,S,I,D
0,0,167207.0,0,0
1,1,167207.0,0,0
2,2,167207.0,0,0
3,3,167207.0,0,0
4,4,167207.0,0,0
5,5,167207.0,0,0
6,6,167207.0,0,0
7,7,167207.0,0,0
8,8,167207.0,0,0
9,9,167207.0,0,0
10,10,167207.0,0,0
11,11,167207.0,0,0
12,12,167207.0,0,0
13,13,167207.0,0,0
14,14,167207.0,0,0
15,15,167207.0,0,0
16,16,167207.0,0,0
17,17,167207.0,0,0
18,18,167207.0,0,0
19,19,167207.0,0,0
20,20,167207.0,0,0
21,21,167207.0,0,0
22,22,167207.0,0,0
23,23,167207.0,0,0
24,24,167207.0,0,0
25,25,167207.0,0,0
26,26,167207.0,0,0
27,27,167207.0,0,0
28,28,167207.0,0,0
29,29,167207.0,0,0
30,30,167207.0,0,0
31,31,167207.0,0,0
32,32,167207.0,0,0
33,33,167207.0,0,0
34,34,167207.0,0,0
35,35,167207.0,0,0
36,36,167207.0,0,0
37,37,167207.0,0,0
38,38,167207.0,0,0
39,39,167207.0,0,0
40,40,167207.0,0,0
41,41,167207.0,0,0
42,42,167207.0,0,0
43,43,167207.0,0,0
44,44,167207.0,0,0
45,45,167207.0,0,0
46,46,167207.0,0,0
47,47,167207.0,0,0
48,48,167207.0,0,0
49,49,167207.0,0,0
50,50,167207.0,0,0
51,51,167207.0,0,0
52,52,167207.0,0,0
53,53,167206.0,1,0
54,54,167205.0,2,0
55,55,167205.0,2,0
56,56,167204.0,3,0
57,57,167202.0,5,0
58,58,167202.0,5,0
59,59,167200.0,7,0
60,60,167198.0,9,0
61,61,167198.0,9,0
62,62,167198.0,9,0
63,63,167194.0,13,0
64,64,167193.0,14,0
65,65,167191.0,16,0
66,66,167191.0,16,0
67,67,167187.0,20,0
68,68,167182.0,25,0
69,69,167182.0,25,0
70,70,167181.0,26,0
71,71,167180.0,27,0
72,72,167171.0,36,0
73,73,167169.0,38,0
74,74,167164.0,43,0
75,75,167162.0,44,1
76,76,167157.0,48,2
77,77,167151.0,54,2
78,78,167148.0,57,2
79,79,167138.0,66,3
80,80,167124.0,80,3
81,81,167120.0,84,3
82,82,167118.0,86,3
83,83,167116.0,88,3
84,84,167112.0,92,3
85,85,167109.0,95,3
86,86,167102.0,102,3
87,87,167100.0,104,3
88,88,167098.0,106,3
89,89,167096.0,108,3
90,90,167094.0,110,3
91,91,167094.0,110,3
92,92,167092.0,112,3
93,93,167092.0,112,3
94,94,167092.0,112,3
95,95,167092.0,112,3
96,96,167091.0,113,3
97,97,167091.0,113,3
98,98,167087.0,115,5
99,99,167086.0,116,5
100,100,167086.0,116,5
101,101,167086.0,116,5
102,102,167085.0,116,6
103,103,167085.0,116,6
104,104,167085.0,116,6
105,105,167085.0,116,6
106,106,167085.0,116,6
107,107,167085.0,116,6
108,108,167084.0,117,6
109,109,167084.0,117,6
110,110,167084.0,117,6
111,111,167084.0,117,6
112,112,167084.0,117,6
113,113,167084.0,117,6
114,114,167084.0,117,6
115,115,167084.0,117,6
116,116,167084.0,117,6
117,117,167084.0,117,6
118,118,167084.0,117,6
119,119,167084.0,117,6
120,120,167084.0,117,6
121,121,167084.0,117,6
122,122,167083.0,118,6
123,123,167083.0,118,6
124,124,167083.0,118,6
125,125,167083.0,118,6
126,126,167083.0,118,6
127,127,167083.0,118,6
128,128,167083.0,118,6
