,Days,S,I,D
0,0,23244.0,0,0
1,1,23244.0,0,0
2,2,23244.0,0,0
3,3,23244.0,0,0
4,4,23244.0,0,0
5,5,23244.0,0,0
6,6,23244.0,0,0
7,7,23244.0,0,0
8,8,23244.0,0,0
9,9,23244.0,0,0
10,10,23244.0,0,0
11,11,23244.0,0,0
12,12,23244.0,0,0
13,13,23244.0,0,0
14,14,23244.0,0,0
15,15,23244.0,0,0
16,16,23244.0,0,0
17,17,23244.0,0,0
18,18,23244.0,0,0
19,19,23244.0,0,0
20,20,23244.0,0,0
21,21,23244.0,0,0
22,22,23244.0,0,0
23,23,23244.0,0,0
24,24,23244.0,0,0
25,25,23244.0,0,0
26,26,23244.0,0,0
27,27,23244.0,0,0
28,28,23244.0,0,0
29,29,23244.0,0,0
30,30,23244.0,0,0
31,31,23244.0,0,0
32,32,23244.0,0,0
33,33,23244.0,0,0
34,34,23244.0,0,0
35,35,23244.0,0,0
36,36,23244.0,0,0
37,37,23244.0,0,0
38,38,23244.0,0,0
39,39,23244.0,0,0
40,40,23244.0,0,0
41,41,23244.0,0,0
42,42,23244.0,0,0
43,43,23244.0,0,0
44,44,23244.0,0,0
45,45,23244.0,0,0
46,46,23244.0,0,0
47,47,23244.0,0,0
48,48,23244.0,0,0
49,49,23244.0,0,0
50,50,23244.0,0,0
51,51,23244.0,0,0
52,52,23244.0,0,0
53,53,23244.0,0,0
54,54,23244.0,0,0
55,55,23243.0,1,0
56,56,23243.0,1,0
57,57,23243.0,1,0
58,58,23243.0,1,0
59,59,23243.0,1,0
60,60,23242.0,2,0
61,61,23242.0,2,0
62,62,23241.0,3,0
63,63,23241.0,3,0
64,64,23241.0,3,0
65,65,23241.0,3,0
66,66,23239.0,5,0
67,67,23238.0,6,0
68,68,23238.0,6,0
69,69,23237.0,7,0
70,70,23237.0,7,0
71,71,23235.0,9,0
72,72,23236.0,8,0
73,73,23234.0,10,0
74,74,23229.0,15,0
75,75,23227.0,17,0
76,76,23222.0,22,0
77,77,23220.0,24,0
78,78,23220.0,24,0
79,79,23216.0,26,2
80,80,23216.0,26,2
81,81,23210.0,32,2
82,82,23204.0,38,2
83,83,23203.0,39,2
84,84,23202.0,40,2
85,85,23201.0,41,2
86,86,23189.0,52,3
87,87,23186.0,55,3
88,88,23186.0,55,3
89,89,23183.0,58,3
90,90,23179.0,62,3
91,91,23178.0,63,3
92,92,23178.0,63,3
93,93,23172.0,69,3
94,94,23171.0,70,3
95,95,23171.0,70,3
96,96,23169.0,72,3
97,97,23167.0,74,3
98,98,23166.0,74,4
99,99,23164.0,76,4
100,100,23162.0,78,4
101,101,23162.0,78,4
102,102,23160.0,79,5
103,103,23159.0,80,5
104,104,23159.0,80,5
105,105,23159.0,80,5
106,106,23158.0,81,5
107,107,23158.0,81,5
108,108,23158.0,81,5
109,109,23158.0,81,5
110,110,23158.0,81,5
111,111,23157.0,82,5
112,112,23157.0,82,5
113,113,23153.0,86,5
114,114,23153.0,86,5
115,115,23152.0,87,5
116,116,23152.0,87,5
117,117,23151.0,88,5
118,118,23151.0,88,5
119,119,23151.0,88,5
120,120,23150.0,89,5
121,121,23150.0,89,5
122,122,23149.0,90,5
123,123,23149.0,90,5
124,124,23145.0,93,6
125,125,23145.0,93,6
126,126,23144.0,94,6
127,127,23145.0,93,6
128,128,23143.0,95,6
