,Days,S,I,D
0,0,6352.0,0,0
1,1,6352.0,0,0
2,2,6352.0,0,0
3,3,6352.0,0,0
4,4,6352.0,0,0
5,5,6352.0,0,0
6,6,6352.0,0,0
7,7,6352.0,0,0
8,8,6352.0,0,0
9,9,6352.0,0,0
10,10,6352.0,0,0
11,11,6352.0,0,0
12,12,6352.0,0,0
13,13,6352.0,0,0
14,14,6352.0,0,0
15,15,6352.0,0,0
16,16,6352.0,0,0
17,17,6352.0,0,0
18,18,6352.0,0,0
19,19,6352.0,0,0
20,20,6352.0,0,0
21,21,6352.0,0,0
22,22,6352.0,0,0
23,23,6352.0,0,0
24,24,6352.0,0,0
25,25,6352.0,0,0
26,26,6352.0,0,0
27,27,6352.0,0,0
28,28,6352.0,0,0
29,29,6352.0,0,0
30,30,6352.0,0,0
31,31,6352.0,0,0
32,32,6352.0,0,0
33,33,6352.0,0,0
34,34,6352.0,0,0
35,35,6352.0,0,0
36,36,6352.0,0,0
37,37,6352.0,0,0
38,38,6352.0,0,0
39,39,6352.0,0,0
40,40,6352.0,0,0
41,41,6352.0,0,0
42,42,6352.0,0,0
43,43,6352.0,0,0
44,44,6352.0,0,0
45,45,6352.0,0,0
46,46,6352.0,0,0
47,47,6352.0,0,0
48,48,6352.0,0,0
49,49,6352.0,0,0
50,50,6352.0,0,0
51,51,6352.0,0,0
52,52,6352.0,0,0
53,53,6352.0,0,0
54,54,6352.0,0,0
55,55,6352.0,0,0
56,56,6352.0,0,0
57,57,6352.0,0,0
58,58,6352.0,0,0
59,59,6352.0,0,0
60,60,6352.0,0,0
61,61,6352.0,0,0
62,62,6352.0,0,0
63,63,6352.0,0,0
64,64,6351.0,1,0
65,65,6350.0,2,0
66,66,6349.0,3,0
67,67,6349.0,3,0
68,68,6346.0,6,0
69,69,6343.0,9,0
70,70,6341.0,10,1
71,71,6341.0,10,1
72,72,6340.0,11,1
73,73,6336.0,15,1
74,74,6334.0,17,1
75,75,6331.0,20,1
76,76,6320.0,31,1
77,77,6315.0,35,2
78,78,6313.0,37,2
79,79,6311.0,39,2
80,80,6309.0,41,2
81,81,6305.0,45,2
82,82,6297.0,53,2
83,83,6296.0,54,2
84,84,6293.0,57,2
85,85,6293.0,57,2
86,86,6293.0,57,2
87,87,6293.0,57,2
88,88,6292.0,58,2
89,89,6289.0,61,2
90,90,6275.0,75,2
91,91,6273.0,76,3
92,92,6267.0,82,3
93,93,6265.0,84,3
94,94,6264.0,85,3
95,95,6264.0,85,3
96,96,6262.0,87,3
97,97,6261.0,87,4
98,98,6258.0,90,4
99,99,6249.0,99,4
100,100,6245.0,103,4
101,101,6245.0,103,4
102,102,6242.0,106,4
103,103,6242.0,106,4
104,104,6242.0,106,4
105,105,6239.0,109,4
106,106,6237.0,110,5
107,107,6234.0,113,5
108,108,6231.0,116,5
109,109,6230.0,117,5
110,110,6230.0,117,5
111,111,6230.0,117,5
112,112,6230.0,117,5
113,113,6230.0,117,5
114,114,6226.0,121,5
115,115,6226.0,121,5
116,116,6226.0,121,5
117,117,6226.0,121,5
118,118,6226.0,121,5
119,119,6226.0,121,5
120,120,6226.0,121,5
121,121,6224.0,123,5
122,122,6221.0,126,5
123,123,6221.0,126,5
124,124,6218.0,129,5
125,125,6218.0,129,5
126,126,6217.0,130,5
127,127,6217.0,130,5
128,128,6216.0,131,5
