,Days,S,I,D
0,0,2637772.0,0,0
1,1,2637772.0,0,0
2,2,2637772.0,0,0
3,3,2637772.0,0,0
4,4,2637772.0,0,0
5,5,2637772.0,0,0
6,6,2637772.0,0,0
7,7,2637772.0,0,0
8,8,2637772.0,0,0
9,9,2637772.0,0,0
10,10,2637772.0,0,0
11,11,2637772.0,0,0
12,12,2637772.0,0,0
13,13,2637772.0,0,0
14,14,2637772.0,0,0
15,15,2637772.0,0,0
16,16,2637772.0,0,0
17,17,2637772.0,0,0
18,18,2637772.0,0,0
19,19,2637772.0,0,0
20,20,2637772.0,0,0
21,21,2637772.0,0,0
22,22,2637772.0,0,0
23,23,2637772.0,0,0
24,24,2637772.0,0,0
25,25,2637772.0,0,0
26,26,2637772.0,0,0
27,27,2637772.0,0,0
28,28,2637772.0,0,0
29,29,2637772.0,0,0
30,30,2637772.0,0,0
31,31,2637772.0,0,0
32,32,2637772.0,0,0
33,33,2637772.0,0,0
34,34,2637772.0,0,0
35,35,2637772.0,0,0
36,36,2637772.0,0,0
37,37,2637772.0,0,0
38,38,2637772.0,0,0
39,39,2637772.0,0,0
40,40,2637772.0,0,0
41,41,2637772.0,0,0
42,42,2637772.0,0,0
43,43,2637772.0,0,0
44,44,2637772.0,0,0
45,45,2637772.0,0,0
46,46,2637772.0,0,0
47,47,2637772.0,0,0
48,48,2637770.0,2,0
49,49,2637770.0,2,0
50,50,2637769.0,3,0
51,51,2637765.0,7,0
52,52,2637764.0,8,0
53,53,2637761.0,11,0
54,54,2637761.0,11,0
55,55,2637761.0,11,0
56,56,2637757.0,15,0
57,57,2637717.0,54,1
58,58,2637697.0,74,1
59,59,2637697.0,74,1
60,60,2637697.0,74,1
61,61,2637613.0,155,4
62,62,2637598.0,169,5
63,63,2637519.0,247,6
64,64,2637462.0,303,7
65,65,2637398.0,367,7
66,66,2637324.0,439,9
67,67,2637274.0,488,10
68,68,2637212.0,549,11
69,69,2637128.0,631,13
70,70,2637026.0,731,15
71,71,2636924.0,831,17
72,72,2636834.0,921,17
73,73,2636740.0,1015,17
74,74,2636642.0,1112,18
75,75,2636599.0,1155,18
76,76,2636493.0,1261,18
77,77,2636429.0,1324,19
78,78,2636320.0,1432,20
79,79,2636213.0,1537,22
80,80,2636103.0,1644,25
81,81,2636022.0,1723,27
82,82,2635957.0,1788,27
83,83,2635952.0,1788,32
84,84,2635744.0,1986,42
85,85,2635663.0,2066,43
86,86,2635532.0,2190,50
87,87,2635527.0,2190,55
88,88,2635284.0,2428,60
89,89,2635284.0,2428,60
90,90,2635200.0,2512,60
91,91,2635106.0,2602,64
92,92,2635024.0,2683,65
93,93,2634937.0,2763,72
94,94,2634861.0,2834,77
95,95,2634782.0,2909,81
96,96,2634676.0,3014,82
97,97,2634583.0,3105,84
98,98,2634438.0,3240,94
99,99,2634321.0,3352,99
100,100,2634137.0,3531,104
101,101,2633948.0,3718,106
102,102,2633763.0,3899,110
103,103,2633528.0,4133,111
104,104,2633288.0,4370,114
105,105,2633028.0,4623,121
106,106,2632780.0,4869,123
107,107,2632527.0,5120,125
108,108,2632268.0,5369,135
109,109,2632010.0,5619,143
110,110,2631759.0,5870,143
111,111,2631504.0,6123,145
112,112,2631265.0,6359,148
113,113,2631017.0,6602,153
114,114,2630776.0,6837,159
115,115,2630572.0,7036,164
116,116,2630352.0,7250,170
117,117,2630141.0,7455,176
118,118,2629916.0,7679,177
119,119,2629677.0,7904,191
120,120,2629677.0,7904,191
121,121,2629296.0,8273,203
122,122,2629088.0,8477,207
123,123,2628913.0,8649,210
124,124,2628734.0,8827,211
125,125,2628563.0,8998,211
126,126,2628371.0,9188,213
127,127,2628166.0,9385,221
128,128,2627963.0,9587,222
