,Days,S,I,D
0,0,7790.0,0,0
1,1,7790.0,0,0
2,2,7790.0,0,0
3,3,7790.0,0,0
4,4,7790.0,0,0
5,5,7790.0,0,0
6,6,7790.0,0,0
7,7,7790.0,0,0
8,8,7790.0,0,0
9,9,7790.0,0,0
10,10,7790.0,0,0
11,11,7790.0,0,0
12,12,7790.0,0,0
13,13,7790.0,0,0
14,14,7790.0,0,0
15,15,7790.0,0,0
16,16,7790.0,0,0
17,17,7790.0,0,0
18,18,7790.0,0,0
19,19,7790.0,0,0
20,20,7790.0,0,0
21,21,7790.0,0,0
22,22,7790.0,0,0
23,23,7790.0,0,0
24,24,7790.0,0,0
25,25,7790.0,0,0
26,26,7790.0,0,0
27,27,7790.0,0,0
28,28,7790.0,0,0
29,29,7790.0,0,0
30,30,7790.0,0,0
31,31,7790.0,0,0
32,32,7790.0,0,0
33,33,7790.0,0,0
34,34,7790.0,0,0
35,35,7790.0,0,0
36,36,7790.0,0,0
37,37,7790.0,0,0
38,38,7790.0,0,0
39,39,7790.0,0,0
40,40,7790.0,0,0
41,41,7790.0,0,0
42,42,7790.0,0,0
43,43,7790.0,0,0
44,44,7790.0,0,0
45,45,7790.0,0,0
46,46,7790.0,0,0
47,47,7790.0,0,0
48,48,7790.0,0,0
49,49,7790.0,0,0
50,50,7790.0,0,0
51,51,7790.0,0,0
52,52,7790.0,0,0
53,53,7790.0,0,0
54,54,7790.0,0,0
55,55,7790.0,0,0
56,56,7790.0,0,0
57,57,7790.0,0,0
58,58,7790.0,0,0
59,59,7790.0,0,0
60,60,7790.0,0,0
61,61,7790.0,0,0
62,62,7790.0,0,0
63,63,7790.0,0,0
64,64,7790.0,0,0
65,65,7790.0,0,0
66,66,7790.0,0,0
67,67,7790.0,0,0
68,68,7790.0,0,0
69,69,7790.0,0,0
70,70,7790.0,0,0
71,71,7790.0,0,0
72,72,7790.0,0,0
73,73,7790.0,0,0
74,74,7790.0,0,0
75,75,7790.0,0,0
76,76,7790.0,0,0
77,77,7790.0,0,0
78,78,7790.0,0,0
79,79,7790.0,0,0
80,80,7790.0,0,0
81,81,7790.0,0,0
82,82,7790.0,0,0
83,83,7790.0,0,0
84,84,7790.0,0,0
85,85,7790.0,0,0
86,86,7790.0,0,0
87,87,7790.0,0,0
88,88,7790.0,0,0
89,89,7790.0,0,0
90,90,7790.0,0,0
91,91,7790.0,0,0
92,92,7790.0,0,0
93,93,7790.0,0,0
94,94,7790.0,0,0
95,95,7790.0,0,0
96,96,7790.0,0,0
97,97,7790.0,0,0
98,98,7790.0,0,0
99,99,7790.0,0,0
100,100,7790.0,0,0
101,101,7790.0,0,0
102,102,7789.0,1,0
103,103,7789.0,1,0
104,104,7789.0,1,0
105,105,7789.0,1,0
106,106,7788.0,2,0
107,107,7788.0,2,0
108,108,7786.0,4,0
109,109,7786.0,4,0
110,110,7783.0,7,0
111,111,7783.0,7,0
112,112,7772.0,18,0
113,113,7772.0,18,0
114,114,7771.0,18,1
115,115,7770.0,19,1
116,116,7770.0,19,1
117,117,7767.0,22,1
118,118,7767.0,22,1
119,119,7766.0,22,2
120,120,7762.0,26,2
121,121,7760.0,28,2
122,122,7754.0,33,3
123,123,7754.0,33,3
124,124,7753.0,33,4
125,125,7753.0,33,4
126,126,7751.0,35,4
127,127,7751.0,35,4
128,128,7747.0,38,5
