,Days,S,I,D
0,0,162124.0,0,0
1,1,162124.0,0,0
2,2,162124.0,0,0
3,3,162124.0,0,0
4,4,162124.0,0,0
5,5,162124.0,0,0
6,6,162124.0,0,0
7,7,162124.0,0,0
8,8,162124.0,0,0
9,9,162124.0,0,0
10,10,162124.0,0,0
11,11,162124.0,0,0
12,12,162124.0,0,0
13,13,162124.0,0,0
14,14,162124.0,0,0
15,15,162124.0,0,0
16,16,162124.0,0,0
17,17,162124.0,0,0
18,18,162124.0,0,0
19,19,162124.0,0,0
20,20,162124.0,0,0
21,21,162124.0,0,0
22,22,162124.0,0,0
23,23,162124.0,0,0
24,24,162124.0,0,0
25,25,162124.0,0,0
26,26,162124.0,0,0
27,27,162124.0,0,0
28,28,162124.0,0,0
29,29,162124.0,0,0
30,30,162124.0,0,0
31,31,162124.0,0,0
32,32,162124.0,0,0
33,33,162124.0,0,0
34,34,162124.0,0,0
35,35,162124.0,0,0
36,36,162124.0,0,0
37,37,162124.0,0,0
38,38,162124.0,0,0
39,39,162124.0,0,0
40,40,162124.0,0,0
41,41,162124.0,0,0
42,42,162124.0,0,0
43,43,162124.0,0,0
44,44,162124.0,0,0
45,45,162124.0,0,0
46,46,162124.0,0,0
47,47,162124.0,0,0
48,48,162124.0,0,0
49,49,162124.0,0,0
50,50,162124.0,0,0
51,51,162124.0,0,0
52,52,162124.0,0,0
53,53,162124.0,0,0
54,54,162124.0,0,0
55,55,162124.0,0,0
56,56,162124.0,0,0
57,57,162124.0,0,0
58,58,162124.0,0,0
59,59,162124.0,0,0
60,60,162124.0,0,0
61,61,162124.0,0,0
62,62,162124.0,0,0
63,63,162124.0,0,0
64,64,162124.0,0,0
65,65,162124.0,0,0
66,66,162124.0,0,0
67,67,162123.0,1,0
68,68,162121.0,3,0
69,69,162117.0,7,0
70,70,162113.0,11,0
71,71,162112.0,12,0
72,72,162109.0,15,0
73,73,162102.0,22,0
74,74,162102.0,22,0
75,75,162098.0,26,0
76,76,162094.0,30,0
77,77,162093.0,30,1
78,78,162089.0,34,1
79,79,162084.0,39,1
80,80,162083.0,40,1
81,81,162082.0,41,1
82,82,162080.0,43,1
83,83,162077.0,45,2
84,84,162076.0,46,2
85,85,162074.0,48,2
86,86,162067.0,55,2
87,87,162062.0,58,4
88,88,162062.0,58,4
89,89,162062.0,58,4
90,90,162060.0,60,4
91,91,162059.0,61,4
92,92,162058.0,62,4
93,93,162053.0,67,4
94,94,162053.0,67,4
95,95,162053.0,67,4
96,96,162050.0,70,4
97,97,162044.0,76,4
98,98,162042.0,78,4
99,99,162042.0,78,4
100,100,162042.0,78,4
101,101,162042.0,78,4
102,102,162042.0,78,4
103,103,162042.0,78,4
104,104,162036.0,84,4
105,105,162035.0,85,4
106,106,162030.0,90,4
107,107,162026.0,94,4
108,108,162025.0,95,4
109,109,162025.0,95,4
110,110,162021.0,99,4
111,111,162020.0,100,4
112,112,162020.0,100,4
113,113,162018.0,102,4
114,114,162017.0,103,4
115,115,162011.0,109,4
116,116,162006.0,114,4
117,117,162006.0,114,4
118,118,162005.0,115,4
119,119,161996.0,124,4
120,120,161990.0,130,4
121,121,161986.0,134,4
122,122,161984.0,136,4
123,123,161976.0,144,4
124,124,161974.0,146,4
125,125,161969.0,151,4
126,126,161967.0,152,5
127,127,161967.0,152,5
128,128,161967.0,152,5
