,Days,S,I,D
0,0,13901.0,0,0
1,1,13901.0,0,0
2,2,13901.0,0,0
3,3,13901.0,0,0
4,4,13901.0,0,0
5,5,13901.0,0,0
6,6,13901.0,0,0
7,7,13901.0,0,0
8,8,13901.0,0,0
9,9,13901.0,0,0
10,10,13901.0,0,0
11,11,13901.0,0,0
12,12,13901.0,0,0
13,13,13901.0,0,0
14,14,13901.0,0,0
15,15,13901.0,0,0
16,16,13901.0,0,0
17,17,13901.0,0,0
18,18,13901.0,0,0
19,19,13901.0,0,0
20,20,13901.0,0,0
21,21,13901.0,0,0
22,22,13901.0,0,0
23,23,13901.0,0,0
24,24,13901.0,0,0
25,25,13901.0,0,0
26,26,13901.0,0,0
27,27,13901.0,0,0
28,28,13901.0,0,0
29,29,13901.0,0,0
30,30,13901.0,0,0
31,31,13901.0,0,0
32,32,13901.0,0,0
33,33,13901.0,0,0
34,34,13901.0,0,0
35,35,13901.0,0,0
36,36,13901.0,0,0
37,37,13901.0,0,0
38,38,13901.0,0,0
39,39,13901.0,0,0
40,40,13901.0,0,0
41,41,13901.0,0,0
42,42,13901.0,0,0
43,43,13901.0,0,0
44,44,13901.0,0,0
45,45,13901.0,0,0
46,46,13901.0,0,0
47,47,13901.0,0,0
48,48,13901.0,0,0
49,49,13901.0,0,0
50,50,13901.0,0,0
51,51,13901.0,0,0
52,52,13901.0,0,0
53,53,13901.0,0,0
54,54,13901.0,0,0
55,55,13901.0,0,0
56,56,13901.0,0,0
57,57,13901.0,0,0
58,58,13901.0,0,0
59,59,13901.0,0,0
60,60,13901.0,0,0
61,61,13901.0,0,0
62,62,13901.0,0,0
63,63,13901.0,0,0
64,64,13901.0,0,0
65,65,13900.0,1,0
66,66,13900.0,1,0
67,67,13900.0,1,0
68,68,13900.0,1,0
69,69,13900.0,1,0
70,70,13900.0,1,0
71,71,13900.0,1,0
72,72,13900.0,1,0
73,73,13900.0,1,0
74,74,13900.0,1,0
75,75,13899.0,2,0
76,76,13895.0,5,1
77,77,13895.0,5,1
78,78,13895.0,5,1
79,79,13895.0,5,1
80,80,13892.0,8,1
81,81,13888.0,12,1
82,82,13888.0,12,1
83,83,13885.0,15,1
84,84,13884.0,16,1
85,85,13882.0,18,1
86,86,13877.0,22,2
87,87,13873.0,26,2
88,88,13870.0,29,2
89,89,13870.0,29,2
90,90,13869.0,30,2
91,91,13867.0,32,2
92,92,13856.0,43,2
93,93,13853.0,45,3
94,94,13853.0,45,3
95,95,13852.0,46,3
96,96,13848.0,50,3
97,97,13846.0,51,4
98,98,13844.0,53,4
99,99,13844.0,53,4
100,100,13844.0,53,4
101,101,13841.0,56,4
102,102,13841.0,56,4
103,103,13841.0,56,4
104,104,13841.0,56,4
105,105,13841.0,56,4
106,106,13841.0,56,4
107,107,13841.0,56,4
108,108,13840.0,57,4
109,109,13840.0,57,4
110,110,13840.0,57,4
111,111,13840.0,57,4
112,112,13840.0,57,4
113,113,13840.0,57,4
114,114,13840.0,57,4
115,115,13840.0,57,4
116,116,13840.0,57,4
117,117,13840.0,57,4
118,118,13839.0,57,5
119,119,13838.0,58,5
120,120,13838.0,58,5
121,121,13838.0,58,5
122,122,13838.0,58,5
123,123,13838.0,58,5
124,124,13838.0,58,5
125,125,13838.0,58,5
126,126,13838.0,58,5
127,127,13838.0,58,5
128,128,13838.0,58,5
