,Days,S,I,D
0,0,22423.0,0,0
1,1,22423.0,0,0
2,2,22423.0,0,0
3,3,22423.0,0,0
4,4,22423.0,0,0
5,5,22423.0,0,0
6,6,22423.0,0,0
7,7,22423.0,0,0
8,8,22423.0,0,0
9,9,22423.0,0,0
10,10,22423.0,0,0
11,11,22423.0,0,0
12,12,22423.0,0,0
13,13,22423.0,0,0
14,14,22423.0,0,0
15,15,22423.0,0,0
16,16,22423.0,0,0
17,17,22423.0,0,0
18,18,22423.0,0,0
19,19,22423.0,0,0
20,20,22423.0,0,0
21,21,22423.0,0,0
22,22,22423.0,0,0
23,23,22423.0,0,0
24,24,22423.0,0,0
25,25,22423.0,0,0
26,26,22423.0,0,0
27,27,22423.0,0,0
28,28,22423.0,0,0
29,29,22423.0,0,0
30,30,22423.0,0,0
31,31,22423.0,0,0
32,32,22423.0,0,0
33,33,22423.0,0,0
34,34,22423.0,0,0
35,35,22423.0,0,0
36,36,22423.0,0,0
37,37,22423.0,0,0
38,38,22423.0,0,0
39,39,22423.0,0,0
40,40,22423.0,0,0
41,41,22423.0,0,0
42,42,22423.0,0,0
43,43,22423.0,0,0
44,44,22423.0,0,0
45,45,22423.0,0,0
46,46,22423.0,0,0
47,47,22423.0,0,0
48,48,22423.0,0,0
49,49,22423.0,0,0
50,50,22423.0,0,0
51,51,22423.0,0,0
52,52,22423.0,0,0
53,53,22423.0,0,0
54,54,22423.0,0,0
55,55,22423.0,0,0
56,56,22423.0,0,0
57,57,22423.0,0,0
58,58,22423.0,0,0
59,59,22423.0,0,0
60,60,22423.0,0,0
61,61,22422.0,1,0
62,62,22422.0,1,0
63,63,22422.0,1,0
64,64,22420.0,3,0
65,65,22420.0,3,0
66,66,22420.0,3,0
67,67,22419.0,4,0
68,68,22419.0,4,0
69,69,22415.0,8,0
70,70,22415.0,8,0
71,71,22415.0,8,0
72,72,22415.0,8,0
73,73,22414.0,9,0
74,74,22414.0,9,0
75,75,22413.0,10,0
76,76,22408.0,15,0
77,77,22404.0,19,0
78,78,22401.0,21,1
79,79,22399.0,24,0
80,80,22394.0,28,1
81,81,22394.0,28,1
82,82,22394.0,28,1
83,83,22393.0,28,2
84,84,22393.0,28,2
85,85,22386.0,35,2
86,86,22383.0,38,2
87,87,22374.0,47,2
88,88,22374.0,47,2
89,89,22372.0,48,3
90,90,22369.0,51,3
91,91,22367.0,53,3
92,92,22360.0,60,3
93,93,22349.0,71,3
94,94,22349.0,71,3
95,95,22346.0,74,3
96,96,22346.0,74,3
97,97,22346.0,74,3
98,98,22336.0,84,3
99,99,22335.0,85,3
100,100,22334.0,86,3
101,101,22334.0,86,3
102,102,22334.0,86,3
103,103,22333.0,87,3
104,104,22332.0,88,3
105,105,22331.0,89,3
106,106,22330.0,90,3
107,107,22319.0,101,3
108,108,22317.0,103,3
109,109,22313.0,107,3
110,110,22310.0,110,3
111,111,22310.0,110,3
112,112,22308.0,112,3
113,113,22308.0,112,3
114,114,22308.0,112,3
115,115,22308.0,112,3
116,116,22308.0,112,3
117,117,22303.0,116,4
118,118,22301.0,118,4
119,119,22299.0,120,4
120,120,22299.0,120,4
121,121,22299.0,120,4
122,122,22299.0,120,4
123,123,22298.0,121,4
124,124,22298.0,121,4
125,125,22297.0,121,5
126,126,22297.0,121,5
127,127,22297.0,121,5
128,128,22297.0,121,5
