,Days,S,I,D
0,0,92573.0,0,0
1,1,92573.0,0,0
2,2,92573.0,0,0
3,3,92573.0,0,0
4,4,92573.0,0,0
5,5,92573.0,0,0
6,6,92573.0,0,0
7,7,92573.0,0,0
8,8,92573.0,0,0
9,9,92573.0,0,0
10,10,92573.0,0,0
11,11,92573.0,0,0
12,12,92573.0,0,0
13,13,92573.0,0,0
14,14,92573.0,0,0
15,15,92573.0,0,0
16,16,92573.0,0,0
17,17,92573.0,0,0
18,18,92573.0,0,0
19,19,92573.0,0,0
20,20,92573.0,0,0
21,21,92573.0,0,0
22,22,92573.0,0,0
23,23,92573.0,0,0
24,24,92573.0,0,0
25,25,92573.0,0,0
26,26,92573.0,0,0
27,27,92573.0,0,0
28,28,92573.0,0,0
29,29,92573.0,0,0
30,30,92573.0,0,0
31,31,92573.0,0,0
32,32,92573.0,0,0
33,33,92573.0,0,0
34,34,92573.0,0,0
35,35,92573.0,0,0
36,36,92573.0,0,0
37,37,92573.0,0,0
38,38,92573.0,0,0
39,39,92573.0,0,0
40,40,92573.0,0,0
41,41,92573.0,0,0
42,42,92573.0,0,0
43,43,92573.0,0,0
44,44,92573.0,0,0
45,45,92573.0,0,0
46,46,92573.0,0,0
47,47,92573.0,0,0
48,48,92573.0,0,0
49,49,92573.0,0,0
50,50,92573.0,0,0
51,51,92573.0,0,0
52,52,92573.0,0,0
53,53,92573.0,0,0
54,54,92573.0,0,0
55,55,92573.0,0,0
56,56,92573.0,0,0
57,57,92573.0,0,0
58,58,92573.0,0,0
59,59,92573.0,0,0
60,60,92572.0,1,0
61,61,92572.0,1,0
62,62,92570.0,3,0
63,63,92570.0,3,0
64,64,92570.0,3,0
65,65,92570.0,3,0
66,66,92568.0,5,0
67,67,92567.0,6,0
68,68,92566.0,7,0
69,69,92566.0,7,0
70,70,92565.0,8,0
71,71,92562.0,9,2
72,72,92560.0,11,2
73,73,92558.0,12,3
74,74,92558.0,12,3
75,75,92556.0,14,3
76,76,92555.0,15,3
77,77,92555.0,15,3
78,78,92555.0,15,3
79,79,92554.0,16,3
80,80,92553.0,17,3
81,81,92553.0,17,3
82,82,92553.0,17,3
83,83,92553.0,17,3
84,84,92553.0,17,3
85,85,92553.0,17,3
86,86,92552.0,17,4
87,87,92551.0,18,4
88,88,92551.0,18,4
89,89,92550.0,19,4
90,90,92549.0,19,5
91,91,92549.0,19,5
92,92,92549.0,19,5
93,93,92549.0,19,5
94,94,92549.0,19,5
95,95,92549.0,19,5
96,96,92549.0,19,5
97,97,92549.0,19,5
98,98,92549.0,19,5
99,99,92549.0,19,5
100,100,92549.0,19,5
101,101,92549.0,19,5
102,102,92549.0,19,5
103,103,92548.0,20,5
104,104,92548.0,20,5
105,105,92548.0,20,5
106,106,92548.0,20,5
107,107,92548.0,20,5
108,108,92548.0,20,5
109,109,92548.0,20,5
110,110,92548.0,20,5
111,111,92547.0,21,5
112,112,92547.0,21,5
113,113,92545.0,23,5
114,114,92545.0,23,5
115,115,92545.0,23,5
116,116,92545.0,23,5
117,117,92545.0,23,5
118,118,92545.0,23,5
119,119,92545.0,23,5
120,120,92545.0,23,5
121,121,92545.0,23,5
122,122,92545.0,23,5
123,123,92545.0,23,5
124,124,92545.0,23,5
125,125,92545.0,23,5
126,126,92545.0,23,5
127,127,92545.0,23,5
128,128,92543.0,25,5
