,Days,S,I,D
0,0,26746.0,0,0
1,1,26746.0,0,0
2,2,26746.0,0,0
3,3,26746.0,0,0
4,4,26746.0,0,0
5,5,26746.0,0,0
6,6,26746.0,0,0
7,7,26746.0,0,0
8,8,26746.0,0,0
9,9,26746.0,0,0
10,10,26746.0,0,0
11,11,26746.0,0,0
12,12,26746.0,0,0
13,13,26746.0,0,0
14,14,26746.0,0,0
15,15,26746.0,0,0
16,16,26746.0,0,0
17,17,26746.0,0,0
18,18,26746.0,0,0
19,19,26746.0,0,0
20,20,26746.0,0,0
21,21,26746.0,0,0
22,22,26746.0,0,0
23,23,26746.0,0,0
24,24,26746.0,0,0
25,25,26746.0,0,0
26,26,26746.0,0,0
27,27,26746.0,0,0
28,28,26746.0,0,0
29,29,26746.0,0,0
30,30,26746.0,0,0
31,31,26746.0,0,0
32,32,26746.0,0,0
33,33,26746.0,0,0
34,34,26746.0,0,0
35,35,26746.0,0,0
36,36,26746.0,0,0
37,37,26746.0,0,0
38,38,26746.0,0,0
39,39,26746.0,0,0
40,40,26746.0,0,0
41,41,26746.0,0,0
42,42,26746.0,0,0
43,43,26746.0,0,0
44,44,26746.0,0,0
45,45,26746.0,0,0
46,46,26746.0,0,0
47,47,26746.0,0,0
48,48,26746.0,0,0
49,49,26746.0,0,0
50,50,26746.0,0,0
51,51,26746.0,0,0
52,52,26746.0,0,0
53,53,26746.0,0,0
54,54,26746.0,0,0
55,55,26746.0,0,0
56,56,26746.0,0,0
57,57,26746.0,0,0
58,58,26746.0,0,0
59,59,26746.0,0,0
60,60,26746.0,0,0
61,61,26746.0,0,0
62,62,26745.0,1,0
63,63,26745.0,1,0
64,64,26745.0,1,0
65,65,26744.0,2,0
66,66,26744.0,2,0
67,67,26744.0,2,0
68,68,26744.0,2,0
69,69,26744.0,2,0
70,70,26742.0,4,0
71,71,26741.0,5,0
72,72,26738.0,8,0
73,73,26734.0,12,0
74,74,26732.0,14,0
75,75,26732.0,14,0
76,76,26731.0,15,0
77,77,26730.0,16,0
78,78,26725.0,21,0
79,79,26722.0,24,0
80,80,26721.0,25,0
81,81,26720.0,25,1
82,82,26720.0,25,1
83,83,26720.0,25,1
84,84,26720.0,25,1
85,85,26714.0,30,2
86,86,26712.0,32,2
87,87,26711.0,33,2
88,88,26711.0,33,2
89,89,26711.0,33,2
90,90,26711.0,33,2
91,91,26709.0,35,2
92,92,26706.0,38,2
93,93,26706.0,38,2
94,94,26705.0,39,2
95,95,26703.0,41,2
96,96,26703.0,41,2
97,97,26698.0,46,2
98,98,26696.0,47,3
99,99,26691.0,52,3
100,100,26680.0,63,3
101,101,26680.0,63,3
102,102,26675.0,68,3
103,103,26674.0,69,3
104,104,26669.0,74,3
105,105,26661.0,82,3
106,106,26661.0,82,3
107,107,26658.0,85,3
108,108,26657.0,86,3
109,109,26657.0,86,3
110,110,26656.0,86,4
111,111,26653.0,89,4
112,112,26649.0,93,4
113,113,26642.0,100,4
114,114,26642.0,100,4
115,115,26642.0,100,4
116,116,26642.0,100,4
117,117,26639.0,103,4
118,118,26634.0,108,4
119,119,26631.0,111,4
120,120,26629.0,113,4
121,121,26620.0,122,4
122,122,26620.0,122,4
123,123,26620.0,122,4
124,124,26613.0,129,4
125,125,26611.0,130,5
126,126,26607.0,134,5
127,127,26605.0,136,5
128,128,26604.0,137,5
