,Days,S,I,D
0,0,26447.0,0,0
1,1,26447.0,0,0
2,2,26447.0,0,0
3,3,26447.0,0,0
4,4,26447.0,0,0
5,5,26447.0,0,0
6,6,26447.0,0,0
7,7,26447.0,0,0
8,8,26447.0,0,0
9,9,26447.0,0,0
10,10,26447.0,0,0
11,11,26447.0,0,0
12,12,26447.0,0,0
13,13,26447.0,0,0
14,14,26447.0,0,0
15,15,26447.0,0,0
16,16,26447.0,0,0
17,17,26447.0,0,0
18,18,26447.0,0,0
19,19,26447.0,0,0
20,20,26447.0,0,0
21,21,26447.0,0,0
22,22,26447.0,0,0
23,23,26447.0,0,0
24,24,26447.0,0,0
25,25,26447.0,0,0
26,26,26447.0,0,0
27,27,26447.0,0,0
28,28,26447.0,0,0
29,29,26447.0,0,0
30,30,26447.0,0,0
31,31,26447.0,0,0
32,32,26447.0,0,0
33,33,26447.0,0,0
34,34,26447.0,0,0
35,35,26447.0,0,0
36,36,26447.0,0,0
37,37,26447.0,0,0
38,38,26447.0,0,0
39,39,26447.0,0,0
40,40,26447.0,0,0
41,41,26447.0,0,0
42,42,26447.0,0,0
43,43,26447.0,0,0
44,44,26447.0,0,0
45,45,26447.0,0,0
46,46,26447.0,0,0
47,47,26447.0,0,0
48,48,26447.0,0,0
49,49,26447.0,0,0
50,50,26447.0,0,0
51,51,26447.0,0,0
52,52,26447.0,0,0
53,53,26447.0,0,0
54,54,26447.0,0,0
55,55,26447.0,0,0
56,56,26447.0,0,0
57,57,26447.0,0,0
58,58,26447.0,0,0
59,59,26447.0,0,0
60,60,26447.0,0,0
61,61,26447.0,0,0
62,62,26447.0,0,0
63,63,26447.0,0,0
64,64,26447.0,0,0
65,65,26447.0,0,0
66,66,26447.0,0,0
67,67,26445.0,2,0
68,68,26445.0,2,0
69,69,26445.0,2,0
70,70,26445.0,2,0
71,71,26445.0,2,0
72,72,26445.0,2,0
73,73,26445.0,2,0
74,74,26444.0,3,0
75,75,26441.0,6,0
76,76,26441.0,6,0
77,77,26441.0,6,0
78,78,26441.0,6,0
79,79,26441.0,6,0
80,80,26438.0,6,3
81,81,26438.0,6,3
82,82,26438.0,6,3
83,83,26437.0,7,3
84,84,26437.0,7,3
85,85,26436.0,8,3
86,86,26436.0,8,3
87,87,26436.0,8,3
88,88,26436.0,8,3
89,89,26435.0,9,3
90,90,26435.0,9,3
91,91,26435.0,9,3
92,92,26435.0,9,3
93,93,26435.0,9,3
94,94,26435.0,9,3
95,95,26435.0,9,3
96,96,26434.0,9,4
97,97,26434.0,9,4
98,98,26434.0,9,4
99,99,26434.0,9,4
100,100,26434.0,9,4
101,101,26434.0,9,4
102,102,26433.0,9,5
103,103,26433.0,9,5
104,104,26433.0,9,5
105,105,26433.0,9,5
106,106,26432.0,10,5
107,107,26432.0,10,5
108,108,26431.0,11,5
109,109,26431.0,11,5
110,110,26431.0,11,5
111,111,26431.0,11,5
112,112,26431.0,11,5
113,113,26430.0,12,5
114,114,26430.0,12,5
115,115,26429.0,13,5
116,116,26426.0,16,5
117,117,26425.0,17,5
118,118,26424.0,18,5
119,119,26424.0,18,5
120,120,26424.0,18,5
121,121,26423.0,19,5
122,122,26423.0,19,5
123,123,26423.0,19,5
124,124,26423.0,19,5
125,125,26422.0,20,5
126,126,26422.0,20,5
127,127,26422.0,20,5
128,128,26422.0,20,5
