,Days,S,I,D
0,0,57207.0,0,0
1,1,57207.0,0,0
2,2,57207.0,0,0
3,3,57207.0,0,0
4,4,57207.0,0,0
5,5,57207.0,0,0
6,6,57207.0,0,0
7,7,57207.0,0,0
8,8,57207.0,0,0
9,9,57207.0,0,0
10,10,57207.0,0,0
11,11,57207.0,0,0
12,12,57207.0,0,0
13,13,57207.0,0,0
14,14,57207.0,0,0
15,15,57207.0,0,0
16,16,57207.0,0,0
17,17,57207.0,0,0
18,18,57207.0,0,0
19,19,57207.0,0,0
20,20,57207.0,0,0
21,21,57207.0,0,0
22,22,57207.0,0,0
23,23,57207.0,0,0
24,24,57207.0,0,0
25,25,57207.0,0,0
26,26,57207.0,0,0
27,27,57207.0,0,0
28,28,57207.0,0,0
29,29,57207.0,0,0
30,30,57207.0,0,0
31,31,57207.0,0,0
32,32,57207.0,0,0
33,33,57207.0,0,0
34,34,57207.0,0,0
35,35,57207.0,0,0
36,36,57207.0,0,0
37,37,57207.0,0,0
38,38,57207.0,0,0
39,39,57207.0,0,0
40,40,57207.0,0,0
41,41,57207.0,0,0
42,42,57207.0,0,0
43,43,57207.0,0,0
44,44,57207.0,0,0
45,45,57207.0,0,0
46,46,57207.0,0,0
47,47,57207.0,0,0
48,48,57207.0,0,0
49,49,57207.0,0,0
50,50,57207.0,0,0
51,51,57207.0,0,0
52,52,57207.0,0,0
53,53,57207.0,0,0
54,54,57207.0,0,0
55,55,57207.0,0,0
56,56,57207.0,0,0
57,57,57207.0,0,0
58,58,57207.0,0,0
59,59,57207.0,0,0
60,60,57207.0,0,0
61,61,57207.0,0,0
62,62,57207.0,0,0
63,63,57205.0,2,0
64,64,57205.0,2,0
65,65,57203.0,4,0
66,66,57200.0,6,1
67,67,57197.0,9,1
68,68,57197.0,9,1
69,69,57194.0,12,1
70,70,57193.0,13,1
71,71,57192.0,14,1
72,72,57192.0,14,1
73,73,57192.0,14,1
74,74,57180.0,26,1
75,75,57180.0,26,1
76,76,57178.0,28,1
77,77,57165.0,41,1
78,78,57165.0,41,1
79,79,57165.0,41,1
80,80,57158.0,47,2
81,81,57144.0,61,2
82,82,57144.0,61,2
83,83,57144.0,61,2
84,84,57140.0,65,2
85,85,57139.0,66,2
86,86,57138.0,67,2
87,87,57138.0,67,2
88,88,57132.0,73,2
89,89,57132.0,73,2
90,90,57120.0,85,2
91,91,57116.0,89,2
92,92,57114.0,91,2
93,93,57113.0,91,3
94,94,57112.0,92,3
95,95,57112.0,92,3
96,96,57112.0,92,3
97,97,57108.0,96,3
98,98,57105.0,99,3
99,99,57105.0,99,3
100,100,57104.0,100,3
101,101,57101.0,103,3
102,102,57101.0,103,3
103,103,57101.0,103,3
104,104,57092.0,112,3
105,105,57092.0,112,3
106,106,57091.0,113,3
107,107,57091.0,113,3
108,108,57091.0,113,3
109,109,57089.0,115,3
110,110,57089.0,115,3
111,111,57089.0,115,3
112,112,57089.0,115,3
113,113,57087.0,116,4
114,114,57087.0,116,4
115,115,57086.0,117,4
116,116,57086.0,117,4
117,117,57086.0,117,4
118,118,57085.0,118,4
119,119,57082.0,121,4
120,120,57082.0,121,4
121,121,57078.0,125,4
122,122,57066.0,136,5
123,123,57066.0,136,5
124,124,57066.0,136,5
125,125,57066.0,136,5
126,126,57066.0,136,5
127,127,57065.0,137,5
128,128,57064.0,138,5
