,Days,S,I,D
0,0,41182.0,0,0
1,1,41182.0,0,0
2,2,41182.0,0,0
3,3,41182.0,0,0
4,4,41182.0,0,0
5,5,41182.0,0,0
6,6,41182.0,0,0
7,7,41182.0,0,0
8,8,41182.0,0,0
9,9,41182.0,0,0
10,10,41182.0,0,0
11,11,41182.0,0,0
12,12,41182.0,0,0
13,13,41182.0,0,0
14,14,41182.0,0,0
15,15,41182.0,0,0
16,16,41182.0,0,0
17,17,41182.0,0,0
18,18,41182.0,0,0
19,19,41182.0,0,0
20,20,41182.0,0,0
21,21,41182.0,0,0
22,22,41182.0,0,0
23,23,41182.0,0,0
24,24,41182.0,0,0
25,25,41182.0,0,0
26,26,41182.0,0,0
27,27,41182.0,0,0
28,28,41182.0,0,0
29,29,41182.0,0,0
30,30,41182.0,0,0
31,31,41182.0,0,0
32,32,41182.0,0,0
33,33,41182.0,0,0
34,34,41182.0,0,0
35,35,41182.0,0,0
36,36,41182.0,0,0
37,37,41182.0,0,0
38,38,41182.0,0,0
39,39,41182.0,0,0
40,40,41182.0,0,0
41,41,41182.0,0,0
42,42,41182.0,0,0
43,43,41182.0,0,0
44,44,41182.0,0,0
45,45,41182.0,0,0
46,46,41182.0,0,0
47,47,41182.0,0,0
48,48,41182.0,0,0
49,49,41182.0,0,0
50,50,41182.0,0,0
51,51,41182.0,0,0
52,52,41182.0,0,0
53,53,41182.0,0,0
54,54,41182.0,0,0
55,55,41182.0,0,0
56,56,41182.0,0,0
57,57,41182.0,0,0
58,58,41182.0,0,0
59,59,41182.0,0,0
60,60,41182.0,0,0
61,61,41182.0,0,0
62,62,41182.0,0,0
63,63,41181.0,1,0
64,64,41181.0,1,0
65,65,41180.0,2,0
66,66,41180.0,2,0
67,67,41180.0,2,0
68,68,41177.0,5,0
69,69,41175.0,7,0
70,70,41174.0,7,1
71,71,41173.0,8,1
72,72,41171.0,10,1
73,73,41168.0,13,1
74,74,41168.0,13,1
75,75,41166.0,14,2
76,76,41163.0,17,2
77,77,41158.0,22,2
78,78,41159.0,21,2
79,79,41157.0,23,2
80,80,41157.0,23,2
81,81,41157.0,23,2
82,82,41157.0,23,2
83,83,41157.0,23,2
84,84,41155.0,25,2
85,85,41155.0,25,2
86,86,41152.0,27,3
87,87,41147.0,32,3
88,88,41147.0,32,3
89,89,41147.0,32,3
90,90,41147.0,32,3
91,91,41147.0,32,3
92,92,41144.0,34,4
93,93,41144.0,34,4
94,94,41144.0,34,4
95,95,41144.0,34,4
96,96,41144.0,34,4
97,97,41144.0,34,4
98,98,41144.0,34,4
99,99,41143.0,35,4
100,100,41141.0,36,5
101,101,41141.0,36,5
102,102,41141.0,36,5
103,103,41141.0,36,5
104,104,41141.0,36,5
105,105,41140.0,37,5
106,106,41140.0,37,5
107,107,41140.0,37,5
108,108,41140.0,37,5
109,109,41140.0,37,5
110,110,41139.0,38,5
111,111,41139.0,38,5
112,112,41139.0,38,5
113,113,41139.0,38,5
114,114,41139.0,38,5
115,115,41139.0,38,5
116,116,41138.0,39,5
117,117,41138.0,39,5
118,118,41138.0,39,5
119,119,41138.0,39,5
120,120,41138.0,39,5
121,121,41138.0,39,5
122,122,41138.0,39,5
123,123,41137.0,40,5
124,124,41137.0,40,5
125,125,41137.0,40,5
126,126,41137.0,40,5
127,127,41137.0,40,5
128,128,41136.0,41,5
