,Days,S,I,D
0,0,31039.0,0,0
1,1,31039.0,0,0
2,2,31039.0,0,0
3,3,31039.0,0,0
4,4,31039.0,0,0
5,5,31039.0,0,0
6,6,31039.0,0,0
7,7,31039.0,0,0
8,8,31039.0,0,0
9,9,31039.0,0,0
10,10,31039.0,0,0
11,11,31039.0,0,0
12,12,31039.0,0,0
13,13,31039.0,0,0
14,14,31039.0,0,0
15,15,31039.0,0,0
16,16,31039.0,0,0
17,17,31039.0,0,0
18,18,31039.0,0,0
19,19,31039.0,0,0
20,20,31039.0,0,0
21,21,31039.0,0,0
22,22,31039.0,0,0
23,23,31039.0,0,0
24,24,31039.0,0,0
25,25,31039.0,0,0
26,26,31039.0,0,0
27,27,31039.0,0,0
28,28,31039.0,0,0
29,29,31039.0,0,0
30,30,31039.0,0,0
31,31,31039.0,0,0
32,32,31039.0,0,0
33,33,31039.0,0,0
34,34,31039.0,0,0
35,35,31039.0,0,0
36,36,31039.0,0,0
37,37,31039.0,0,0
38,38,31039.0,0,0
39,39,31039.0,0,0
40,40,31039.0,0,0
41,41,31039.0,0,0
42,42,31039.0,0,0
43,43,31039.0,0,0
44,44,31039.0,0,0
45,45,31039.0,0,0
46,46,31039.0,0,0
47,47,31039.0,0,0
48,48,31039.0,0,0
49,49,31039.0,0,0
50,50,31039.0,0,0
51,51,31039.0,0,0
52,52,31039.0,0,0
53,53,31039.0,0,0
54,54,31039.0,0,0
55,55,31039.0,0,0
56,56,31039.0,0,0
57,57,31039.0,0,0
58,58,31039.0,0,0
59,59,31039.0,0,0
60,60,31039.0,0,0
61,61,31039.0,0,0
62,62,31039.0,0,0
63,63,31038.0,1,0
64,64,31038.0,1,0
65,65,31038.0,1,0
66,66,31038.0,1,0
67,67,31038.0,1,0
68,68,31037.0,2,0
69,69,31036.0,2,1
70,70,31036.0,2,1
71,71,31036.0,2,1
72,72,31036.0,2,1
73,73,31036.0,2,1
74,74,31036.0,2,1
75,75,31034.0,4,1
76,76,31033.0,5,1
77,77,31033.0,5,1
78,78,31033.0,5,1
79,79,31033.0,5,1
80,80,31033.0,5,1
81,81,31031.0,7,1
82,82,31032.0,6,1
83,83,31030.0,8,1
84,84,31030.0,8,1
85,85,31030.0,8,1
86,86,31025.0,13,1
87,87,31025.0,13,1
88,88,31023.0,15,1
89,89,31023.0,15,1
90,90,31019.0,19,1
91,91,31016.0,22,1
92,92,31016.0,22,1
93,93,31014.0,24,1
94,94,31009.0,29,1
95,95,31009.0,29,1
96,96,31006.0,32,1
97,97,31006.0,32,1
98,98,31005.0,32,2
99,99,31003.0,34,2
100,100,31001.0,36,2
101,101,31000.0,37,2
102,102,31000.0,37,2
103,103,30997.0,40,2
104,104,30996.0,41,2
105,105,30996.0,41,2
106,106,30994.0,43,2
107,107,30993.0,44,2
108,108,30990.0,47,2
109,109,30989.0,47,3
110,110,30989.0,47,3
111,111,30989.0,47,3
112,112,30988.0,47,4
113,113,30988.0,47,4
114,114,30987.0,48,4
115,115,30984.0,51,4
116,116,30984.0,51,4
117,117,30983.0,52,4
118,118,30982.0,53,4
119,119,30979.0,56,4
120,120,30978.0,57,4
121,121,30975.0,60,4
122,122,30971.0,63,5
123,123,30970.0,64,5
124,124,30969.0,65,5
125,125,30968.0,66,5
126,126,30967.0,67,5
127,127,30967.0,67,5
128,128,30966.0,68,5
