,Days,S,I,D
0,0,5121.0,0,0
1,1,5121.0,0,0
2,2,5121.0,0,0
3,3,5121.0,0,0
4,4,5121.0,0,0
5,5,5121.0,0,0
6,6,5121.0,0,0
7,7,5121.0,0,0
8,8,5121.0,0,0
9,9,5121.0,0,0
10,10,5121.0,0,0
11,11,5121.0,0,0
12,12,5121.0,0,0
13,13,5121.0,0,0
14,14,5121.0,0,0
15,15,5121.0,0,0
16,16,5121.0,0,0
17,17,5121.0,0,0
18,18,5121.0,0,0
19,19,5121.0,0,0
20,20,5121.0,0,0
21,21,5121.0,0,0
22,22,5121.0,0,0
23,23,5121.0,0,0
24,24,5121.0,0,0
25,25,5121.0,0,0
26,26,5121.0,0,0
27,27,5121.0,0,0
28,28,5121.0,0,0
29,29,5121.0,0,0
30,30,5121.0,0,0
31,31,5121.0,0,0
32,32,5121.0,0,0
33,33,5121.0,0,0
34,34,5121.0,0,0
35,35,5121.0,0,0
36,36,5121.0,0,0
37,37,5121.0,0,0
38,38,5121.0,0,0
39,39,5121.0,0,0
40,40,5121.0,0,0
41,41,5121.0,0,0
42,42,5121.0,0,0
43,43,5121.0,0,0
44,44,5121.0,0,0
45,45,5121.0,0,0
46,46,5121.0,0,0
47,47,5121.0,0,0
48,48,5121.0,0,0
49,49,5121.0,0,0
50,50,5121.0,0,0
51,51,5121.0,0,0
52,52,5121.0,0,0
53,53,5121.0,0,0
54,54,5121.0,0,0
55,55,5121.0,0,0
56,56,5121.0,0,0
57,57,5121.0,0,0
58,58,5121.0,0,0
59,59,5121.0,0,0
60,60,5121.0,0,0
61,61,5121.0,0,0
62,62,5121.0,0,0
63,63,5121.0,0,0
64,64,5121.0,0,0
65,65,5121.0,0,0
66,66,5121.0,0,0
67,67,5121.0,0,0
68,68,5121.0,0,0
69,69,5121.0,0,0
70,70,5121.0,0,0
71,71,5121.0,0,0
72,72,5120.0,1,0
73,73,5119.0,2,0
74,74,5119.0,2,0
75,75,5119.0,2,0
76,76,5119.0,2,0
77,77,5117.0,4,0
78,78,5116.0,5,0
79,79,5116.0,5,0
80,80,5114.0,7,0
81,81,5112.0,7,2
82,82,5112.0,7,2
83,83,5111.0,8,2
84,84,5113.0,7,1
85,85,5113.0,7,1
86,86,5113.0,7,1
87,87,5113.0,7,1
88,88,5113.0,7,1
89,89,5109.0,11,1
90,90,5108.0,12,1
91,91,5108.0,12,1
92,92,5102.0,18,1
93,93,5101.0,18,2
94,94,5101.0,18,2
95,95,5102.0,18,1
96,96,5099.0,20,2
97,97,5099.0,20,2
98,98,5097.0,22,2
99,99,5096.0,23,2
100,100,5096.0,23,2
101,101,5096.0,23,2
102,102,5094.0,24,3
103,103,5072.0,46,3
104,104,5072.0,46,3
105,105,5072.0,46,3
106,106,5071.0,47,3
107,107,5071.0,47,3
108,108,5071.0,47,3
109,109,5070.0,48,3
110,110,5069.0,49,3
111,111,5069.0,49,3
112,112,5068.0,50,3
113,113,5068.0,50,3
114,114,5068.0,50,3
115,115,5068.0,50,3
116,116,5066.0,52,3
117,117,5063.0,55,3
118,118,5060.0,58,3
119,119,5060.0,58,3
120,120,5060.0,58,3
121,121,5058.0,60,3
122,122,5058.0,60,3
123,123,5058.0,60,3
124,124,5054.0,62,5
125,125,5054.0,62,5
126,126,5046.0,70,5
127,127,5040.0,76,5
128,128,5038.0,78,5
