,Days,S,I,D
0,0,50224.0,0,0
1,1,50224.0,0,0
2,2,50224.0,0,0
3,3,50224.0,0,0
4,4,50224.0,0,0
5,5,50224.0,0,0
6,6,50224.0,0,0
7,7,50224.0,0,0
8,8,50224.0,0,0
9,9,50224.0,0,0
10,10,50224.0,0,0
11,11,50224.0,0,0
12,12,50224.0,0,0
13,13,50224.0,0,0
14,14,50224.0,0,0
15,15,50224.0,0,0
16,16,50224.0,0,0
17,17,50224.0,0,0
18,18,50224.0,0,0
19,19,50224.0,0,0
20,20,50224.0,0,0
21,21,50224.0,0,0
22,22,50224.0,0,0
23,23,50224.0,0,0
24,24,50224.0,0,0
25,25,50224.0,0,0
26,26,50224.0,0,0
27,27,50224.0,0,0
28,28,50224.0,0,0
29,29,50224.0,0,0
30,30,50224.0,0,0
31,31,50224.0,0,0
32,32,50224.0,0,0
33,33,50224.0,0,0
34,34,50224.0,0,0
35,35,50224.0,0,0
36,36,50224.0,0,0
37,37,50224.0,0,0
38,38,50224.0,0,0
39,39,50224.0,0,0
40,40,50224.0,0,0
41,41,50224.0,0,0
42,42,50224.0,0,0
43,43,50224.0,0,0
44,44,50224.0,0,0
45,45,50224.0,0,0
46,46,50224.0,0,0
47,47,50224.0,0,0
48,48,50224.0,0,0
49,49,50224.0,0,0
50,50,50224.0,0,0
51,51,50224.0,0,0
52,52,50224.0,0,0
53,53,50224.0,0,0
54,54,50224.0,0,0
55,55,50224.0,0,0
56,56,50224.0,0,0
57,57,50224.0,0,0
58,58,50224.0,0,0
59,59,50224.0,0,0
60,60,50224.0,0,0
61,61,50224.0,0,0
62,62,50224.0,0,0
63,63,50224.0,0,0
64,64,50223.0,1,0
65,65,50223.0,1,0
66,66,50222.0,2,0
67,67,50222.0,2,0
68,68,50222.0,2,0
69,69,50221.0,3,0
70,70,50219.0,5,0
71,71,50219.0,5,0
72,72,50218.0,6,0
73,73,50218.0,6,0
74,74,50218.0,6,0
75,75,50218.0,6,0
76,76,50217.0,7,0
77,77,50216.0,8,0
78,78,50215.0,9,0
79,79,50214.0,10,0
80,80,50214.0,10,0
81,81,50213.0,11,0
82,82,50213.0,11,0
83,83,50213.0,11,0
84,84,50211.0,12,1
85,85,50210.0,13,1
86,86,50204.0,19,1
87,87,50204.0,19,1
88,88,50202.0,21,1
89,89,50202.0,21,1
90,90,50201.0,22,1
91,91,50199.0,23,2
92,92,50197.0,25,2
93,93,50197.0,25,2
94,94,50196.0,26,2
95,95,50193.0,29,2
96,96,50193.0,29,2
97,97,50193.0,29,2
98,98,50191.0,31,2
99,99,50189.0,32,3
100,100,50189.0,32,3
101,101,50188.0,33,3
102,102,50188.0,33,3
103,103,50188.0,33,3
104,104,50187.0,34,3
105,105,50186.0,34,4
106,106,50186.0,34,4
107,107,50186.0,34,4
108,108,50186.0,34,4
109,109,50185.0,35,4
110,110,50184.0,36,4
111,111,50184.0,36,4
112,112,50184.0,36,4
113,113,50184.0,36,4
114,114,50184.0,36,4
115,115,50184.0,36,4
116,116,50183.0,36,5
117,117,50183.0,36,5
118,118,50182.0,37,5
119,119,50182.0,37,5
120,120,50181.0,38,5
121,121,50181.0,38,5
122,122,50181.0,38,5
123,123,50181.0,38,5
124,124,50181.0,38,5
125,125,50181.0,38,5
126,126,50181.0,38,5
127,127,50181.0,38,5
128,128,50181.0,38,5
