,Days,S,I,D
0,0,49421.0,0,0
1,1,49421.0,0,0
2,2,49421.0,0,0
3,3,49421.0,0,0
4,4,49421.0,0,0
5,5,49421.0,0,0
6,6,49421.0,0,0
7,7,49421.0,0,0
8,8,49421.0,0,0
9,9,49421.0,0,0
10,10,49421.0,0,0
11,11,49421.0,0,0
12,12,49421.0,0,0
13,13,49421.0,0,0
14,14,49421.0,0,0
15,15,49421.0,0,0
16,16,49421.0,0,0
17,17,49421.0,0,0
18,18,49421.0,0,0
19,19,49421.0,0,0
20,20,49421.0,0,0
21,21,49421.0,0,0
22,22,49421.0,0,0
23,23,49421.0,0,0
24,24,49421.0,0,0
25,25,49421.0,0,0
26,26,49421.0,0,0
27,27,49421.0,0,0
28,28,49421.0,0,0
29,29,49421.0,0,0
30,30,49421.0,0,0
31,31,49421.0,0,0
32,32,49421.0,0,0
33,33,49421.0,0,0
34,34,49421.0,0,0
35,35,49421.0,0,0
36,36,49421.0,0,0
37,37,49421.0,0,0
38,38,49421.0,0,0
39,39,49421.0,0,0
40,40,49421.0,0,0
41,41,49421.0,0,0
42,42,49421.0,0,0
43,43,49421.0,0,0
44,44,49421.0,0,0
45,45,49421.0,0,0
46,46,49421.0,0,0
47,47,49421.0,0,0
48,48,49421.0,0,0
49,49,49421.0,0,0
50,50,49421.0,0,0
51,51,49421.0,0,0
52,52,49421.0,0,0
53,53,49421.0,0,0
54,54,49421.0,0,0
55,55,49421.0,0,0
56,56,49421.0,0,0
57,57,49421.0,0,0
58,58,49421.0,0,0
59,59,49419.0,2,0
60,60,49419.0,2,0
61,61,49419.0,2,0
62,62,49419.0,2,0
63,63,49418.0,3,0
64,64,49417.0,4,0
65,65,49415.0,6,0
66,66,49414.0,7,0
67,67,49412.0,9,0
68,68,49410.0,11,0
69,69,49408.0,13,0
70,70,49406.0,15,0
71,71,49405.0,16,0
72,72,49400.0,21,0
73,73,49398.0,23,0
74,74,49394.0,27,0
75,75,49392.0,29,0
76,76,49385.0,33,3
77,77,49385.0,33,3
78,78,49383.0,35,3
79,79,49350.0,68,3
80,80,49338.0,80,3
81,81,49337.0,81,3
82,82,49335.0,83,3
83,83,49334.0,84,3
84,84,49334.0,84,3
85,85,49332.0,86,3
86,86,49330.0,88,3
87,87,49328.0,90,3
88,88,49328.0,90,3
89,89,49328.0,90,3
90,90,49327.0,90,4
91,91,49327.0,90,4
92,92,49326.0,90,5
93,93,49326.0,90,5
94,94,49326.0,90,5
95,95,49325.0,91,5
96,96,49325.0,91,5
97,97,49325.0,91,5
98,98,49325.0,91,5
99,99,49325.0,91,5
100,100,49318.0,98,5
101,101,49318.0,98,5
102,102,49317.0,99,5
103,103,49317.0,99,5
104,104,49317.0,99,5
105,105,49317.0,99,5
106,106,49317.0,99,5
107,107,49317.0,99,5
108,108,49317.0,99,5
109,109,49317.0,99,5
110,110,49317.0,99,5
111,111,49317.0,99,5
112,112,49317.0,99,5
113,113,49317.0,99,5
114,114,49317.0,99,5
115,115,49317.0,99,5
116,116,49317.0,99,5
117,117,49317.0,99,5
118,118,49317.0,99,5
119,119,49317.0,99,5
120,120,49317.0,99,5
121,121,49317.0,99,5
122,122,49317.0,99,5
123,123,49317.0,99,5
124,124,49317.0,99,5
125,125,49317.0,99,5
126,126,49317.0,99,5
127,127,49317.0,99,5
128,128,49317.0,99,5
