,Days,S,I,D
0,0,110683.0,0,0
1,1,110683.0,0,0
2,2,110683.0,0,0
3,3,110683.0,0,0
4,4,110683.0,0,0
5,5,110683.0,0,0
6,6,110683.0,0,0
7,7,110683.0,0,0
8,8,110683.0,0,0
9,9,110683.0,0,0
10,10,110683.0,0,0
11,11,110683.0,0,0
12,12,110683.0,0,0
13,13,110683.0,0,0
14,14,110683.0,0,0
15,15,110683.0,0,0
16,16,110683.0,0,0
17,17,110683.0,0,0
18,18,110683.0,0,0
19,19,110683.0,0,0
20,20,110683.0,0,0
21,21,110683.0,0,0
22,22,110683.0,0,0
23,23,110683.0,0,0
24,24,110683.0,0,0
25,25,110683.0,0,0
26,26,110683.0,0,0
27,27,110683.0,0,0
28,28,110683.0,0,0
29,29,110683.0,0,0
30,30,110683.0,0,0
31,31,110683.0,0,0
32,32,110683.0,0,0
33,33,110683.0,0,0
34,34,110683.0,0,0
35,35,110683.0,0,0
36,36,110683.0,0,0
37,37,110683.0,0,0
38,38,110683.0,0,0
39,39,110683.0,0,0
40,40,110683.0,0,0
41,41,110683.0,0,0
42,42,110683.0,0,0
43,43,110683.0,0,0
44,44,110683.0,0,0
45,45,110683.0,0,0
46,46,110683.0,0,0
47,47,110683.0,0,0
48,48,110683.0,0,0
49,49,110683.0,0,0
50,50,110683.0,0,0
51,51,110683.0,0,0
52,52,110683.0,0,0
53,53,110683.0,0,0
54,54,110683.0,0,0
55,55,110683.0,0,0
56,56,110683.0,0,0
57,57,110683.0,0,0
58,58,110683.0,0,0
59,59,110683.0,0,0
60,60,110682.0,1,0
61,61,110682.0,1,0
62,62,110681.0,2,0
63,63,110681.0,2,0
64,64,110680.0,3,0
65,65,110679.0,4,0
66,66,110677.0,6,0
67,67,110676.0,7,0
68,68,110676.0,7,0
69,69,110675.0,8,0
70,70,110675.0,8,0
71,71,110674.0,9,0
72,72,110673.0,10,0
73,73,110669.0,14,0
74,74,110665.0,18,0
75,75,110665.0,18,0
76,76,110657.0,26,0
77,77,110656.0,27,0
78,78,110653.0,30,0
79,79,110647.0,36,0
80,80,110645.0,38,0
81,81,110643.0,40,0
82,82,110640.0,43,0
83,83,110639.0,44,0
84,84,110636.0,47,0
85,85,110633.0,50,0
86,86,110626.0,56,1
87,87,110625.0,57,1
88,88,110623.0,59,1
89,89,110623.0,59,1
90,90,110623.0,59,1
91,91,110623.0,59,1
92,92,110622.0,60,1
93,93,110618.0,64,1
94,94,110618.0,64,1
95,95,110617.0,65,1
96,96,110617.0,65,1
97,97,110617.0,65,1
98,98,110617.0,65,1
99,99,110617.0,65,1
100,100,110617.0,65,1
101,101,110616.0,66,1
102,102,110616.0,66,1
103,103,110616.0,66,1
104,104,110615.0,67,1
105,105,110613.0,69,1
106,106,110612.0,70,1
107,107,110611.0,70,2
108,108,110608.0,73,2
109,109,110608.0,73,2
110,110,110606.0,75,2
111,111,110604.0,77,2
112,112,110603.0,78,2
113,113,110600.0,81,2
114,114,110598.0,83,2
115,115,110590.0,91,2
116,116,110590.0,91,2
117,117,110585.0,94,4
118,118,110583.0,96,4
119,119,110583.0,96,4
120,120,110582.0,97,4
121,121,110577.0,102,4
122,122,110576.0,103,4
123,123,110575.0,104,4
124,124,110574.0,105,4
125,125,110574.0,105,4
126,126,110573.0,106,4
127,127,110573.0,106,4
128,128,110571.0,107,5
