,Days,S,I,D
0,0,19785.0,0,0
1,1,19785.0,0,0
2,2,19785.0,0,0
3,3,19785.0,0,0
4,4,19785.0,0,0
5,5,19785.0,0,0
6,6,19785.0,0,0
7,7,19785.0,0,0
8,8,19785.0,0,0
9,9,19785.0,0,0
10,10,19785.0,0,0
11,11,19785.0,0,0
12,12,19785.0,0,0
13,13,19785.0,0,0
14,14,19785.0,0,0
15,15,19785.0,0,0
16,16,19785.0,0,0
17,17,19785.0,0,0
18,18,19785.0,0,0
19,19,19785.0,0,0
20,20,19785.0,0,0
21,21,19785.0,0,0
22,22,19785.0,0,0
23,23,19785.0,0,0
24,24,19785.0,0,0
25,25,19785.0,0,0
26,26,19785.0,0,0
27,27,19785.0,0,0
28,28,19785.0,0,0
29,29,19785.0,0,0
30,30,19785.0,0,0
31,31,19785.0,0,0
32,32,19785.0,0,0
33,33,19785.0,0,0
34,34,19785.0,0,0
35,35,19785.0,0,0
36,36,19785.0,0,0
37,37,19785.0,0,0
38,38,19785.0,0,0
39,39,19785.0,0,0
40,40,19785.0,0,0
41,41,19785.0,0,0
42,42,19785.0,0,0
43,43,19785.0,0,0
44,44,19785.0,0,0
45,45,19785.0,0,0
46,46,19785.0,0,0
47,47,19785.0,0,0
48,48,19785.0,0,0
49,49,19785.0,0,0
50,50,19785.0,0,0
51,51,19785.0,0,0
52,52,19785.0,0,0
53,53,19785.0,0,0
54,54,19785.0,0,0
55,55,19785.0,0,0
56,56,19784.0,1,0
57,57,19782.0,3,0
58,58,19781.0,4,0
59,59,19780.0,5,0
60,60,19777.0,8,0
61,61,19777.0,8,0
62,62,19777.0,8,0
63,63,19775.0,10,0
64,64,19773.0,12,0
65,65,19766.0,18,1
66,66,19765.0,19,1
67,67,19762.0,21,2
68,68,19760.0,23,2
69,69,19758.0,25,2
70,70,19754.0,29,2
71,71,19754.0,29,2
72,72,19750.0,32,3
73,73,19749.0,32,4
74,74,19749.0,32,4
75,75,19748.0,33,4
76,76,19747.0,34,4
77,77,19747.0,34,4
78,78,19746.0,35,4
79,79,19746.0,35,4
80,80,19744.0,37,4
81,81,19743.0,38,4
82,82,19743.0,38,4
83,83,19742.0,39,4
84,84,19742.0,39,4
85,85,19742.0,39,4
86,86,19742.0,39,4
87,87,19742.0,39,4
88,88,19742.0,39,4
89,89,19740.0,41,4
90,90,19740.0,41,4
91,91,19740.0,41,4
92,92,19740.0,41,4
93,93,19740.0,41,4
94,94,19739.0,42,4
95,95,19738.0,43,4
96,96,19738.0,43,4
97,97,19729.0,52,4
98,98,19711.0,70,4
99,99,19693.0,88,4
100,100,19673.0,108,4
101,101,19673.0,108,4
102,102,19673.0,108,4
103,103,19673.0,108,4
104,104,19671.0,110,4
105,105,19670.0,111,4
106,106,19670.0,111,4
107,107,19670.0,111,4
108,108,19669.0,112,4
109,109,19669.0,112,4
110,110,19669.0,112,4
111,111,19669.0,112,4
112,112,19668.0,113,4
113,113,19668.0,113,4
114,114,19667.0,114,4
115,115,19663.0,117,5
116,116,19662.0,118,5
117,117,19660.0,120,5
118,118,19657.0,123,5
119,119,19657.0,123,5
120,120,19656.0,124,5
121,121,19656.0,124,5
122,122,19656.0,124,5
123,123,19656.0,124,5
124,124,19655.0,125,5
125,125,19654.0,126,5
126,126,19654.0,126,5
127,127,19654.0,126,5
128,128,19651.0,129,5
