,Days,S,I,D
0,0,9036.0,0,0
1,1,9036.0,0,0
2,2,9036.0,0,0
3,3,9036.0,0,0
4,4,9036.0,0,0
5,5,9036.0,0,0
6,6,9036.0,0,0
7,7,9036.0,0,0
8,8,9036.0,0,0
9,9,9036.0,0,0
10,10,9036.0,0,0
11,11,9036.0,0,0
12,12,9036.0,0,0
13,13,9036.0,0,0
14,14,9036.0,0,0
15,15,9036.0,0,0
16,16,9036.0,0,0
17,17,9036.0,0,0
18,18,9036.0,0,0
19,19,9036.0,0,0
20,20,9036.0,0,0
21,21,9036.0,0,0
22,22,9036.0,0,0
23,23,9036.0,0,0
24,24,9036.0,0,0
25,25,9036.0,0,0
26,26,9036.0,0,0
27,27,9036.0,0,0
28,28,9036.0,0,0
29,29,9036.0,0,0
30,30,9036.0,0,0
31,31,9036.0,0,0
32,32,9036.0,0,0
33,33,9036.0,0,0
34,34,9036.0,0,0
35,35,9036.0,0,0
36,36,9036.0,0,0
37,37,9036.0,0,0
38,38,9036.0,0,0
39,39,9036.0,0,0
40,40,9036.0,0,0
41,41,9036.0,0,0
42,42,9036.0,0,0
43,43,9036.0,0,0
44,44,9036.0,0,0
45,45,9036.0,0,0
46,46,9036.0,0,0
47,47,9036.0,0,0
48,48,9036.0,0,0
49,49,9036.0,0,0
50,50,9036.0,0,0
51,51,9036.0,0,0
52,52,9036.0,0,0
53,53,9036.0,0,0
54,54,9036.0,0,0
55,55,9036.0,0,0
56,56,9036.0,0,0
57,57,9036.0,0,0
58,58,9036.0,0,0
59,59,9036.0,0,0
60,60,9036.0,0,0
61,61,9036.0,0,0
62,62,9036.0,0,0
63,63,9036.0,0,0
64,64,9036.0,0,0
65,65,9036.0,0,0
66,66,9036.0,0,0
67,67,9036.0,0,0
68,68,9036.0,0,0
69,69,9035.0,1,0
70,70,9035.0,1,0
71,71,9035.0,1,0
72,72,9035.0,1,0
73,73,9034.0,2,0
74,74,9034.0,2,0
75,75,9033.0,3,0
76,76,9033.0,3,0
77,77,9028.0,8,0
78,78,9028.0,8,0
79,79,9026.0,9,1
80,80,9025.0,10,1
81,81,9024.0,11,1
82,82,9024.0,11,1
83,83,9023.0,12,1
84,84,9021.0,14,1
85,85,9017.0,18,1
86,86,9015.0,20,1
87,87,9015.0,20,1
88,88,9015.0,20,1
89,89,9012.0,22,2
90,90,9012.0,22,2
91,91,9012.0,22,2
92,92,9007.0,27,2
93,93,9005.0,29,2
94,94,9004.0,30,2
95,95,9003.0,31,2
96,96,9002.0,32,2
97,97,9000.0,34,2
98,98,9000.0,34,2
99,99,8999.0,35,2
100,100,8999.0,35,2
101,101,8999.0,35,2
102,102,8999.0,35,2
103,103,8999.0,35,2
104,104,8999.0,35,2
105,105,8995.0,39,2
106,106,8995.0,39,2
107,107,8995.0,39,2
108,108,8995.0,39,2
109,109,8994.0,40,2
110,110,8993.0,40,3
111,111,8993.0,40,3
112,112,8993.0,40,3
113,113,8993.0,40,3
114,114,8991.0,42,3
115,115,8988.0,45,3
116,116,8988.0,45,3
117,117,8988.0,45,3
118,118,8987.0,46,3
119,119,8984.0,49,3
120,120,8972.0,61,3
121,121,8969.0,64,3
122,122,8968.0,64,4
123,123,8967.0,65,4
124,124,8967.0,65,4
125,125,8965.0,67,4
126,126,8964.0,68,4
127,127,8964.0,68,4
128,128,8962.0,69,5
