,Days,S,I,D
0,0,66470.0,0,0
1,1,66470.0,0,0
2,2,66470.0,0,0
3,3,66470.0,0,0
4,4,66470.0,0,0
5,5,66470.0,0,0
6,6,66470.0,0,0
7,7,66470.0,0,0
8,8,66470.0,0,0
9,9,66470.0,0,0
10,10,66470.0,0,0
11,11,66470.0,0,0
12,12,66470.0,0,0
13,13,66470.0,0,0
14,14,66470.0,0,0
15,15,66470.0,0,0
16,16,66470.0,0,0
17,17,66470.0,0,0
18,18,66470.0,0,0
19,19,66470.0,0,0
20,20,66470.0,0,0
21,21,66470.0,0,0
22,22,66470.0,0,0
23,23,66470.0,0,0
24,24,66470.0,0,0
25,25,66470.0,0,0
26,26,66470.0,0,0
27,27,66470.0,0,0
28,28,66470.0,0,0
29,29,66470.0,0,0
30,30,66470.0,0,0
31,31,66470.0,0,0
32,32,66470.0,0,0
33,33,66470.0,0,0
34,34,66470.0,0,0
35,35,66470.0,0,0
36,36,66470.0,0,0
37,37,66470.0,0,0
38,38,66470.0,0,0
39,39,66470.0,0,0
40,40,66470.0,0,0
41,41,66470.0,0,0
42,42,66470.0,0,0
43,43,66470.0,0,0
44,44,66470.0,0,0
45,45,66470.0,0,0
46,46,66470.0,0,0
47,47,66470.0,0,0
48,48,66470.0,0,0
49,49,66470.0,0,0
50,50,66470.0,0,0
51,51,66470.0,0,0
52,52,66470.0,0,0
53,53,66470.0,0,0
54,54,66470.0,0,0
55,55,66470.0,0,0
56,56,66470.0,0,0
57,57,66470.0,0,0
58,58,66470.0,0,0
59,59,66470.0,0,0
60,60,66469.0,1,0
61,61,66469.0,1,0
62,62,66468.0,2,0
63,63,66468.0,2,0
64,64,66468.0,2,0
65,65,66468.0,2,0
66,66,66468.0,2,0
67,67,66468.0,2,0
68,68,66468.0,2,0
69,69,66468.0,2,0
70,70,66468.0,2,0
71,71,66468.0,2,0
72,72,66468.0,2,0
73,73,66468.0,2,0
74,74,66468.0,2,0
75,75,66468.0,2,0
76,76,66468.0,2,0
77,77,66468.0,2,0
78,78,66459.0,11,0
79,79,66459.0,11,0
80,80,66459.0,11,0
81,81,66454.0,16,0
82,82,66451.0,19,0
83,83,66451.0,19,0
84,84,66449.0,21,0
85,85,66448.0,22,0
86,86,66448.0,22,0
87,87,66448.0,22,0
88,88,66448.0,22,0
89,89,66448.0,22,0
90,90,66446.0,24,0
91,91,66446.0,24,0
92,92,66446.0,24,0
93,93,66446.0,24,0
94,94,66446.0,24,0
95,95,66443.0,27,0
96,96,66443.0,27,0
97,97,66442.0,28,0
98,98,66441.0,29,0
99,99,66441.0,29,0
100,100,66438.0,32,0
101,101,66438.0,32,0
102,102,66437.0,33,0
103,103,66437.0,33,0
104,104,66435.0,35,0
105,105,66435.0,35,0
106,106,66434.0,36,0
107,107,66433.0,37,0
108,108,66433.0,37,0
109,109,66433.0,37,0
110,110,66433.0,37,0
111,111,66429.0,41,0
112,112,66426.0,44,0
113,113,66420.0,50,0
114,114,66420.0,50,0
115,115,66416.0,54,0
116,116,66416.0,54,0
117,117,66416.0,54,0
118,118,66413.0,57,0
119,119,66410.0,59,1
120,120,66407.0,60,3
121,121,66407.0,60,3
122,122,66407.0,60,3
123,123,66407.0,60,3
124,124,66407.0,60,3
125,125,66402.0,65,3
126,126,66396.0,70,4
127,127,66394.0,72,4
128,128,66391.0,74,5
