,Days,S,I,D
0,0,158652.0,0,0
1,1,158652.0,0,0
2,2,158652.0,0,0
3,3,158652.0,0,0
4,4,158652.0,0,0
5,5,158652.0,0,0
6,6,158652.0,0,0
7,7,158652.0,0,0
8,8,158652.0,0,0
9,9,158652.0,0,0
10,10,158652.0,0,0
11,11,158652.0,0,0
12,12,158652.0,0,0
13,13,158652.0,0,0
14,14,158652.0,0,0
15,15,158652.0,0,0
16,16,158652.0,0,0
17,17,158652.0,0,0
18,18,158652.0,0,0
19,19,158652.0,0,0
20,20,158652.0,0,0
21,21,158652.0,0,0
22,22,158652.0,0,0
23,23,158652.0,0,0
24,24,158652.0,0,0
25,25,158652.0,0,0
26,26,158652.0,0,0
27,27,158652.0,0,0
28,28,158652.0,0,0
29,29,158652.0,0,0
30,30,158652.0,0,0
31,31,158652.0,0,0
32,32,158652.0,0,0
33,33,158652.0,0,0
34,34,158652.0,0,0
35,35,158652.0,0,0
36,36,158652.0,0,0
37,37,158652.0,0,0
38,38,158652.0,0,0
39,39,158652.0,0,0
40,40,158652.0,0,0
41,41,158652.0,0,0
42,42,158652.0,0,0
43,43,158652.0,0,0
44,44,158652.0,0,0
45,45,158652.0,0,0
46,46,158652.0,0,0
47,47,158652.0,0,0
48,48,158652.0,0,0
49,49,158652.0,0,0
50,50,158652.0,0,0
51,51,158652.0,0,0
52,52,158652.0,0,0
53,53,158652.0,0,0
54,54,158652.0,0,0
55,55,158652.0,0,0
56,56,158652.0,0,0
57,57,158652.0,0,0
58,58,158652.0,0,0
59,59,158651.0,1,0
60,60,158651.0,1,0
61,61,158651.0,1,0
62,62,158648.0,4,0
63,63,158648.0,4,0
64,64,158645.0,7,0
65,65,158645.0,7,0
66,66,158642.0,10,0
67,67,158638.0,14,0
68,68,158638.0,14,0
69,69,158638.0,14,0
70,70,158638.0,14,0
71,71,158636.0,16,0
72,72,158636.0,16,0
73,73,158636.0,16,0
74,74,158629.0,22,1
75,75,158626.0,25,1
76,76,158624.0,27,1
77,77,158623.0,28,1
78,78,158624.0,27,1
79,79,158622.0,29,1
80,80,158618.0,33,1
81,81,158619.0,32,1
82,82,158618.0,33,1
83,83,158616.0,35,1
84,84,158616.0,35,1
85,85,158614.0,37,1
86,86,158611.0,40,1
87,87,158611.0,40,1
88,88,158611.0,40,1
89,89,158611.0,40,1
90,90,158608.0,43,1
91,91,158608.0,43,1
92,92,158605.0,46,1
93,93,158604.0,47,1
94,94,158604.0,47,1
95,95,158602.0,49,1
96,96,158602.0,49,1
97,97,158600.0,51,1
98,98,158599.0,52,1
99,99,158598.0,53,1
100,100,158597.0,54,1
101,101,158595.0,56,1
102,102,158595.0,56,1
103,103,158594.0,57,1
104,104,158592.0,59,1
105,105,158588.0,63,1
106,106,158586.0,65,1
107,107,158584.0,67,1
108,108,158573.0,78,1
109,109,158572.0,79,1
110,110,158568.0,82,2
111,111,158567.0,83,2
112,112,158565.0,85,2
113,113,158560.0,90,2
114,114,158558.0,92,2
115,115,158554.0,96,2
116,116,158550.0,100,2
117,117,158546.0,104,2
118,118,158532.0,117,3
119,119,158531.0,118,3
120,120,158520.0,129,3
121,121,158515.0,134,3
122,122,158507.0,142,3
123,123,158503.0,146,3
124,124,158497.0,152,3
125,125,158496.0,153,3
126,126,158482.0,167,3
127,127,158474.0,175,3
128,128,158458.0,189,5
