,Days,S,I,D
0,0,19572.0,0,0
1,1,19572.0,0,0
2,2,19572.0,0,0
3,3,19572.0,0,0
4,4,19572.0,0,0
5,5,19572.0,0,0
6,6,19572.0,0,0
7,7,19572.0,0,0
8,8,19572.0,0,0
9,9,19572.0,0,0
10,10,19572.0,0,0
11,11,19572.0,0,0
12,12,19572.0,0,0
13,13,19572.0,0,0
14,14,19572.0,0,0
15,15,19572.0,0,0
16,16,19572.0,0,0
17,17,19572.0,0,0
18,18,19572.0,0,0
19,19,19572.0,0,0
20,20,19572.0,0,0
21,21,19572.0,0,0
22,22,19572.0,0,0
23,23,19572.0,0,0
24,24,19572.0,0,0
25,25,19572.0,0,0
26,26,19572.0,0,0
27,27,19572.0,0,0
28,28,19572.0,0,0
29,29,19572.0,0,0
30,30,19572.0,0,0
31,31,19572.0,0,0
32,32,19572.0,0,0
33,33,19572.0,0,0
34,34,19572.0,0,0
35,35,19572.0,0,0
36,36,19572.0,0,0
37,37,19572.0,0,0
38,38,19572.0,0,0
39,39,19572.0,0,0
40,40,19572.0,0,0
41,41,19572.0,0,0
42,42,19572.0,0,0
43,43,19572.0,0,0
44,44,19572.0,0,0
45,45,19572.0,0,0
46,46,19572.0,0,0
47,47,19572.0,0,0
48,48,19572.0,0,0
49,49,19572.0,0,0
50,50,19572.0,0,0
51,51,19572.0,0,0
52,52,19572.0,0,0
53,53,19572.0,0,0
54,54,19572.0,0,0
55,55,19572.0,0,0
56,56,19572.0,0,0
57,57,19572.0,0,0
58,58,19572.0,0,0
59,59,19572.0,0,0
60,60,19572.0,0,0
61,61,19572.0,0,0
62,62,19572.0,0,0
63,63,19572.0,0,0
64,64,19572.0,0,0
65,65,19572.0,0,0
66,66,19572.0,0,0
67,67,19572.0,0,0
68,68,19572.0,0,0
69,69,19569.0,3,0
70,70,19567.0,5,0
71,71,19567.0,5,0
72,72,19566.0,5,1
73,73,19566.0,5,1
74,74,19566.0,5,1
75,75,19562.0,9,1
76,76,19560.0,11,1
77,77,19559.0,12,1
78,78,19558.0,13,1
79,79,19555.0,16,1
80,80,19554.0,17,1
81,81,19553.0,18,1
82,82,19552.0,19,1
83,83,19552.0,19,1
84,84,19550.0,21,1
85,85,19549.0,21,2
86,86,19547.0,23,2
87,87,19545.0,25,2
88,88,19544.0,26,2
89,89,19544.0,26,2
90,90,19544.0,26,2
91,91,19543.0,27,2
92,92,19543.0,27,2
93,93,19541.0,28,3
94,94,19539.0,30,3
95,95,19539.0,30,3
96,96,19538.0,31,3
97,97,19536.0,32,4
98,98,19532.0,36,4
99,99,19530.0,38,4
100,100,19529.0,39,4
101,101,19529.0,39,4
102,102,19529.0,39,4
103,103,19528.0,40,4
104,104,19527.0,41,4
105,105,19526.0,42,4
106,106,19526.0,42,4
107,107,19525.0,43,4
108,108,19525.0,43,4
109,109,19525.0,43,4
110,110,19525.0,43,4
111,111,19525.0,43,4
112,112,19517.0,51,4
113,113,19514.0,54,4
114,114,19513.0,55,4
115,115,19512.0,56,4
116,116,19510.0,57,5
117,117,19510.0,57,5
118,118,19510.0,57,5
119,119,19510.0,57,5
120,120,19499.0,68,5
121,121,19498.0,69,5
122,122,19498.0,69,5
123,123,19498.0,69,5
124,124,19494.0,73,5
125,125,19493.0,74,5
126,126,19481.0,86,5
127,127,19481.0,86,5
128,128,19480.0,87,5
