,Days,S,I,D
0,0,66826.0,0,0
1,1,66826.0,0,0
2,2,66826.0,0,0
3,3,66826.0,0,0
4,4,66826.0,0,0
5,5,66826.0,0,0
6,6,66826.0,0,0
7,7,66826.0,0,0
8,8,66826.0,0,0
9,9,66826.0,0,0
10,10,66826.0,0,0
11,11,66826.0,0,0
12,12,66826.0,0,0
13,13,66826.0,0,0
14,14,66826.0,0,0
15,15,66826.0,0,0
16,16,66826.0,0,0
17,17,66826.0,0,0
18,18,66826.0,0,0
19,19,66826.0,0,0
20,20,66826.0,0,0
21,21,66826.0,0,0
22,22,66826.0,0,0
23,23,66826.0,0,0
24,24,66826.0,0,0
25,25,66826.0,0,0
26,26,66826.0,0,0
27,27,66826.0,0,0
28,28,66826.0,0,0
29,29,66826.0,0,0
30,30,66826.0,0,0
31,31,66826.0,0,0
32,32,66826.0,0,0
33,33,66826.0,0,0
34,34,66826.0,0,0
35,35,66826.0,0,0
36,36,66826.0,0,0
37,37,66826.0,0,0
38,38,66826.0,0,0
39,39,66826.0,0,0
40,40,66826.0,0,0
41,41,66826.0,0,0
42,42,66826.0,0,0
43,43,66826.0,0,0
44,44,66826.0,0,0
45,45,66826.0,0,0
46,46,66826.0,0,0
47,47,66826.0,0,0
48,48,66826.0,0,0
49,49,66826.0,0,0
50,50,66826.0,0,0
51,51,66826.0,0,0
52,52,66826.0,0,0
53,53,66826.0,0,0
54,54,66826.0,0,0
55,55,66826.0,0,0
56,56,66826.0,0,0
57,57,66826.0,0,0
58,58,66826.0,0,0
59,59,66826.0,0,0
60,60,66826.0,0,0
61,61,66826.0,0,0
62,62,66826.0,0,0
63,63,66826.0,0,0
64,64,66826.0,0,0
65,65,66826.0,0,0
66,66,66826.0,0,0
67,67,66826.0,0,0
68,68,66825.0,1,0
69,69,66822.0,4,0
70,70,66819.0,7,0
71,71,66817.0,9,0
72,72,66816.0,10,0
73,73,66814.0,12,0
74,74,66812.0,14,0
75,75,66809.0,17,0
76,76,66807.0,19,0
77,77,66801.0,25,0
78,78,66797.0,28,1
79,79,66794.0,31,1
80,80,66788.0,37,1
81,81,66788.0,37,1
82,82,66785.0,40,1
83,83,66782.0,43,1
84,84,66779.0,45,2
85,85,66769.0,55,2
86,86,66765.0,59,2
87,87,66759.0,65,2
88,88,66749.0,75,2
89,89,66744.0,80,2
90,90,66743.0,80,3
91,91,66742.0,80,4
92,92,66730.0,92,4
93,93,66717.0,105,4
94,94,66714.0,108,4
95,95,66706.0,116,4
96,96,66703.0,119,4
97,97,66702.0,120,4
98,98,66699.0,123,4
99,99,66683.0,139,4
100,100,66682.0,140,4
101,101,66680.0,142,4
102,102,66677.0,145,4
103,103,66677.0,145,4
104,104,66676.0,145,5
105,105,66676.0,145,5
106,106,66673.0,148,5
107,107,66672.0,149,5
108,108,66670.0,151,5
109,109,66670.0,151,5
110,110,66670.0,151,5
111,111,66670.0,151,5
112,112,66670.0,151,5
113,113,66670.0,151,5
114,114,66670.0,151,5
115,115,66670.0,151,5
116,116,66668.0,153,5
117,117,66668.0,153,5
118,118,66667.0,154,5
119,119,66667.0,154,5
120,120,66663.0,158,5
121,121,66662.0,159,5
122,122,66660.0,161,5
123,123,66657.0,164,5
124,124,66653.0,168,5
125,125,66652.0,169,5
126,126,66650.0,171,5
127,127,66649.0,172,5
128,128,66647.0,174,5
