,Days,S,I,D
0,0,84501.0,0,0
1,1,84501.0,0,0
2,2,84501.0,0,0
3,3,84501.0,0,0
4,4,84501.0,0,0
5,5,84501.0,0,0
6,6,84501.0,0,0
7,7,84501.0,0,0
8,8,84501.0,0,0
9,9,84501.0,0,0
10,10,84501.0,0,0
11,11,84501.0,0,0
12,12,84501.0,0,0
13,13,84501.0,0,0
14,14,84501.0,0,0
15,15,84501.0,0,0
16,16,84501.0,0,0
17,17,84501.0,0,0
18,18,84501.0,0,0
19,19,84501.0,0,0
20,20,84501.0,0,0
21,21,84501.0,0,0
22,22,84501.0,0,0
23,23,84501.0,0,0
24,24,84501.0,0,0
25,25,84501.0,0,0
26,26,84501.0,0,0
27,27,84501.0,0,0
28,28,84501.0,0,0
29,29,84501.0,0,0
30,30,84501.0,0,0
31,31,84501.0,0,0
32,32,84501.0,0,0
33,33,84501.0,0,0
34,34,84501.0,0,0
35,35,84501.0,0,0
36,36,84501.0,0,0
37,37,84501.0,0,0
38,38,84501.0,0,0
39,39,84501.0,0,0
40,40,84501.0,0,0
41,41,84501.0,0,0
42,42,84501.0,0,0
43,43,84501.0,0,0
44,44,84501.0,0,0
45,45,84501.0,0,0
46,46,84501.0,0,0
47,47,84501.0,0,0
48,48,84501.0,0,0
49,49,84501.0,0,0
50,50,84501.0,0,0
51,51,84501.0,0,0
52,52,84501.0,0,0
53,53,84501.0,0,0
54,54,84501.0,0,0
55,55,84501.0,0,0
56,56,84501.0,0,0
57,57,84501.0,0,0
58,58,84501.0,0,0
59,59,84501.0,0,0
60,60,84501.0,0,0
61,61,84501.0,0,0
62,62,84501.0,0,0
63,63,84501.0,0,0
64,64,84500.0,1,0
65,65,84499.0,2,0
66,66,84499.0,2,0
67,67,84499.0,2,0
68,68,84499.0,2,0
69,69,84495.0,6,0
70,70,84495.0,6,0
71,71,84495.0,6,0
72,72,84494.0,7,0
73,73,84492.0,9,0
74,74,84488.0,13,0
75,75,84484.0,17,0
76,76,84480.0,21,0
77,77,84480.0,21,0
78,78,84480.0,21,0
79,79,84475.0,26,0
80,80,84461.0,40,0
81,81,84461.0,40,0
82,82,84458.0,43,0
83,83,84458.0,43,0
84,84,84457.0,43,1
85,85,84456.0,44,1
86,86,84453.0,45,3
87,87,84450.0,47,4
88,88,84446.0,51,4
89,89,84444.0,53,4
90,90,84442.0,55,4
91,91,84441.0,56,4
92,92,84438.0,59,4
93,93,84435.0,62,4
94,94,84435.0,62,4
95,95,84435.0,62,4
96,96,84435.0,62,4
97,97,84435.0,62,4
98,98,84434.0,63,4
99,99,84434.0,63,4
100,100,84434.0,63,4
101,101,84434.0,63,4
102,102,84428.0,69,4
103,103,84427.0,70,4
104,104,84423.0,74,4
105,105,84422.0,75,4
106,106,84422.0,75,4
107,107,84422.0,75,4
108,108,84421.0,76,4
109,109,84421.0,76,4
110,110,84421.0,76,4
111,111,84421.0,76,4
112,112,84419.0,78,4
113,113,84415.0,82,4
114,114,84413.0,84,4
115,115,84413.0,84,4
116,116,84413.0,84,4
117,117,84413.0,84,4
118,118,84411.0,86,4
119,119,84411.0,86,4
120,120,84409.0,88,4
121,121,84408.0,89,4
122,122,84407.0,89,5
123,123,84407.0,89,5
124,124,84407.0,89,5
125,125,84407.0,89,5
126,126,84406.0,90,5
127,127,84406.0,90,5
128,128,84406.0,90,5
