,Days,S,I,D
0,0,25398.0,0,0
1,1,25398.0,0,0
2,2,25398.0,0,0
3,3,25398.0,0,0
4,4,25398.0,0,0
5,5,25398.0,0,0
6,6,25398.0,0,0
7,7,25398.0,0,0
8,8,25398.0,0,0
9,9,25398.0,0,0
10,10,25398.0,0,0
11,11,25398.0,0,0
12,12,25398.0,0,0
13,13,25398.0,0,0
14,14,25398.0,0,0
15,15,25398.0,0,0
16,16,25398.0,0,0
17,17,25398.0,0,0
18,18,25398.0,0,0
19,19,25398.0,0,0
20,20,25398.0,0,0
21,21,25398.0,0,0
22,22,25398.0,0,0
23,23,25398.0,0,0
24,24,25398.0,0,0
25,25,25398.0,0,0
26,26,25398.0,0,0
27,27,25398.0,0,0
28,28,25398.0,0,0
29,29,25398.0,0,0
30,30,25398.0,0,0
31,31,25398.0,0,0
32,32,25398.0,0,0
33,33,25398.0,0,0
34,34,25398.0,0,0
35,35,25398.0,0,0
36,36,25398.0,0,0
37,37,25398.0,0,0
38,38,25398.0,0,0
39,39,25398.0,0,0
40,40,25398.0,0,0
41,41,25398.0,0,0
42,42,25398.0,0,0
43,43,25398.0,0,0
44,44,25398.0,0,0
45,45,25398.0,0,0
46,46,25398.0,0,0
47,47,25398.0,0,0
48,48,25398.0,0,0
49,49,25398.0,0,0
50,50,25398.0,0,0
51,51,25398.0,0,0
52,52,25398.0,0,0
53,53,25398.0,0,0
54,54,25398.0,0,0
55,55,25398.0,0,0
56,56,25398.0,0,0
57,57,25398.0,0,0
58,58,25398.0,0,0
59,59,25398.0,0,0
60,60,25398.0,0,0
61,61,25398.0,0,0
62,62,25398.0,0,0
63,63,25397.0,1,0
64,64,25396.0,2,0
65,65,25396.0,2,0
66,66,25396.0,2,0
67,67,25396.0,2,0
68,68,25396.0,2,0
69,69,25396.0,2,0
70,70,25396.0,2,0
71,71,25394.0,4,0
72,72,25391.0,7,0
73,73,25389.0,9,0
74,74,25388.0,10,0
75,75,25383.0,15,0
76,76,25378.0,20,0
77,77,25375.0,23,0
78,78,25374.0,24,0
79,79,25369.0,27,2
80,80,25365.0,31,2
81,81,25365.0,31,2
82,82,25364.0,32,2
83,83,25364.0,32,2
84,84,25364.0,32,2
85,85,25362.0,34,2
86,86,25362.0,34,2
87,87,25361.0,35,2
88,88,25358.0,37,3
89,89,25357.0,38,3
90,90,25355.0,39,4
91,91,25353.0,41,4
92,92,25349.0,45,4
93,93,25348.0,46,4
94,94,25348.0,46,4
95,95,25348.0,46,4
96,96,25346.0,48,4
97,97,25346.0,48,4
98,98,25343.0,51,4
99,99,25342.0,52,4
100,100,25342.0,52,4
101,101,25340.0,54,4
102,102,25339.0,55,4
103,103,25339.0,55,4
104,104,25339.0,55,4
105,105,25339.0,55,4
106,106,25336.0,57,5
107,107,25336.0,57,5
108,108,25333.0,60,5
109,109,25331.0,62,5
110,110,25328.0,65,5
111,111,25326.0,67,5
112,112,25308.0,85,5
113,113,25308.0,85,5
114,114,25308.0,85,5
115,115,25308.0,85,5
116,116,25302.0,91,5
117,117,25300.0,93,5
118,118,25300.0,93,5
119,119,25299.0,94,5
120,120,25285.0,108,5
121,121,25283.0,110,5
122,122,25283.0,110,5
123,123,25282.0,111,5
124,124,25276.0,117,5
125,125,25274.0,119,5
126,126,25272.0,121,5
127,127,25272.0,121,5
128,128,25272.0,121,5
