,Days,S,I,D
0,0,137640.0,0,0
1,1,137640.0,0,0
2,2,137640.0,0,0
3,3,137640.0,0,0
4,4,137640.0,0,0
5,5,137640.0,0,0
6,6,137640.0,0,0
7,7,137640.0,0,0
8,8,137640.0,0,0
9,9,137640.0,0,0
10,10,137640.0,0,0
11,11,137640.0,0,0
12,12,137640.0,0,0
13,13,137640.0,0,0
14,14,137640.0,0,0
15,15,137640.0,0,0
16,16,137640.0,0,0
17,17,137640.0,0,0
18,18,137640.0,0,0
19,19,137640.0,0,0
20,20,137640.0,0,0
21,21,137640.0,0,0
22,22,137640.0,0,0
23,23,137640.0,0,0
24,24,137640.0,0,0
25,25,137640.0,0,0
26,26,137640.0,0,0
27,27,137640.0,0,0
28,28,137640.0,0,0
29,29,137640.0,0,0
30,30,137640.0,0,0
31,31,137640.0,0,0
32,32,137640.0,0,0
33,33,137640.0,0,0
34,34,137640.0,0,0
35,35,137640.0,0,0
36,36,137640.0,0,0
37,37,137640.0,0,0
38,38,137640.0,0,0
39,39,137640.0,0,0
40,40,137640.0,0,0
41,41,137640.0,0,0
42,42,137640.0,0,0
43,43,137640.0,0,0
44,44,137640.0,0,0
45,45,137640.0,0,0
46,46,137640.0,0,0
47,47,137640.0,0,0
48,48,137640.0,0,0
49,49,137640.0,0,0
50,50,137640.0,0,0
51,51,137640.0,0,0
52,52,137640.0,0,0
53,53,137640.0,0,0
54,54,137640.0,0,0
55,55,137640.0,0,0
56,56,137640.0,0,0
57,57,137640.0,0,0
58,58,137640.0,0,0
59,59,137640.0,0,0
60,60,137640.0,0,0
61,61,137640.0,0,0
62,62,137640.0,0,0
63,63,137640.0,0,0
64,64,137640.0,0,0
65,65,137639.0,1,0
66,66,137638.0,2,0
67,67,137633.0,7,0
68,68,137633.0,7,0
69,69,137629.0,11,0
70,70,137626.0,14,0
71,71,137626.0,14,0
72,72,137622.0,18,0
73,73,137617.0,23,0
74,74,137612.0,27,1
75,75,137608.0,31,1
76,76,137608.0,31,1
77,77,137601.0,38,1
78,78,137596.0,43,1
79,79,137588.0,51,1
80,80,137584.0,55,1
81,81,137580.0,59,1
82,82,137578.0,61,1
83,83,137571.0,68,1
84,84,137565.0,74,1
85,85,137560.0,79,1
86,86,137549.0,89,2
87,87,137512.0,126,2
88,88,137496.0,142,2
89,89,137494.0,144,2
90,90,137493.0,144,3
91,91,137474.0,164,2
92,92,137452.0,185,3
93,93,137446.0,191,3
94,94,137434.0,203,3
95,95,137431.0,206,3
96,96,137431.0,206,3
97,97,137431.0,206,3
98,98,137431.0,206,3
99,99,137429.0,206,5
100,100,137429.0,206,5
101,101,137429.0,206,5
102,102,137429.0,206,5
103,103,137429.0,206,5
104,104,137429.0,206,5
105,105,137429.0,206,5
106,106,137429.0,206,5
107,107,137428.0,207,5
108,108,137427.0,208,5
109,109,137427.0,208,5
110,110,137427.0,208,5
111,111,137425.0,210,5
112,112,137422.0,213,5
113,113,137421.0,214,5
114,114,137420.0,215,5
115,115,137418.0,217,5
116,116,137418.0,217,5
117,117,137418.0,217,5
118,118,137413.0,222,5
119,119,137411.0,224,5
120,120,137411.0,224,5
121,121,137407.0,228,5
122,122,137407.0,228,5
123,123,137407.0,228,5
124,124,137405.0,230,5
125,125,137405.0,230,5
126,126,137405.0,230,5
127,127,137404.0,231,5
128,128,137403.0,232,5
