,Days,S,I,D
0,0,54402.0,0,0
1,1,54402.0,0,0
2,2,54402.0,0,0
3,3,54402.0,0,0
4,4,54402.0,0,0
5,5,54402.0,0,0
6,6,54402.0,0,0
7,7,54402.0,0,0
8,8,54402.0,0,0
9,9,54402.0,0,0
10,10,54402.0,0,0
11,11,54402.0,0,0
12,12,54402.0,0,0
13,13,54402.0,0,0
14,14,54402.0,0,0
15,15,54402.0,0,0
16,16,54402.0,0,0
17,17,54402.0,0,0
18,18,54402.0,0,0
19,19,54402.0,0,0
20,20,54402.0,0,0
21,21,54402.0,0,0
22,22,54402.0,0,0
23,23,54402.0,0,0
24,24,54402.0,0,0
25,25,54402.0,0,0
26,26,54402.0,0,0
27,27,54402.0,0,0
28,28,54402.0,0,0
29,29,54402.0,0,0
30,30,54402.0,0,0
31,31,54402.0,0,0
32,32,54402.0,0,0
33,33,54402.0,0,0
34,34,54402.0,0,0
35,35,54402.0,0,0
36,36,54402.0,0,0
37,37,54402.0,0,0
38,38,54402.0,0,0
39,39,54402.0,0,0
40,40,54402.0,0,0
41,41,54402.0,0,0
42,42,54402.0,0,0
43,43,54402.0,0,0
44,44,54402.0,0,0
45,45,54402.0,0,0
46,46,54402.0,0,0
47,47,54402.0,0,0
48,48,54402.0,0,0
49,49,54402.0,0,0
50,50,54402.0,0,0
51,51,54402.0,0,0
52,52,54402.0,0,0
53,53,54402.0,0,0
54,54,54402.0,0,0
55,55,54402.0,0,0
56,56,54402.0,0,0
57,57,54402.0,0,0
58,58,54402.0,0,0
59,59,54402.0,0,0
60,60,54402.0,0,0
61,61,54402.0,0,0
62,62,54402.0,0,0
63,63,54402.0,0,0
64,64,54401.0,1,0
65,65,54401.0,1,0
66,66,54401.0,1,0
67,67,54400.0,2,0
68,68,54400.0,2,0
69,69,54400.0,2,0
70,70,54400.0,2,0
71,71,54400.0,2,0
72,72,54399.0,3,0
73,73,54399.0,3,0
74,74,54397.0,5,0
75,75,54397.0,5,0
76,76,54392.0,10,0
77,77,54389.0,12,1
78,78,54386.0,15,1
79,79,54384.0,17,1
80,80,54375.0,24,3
81,81,54375.0,24,3
82,82,54371.0,28,3
83,83,54372.0,27,3
84,84,54372.0,27,3
85,85,54372.0,27,3
86,86,54371.0,28,3
87,87,54372.0,27,3
88,88,54370.0,29,3
89,89,54370.0,29,3
90,90,54370.0,29,3
91,91,54370.0,29,3
92,92,54369.0,30,3
93,93,54369.0,30,3
94,94,54365.0,34,3
95,95,54365.0,34,3
96,96,54365.0,34,3
97,97,54365.0,34,3
98,98,54363.0,36,3
99,99,54363.0,36,3
100,100,54361.0,38,3
101,101,54360.0,39,3
102,102,54360.0,39,3
103,103,54360.0,39,3
104,104,54359.0,40,3
105,105,54359.0,40,3
106,106,54358.0,41,3
107,107,54357.0,42,3
108,108,54357.0,42,3
109,109,54350.0,49,3
110,110,54350.0,49,3
111,111,54350.0,49,3
112,112,54350.0,49,3
113,113,54350.0,49,3
114,114,54350.0,49,3
115,115,54350.0,49,3
116,116,54350.0,49,3
117,117,54350.0,49,3
118,118,54348.0,50,4
119,119,54348.0,50,4
120,120,54347.0,51,4
121,121,54347.0,51,4
122,122,54347.0,51,4
123,123,54347.0,51,4
124,124,54347.0,51,4
125,125,54347.0,51,4
126,126,54347.0,51,4
127,127,54347.0,51,4
128,128,54347.0,51,4
