,Days,S,I,D
0,0,26575.0,0,0
1,1,26575.0,0,0
2,2,26575.0,0,0
3,3,26575.0,0,0
4,4,26575.0,0,0
5,5,26575.0,0,0
6,6,26575.0,0,0
7,7,26575.0,0,0
8,8,26575.0,0,0
9,9,26575.0,0,0
10,10,26575.0,0,0
11,11,26575.0,0,0
12,12,26575.0,0,0
13,13,26575.0,0,0
14,14,26575.0,0,0
15,15,26575.0,0,0
16,16,26575.0,0,0
17,17,26575.0,0,0
18,18,26575.0,0,0
19,19,26575.0,0,0
20,20,26575.0,0,0
21,21,26575.0,0,0
22,22,26575.0,0,0
23,23,26575.0,0,0
24,24,26575.0,0,0
25,25,26575.0,0,0
26,26,26575.0,0,0
27,27,26575.0,0,0
28,28,26575.0,0,0
29,29,26575.0,0,0
30,30,26575.0,0,0
31,31,26575.0,0,0
32,32,26575.0,0,0
33,33,26575.0,0,0
34,34,26575.0,0,0
35,35,26575.0,0,0
36,36,26575.0,0,0
37,37,26575.0,0,0
38,38,26575.0,0,0
39,39,26575.0,0,0
40,40,26575.0,0,0
41,41,26575.0,0,0
42,42,26575.0,0,0
43,43,26575.0,0,0
44,44,26575.0,0,0
45,45,26575.0,0,0
46,46,26575.0,0,0
47,47,26575.0,0,0
48,48,26575.0,0,0
49,49,26575.0,0,0
50,50,26575.0,0,0
51,51,26575.0,0,0
52,52,26575.0,0,0
53,53,26575.0,0,0
54,54,26575.0,0,0
55,55,26575.0,0,0
56,56,26575.0,0,0
57,57,26575.0,0,0
58,58,26575.0,0,0
59,59,26575.0,0,0
60,60,26575.0,0,0
61,61,26575.0,0,0
62,62,26575.0,0,0
63,63,26575.0,0,0
64,64,26575.0,0,0
65,65,26574.0,1,0
66,66,26573.0,2,0
67,67,26573.0,2,0
68,68,26572.0,3,0
69,69,26572.0,3,0
70,70,26571.0,4,0
71,71,26571.0,4,0
72,72,26569.0,6,0
73,73,26567.0,8,0
74,74,26567.0,8,0
75,75,26565.0,10,0
76,76,26565.0,10,0
77,77,26564.0,11,0
78,78,26562.0,13,0
79,79,26561.0,14,0
80,80,26562.0,13,0
81,81,26561.0,14,0
82,82,26561.0,14,0
83,83,26559.0,16,0
84,84,26558.0,17,0
85,85,26556.0,18,1
86,86,26556.0,18,1
87,87,26556.0,18,1
88,88,26555.0,18,2
89,89,26555.0,18,2
90,90,26554.0,19,2
91,91,26551.0,20,4
92,92,26550.0,21,4
93,93,26546.0,25,4
94,94,26544.0,27,4
95,95,26544.0,27,4
96,96,26543.0,28,4
97,97,26541.0,30,4
98,98,26541.0,30,4
99,99,26539.0,32,4
100,100,26537.0,34,4
101,101,26537.0,34,4
102,102,26536.0,35,4
103,103,26536.0,35,4
104,104,26535.0,36,4
105,105,26535.0,36,4
106,106,26533.0,38,4
107,107,26533.0,38,4
108,108,26533.0,38,4
109,109,26530.0,41,4
110,110,26529.0,42,4
111,111,26527.0,44,4
112,112,26527.0,44,4
113,113,26527.0,44,4
114,114,26526.0,45,4
115,115,26524.0,47,4
116,116,26523.0,48,4
117,117,26523.0,48,4
118,118,26523.0,48,4
119,119,26523.0,48,4
120,120,26522.0,49,4
121,121,26521.0,50,4
122,122,26519.0,52,4
123,123,26517.0,54,4
124,124,26515.0,56,4
125,125,26511.0,60,4
126,126,26511.0,60,4
127,127,26509.0,62,4
128,128,26509.0,62,4
