,Days,S,I,D
0,0,484411.0,0,0
1,1,484411.0,0,0
2,2,484411.0,0,0
3,3,484411.0,0,0
4,4,484411.0,0,0
5,5,484411.0,0,0
6,6,484411.0,0,0
7,7,484411.0,0,0
8,8,484411.0,0,0
9,9,484411.0,0,0
10,10,484411.0,0,0
11,11,484411.0,0,0
12,12,484411.0,0,0
13,13,484411.0,0,0
14,14,484411.0,0,0
15,15,484411.0,0,0
16,16,484411.0,0,0
17,17,484411.0,0,0
18,18,484411.0,0,0
19,19,484411.0,0,0
20,20,484411.0,0,0
21,21,484411.0,0,0
22,22,484411.0,0,0
23,23,484411.0,0,0
24,24,484411.0,0,0
25,25,484411.0,0,0
26,26,484411.0,0,0
27,27,484411.0,0,0
28,28,484411.0,0,0
29,29,484411.0,0,0
30,30,484411.0,0,0
31,31,484411.0,0,0
32,32,484411.0,0,0
33,33,484411.0,0,0
34,34,484411.0,0,0
35,35,484411.0,0,0
36,36,484411.0,0,0
37,37,484411.0,0,0
38,38,484411.0,0,0
39,39,484411.0,0,0
40,40,484411.0,0,0
41,41,484411.0,0,0
42,42,484411.0,0,0
43,43,484411.0,0,0
44,44,484411.0,0,0
45,45,484411.0,0,0
46,46,484411.0,0,0
47,47,484411.0,0,0
48,48,484411.0,0,0
49,49,484411.0,0,0
50,50,484411.0,0,0
51,51,484411.0,0,0
52,52,484411.0,0,0
53,53,484411.0,0,0
54,54,484409.0,2,0
55,55,484409.0,2,0
56,56,484408.0,3,0
57,57,484407.0,4,0
58,58,484404.0,7,0
59,59,484404.0,7,0
60,60,484401.0,10,0
61,61,484400.0,11,0
62,62,484394.0,17,0
63,63,484392.0,19,0
64,64,484364.0,47,0
65,65,484364.0,47,0
66,66,484342.0,68,1
67,67,484325.0,85,1
68,68,484313.0,97,1
69,69,484260.0,146,5
70,70,484225.0,180,6
71,71,484190.0,215,6
72,72,484160.0,244,7
73,73,484090.0,313,8
74,74,484068.0,335,8
75,75,484034.0,369,8
76,76,483982.0,418,11
77,77,483938.0,461,12
78,78,483867.0,525,19
79,79,483812.0,576,23
80,80,483710.0,676,25
81,81,483642.0,744,25
82,82,483590.0,796,25
83,83,483561.0,819,31
84,84,483502.0,876,33
85,85,483392.0,978,41
86,86,483343.0,1026,42
87,87,483273.0,1095,43
88,88,483261.0,1105,45
89,89,483182.0,1182,47
90,90,483130.0,1227,54
91,91,483062.0,1292,57
92,92,483062.0,1292,57
93,93,482909.0,1445,57
94,94,482839.0,1515,57
95,95,482821.0,1533,57
96,96,482768.0,1586,57
97,97,482639.0,1715,57
98,98,482484.0,1846,81
99,99,482482.0,1846,83
100,100,482390.0,1929,92
101,101,482323.0,1993,95
102,102,482280.0,2036,95
103,103,482216.0,2098,97
104,104,482147.0,2161,103
105,105,482072.0,2233,106
106,106,482012.0,2288,111
107,107,481934.0,2359,118
108,108,481897.0,2392,122
109,109,481842.0,2445,124
110,110,481793.0,2493,125
111,111,481749.0,2534,128
112,112,481691.0,2588,132
113,113,481593.0,2684,134
114,114,481528.0,2747,136
115,115,481459.0,2812,140
116,116,481428.0,2843,140
117,117,481385.0,2886,140
118,118,481321.0,2946,144
119,119,481238.0,3024,149
120,120,481162.0,3087,162
121,121,481117.0,3128,166
122,122,481053.0,3191,167
123,123,480984.0,3260,167
124,124,480945.0,3299,167
125,125,480923.0,3320,168
126,126,480894.0,3347,170
127,127,480742.0,3494,175
128,128,480688.0,3538,185
