,Days,S,I,D
0,0,6468.0,0,0
1,1,6468.0,0,0
2,2,6468.0,0,0
3,3,6468.0,0,0
4,4,6468.0,0,0
5,5,6468.0,0,0
6,6,6468.0,0,0
7,7,6468.0,0,0
8,8,6468.0,0,0
9,9,6468.0,0,0
10,10,6468.0,0,0
11,11,6468.0,0,0
12,12,6468.0,0,0
13,13,6468.0,0,0
14,14,6468.0,0,0
15,15,6468.0,0,0
16,16,6468.0,0,0
17,17,6468.0,0,0
18,18,6468.0,0,0
19,19,6468.0,0,0
20,20,6468.0,0,0
21,21,6468.0,0,0
22,22,6468.0,0,0
23,23,6468.0,0,0
24,24,6468.0,0,0
25,25,6468.0,0,0
26,26,6468.0,0,0
27,27,6468.0,0,0
28,28,6468.0,0,0
29,29,6468.0,0,0
30,30,6468.0,0,0
31,31,6468.0,0,0
32,32,6468.0,0,0
33,33,6468.0,0,0
34,34,6468.0,0,0
35,35,6468.0,0,0
36,36,6468.0,0,0
37,37,6468.0,0,0
38,38,6468.0,0,0
39,39,6468.0,0,0
40,40,6468.0,0,0
41,41,6468.0,0,0
42,42,6468.0,0,0
43,43,6468.0,0,0
44,44,6468.0,0,0
45,45,6468.0,0,0
46,46,6468.0,0,0
47,47,6468.0,0,0
48,48,6468.0,0,0
49,49,6468.0,0,0
50,50,6468.0,0,0
51,51,6468.0,0,0
52,52,6468.0,0,0
53,53,6468.0,0,0
54,54,6468.0,0,0
55,55,6468.0,0,0
56,56,6468.0,0,0
57,57,6468.0,0,0
58,58,6468.0,0,0
59,59,6468.0,0,0
60,60,6468.0,0,0
61,61,6468.0,0,0
62,62,6468.0,0,0
63,63,6468.0,0,0
64,64,6468.0,0,0
65,65,6468.0,0,0
66,66,6468.0,0,0
67,67,6468.0,0,0
68,68,6468.0,0,0
69,69,6468.0,0,0
70,70,6468.0,0,0
71,71,6468.0,0,0
72,72,6468.0,0,0
73,73,6468.0,0,0
74,74,6468.0,0,0
75,75,6468.0,0,0
76,76,6468.0,0,0
77,77,6468.0,0,0
78,78,6468.0,0,0
79,79,6468.0,0,0
80,80,6468.0,0,0
81,81,6468.0,0,0
82,82,6468.0,0,0
83,83,6468.0,0,0
84,84,6468.0,0,0
85,85,6466.0,2,0
86,86,6466.0,2,0
87,87,6465.0,3,0
88,88,6465.0,3,0
89,89,6465.0,3,0
90,90,6464.0,4,0
91,91,6463.0,5,0
92,92,6463.0,5,0
93,93,6459.0,9,0
94,94,6459.0,9,0
95,95,6459.0,9,0
96,96,6458.0,10,0
97,97,6458.0,10,0
98,98,6456.0,12,0
99,99,6456.0,12,0
100,100,6453.0,15,0
101,101,6452.0,16,0
102,102,6451.0,17,0
103,103,6451.0,17,0
104,104,6451.0,17,0
105,105,6449.0,19,0
106,106,6449.0,19,0
107,107,6447.0,21,0
108,108,6447.0,21,0
109,109,6447.0,21,0
110,110,6447.0,21,0
111,111,6445.0,23,0
112,112,6440.0,28,0
113,113,6440.0,28,0
114,114,6436.0,32,0
115,115,6433.0,35,0
116,116,6432.0,36,0
117,117,6432.0,36,0
118,118,6430.0,38,0
119,119,6430.0,38,0
120,120,6430.0,38,0
121,121,6429.0,38,1
122,122,6428.0,39,1
123,123,6428.0,39,1
124,124,6428.0,39,1
125,125,6427.0,39,2
126,126,6425.0,39,4
127,127,6424.0,40,4
128,128,6422.0,42,4
