,Days,S,I,D
0,0,33830.0,0,0
1,1,33830.0,0,0
2,2,33830.0,0,0
3,3,33830.0,0,0
4,4,33830.0,0,0
5,5,33830.0,0,0
6,6,33830.0,0,0
7,7,33830.0,0,0
8,8,33830.0,0,0
9,9,33830.0,0,0
10,10,33830.0,0,0
11,11,33830.0,0,0
12,12,33830.0,0,0
13,13,33830.0,0,0
14,14,33830.0,0,0
15,15,33830.0,0,0
16,16,33830.0,0,0
17,17,33830.0,0,0
18,18,33830.0,0,0
19,19,33830.0,0,0
20,20,33830.0,0,0
21,21,33830.0,0,0
22,22,33830.0,0,0
23,23,33830.0,0,0
24,24,33830.0,0,0
25,25,33830.0,0,0
26,26,33830.0,0,0
27,27,33830.0,0,0
28,28,33830.0,0,0
29,29,33830.0,0,0
30,30,33830.0,0,0
31,31,33830.0,0,0
32,32,33830.0,0,0
33,33,33830.0,0,0
34,34,33830.0,0,0
35,35,33830.0,0,0
36,36,33830.0,0,0
37,37,33830.0,0,0
38,38,33830.0,0,0
39,39,33830.0,0,0
40,40,33830.0,0,0
41,41,33830.0,0,0
42,42,33830.0,0,0
43,43,33830.0,0,0
44,44,33830.0,0,0
45,45,33830.0,0,0
46,46,33830.0,0,0
47,47,33830.0,0,0
48,48,33830.0,0,0
49,49,33830.0,0,0
50,50,33830.0,0,0
51,51,33830.0,0,0
52,52,33830.0,0,0
53,53,33830.0,0,0
54,54,33830.0,0,0
55,55,33830.0,0,0
56,56,33830.0,0,0
57,57,33830.0,0,0
58,58,33830.0,0,0
59,59,33830.0,0,0
60,60,33830.0,0,0
61,61,33830.0,0,0
62,62,33830.0,0,0
63,63,33830.0,0,0
64,64,33830.0,0,0
65,65,33829.0,1,0
66,66,33829.0,1,0
67,67,33829.0,1,0
68,68,33829.0,1,0
69,69,33829.0,1,0
70,70,33829.0,1,0
71,71,33829.0,1,0
72,72,33824.0,6,0
73,73,33824.0,6,0
74,74,33823.0,7,0
75,75,33823.0,7,0
76,76,33823.0,7,0
77,77,33823.0,7,0
78,78,33820.0,9,1
79,79,33820.0,9,1
80,80,33817.0,11,2
81,81,33817.0,11,2
82,82,33817.0,11,2
83,83,33817.0,11,2
84,84,33817.0,11,2
85,85,33817.0,11,2
86,86,33817.0,11,2
87,87,33817.0,11,2
88,88,33816.0,12,2
89,89,33816.0,12,2
90,90,33813.0,15,2
91,91,33810.0,16,4
92,92,33810.0,16,4
93,93,33807.0,19,4
94,94,33807.0,19,4
95,95,33807.0,19,4
96,96,33807.0,19,4
97,97,33802.0,24,4
98,98,33802.0,24,4
99,99,33801.0,25,4
100,100,33801.0,25,4
101,101,33800.0,26,4
102,102,33797.0,29,4
103,103,33797.0,29,4
104,104,33797.0,29,4
105,105,33795.0,31,4
106,106,33789.0,37,4
107,107,33789.0,37,4
108,108,33789.0,37,4
109,109,33789.0,37,4
110,110,33789.0,37,4
111,111,33787.0,39,4
112,112,33786.0,40,4
113,113,33785.0,41,4
114,114,33784.0,42,4
115,115,33783.0,43,4
116,116,33782.0,44,4
117,117,33782.0,44,4
118,118,33777.0,49,4
119,119,33777.0,49,4
120,120,33776.0,50,4
121,121,33773.0,53,4
122,122,33772.0,54,4
123,123,33771.0,55,4
124,124,33771.0,55,4
125,125,33771.0,55,4
126,126,33770.0,56,4
127,127,33770.0,56,4
128,128,33769.0,57,4
