,Days,S,I,D
0,0,10881.0,0,0
1,1,10881.0,0,0
2,2,10881.0,0,0
3,3,10881.0,0,0
4,4,10881.0,0,0
5,5,10881.0,0,0
6,6,10881.0,0,0
7,7,10881.0,0,0
8,8,10881.0,0,0
9,9,10881.0,0,0
10,10,10881.0,0,0
11,11,10881.0,0,0
12,12,10881.0,0,0
13,13,10881.0,0,0
14,14,10881.0,0,0
15,15,10881.0,0,0
16,16,10881.0,0,0
17,17,10881.0,0,0
18,18,10881.0,0,0
19,19,10881.0,0,0
20,20,10881.0,0,0
21,21,10881.0,0,0
22,22,10881.0,0,0
23,23,10881.0,0,0
24,24,10881.0,0,0
25,25,10881.0,0,0
26,26,10881.0,0,0
27,27,10881.0,0,0
28,28,10881.0,0,0
29,29,10881.0,0,0
30,30,10881.0,0,0
31,31,10881.0,0,0
32,32,10881.0,0,0
33,33,10881.0,0,0
34,34,10881.0,0,0
35,35,10881.0,0,0
36,36,10881.0,0,0
37,37,10881.0,0,0
38,38,10881.0,0,0
39,39,10881.0,0,0
40,40,10881.0,0,0
41,41,10881.0,0,0
42,42,10881.0,0,0
43,43,10881.0,0,0
44,44,10881.0,0,0
45,45,10881.0,0,0
46,46,10881.0,0,0
47,47,10881.0,0,0
48,48,10881.0,0,0
49,49,10881.0,0,0
50,50,10881.0,0,0
51,51,10881.0,0,0
52,52,10881.0,0,0
53,53,10881.0,0,0
54,54,10881.0,0,0
55,55,10881.0,0,0
56,56,10881.0,0,0
57,57,10881.0,0,0
58,58,10881.0,0,0
59,59,10881.0,0,0
60,60,10881.0,0,0
61,61,10881.0,0,0
62,62,10881.0,0,0
63,63,10881.0,0,0
64,64,10881.0,0,0
65,65,10881.0,0,0
66,66,10881.0,0,0
67,67,10881.0,0,0
68,68,10881.0,0,0
69,69,10881.0,0,0
70,70,10881.0,0,0
71,71,10880.0,1,0
72,72,10880.0,1,0
73,73,10880.0,1,0
74,74,10879.0,2,0
75,75,10878.0,3,0
76,76,10878.0,3,0
77,77,10878.0,3,0
78,78,10878.0,3,0
79,79,10877.0,4,0
80,80,10877.0,4,0
81,81,10877.0,4,0
82,82,10877.0,4,0
83,83,10877.0,4,0
84,84,10877.0,4,0
85,85,10877.0,4,0
86,86,10877.0,4,0
87,87,10877.0,4,0
88,88,10877.0,4,0
89,89,10876.0,5,0
90,90,10876.0,5,0
91,91,10876.0,5,0
92,92,10875.0,6,0
93,93,10873.0,8,0
94,94,10872.0,9,0
95,95,10870.0,11,0
96,96,10869.0,12,0
97,97,10858.0,23,0
98,98,10837.0,44,0
99,99,10812.0,69,0
100,100,10765.0,116,0
101,101,10728.0,153,0
102,102,10720.0,161,0
103,103,10640.0,241,0
104,104,10626.0,255,0
105,105,10589.0,292,0
106,106,10543.0,338,0
107,107,10490.0,391,0
108,108,10470.0,411,0
109,109,10469.0,411,1
110,110,10461.0,419,1
111,111,10449.0,431,1
112,112,10434.0,446,1
113,113,10413.0,467,1
114,114,10399.0,481,1
115,115,10372.0,508,1
116,116,10364.0,516,1
117,117,10352.0,528,1
118,118,10348.0,532,1
119,119,10320.0,559,2
120,120,10306.0,573,2
121,121,10299.0,580,2
122,122,10287.0,592,2
123,123,10279.0,599,3
124,124,10276.0,602,3
125,125,10274.0,604,3
126,126,10274.0,604,3
127,127,10268.0,609,4
128,128,10265.0,612,4
