,Days,S,I,D
0,0,9038.0,0,0
1,1,9038.0,0,0
2,2,9038.0,0,0
3,3,9038.0,0,0
4,4,9038.0,0,0
5,5,9038.0,0,0
6,6,9038.0,0,0
7,7,9038.0,0,0
8,8,9038.0,0,0
9,9,9038.0,0,0
10,10,9038.0,0,0
11,11,9038.0,0,0
12,12,9038.0,0,0
13,13,9038.0,0,0
14,14,9038.0,0,0
15,15,9038.0,0,0
16,16,9038.0,0,0
17,17,9038.0,0,0
18,18,9038.0,0,0
19,19,9038.0,0,0
20,20,9038.0,0,0
21,21,9038.0,0,0
22,22,9038.0,0,0
23,23,9038.0,0,0
24,24,9038.0,0,0
25,25,9038.0,0,0
26,26,9038.0,0,0
27,27,9038.0,0,0
28,28,9038.0,0,0
29,29,9038.0,0,0
30,30,9038.0,0,0
31,31,9038.0,0,0
32,32,9038.0,0,0
33,33,9038.0,0,0
34,34,9038.0,0,0
35,35,9038.0,0,0
36,36,9038.0,0,0
37,37,9038.0,0,0
38,38,9038.0,0,0
39,39,9038.0,0,0
40,40,9038.0,0,0
41,41,9038.0,0,0
42,42,9038.0,0,0
43,43,9038.0,0,0
44,44,9038.0,0,0
45,45,9038.0,0,0
46,46,9038.0,0,0
47,47,9038.0,0,0
48,48,9038.0,0,0
49,49,9038.0,0,0
50,50,9038.0,0,0
51,51,9038.0,0,0
52,52,9038.0,0,0
53,53,9038.0,0,0
54,54,9038.0,0,0
55,55,9038.0,0,0
56,56,9038.0,0,0
57,57,9038.0,0,0
58,58,9038.0,0,0
59,59,9038.0,0,0
60,60,9038.0,0,0
61,61,9038.0,0,0
62,62,9038.0,0,0
63,63,9038.0,0,0
64,64,9038.0,0,0
65,65,9038.0,0,0
66,66,9038.0,0,0
67,67,9038.0,0,0
68,68,9038.0,0,0
69,69,9038.0,0,0
70,70,9038.0,0,0
71,71,9038.0,0,0
72,72,9037.0,1,0
73,73,9038.0,0,0
74,74,9037.0,1,0
75,75,9037.0,1,0
76,76,9036.0,2,0
77,77,9036.0,2,0
78,78,9035.0,3,0
79,79,9033.0,5,0
80,80,9033.0,5,0
81,81,9033.0,5,0
82,82,9033.0,5,0
83,83,9031.0,7,0
84,84,9031.0,7,0
85,85,9031.0,7,0
86,86,9030.0,8,0
87,87,9030.0,8,0
88,88,9029.0,9,0
89,89,9029.0,9,0
90,90,8985.0,53,0
91,91,8985.0,53,0
92,92,8972.0,66,0
93,93,8959.0,79,0
94,94,8949.0,89,0
95,95,8949.0,89,0
96,96,8906.0,132,0
97,97,8897.0,141,0
98,98,8895.0,143,0
99,99,8894.0,144,0
100,100,8894.0,144,0
101,101,8894.0,144,0
102,102,8893.0,145,0
103,103,8893.0,145,0
104,104,8892.0,145,1
105,105,8892.0,145,1
106,106,8849.0,187,2
107,107,8848.0,187,3
108,108,8847.0,188,3
109,109,8846.0,189,3
110,110,8845.0,190,3
111,111,8835.0,200,3
112,112,8835.0,200,3
113,113,8831.0,203,4
114,114,8831.0,203,4
115,115,8830.0,204,4
116,116,8773.0,261,4
117,117,8771.0,263,4
118,118,8771.0,263,4
119,119,8771.0,263,4
120,120,8771.0,263,4
121,121,8767.0,267,4
122,122,8758.0,276,4
123,123,8759.0,275,4
124,124,8759.0,275,4
125,125,8759.0,275,4
126,126,8759.0,275,4
127,127,8759.0,275,4
128,128,8759.0,275,4
