,Days,S,I,D
0,0,48518.0,0,0
1,1,48518.0,0,0
2,2,48518.0,0,0
3,3,48518.0,0,0
4,4,48518.0,0,0
5,5,48518.0,0,0
6,6,48518.0,0,0
7,7,48518.0,0,0
8,8,48518.0,0,0
9,9,48518.0,0,0
10,10,48518.0,0,0
11,11,48518.0,0,0
12,12,48518.0,0,0
13,13,48518.0,0,0
14,14,48518.0,0,0
15,15,48518.0,0,0
16,16,48518.0,0,0
17,17,48518.0,0,0
18,18,48518.0,0,0
19,19,48518.0,0,0
20,20,48518.0,0,0
21,21,48518.0,0,0
22,22,48518.0,0,0
23,23,48518.0,0,0
24,24,48518.0,0,0
25,25,48518.0,0,0
26,26,48518.0,0,0
27,27,48518.0,0,0
28,28,48518.0,0,0
29,29,48518.0,0,0
30,30,48518.0,0,0
31,31,48518.0,0,0
32,32,48518.0,0,0
33,33,48518.0,0,0
34,34,48518.0,0,0
35,35,48518.0,0,0
36,36,48518.0,0,0
37,37,48518.0,0,0
38,38,48518.0,0,0
39,39,48518.0,0,0
40,40,48518.0,0,0
41,41,48518.0,0,0
42,42,48518.0,0,0
43,43,48518.0,0,0
44,44,48518.0,0,0
45,45,48518.0,0,0
46,46,48518.0,0,0
47,47,48518.0,0,0
48,48,48518.0,0,0
49,49,48518.0,0,0
50,50,48518.0,0,0
51,51,48518.0,0,0
52,52,48518.0,0,0
53,53,48518.0,0,0
54,54,48518.0,0,0
55,55,48518.0,0,0
56,56,48518.0,0,0
57,57,48518.0,0,0
58,58,48518.0,0,0
59,59,48518.0,0,0
60,60,48518.0,0,0
61,61,48518.0,0,0
62,62,48518.0,0,0
63,63,48518.0,0,0
64,64,48518.0,0,0
65,65,48517.0,1,0
66,66,48517.0,1,0
67,67,48517.0,1,0
68,68,48517.0,1,0
69,69,48517.0,1,0
70,70,48517.0,1,0
71,71,48517.0,1,0
72,72,48517.0,1,0
73,73,48517.0,1,0
74,74,48516.0,1,1
75,75,48516.0,1,1
76,76,48516.0,1,1
77,77,48516.0,1,1
78,78,48504.0,13,1
79,79,48500.0,17,1
80,80,48498.0,19,1
81,81,48498.0,19,1
82,82,48498.0,19,1
83,83,48498.0,19,1
84,84,48496.0,21,1
85,85,48495.0,21,2
86,86,48494.0,22,2
87,87,48494.0,22,2
88,88,48494.0,22,2
89,89,48494.0,22,2
90,90,48493.0,23,2
91,91,48493.0,23,2
92,92,48493.0,23,2
93,93,48489.0,26,3
94,94,48489.0,26,3
95,95,48487.0,28,3
96,96,48487.0,28,3
97,97,48487.0,28,3
98,98,48487.0,28,3
99,99,48485.0,30,3
100,100,48485.0,30,3
101,101,48485.0,30,3
102,102,48484.0,31,3
103,103,48484.0,31,3
104,104,48482.0,33,3
105,105,48481.0,34,3
106,106,48480.0,35,3
107,107,48471.0,44,3
108,108,48466.0,49,3
109,109,48466.0,49,3
110,110,48463.0,52,3
111,111,48461.0,54,3
112,112,48461.0,54,3
113,113,48461.0,54,3
114,114,48450.0,65,3
115,115,48440.0,75,3
116,116,48440.0,75,3
117,117,48439.0,76,3
118,118,48437.0,78,3
119,119,48433.0,82,3
120,120,48431.0,84,3
121,121,48425.0,89,4
122,122,48422.0,92,4
123,123,48422.0,92,4
124,124,48422.0,92,4
125,125,48382.0,132,4
126,126,48376.0,138,4
127,127,48374.0,140,4
128,128,48358.0,156,4
