,Days,S,I,D
0,0,16272.0,0,0
1,1,16272.0,0,0
2,2,16272.0,0,0
3,3,16272.0,0,0
4,4,16272.0,0,0
5,5,16272.0,0,0
6,6,16272.0,0,0
7,7,16272.0,0,0
8,8,16272.0,0,0
9,9,16272.0,0,0
10,10,16272.0,0,0
11,11,16272.0,0,0
12,12,16272.0,0,0
13,13,16272.0,0,0
14,14,16272.0,0,0
15,15,16272.0,0,0
16,16,16272.0,0,0
17,17,16272.0,0,0
18,18,16272.0,0,0
19,19,16272.0,0,0
20,20,16272.0,0,0
21,21,16272.0,0,0
22,22,16272.0,0,0
23,23,16272.0,0,0
24,24,16272.0,0,0
25,25,16272.0,0,0
26,26,16272.0,0,0
27,27,16272.0,0,0
28,28,16272.0,0,0
29,29,16272.0,0,0
30,30,16272.0,0,0
31,31,16272.0,0,0
32,32,16272.0,0,0
33,33,16272.0,0,0
34,34,16272.0,0,0
35,35,16272.0,0,0
36,36,16272.0,0,0
37,37,16272.0,0,0
38,38,16272.0,0,0
39,39,16272.0,0,0
40,40,16272.0,0,0
41,41,16272.0,0,0
42,42,16272.0,0,0
43,43,16272.0,0,0
44,44,16272.0,0,0
45,45,16272.0,0,0
46,46,16272.0,0,0
47,47,16272.0,0,0
48,48,16272.0,0,0
49,49,16272.0,0,0
50,50,16272.0,0,0
51,51,16272.0,0,0
52,52,16272.0,0,0
53,53,16272.0,0,0
54,54,16272.0,0,0
55,55,16272.0,0,0
56,56,16272.0,0,0
57,57,16272.0,0,0
58,58,16272.0,0,0
59,59,16272.0,0,0
60,60,16272.0,0,0
61,61,16272.0,0,0
62,62,16271.0,1,0
63,63,16271.0,1,0
64,64,16271.0,1,0
65,65,16271.0,1,0
66,66,16271.0,1,0
67,67,16271.0,1,0
68,68,16270.0,2,0
69,69,16270.0,2,0
70,70,16270.0,2,0
71,71,16269.0,3,0
72,72,16269.0,3,0
73,73,16269.0,3,0
74,74,16269.0,3,0
75,75,16269.0,3,0
76,76,16269.0,3,0
77,77,16268.0,4,0
78,78,16268.0,4,0
79,79,16268.0,4,0
80,80,16268.0,4,0
81,81,16268.0,4,0
82,82,16264.0,8,0
83,83,16264.0,8,0
84,84,16261.0,11,0
85,85,16261.0,11,0
86,86,16261.0,11,0
87,87,16260.0,12,0
88,88,16259.0,13,0
89,89,16259.0,13,0
90,90,16259.0,13,0
91,91,16255.0,17,0
92,92,16254.0,17,1
93,93,16254.0,17,1
94,94,16254.0,17,1
95,95,16254.0,17,1
96,96,16252.0,19,1
97,97,16250.0,21,1
98,98,16246.0,25,1
99,99,16243.0,28,1
100,100,16239.0,32,1
101,101,16239.0,32,1
102,102,16239.0,32,1
103,103,16229.0,40,3
104,104,16223.0,46,3
105,105,16221.0,48,3
106,106,16214.0,55,3
107,107,16212.0,57,3
108,108,16212.0,57,3
109,109,16206.0,63,3
110,110,16204.0,65,3
111,111,16204.0,65,3
112,112,16202.0,67,3
113,113,16202.0,67,3
114,114,16201.0,68,3
115,115,16201.0,68,3
116,116,16201.0,68,3
117,117,16201.0,68,3
118,118,16199.0,70,3
119,119,16199.0,70,3
120,120,16199.0,70,3
121,121,16196.0,72,4
122,122,16196.0,72,4
123,123,16196.0,72,4
124,124,16196.0,72,4
125,125,16192.0,76,4
126,126,16192.0,76,4
127,127,16192.0,76,4
128,128,16192.0,76,4
