,Days,S,I,D
0,0,97331.0,0,0
1,1,97331.0,0,0
2,2,97331.0,0,0
3,3,97331.0,0,0
4,4,97331.0,0,0
5,5,97331.0,0,0
6,6,97331.0,0,0
7,7,97331.0,0,0
8,8,97331.0,0,0
9,9,97331.0,0,0
10,10,97331.0,0,0
11,11,97331.0,0,0
12,12,97331.0,0,0
13,13,97331.0,0,0
14,14,97331.0,0,0
15,15,97331.0,0,0
16,16,97331.0,0,0
17,17,97331.0,0,0
18,18,97331.0,0,0
19,19,97331.0,0,0
20,20,97331.0,0,0
21,21,97331.0,0,0
22,22,97331.0,0,0
23,23,97331.0,0,0
24,24,97331.0,0,0
25,25,97331.0,0,0
26,26,97331.0,0,0
27,27,97331.0,0,0
28,28,97331.0,0,0
29,29,97331.0,0,0
30,30,97331.0,0,0
31,31,97331.0,0,0
32,32,97331.0,0,0
33,33,97331.0,0,0
34,34,97331.0,0,0
35,35,97331.0,0,0
36,36,97331.0,0,0
37,37,97331.0,0,0
38,38,97331.0,0,0
39,39,97331.0,0,0
40,40,97331.0,0,0
41,41,97331.0,0,0
42,42,97331.0,0,0
43,43,97330.0,1,0
44,44,97330.0,1,0
45,45,97330.0,1,0
46,46,97329.0,1,1
47,47,97329.0,1,1
48,48,97329.0,1,1
49,49,97329.0,1,1
50,50,97329.0,1,1
51,51,97329.0,1,1
52,52,97328.0,2,1
53,53,97328.0,2,1
54,54,97327.0,3,1
55,55,97323.0,7,1
56,56,97322.0,8,1
57,57,97322.0,8,1
58,58,97322.0,8,1
59,59,97319.0,11,1
60,60,97312.0,18,1
61,61,97307.0,23,1
62,62,97303.0,27,1
63,63,97303.0,27,1
64,64,97297.0,33,1
65,65,97288.0,42,1
66,66,97286.0,44,1
67,67,97280.0,50,1
68,68,97267.0,63,1
69,69,97267.0,63,1
70,70,97264.0,66,1
71,71,97262.0,68,1
72,72,97262.0,68,1
73,73,97256.0,74,1
74,74,97247.0,82,2
75,75,97244.0,85,2
76,76,97239.0,90,2
77,77,97234.0,95,2
78,78,97230.0,99,2
79,79,97229.0,100,2
80,80,97218.0,111,2
81,81,97214.0,115,2
82,82,97208.0,121,2
83,83,97208.0,121,2
84,84,97208.0,121,2
85,85,97201.0,128,2
86,86,97197.0,132,2
87,87,97192.0,137,2
88,88,97188.0,141,2
89,89,97188.0,141,2
90,90,97188.0,141,2
91,91,97185.0,144,2
92,92,97183.0,146,2
93,93,97180.0,149,2
94,94,97179.0,150,2
95,95,97179.0,150,2
96,96,97177.0,152,2
97,97,97173.0,155,3
98,98,97173.0,155,3
99,99,97169.0,159,3
100,100,97165.0,163,3
101,101,97159.0,169,3
102,102,97158.0,170,3
103,103,97149.0,179,3
104,104,97149.0,179,3
105,105,97149.0,179,3
106,106,97149.0,179,3
107,107,97148.0,180,3
108,108,97147.0,181,3
109,109,97147.0,181,3
110,110,97145.0,183,3
111,111,97145.0,183,3
112,112,97143.0,185,3
113,113,97143.0,185,3
114,114,97143.0,185,3
115,115,97143.0,185,3
116,116,97142.0,186,3
117,117,97142.0,186,3
118,118,97141.0,186,4
119,119,97139.0,188,4
120,120,97139.0,188,4
121,121,97138.0,189,4
122,122,97138.0,189,4
123,123,97137.0,190,4
124,124,97137.0,190,4
125,125,97137.0,190,4
126,126,97133.0,194,4
127,127,97129.0,198,4
128,128,97125.0,202,4
