,Days,S,I,D
0,0,229642.0,0,0
1,1,229642.0,0,0
2,2,229642.0,0,0
3,3,229642.0,0,0
4,4,229642.0,0,0
5,5,229642.0,0,0
6,6,229642.0,0,0
7,7,229642.0,0,0
8,8,229642.0,0,0
9,9,229642.0,0,0
10,10,229642.0,0,0
11,11,229642.0,0,0
12,12,229642.0,0,0
13,13,229642.0,0,0
14,14,229642.0,0,0
15,15,229642.0,0,0
16,16,229642.0,0,0
17,17,229642.0,0,0
18,18,229642.0,0,0
19,19,229642.0,0,0
20,20,229642.0,0,0
21,21,229642.0,0,0
22,22,229642.0,0,0
23,23,229642.0,0,0
24,24,229642.0,0,0
25,25,229642.0,0,0
26,26,229642.0,0,0
27,27,229642.0,0,0
28,28,229642.0,0,0
29,29,229642.0,0,0
30,30,229642.0,0,0
31,31,229642.0,0,0
32,32,229642.0,0,0
33,33,229642.0,0,0
34,34,229642.0,0,0
35,35,229642.0,0,0
36,36,229642.0,0,0
37,37,229642.0,0,0
38,38,229642.0,0,0
39,39,229642.0,0,0
40,40,229642.0,0,0
41,41,229642.0,0,0
42,42,229642.0,0,0
43,43,229642.0,0,0
44,44,229642.0,0,0
45,45,229642.0,0,0
46,46,229642.0,0,0
47,47,229642.0,0,0
48,48,229642.0,0,0
49,49,229642.0,0,0
50,50,229642.0,0,0
51,51,229642.0,0,0
52,52,229642.0,0,0
53,53,229642.0,0,0
54,54,229642.0,0,0
55,55,229641.0,1,0
56,56,229639.0,3,0
57,57,229637.0,5,0
58,58,229635.0,7,0
59,59,229628.0,14,0
60,60,229624.0,18,0
61,61,229619.0,23,0
62,62,229614.0,28,0
63,63,229600.0,42,0
64,64,229590.0,51,1
65,65,229572.0,68,2
66,66,229560.0,80,2
67,67,229556.0,84,2
68,68,229521.0,117,4
69,69,229480.0,153,9
70,70,229455.0,177,10
71,71,229439.0,192,11
72,72,229427.0,203,12
73,73,229379.0,250,13
74,74,229366.0,261,15
75,75,229353.0,272,17
76,76,229323.0,300,19
77,77,229309.0,305,28
78,78,229280.0,334,28
79,79,229253.0,358,31
80,80,229236.0,375,31
81,81,229194.0,417,31
82,82,229168.0,443,31
83,83,229138.0,469,35
84,84,229115.0,486,41
85,85,229089.0,512,41
86,86,229051.0,547,44
87,87,229025.0,572,45
88,88,229005.0,589,48
89,89,228988.0,604,50
90,90,228967.0,621,54
91,91,228951.0,635,56
92,92,228914.0,666,62
93,93,228889.0,688,65
94,94,228856.0,721,65
95,95,228840.0,737,65
96,96,228813.0,764,65
97,97,228791.0,784,67
98,98,228758.0,804,80
99,99,228734.0,828,80
100,100,228707.0,853,82
101,101,228677.0,883,82
102,102,228622.0,937,83
103,103,228598.0,961,83
104,104,228552.0,998,92
105,105,228510.0,1024,108
106,106,228483.0,1044,115
107,107,228436.0,1087,119
108,108,228416.0,1104,122
109,109,228401.0,1119,122
110,110,228375.0,1144,123
111,111,228360.0,1150,132
112,112,228345.0,1163,134
113,113,228330.0,1174,138
114,114,228312.0,1185,145
115,115,228297.0,1199,146
116,116,228284.0,1212,146
117,117,228268.0,1226,148
118,118,228239.0,1247,156
119,119,228230.0,1252,160
120,120,228203.0,1277,162
121,121,228184.0,1295,163
122,122,228156.0,1317,169
123,123,228139.0,1334,169
124,124,228132.0,1341,169
125,125,228124.0,1347,171
126,126,228102.0,1367,173
127,127,228072.0,1397,173
128,128,228064.0,1405,173
