,Days,S,I,D
0,0,1481093.0,0,0
1,1,1481093.0,0,0
2,2,1481093.0,0,0
3,3,1481093.0,0,0
4,4,1481093.0,0,0
5,5,1481093.0,0,0
6,6,1481093.0,0,0
7,7,1481093.0,0,0
8,8,1481093.0,0,0
9,9,1481093.0,0,0
10,10,1481093.0,0,0
11,11,1481093.0,0,0
12,12,1481093.0,0,0
13,13,1481093.0,0,0
14,14,1481093.0,0,0
15,15,1481093.0,0,0
16,16,1481093.0,0,0
17,17,1481093.0,0,0
18,18,1481093.0,0,0
19,19,1481093.0,0,0
20,20,1481093.0,0,0
21,21,1481093.0,0,0
22,22,1481093.0,0,0
23,23,1481093.0,0,0
24,24,1481093.0,0,0
25,25,1481093.0,0,0
26,26,1481093.0,0,0
27,27,1481093.0,0,0
28,28,1481093.0,0,0
29,29,1481093.0,0,0
30,30,1481093.0,0,0
31,31,1481093.0,0,0
32,32,1481093.0,0,0
33,33,1481093.0,0,0
34,34,1481093.0,0,0
35,35,1481093.0,0,0
36,36,1481093.0,0,0
37,37,1481093.0,0,0
38,38,1481093.0,0,0
39,39,1481093.0,0,0
40,40,1481093.0,0,0
41,41,1481093.0,0,0
42,42,1481093.0,0,0
43,43,1481093.0,0,0
44,44,1481093.0,0,0
45,45,1481093.0,0,0
46,46,1481092.0,1,0
47,47,1481092.0,1,0
48,48,1481092.0,1,0
49,49,1481087.0,6,0
50,50,1481073.0,20,0
51,51,1481065.0,28,0
52,52,1481052.0,41,0
53,53,1481046.0,47,0
54,54,1481028.0,63,2
55,55,1481007.0,84,2
56,56,1480974.0,116,3
57,57,1480912.0,178,3
58,58,1480719.0,371,3
59,59,1480428.0,662,3
60,60,1480055.0,1034,4
61,61,1479631.0,1458,4
62,62,1479196.0,1880,17
63,63,1478813.0,2260,20
64,64,1478336.0,2735,22
65,65,1477677.0,3386,30
66,66,1476918.0,4138,37
67,67,1476030.0,5023,40
68,68,1475258.0,5791,44
69,69,1474327.0,6713,53
70,70,1473419.0,7605,69
71,71,1472263.0,8746,84
72,72,1470843.0,10154,96
73,73,1469548.0,11370,175
74,74,1468513.0,12405,175
75,75,1467370.0,13487,236
76,76,1466313.0,14517,263
77,77,1464926.0,15844,323
78,78,1463311.0,17413,369
79,79,1461987.0,18692,414
80,80,1460752.0,19883,458
81,81,1459759.0,20816,518
82,82,1458882.0,21643,568
83,83,1458023.0,22462,608
84,84,1457162.0,23278,653
85,85,1456218.0,24182,693
86,86,1455365.0,25035,693
87,87,1454257.0,26143,693
88,88,1453380.0,26888,825
89,89,1452572.0,27662,859
90,90,1452051.0,28154,888
91,91,1451313.0,28854,926
92,92,1450567.0,29567,959
93,93,1449494.0,30606,993
94,94,1448683.0,31368,1042
95,95,1447964.0,32059,1070
96,96,1447521.0,32470,1102
97,97,1447238.0,32724,1131
98,98,1446673.0,33265,1155
99,99,1446252.0,33664,1177
100,100,1445853.0,34037,1203
101,101,1445388.0,34478,1227
102,102,1444982.0,34855,1256
103,103,1444743.0,35077,1273
104,104,1444522.0,35275,1296
105,105,1444028.0,35543,1522
106,106,1443654.0,35892,1547
107,107,1443302.0,36223,1568
108,108,1443035.0,36461,1597
109,109,1442774.0,36702,1617
110,110,1442543.0,36911,1639
111,111,1442377.0,37062,1654
112,112,1442108.0,37305,1680
113,113,1441852.0,37544,1697
114,114,1441665.0,37719,1709
115,115,1441418.0,37942,1733
116,116,1441228.0,38117,1748
117,117,1441115.0,38224,1754
118,118,1440994.0,38327,1772
119,119,1440891.0,38411,1791
120,120,1440738.0,38553,1802
121,121,1440607.0,38672,1814
122,122,1440469.0,38802,1822
123,123,1440295.0,38964,1834
124,124,1440163.0,39090,1840
125,125,1440043.0,39199,1851
126,126,1439974.0,39258,1861
127,127,1439863.0,39359,1871
128,128,1439769.0,39445,1879
