,Days,S,I,D
0,0,499942.0,0,0
1,1,499942.0,0,0
2,2,499942.0,0,0
3,3,499942.0,0,0
4,4,499942.0,0,0
5,5,499942.0,0,0
6,6,499942.0,0,0
7,7,499942.0,0,0
8,8,499942.0,0,0
9,9,499942.0,0,0
10,10,499942.0,0,0
11,11,499942.0,0,0
12,12,499942.0,0,0
13,13,499942.0,0,0
14,14,499942.0,0,0
15,15,499942.0,0,0
16,16,499942.0,0,0
17,17,499942.0,0,0
18,18,499942.0,0,0
19,19,499942.0,0,0
20,20,499942.0,0,0
21,21,499942.0,0,0
22,22,499942.0,0,0
23,23,499942.0,0,0
24,24,499942.0,0,0
25,25,499942.0,0,0
26,26,499942.0,0,0
27,27,499942.0,0,0
28,28,499942.0,0,0
29,29,499942.0,0,0
30,30,499942.0,0,0
31,31,499942.0,0,0
32,32,499942.0,0,0
33,33,499942.0,0,0
34,34,499942.0,0,0
35,35,499942.0,0,0
36,36,499942.0,0,0
37,37,499942.0,0,0
38,38,499942.0,0,0
39,39,499942.0,0,0
40,40,499941.0,1,0
41,41,499941.0,1,0
42,42,499941.0,1,0
43,43,499941.0,1,0
44,44,499941.0,1,0
45,45,499941.0,1,0
46,46,499941.0,1,0
47,47,499939.0,3,0
48,48,499939.0,3,0
49,49,499939.0,3,0
50,50,499939.0,3,0
51,51,499939.0,3,0
52,52,499939.0,3,0
53,53,499937.0,5,0
54,54,499936.0,6,0
55,55,499936.0,6,0
56,56,499934.0,8,0
57,57,499933.0,9,0
58,58,499920.0,21,1
59,59,499918.0,23,1
60,60,499916.0,25,1
61,61,499912.0,29,1
62,62,499907.0,34,1
63,63,499902.0,39,1
64,64,499900.0,41,1
65,65,499900.0,41,1
66,66,499887.0,54,1
67,67,499884.0,57,1
68,68,499868.0,73,1
69,69,499856.0,85,1
70,70,499850.0,91,1
71,71,499846.0,95,1
72,72,499841.0,100,1
73,73,499836.0,105,1
74,74,499834.0,107,1
75,75,499826.0,115,1
76,76,499821.0,120,1
77,77,499805.0,136,1
78,78,499805.0,136,1
79,79,499795.0,145,2
80,80,499795.0,145,2
81,81,499795.0,145,2
82,82,499793.0,147,2
83,83,499788.0,152,2
84,84,499780.0,160,2
85,85,499777.0,163,2
86,86,499768.0,172,2
87,87,499760.0,180,2
88,88,499760.0,180,2
89,89,499759.0,181,2
90,90,499758.0,182,2
91,91,499748.0,192,2
92,92,499746.0,194,2
93,93,499724.0,216,2
94,94,499723.0,217,2
95,95,499720.0,220,2
96,96,499720.0,220,2
97,97,499718.0,222,2
98,98,499708.0,232,2
99,99,499708.0,232,2
100,100,499696.0,244,2
101,101,499688.0,252,2
102,102,499688.0,252,2
103,103,499678.0,261,3
104,104,499678.0,261,3
105,105,499653.0,286,3
106,106,499647.0,292,3
107,107,499647.0,292,3
108,108,499639.0,300,3
109,109,499630.0,309,3
110,110,499629.0,309,4
111,111,499626.0,312,4
112,112,499605.0,333,4
113,113,499587.0,351,4
114,114,499574.0,364,4
115,115,499574.0,364,4
116,116,499565.0,373,4
117,117,499551.0,387,4
118,118,499547.0,391,4
119,119,499527.0,411,4
120,120,499505.0,433,4
121,121,499471.0,467,4
122,122,499471.0,467,4
123,123,499456.0,482,4
124,124,499438.0,500,4
125,125,499414.0,524,4
126,126,499414.0,524,4
127,127,499407.0,531,4
128,128,499407.0,531,4
