,Days,S,I,D
0,0,180040.0,0,0
1,1,180040.0,0,0
2,2,180040.0,0,0
3,3,180040.0,0,0
4,4,180040.0,0,0
5,5,180040.0,0,0
6,6,180040.0,0,0
7,7,180040.0,0,0
8,8,180040.0,0,0
9,9,180040.0,0,0
10,10,180040.0,0,0
11,11,180040.0,0,0
12,12,180040.0,0,0
13,13,180040.0,0,0
14,14,180040.0,0,0
15,15,180040.0,0,0
16,16,180040.0,0,0
17,17,180040.0,0,0
18,18,180040.0,0,0
19,19,180040.0,0,0
20,20,180040.0,0,0
21,21,180040.0,0,0
22,22,180040.0,0,0
23,23,180040.0,0,0
24,24,180040.0,0,0
25,25,180040.0,0,0
26,26,180040.0,0,0
27,27,180040.0,0,0
28,28,180040.0,0,0
29,29,180040.0,0,0
30,30,180040.0,0,0
31,31,180040.0,0,0
32,32,180040.0,0,0
33,33,180040.0,0,0
34,34,180040.0,0,0
35,35,180040.0,0,0
36,36,180040.0,0,0
37,37,180040.0,0,0
38,38,180040.0,0,0
39,39,180040.0,0,0
40,40,180040.0,0,0
41,41,180040.0,0,0
42,42,180040.0,0,0
43,43,180040.0,0,0
44,44,180040.0,0,0
45,45,180040.0,0,0
46,46,180040.0,0,0
47,47,180039.0,1,0
48,48,180039.0,1,0
49,49,180039.0,1,0
50,50,180039.0,1,0
51,51,180039.0,1,0
52,52,180039.0,1,0
53,53,180039.0,1,0
54,54,180039.0,1,0
55,55,180039.0,1,0
56,56,180039.0,1,0
57,57,180039.0,1,0
58,58,180039.0,1,0
59,59,180039.0,1,0
60,60,180038.0,2,0
61,61,180037.0,3,0
62,62,180037.0,3,0
63,63,180036.0,3,1
64,64,180036.0,3,1
65,65,180036.0,3,1
66,66,180035.0,4,1
67,67,180035.0,4,1
68,68,180033.0,6,1
69,69,180033.0,6,1
70,70,180032.0,7,1
71,71,180028.0,11,1
72,72,180028.0,11,1
73,73,180027.0,12,1
74,74,180019.0,20,1
75,75,180018.0,21,1
76,76,180016.0,23,1
77,77,180015.0,24,1
78,78,180015.0,24,1
79,79,180015.0,24,1
80,80,180015.0,24,1
81,81,180015.0,24,1
82,82,180014.0,25,1
83,83,180014.0,25,1
84,84,180014.0,25,1
85,85,180013.0,26,1
86,86,180013.0,26,1
87,87,180013.0,26,1
88,88,180013.0,26,1
89,89,180013.0,26,1
90,90,180013.0,26,1
91,91,180012.0,27,1
92,92,180011.0,28,1
93,93,180009.0,30,1
94,94,180009.0,30,1
95,95,180009.0,30,1
96,96,180009.0,30,1
97,97,180008.0,31,1
98,98,180008.0,31,1
99,99,180008.0,31,1
100,100,180008.0,31,1
101,101,180008.0,31,1
102,102,180008.0,31,1
103,103,180005.0,31,4
104,104,180005.0,31,4
105,105,180005.0,31,4
106,106,180005.0,31,4
107,107,180005.0,31,4
108,108,180005.0,31,4
109,109,180005.0,31,4
110,110,180004.0,32,4
111,111,180004.0,32,4
112,112,180004.0,32,4
113,113,180003.0,33,4
114,114,180003.0,33,4
115,115,180002.0,34,4
116,116,180002.0,34,4
117,117,180002.0,34,4
118,118,180002.0,34,4
119,119,180002.0,34,4
120,120,180002.0,34,4
121,121,180000.0,36,4
122,122,180000.0,36,4
123,123,180000.0,36,4
124,124,180000.0,36,4
125,125,180000.0,36,4
126,126,180000.0,36,4
127,127,179999.0,37,4
128,128,179999.0,37,4
