,Days,S,I,D
0,0,291538.0,0,0
1,1,291538.0,0,0
2,2,291538.0,0,0
3,3,291538.0,0,0
4,4,291538.0,0,0
5,5,291538.0,0,0
6,6,291538.0,0,0
7,7,291538.0,0,0
8,8,291538.0,0,0
9,9,291538.0,0,0
10,10,291538.0,0,0
11,11,291538.0,0,0
12,12,291538.0,0,0
13,13,291538.0,0,0
14,14,291538.0,0,0
15,15,291538.0,0,0
16,16,291538.0,0,0
17,17,291538.0,0,0
18,18,291538.0,0,0
19,19,291538.0,0,0
20,20,291538.0,0,0
21,21,291538.0,0,0
22,22,291538.0,0,0
23,23,291538.0,0,0
24,24,291538.0,0,0
25,25,291538.0,0,0
26,26,291538.0,0,0
27,27,291538.0,0,0
28,28,291538.0,0,0
29,29,291538.0,0,0
30,30,291538.0,0,0
31,31,291538.0,0,0
32,32,291538.0,0,0
33,33,291538.0,0,0
34,34,291538.0,0,0
35,35,291538.0,0,0
36,36,291538.0,0,0
37,37,291538.0,0,0
38,38,291538.0,0,0
39,39,291538.0,0,0
40,40,291538.0,0,0
41,41,291538.0,0,0
42,42,291538.0,0,0
43,43,291538.0,0,0
44,44,291538.0,0,0
45,45,291538.0,0,0
46,46,291538.0,0,0
47,47,291538.0,0,0
48,48,291538.0,0,0
49,49,291538.0,0,0
50,50,291537.0,1,0
51,51,291537.0,1,0
52,52,291537.0,1,0
53,53,291537.0,1,0
54,54,291537.0,1,0
55,55,291536.0,2,0
56,56,291536.0,2,0
57,57,291534.0,4,0
58,58,291534.0,4,0
59,59,291534.0,4,0
60,60,291532.0,6,0
61,61,291521.0,17,0
62,62,291521.0,17,0
63,63,291510.0,28,0
64,64,291505.0,33,0
65,65,291494.0,43,1
66,66,291483.0,54,1
67,67,291477.0,59,2
68,68,291475.0,61,2
69,69,291471.0,65,2
70,70,291470.0,66,2
71,71,291470.0,66,2
72,72,291463.0,73,2
73,73,291455.0,81,2
74,74,291450.0,85,3
75,75,291447.0,88,3
76,76,291437.0,98,3
77,77,291431.0,103,4
78,78,291425.0,109,4
79,79,291422.0,112,4
80,80,291413.0,121,4
81,81,291407.0,127,4
82,82,291403.0,131,4
83,83,291398.0,136,4
84,84,291395.0,139,4
85,85,291391.0,143,4
86,86,291384.0,150,4
87,87,291383.0,151,4
88,88,291380.0,154,4
89,89,291379.0,155,4
90,90,291374.0,160,4
91,91,291370.0,164,4
92,92,291368.0,166,4
93,93,291366.0,168,4
94,94,291366.0,168,4
95,95,291366.0,168,4
96,96,291363.0,171,4
97,97,291359.0,175,4
98,98,291355.0,179,4
99,99,291355.0,179,4
100,100,291349.0,185,4
101,101,291349.0,185,4
102,102,291347.0,187,4
103,103,291345.0,189,4
104,104,291344.0,190,4
105,105,291344.0,190,4
106,106,291343.0,191,4
107,107,291340.0,194,4
108,108,291340.0,194,4
109,109,291340.0,194,4
110,110,291339.0,195,4
111,111,291339.0,195,4
112,112,291339.0,195,4
113,113,291336.0,198,4
114,114,291340.0,198,0
115,115,291340.0,198,0
116,116,291331.0,203,4
117,117,291329.0,205,4
118,118,291329.0,205,4
119,119,291328.0,206,4
120,120,291328.0,206,4
121,121,291328.0,206,4
122,122,291328.0,206,4
123,123,291328.0,206,4
124,124,291328.0,206,4
125,125,291327.0,207,4
126,126,291327.0,207,4
127,127,291323.0,211,4
128,128,291321.0,213,4
