,Days,S,I,D
0,0,98266.0,0,0
1,1,98266.0,0,0
2,2,98266.0,0,0
3,3,98266.0,0,0
4,4,98266.0,0,0
5,5,98266.0,0,0
6,6,98266.0,0,0
7,7,98266.0,0,0
8,8,98266.0,0,0
9,9,98266.0,0,0
10,10,98266.0,0,0
11,11,98266.0,0,0
12,12,98266.0,0,0
13,13,98266.0,0,0
14,14,98266.0,0,0
15,15,98266.0,0,0
16,16,98266.0,0,0
17,17,98266.0,0,0
18,18,98266.0,0,0
19,19,98266.0,0,0
20,20,98266.0,0,0
21,21,98266.0,0,0
22,22,98266.0,0,0
23,23,98266.0,0,0
24,24,98266.0,0,0
25,25,98266.0,0,0
26,26,98266.0,0,0
27,27,98266.0,0,0
28,28,98266.0,0,0
29,29,98266.0,0,0
30,30,98266.0,0,0
31,31,98266.0,0,0
32,32,98266.0,0,0
33,33,98266.0,0,0
34,34,98266.0,0,0
35,35,98266.0,0,0
36,36,98266.0,0,0
37,37,98266.0,0,0
38,38,98266.0,0,0
39,39,98266.0,0,0
40,40,98266.0,0,0
41,41,98266.0,0,0
42,42,98266.0,0,0
43,43,98266.0,0,0
44,44,98266.0,0,0
45,45,98266.0,0,0
46,46,98266.0,0,0
47,47,98266.0,0,0
48,48,98266.0,0,0
49,49,98266.0,0,0
50,50,98266.0,0,0
51,51,98266.0,0,0
52,52,98266.0,0,0
53,53,98266.0,0,0
54,54,98266.0,0,0
55,55,98266.0,0,0
56,56,98266.0,0,0
57,57,98266.0,0,0
58,58,98266.0,0,0
59,59,98266.0,0,0
60,60,98266.0,0,0
61,61,98266.0,0,0
62,62,98266.0,0,0
63,63,98265.0,1,0
64,64,98261.0,5,0
65,65,98258.0,8,0
66,66,98255.0,11,0
67,67,98251.0,15,0
68,68,98251.0,15,0
69,69,98248.0,18,0
70,70,98244.0,22,0
71,71,98242.0,24,0
72,72,98242.0,24,0
73,73,98239.0,27,0
74,74,98235.0,31,0
75,75,98234.0,32,0
76,76,98234.0,32,0
77,77,98230.0,36,0
78,78,98227.0,39,0
79,79,98227.0,39,0
80,80,98223.0,43,0
81,81,98219.0,47,0
82,82,98216.0,50,0
83,83,98213.0,53,0
84,84,98210.0,56,0
85,85,98207.0,59,0
86,86,98207.0,59,0
87,87,98204.0,62,0
88,88,98202.0,64,0
89,89,98201.0,65,0
90,90,98195.0,71,0
91,91,98189.0,77,0
92,92,98186.0,80,0
93,93,98186.0,80,0
94,94,98184.0,82,0
95,95,98184.0,82,0
96,96,98181.0,84,1
97,97,98177.0,88,1
98,98,98173.0,92,1
99,99,98171.0,93,2
100,100,98166.0,98,2
101,101,98159.0,105,2
102,102,98157.0,107,2
103,103,98154.0,110,2
104,104,98154.0,110,2
105,105,98150.0,114,2
106,106,98143.0,121,2
107,107,98138.0,126,2
108,108,98137.0,127,2
109,109,98137.0,127,2
110,110,98136.0,128,2
111,111,98135.0,129,2
112,112,98135.0,129,2
113,113,98131.0,132,3
114,114,98131.0,132,3
115,115,98129.0,134,3
116,116,98127.0,136,3
117,117,98127.0,136,3
118,118,98123.0,140,3
119,119,98123.0,140,3
120,120,98121.0,142,3
121,121,98119.0,144,3
122,122,98118.0,145,3
123,123,98117.0,146,3
124,124,98117.0,146,3
125,125,98117.0,146,3
126,126,98115.0,147,4
127,127,98112.0,150,4
128,128,98111.0,151,4
