,Days,S,I,D
0,0,34709.0,0,0
1,1,34709.0,0,0
2,2,34709.0,0,0
3,3,34709.0,0,0
4,4,34709.0,0,0
5,5,34709.0,0,0
6,6,34709.0,0,0
7,7,34709.0,0,0
8,8,34709.0,0,0
9,9,34709.0,0,0
10,10,34709.0,0,0
11,11,34709.0,0,0
12,12,34709.0,0,0
13,13,34709.0,0,0
14,14,34709.0,0,0
15,15,34709.0,0,0
16,16,34709.0,0,0
17,17,34709.0,0,0
18,18,34709.0,0,0
19,19,34709.0,0,0
20,20,34709.0,0,0
21,21,34709.0,0,0
22,22,34709.0,0,0
23,23,34709.0,0,0
24,24,34709.0,0,0
25,25,34709.0,0,0
26,26,34709.0,0,0
27,27,34709.0,0,0
28,28,34709.0,0,0
29,29,34709.0,0,0
30,30,34709.0,0,0
31,31,34709.0,0,0
32,32,34709.0,0,0
33,33,34709.0,0,0
34,34,34709.0,0,0
35,35,34709.0,0,0
36,36,34709.0,0,0
37,37,34709.0,0,0
38,38,34709.0,0,0
39,39,34709.0,0,0
40,40,34709.0,0,0
41,41,34709.0,0,0
42,42,34709.0,0,0
43,43,34709.0,0,0
44,44,34709.0,0,0
45,45,34709.0,0,0
46,46,34709.0,0,0
47,47,34709.0,0,0
48,48,34709.0,0,0
49,49,34709.0,0,0
50,50,34709.0,0,0
51,51,34709.0,0,0
52,52,34709.0,0,0
53,53,34709.0,0,0
54,54,34709.0,0,0
55,55,34709.0,0,0
56,56,34709.0,0,0
57,57,34709.0,0,0
58,58,34709.0,0,0
59,59,34709.0,0,0
60,60,34709.0,0,0
61,61,34709.0,0,0
62,62,34709.0,0,0
63,63,34709.0,0,0
64,64,34709.0,0,0
65,65,34707.0,2,0
66,66,34706.0,3,0
67,67,34706.0,3,0
68,68,34706.0,3,0
69,69,34706.0,3,0
70,70,34704.0,5,0
71,71,34703.0,6,0
72,72,34703.0,6,0
73,73,34703.0,6,0
74,74,34703.0,6,0
75,75,34702.0,7,0
76,76,34702.0,7,0
77,77,34702.0,7,0
78,78,34702.0,7,0
79,79,34702.0,7,0
80,80,34702.0,7,0
81,81,34701.0,8,0
82,82,34701.0,8,0
83,83,34701.0,8,0
84,84,34700.0,9,0
85,85,34699.0,10,0
86,86,34697.0,12,0
87,87,34695.0,14,0
88,88,34693.0,16,0
89,89,34692.0,16,1
90,90,34691.0,17,1
91,91,34690.0,18,1
92,92,34690.0,18,1
93,93,34689.0,19,1
94,94,34689.0,19,1
95,95,34689.0,19,1
96,96,34688.0,19,2
97,97,34686.0,20,3
98,98,34685.0,20,4
99,99,34685.0,20,4
100,100,34685.0,20,4
101,101,34685.0,20,4
102,102,34684.0,21,4
103,103,34684.0,21,4
104,104,34684.0,21,4
105,105,34683.0,22,4
106,106,34682.0,23,4
107,107,34682.0,23,4
108,108,34681.0,24,4
109,109,34681.0,24,4
110,110,34681.0,24,4
111,111,34681.0,24,4
112,112,34681.0,24,4
113,113,34680.0,25,4
114,114,34680.0,25,4
115,115,34679.0,26,4
116,116,34677.0,28,4
117,117,34677.0,28,4
118,118,34677.0,28,4
119,119,34677.0,28,4
120,120,34677.0,28,4
121,121,34677.0,28,4
122,122,34677.0,28,4
123,123,34677.0,28,4
124,124,34677.0,28,4
125,125,34677.0,28,4
126,126,34676.0,29,4
127,127,34674.0,31,4
128,128,34674.0,31,4
