,Days,S,I,D
0,0,19938.0,0,0
1,1,19938.0,0,0
2,2,19938.0,0,0
3,3,19938.0,0,0
4,4,19938.0,0,0
5,5,19938.0,0,0
6,6,19938.0,0,0
7,7,19938.0,0,0
8,8,19938.0,0,0
9,9,19938.0,0,0
10,10,19938.0,0,0
11,11,19938.0,0,0
12,12,19938.0,0,0
13,13,19938.0,0,0
14,14,19938.0,0,0
15,15,19938.0,0,0
16,16,19938.0,0,0
17,17,19938.0,0,0
18,18,19938.0,0,0
19,19,19938.0,0,0
20,20,19938.0,0,0
21,21,19938.0,0,0
22,22,19938.0,0,0
23,23,19938.0,0,0
24,24,19938.0,0,0
25,25,19938.0,0,0
26,26,19938.0,0,0
27,27,19938.0,0,0
28,28,19938.0,0,0
29,29,19938.0,0,0
30,30,19938.0,0,0
31,31,19938.0,0,0
32,32,19938.0,0,0
33,33,19938.0,0,0
34,34,19938.0,0,0
35,35,19938.0,0,0
36,36,19938.0,0,0
37,37,19938.0,0,0
38,38,19938.0,0,0
39,39,19938.0,0,0
40,40,19938.0,0,0
41,41,19938.0,0,0
42,42,19938.0,0,0
43,43,19938.0,0,0
44,44,19938.0,0,0
45,45,19938.0,0,0
46,46,19938.0,0,0
47,47,19938.0,0,0
48,48,19938.0,0,0
49,49,19938.0,0,0
50,50,19938.0,0,0
51,51,19938.0,0,0
52,52,19938.0,0,0
53,53,19938.0,0,0
54,54,19938.0,0,0
55,55,19938.0,0,0
56,56,19938.0,0,0
57,57,19938.0,0,0
58,58,19938.0,0,0
59,59,19938.0,0,0
60,60,19938.0,0,0
61,61,19938.0,0,0
62,62,19938.0,0,0
63,63,19937.0,1,0
64,64,19937.0,1,0
65,65,19937.0,1,0
66,66,19937.0,1,0
67,67,19936.0,2,0
68,68,19935.0,3,0
69,69,19934.0,4,0
70,70,19934.0,4,0
71,71,19929.0,9,0
72,72,19927.0,11,0
73,73,19926.0,12,0
74,74,19926.0,12,0
75,75,19925.0,13,0
76,76,19924.0,14,0
77,77,19923.0,15,0
78,78,19919.0,19,0
79,79,19919.0,19,0
80,80,19917.0,21,0
81,81,19916.0,22,0
82,82,19915.0,23,0
83,83,19914.0,24,0
84,84,19908.0,30,0
85,85,19908.0,30,0
86,86,19906.0,32,0
87,87,19905.0,33,0
88,88,19900.0,38,0
89,89,19898.0,40,0
90,90,19896.0,42,0
91,91,19893.0,44,1
92,92,19893.0,44,1
93,93,19892.0,45,1
94,94,19891.0,46,1
95,95,19890.0,47,1
96,96,19890.0,47,1
97,97,19890.0,47,1
98,98,19889.0,48,1
99,99,19889.0,48,1
100,100,19886.0,50,2
101,101,19882.0,54,2
102,102,19881.0,55,2
103,103,19880.0,56,2
104,104,19879.0,57,2
105,105,19878.0,58,2
106,106,19877.0,59,2
107,107,19873.0,63,2
108,108,19871.0,65,2
109,109,19869.0,67,2
110,110,19866.0,70,2
111,111,19866.0,70,2
112,112,19866.0,70,2
113,113,19865.0,71,2
114,114,19862.0,73,3
115,115,19858.0,77,3
116,116,19857.0,78,3
117,117,19853.0,82,3
118,118,19851.0,84,3
119,119,19848.0,86,4
120,120,19848.0,86,4
121,121,19848.0,86,4
122,122,19846.0,88,4
123,123,19841.0,93,4
124,124,19839.0,95,4
125,125,19839.0,95,4
126,126,19838.0,96,4
127,127,19832.0,102,4
128,128,19825.0,109,4
