,Days,S,I,D
0,0,8233.0,0,0
1,1,8233.0,0,0
2,2,8233.0,0,0
3,3,8233.0,0,0
4,4,8233.0,0,0
5,5,8233.0,0,0
6,6,8233.0,0,0
7,7,8233.0,0,0
8,8,8233.0,0,0
9,9,8233.0,0,0
10,10,8233.0,0,0
11,11,8233.0,0,0
12,12,8233.0,0,0
13,13,8233.0,0,0
14,14,8233.0,0,0
15,15,8233.0,0,0
16,16,8233.0,0,0
17,17,8233.0,0,0
18,18,8233.0,0,0
19,19,8233.0,0,0
20,20,8233.0,0,0
21,21,8233.0,0,0
22,22,8233.0,0,0
23,23,8233.0,0,0
24,24,8233.0,0,0
25,25,8233.0,0,0
26,26,8233.0,0,0
27,27,8233.0,0,0
28,28,8233.0,0,0
29,29,8233.0,0,0
30,30,8233.0,0,0
31,31,8233.0,0,0
32,32,8233.0,0,0
33,33,8233.0,0,0
34,34,8233.0,0,0
35,35,8233.0,0,0
36,36,8233.0,0,0
37,37,8233.0,0,0
38,38,8233.0,0,0
39,39,8233.0,0,0
40,40,8233.0,0,0
41,41,8233.0,0,0
42,42,8233.0,0,0
43,43,8233.0,0,0
44,44,8233.0,0,0
45,45,8233.0,0,0
46,46,8233.0,0,0
47,47,8233.0,0,0
48,48,8233.0,0,0
49,49,8233.0,0,0
50,50,8233.0,0,0
51,51,8233.0,0,0
52,52,8233.0,0,0
53,53,8233.0,0,0
54,54,8233.0,0,0
55,55,8233.0,0,0
56,56,8233.0,0,0
57,57,8233.0,0,0
58,58,8233.0,0,0
59,59,8233.0,0,0
60,60,8233.0,0,0
61,61,8233.0,0,0
62,62,8233.0,0,0
63,63,8233.0,0,0
64,64,8233.0,0,0
65,65,8232.0,1,0
66,66,8230.0,3,0
67,67,8230.0,3,0
68,68,8230.0,3,0
69,69,8230.0,3,0
70,70,8229.0,4,0
71,71,8229.0,4,0
72,72,8228.0,5,0
73,73,8228.0,5,0
74,74,8227.0,6,0
75,75,8225.0,8,0
76,76,8223.0,10,0
77,77,8221.0,12,0
78,78,8220.0,13,0
79,79,8220.0,13,0
80,80,8219.0,14,0
81,81,8216.0,17,0
82,82,8215.0,18,0
83,83,8215.0,18,0
84,84,8214.0,19,0
85,85,8211.0,22,0
86,86,8209.0,24,0
87,87,8204.0,29,0
88,88,8204.0,29,0
89,89,8201.0,32,0
90,90,8201.0,32,0
91,91,8193.0,40,0
92,92,8192.0,41,0
93,93,8189.0,44,0
94,94,8189.0,44,0
95,95,8187.0,46,0
96,96,8187.0,46,0
97,97,8185.0,47,1
98,98,8182.0,50,1
99,99,8178.0,54,1
100,100,8178.0,54,1
101,101,8177.0,55,1
102,102,8174.0,58,1
103,103,8171.0,61,1
104,104,8170.0,61,2
105,105,8167.0,64,2
106,106,8164.0,67,2
107,107,8160.0,70,3
108,108,8160.0,70,3
109,109,8160.0,70,3
110,110,8157.0,73,3
111,111,8156.0,73,4
112,112,8155.0,74,4
113,113,8153.0,76,4
114,114,8150.0,79,4
115,115,8148.0,81,4
116,116,8148.0,81,4
117,117,8143.0,86,4
118,118,8143.0,86,4
119,119,8143.0,86,4
120,120,8141.0,88,4
121,121,8141.0,88,4
122,122,8140.0,89,4
123,123,8140.0,89,4
124,124,8138.0,91,4
125,125,8138.0,91,4
126,126,8138.0,91,4
127,127,8137.0,92,4
128,128,8136.0,93,4
