,Days,S,I,D
0,0,28248.0,0,0
1,1,28248.0,0,0
2,2,28248.0,0,0
3,3,28248.0,0,0
4,4,28248.0,0,0
5,5,28248.0,0,0
6,6,28248.0,0,0
7,7,28248.0,0,0
8,8,28248.0,0,0
9,9,28248.0,0,0
10,10,28248.0,0,0
11,11,28248.0,0,0
12,12,28248.0,0,0
13,13,28248.0,0,0
14,14,28248.0,0,0
15,15,28248.0,0,0
16,16,28248.0,0,0
17,17,28248.0,0,0
18,18,28248.0,0,0
19,19,28248.0,0,0
20,20,28248.0,0,0
21,21,28248.0,0,0
22,22,28248.0,0,0
23,23,28248.0,0,0
24,24,28248.0,0,0
25,25,28248.0,0,0
26,26,28248.0,0,0
27,27,28248.0,0,0
28,28,28248.0,0,0
29,29,28248.0,0,0
30,30,28248.0,0,0
31,31,28248.0,0,0
32,32,28248.0,0,0
33,33,28248.0,0,0
34,34,28248.0,0,0
35,35,28248.0,0,0
36,36,28248.0,0,0
37,37,28248.0,0,0
38,38,28248.0,0,0
39,39,28248.0,0,0
40,40,28248.0,0,0
41,41,28248.0,0,0
42,42,28248.0,0,0
43,43,28248.0,0,0
44,44,28248.0,0,0
45,45,28248.0,0,0
46,46,28248.0,0,0
47,47,28248.0,0,0
48,48,28248.0,0,0
49,49,28248.0,0,0
50,50,28248.0,0,0
51,51,28248.0,0,0
52,52,28248.0,0,0
53,53,28248.0,0,0
54,54,28248.0,0,0
55,55,28248.0,0,0
56,56,28248.0,0,0
57,57,28247.0,1,0
58,58,28247.0,1,0
59,59,28247.0,1,0
60,60,28247.0,1,0
61,61,28247.0,1,0
62,62,28245.0,3,0
63,63,28245.0,3,0
64,64,28244.0,4,0
65,65,28244.0,4,0
66,66,28244.0,4,0
67,67,28243.0,5,0
68,68,28241.0,7,0
69,69,28239.0,9,0
70,70,28239.0,9,0
71,71,28236.0,11,1
72,72,28234.0,13,1
73,73,28228.0,19,1
74,74,28216.0,31,1
75,75,28215.0,32,1
76,76,28215.0,32,1
77,77,28209.0,38,1
78,78,28200.0,47,1
79,79,28192.0,55,1
80,80,28189.0,58,1
81,81,28184.0,63,1
82,82,28183.0,64,1
83,83,28183.0,64,1
84,84,28182.0,65,1
85,85,28175.0,72,1
86,86,28166.0,81,1
87,87,28162.0,85,1
88,88,28156.0,91,1
89,89,28152.0,95,1
90,90,28144.0,103,1
91,91,28144.0,103,1
92,92,28137.0,110,1
93,93,28130.0,117,1
94,94,28127.0,120,1
95,95,28125.0,122,1
96,96,28121.0,126,1
97,97,28118.0,129,1
98,98,28113.0,134,1
99,99,28112.0,135,1
100,100,28108.0,139,1
101,101,28103.0,144,1
102,102,28099.0,147,2
103,103,28095.0,151,2
104,104,28092.0,154,2
105,105,28092.0,154,2
106,106,28092.0,154,2
107,107,28084.0,162,2
108,108,28084.0,162,2
109,109,28082.0,164,2
110,110,28077.0,169,2
111,111,28077.0,169,2
112,112,28075.0,171,2
113,113,28070.0,176,2
114,114,28066.0,180,2
115,115,28064.0,182,2
116,116,28058.0,188,2
117,117,28056.0,190,2
118,118,28054.0,192,2
119,119,28052.0,194,2
120,120,28052.0,194,2
121,121,28048.0,198,2
122,122,28042.0,204,2
123,123,28031.0,215,2
124,124,28027.0,219,2
125,125,28025.0,221,2
126,126,28022.0,223,3
127,127,28017.0,227,4
128,128,28005.0,239,4
