,Days,S,I,D
0,0,28543.0,0,0
1,1,28543.0,0,0
2,2,28543.0,0,0
3,3,28543.0,0,0
4,4,28543.0,0,0
5,5,28543.0,0,0
6,6,28543.0,0,0
7,7,28543.0,0,0
8,8,28543.0,0,0
9,9,28543.0,0,0
10,10,28543.0,0,0
11,11,28543.0,0,0
12,12,28543.0,0,0
13,13,28543.0,0,0
14,14,28543.0,0,0
15,15,28543.0,0,0
16,16,28543.0,0,0
17,17,28543.0,0,0
18,18,28543.0,0,0
19,19,28543.0,0,0
20,20,28543.0,0,0
21,21,28543.0,0,0
22,22,28543.0,0,0
23,23,28543.0,0,0
24,24,28543.0,0,0
25,25,28543.0,0,0
26,26,28543.0,0,0
27,27,28543.0,0,0
28,28,28543.0,0,0
29,29,28543.0,0,0
30,30,28543.0,0,0
31,31,28543.0,0,0
32,32,28543.0,0,0
33,33,28543.0,0,0
34,34,28543.0,0,0
35,35,28543.0,0,0
36,36,28543.0,0,0
37,37,28543.0,0,0
38,38,28543.0,0,0
39,39,28543.0,0,0
40,40,28543.0,0,0
41,41,28543.0,0,0
42,42,28543.0,0,0
43,43,28543.0,0,0
44,44,28543.0,0,0
45,45,28543.0,0,0
46,46,28543.0,0,0
47,47,28543.0,0,0
48,48,28543.0,0,0
49,49,28543.0,0,0
50,50,28543.0,0,0
51,51,28542.0,1,0
52,52,28541.0,2,0
53,53,28541.0,2,0
54,54,28541.0,2,0
55,55,28541.0,2,0
56,56,28541.0,2,0
57,57,28541.0,2,0
58,58,28541.0,2,0
59,59,28541.0,2,0
60,60,28539.0,4,0
61,61,28539.0,4,0
62,62,28538.0,5,0
63,63,28537.0,6,0
64,64,28535.0,8,0
65,65,28535.0,8,0
66,66,28535.0,8,0
67,67,28535.0,8,0
68,68,28535.0,8,0
69,69,28534.0,9,0
70,70,28534.0,9,0
71,71,28533.0,10,0
72,72,28532.0,11,0
73,73,28531.0,12,0
74,74,28527.0,16,0
75,75,28527.0,16,0
76,76,28526.0,17,0
77,77,28524.0,19,0
78,78,28516.0,27,0
79,79,28515.0,28,0
80,80,28515.0,28,0
81,81,28512.0,31,0
82,82,28512.0,31,0
83,83,28512.0,31,0
84,84,28508.0,35,0
85,85,28503.0,39,1
86,86,28502.0,40,1
87,87,28501.0,41,1
88,88,28496.0,46,1
89,89,28496.0,46,1
90,90,28491.0,51,1
91,91,28490.0,52,1
92,92,28483.0,59,1
93,93,28477.0,65,1
94,94,28474.0,68,1
95,95,28471.0,71,1
96,96,28463.0,79,1
97,97,28459.0,83,1
98,98,28454.0,88,1
99,99,28446.0,96,1
100,100,28434.0,108,1
101,101,28428.0,114,1
102,102,28426.0,116,1
103,103,28418.0,124,1
104,104,28416.0,126,1
105,105,28405.0,137,1
106,106,28401.0,141,1
107,107,28390.0,152,1
108,108,28385.0,157,1
109,109,28380.0,162,1
110,110,28379.0,163,1
111,111,28377.0,165,1
112,112,28372.0,170,1
113,113,28352.0,190,1
114,114,28352.0,190,1
115,115,28346.0,195,2
116,116,28340.0,201,2
117,117,28337.0,204,2
118,118,28333.0,207,3
119,119,28328.0,211,4
120,120,28311.0,228,4
121,121,28280.0,259,4
122,122,28266.0,273,4
123,123,28261.0,278,4
124,124,28255.0,284,4
125,125,28255.0,284,4
126,126,28254.0,285,4
127,127,28249.0,290,4
128,128,28241.0,298,4
