,Days,S,I,D
0,0,19386.0,0,0
1,1,19386.0,0,0
2,2,19386.0,0,0
3,3,19386.0,0,0
4,4,19386.0,0,0
5,5,19386.0,0,0
6,6,19386.0,0,0
7,7,19386.0,0,0
8,8,19386.0,0,0
9,9,19386.0,0,0
10,10,19386.0,0,0
11,11,19386.0,0,0
12,12,19386.0,0,0
13,13,19386.0,0,0
14,14,19386.0,0,0
15,15,19386.0,0,0
16,16,19386.0,0,0
17,17,19386.0,0,0
18,18,19386.0,0,0
19,19,19386.0,0,0
20,20,19386.0,0,0
21,21,19386.0,0,0
22,22,19386.0,0,0
23,23,19386.0,0,0
24,24,19386.0,0,0
25,25,19386.0,0,0
26,26,19386.0,0,0
27,27,19386.0,0,0
28,28,19386.0,0,0
29,29,19386.0,0,0
30,30,19386.0,0,0
31,31,19386.0,0,0
32,32,19386.0,0,0
33,33,19386.0,0,0
34,34,19386.0,0,0
35,35,19386.0,0,0
36,36,19386.0,0,0
37,37,19386.0,0,0
38,38,19386.0,0,0
39,39,19386.0,0,0
40,40,19386.0,0,0
41,41,19386.0,0,0
42,42,19386.0,0,0
43,43,19386.0,0,0
44,44,19386.0,0,0
45,45,19386.0,0,0
46,46,19386.0,0,0
47,47,19386.0,0,0
48,48,19386.0,0,0
49,49,19386.0,0,0
50,50,19386.0,0,0
51,51,19386.0,0,0
52,52,19386.0,0,0
53,53,19386.0,0,0
54,54,19386.0,0,0
55,55,19386.0,0,0
56,56,19386.0,0,0
57,57,19386.0,0,0
58,58,19386.0,0,0
59,59,19385.0,1,0
60,60,19385.0,1,0
61,61,19385.0,1,0
62,62,19385.0,1,0
63,63,19385.0,1,0
64,64,19385.0,1,0
65,65,19385.0,1,0
66,66,19385.0,1,0
67,67,19384.0,2,0
68,68,19382.0,4,0
69,69,19382.0,4,0
70,70,19381.0,5,0
71,71,19379.0,7,0
72,72,19379.0,7,0
73,73,19379.0,7,0
74,74,19379.0,7,0
75,75,19377.0,9,0
76,76,19376.0,10,0
77,77,19375.0,11,0
78,78,19372.0,14,0
79,79,19369.0,17,0
80,80,19369.0,17,0
81,81,19368.0,18,0
82,82,19366.0,20,0
83,83,19366.0,20,0
84,84,19365.0,21,0
85,85,19365.0,21,0
86,86,19363.0,22,1
87,87,19361.0,24,1
88,88,19360.0,25,1
89,89,19359.0,26,1
90,90,19358.0,27,1
91,91,19357.0,27,2
92,92,19356.0,28,2
93,93,19355.0,29,2
94,94,19353.0,31,2
95,95,19353.0,31,2
96,96,19353.0,31,2
97,97,19351.0,33,2
98,98,19350.0,34,2
99,99,19344.0,40,2
100,100,19342.0,42,2
101,101,19337.0,47,2
102,102,19336.0,48,2
103,103,19332.0,52,2
104,104,19327.0,57,2
105,105,19325.0,58,3
106,106,19320.0,63,3
107,107,19319.0,64,3
108,108,19318.0,65,3
109,109,19317.0,66,3
110,110,19317.0,66,3
111,111,19315.0,68,3
112,112,19311.0,72,3
113,113,19308.0,75,3
114,114,19305.0,78,3
115,115,19304.0,79,3
116,116,19304.0,79,3
117,117,19304.0,79,3
118,118,19297.0,86,3
119,119,19297.0,86,3
120,120,19293.0,90,3
121,121,19288.0,95,3
122,122,19287.0,96,3
123,123,19284.0,99,3
124,124,19284.0,99,3
125,125,19282.0,101,3
126,126,19279.0,104,3
127,127,19274.0,108,4
128,128,19271.0,111,4
