,Days,S,I,D
0,0,65263.0,0,0
1,1,65263.0,0,0
2,2,65263.0,0,0
3,3,65263.0,0,0
4,4,65263.0,0,0
5,5,65263.0,0,0
6,6,65263.0,0,0
7,7,65263.0,0,0
8,8,65263.0,0,0
9,9,65263.0,0,0
10,10,65263.0,0,0
11,11,65263.0,0,0
12,12,65263.0,0,0
13,13,65263.0,0,0
14,14,65263.0,0,0
15,15,65263.0,0,0
16,16,65263.0,0,0
17,17,65263.0,0,0
18,18,65263.0,0,0
19,19,65263.0,0,0
20,20,65263.0,0,0
21,21,65263.0,0,0
22,22,65263.0,0,0
23,23,65263.0,0,0
24,24,65263.0,0,0
25,25,65263.0,0,0
26,26,65263.0,0,0
27,27,65263.0,0,0
28,28,65263.0,0,0
29,29,65263.0,0,0
30,30,65263.0,0,0
31,31,65263.0,0,0
32,32,65263.0,0,0
33,33,65263.0,0,0
34,34,65263.0,0,0
35,35,65263.0,0,0
36,36,65263.0,0,0
37,37,65263.0,0,0
38,38,65263.0,0,0
39,39,65263.0,0,0
40,40,65263.0,0,0
41,41,65263.0,0,0
42,42,65263.0,0,0
43,43,65263.0,0,0
44,44,65263.0,0,0
45,45,65263.0,0,0
46,46,65263.0,0,0
47,47,65263.0,0,0
48,48,65263.0,0,0
49,49,65263.0,0,0
50,50,65263.0,0,0
51,51,65263.0,0,0
52,52,65263.0,0,0
53,53,65263.0,0,0
54,54,65263.0,0,0
55,55,65263.0,0,0
56,56,65263.0,0,0
57,57,65263.0,0,0
58,58,65263.0,0,0
59,59,65263.0,0,0
60,60,65263.0,0,0
61,61,65263.0,0,0
62,62,65262.0,1,0
63,63,65262.0,1,0
64,64,65262.0,1,0
65,65,65262.0,1,0
66,66,65261.0,2,0
67,67,65260.0,3,0
68,68,65260.0,3,0
69,69,65258.0,5,0
70,70,65258.0,5,0
71,71,65256.0,7,0
72,72,65252.0,11,0
73,73,65251.0,12,0
74,74,65251.0,12,0
75,75,65250.0,13,0
76,76,65245.0,18,0
77,77,65244.0,19,0
78,78,65243.0,20,0
79,79,65241.0,22,0
80,80,65236.0,26,1
81,81,65235.0,27,1
82,82,65234.0,28,1
83,83,65234.0,28,1
84,84,65233.0,29,1
85,85,65230.0,32,1
86,86,65229.0,32,2
87,87,65225.0,36,2
88,88,65223.0,38,2
89,89,65223.0,38,2
90,90,65223.0,38,2
91,91,65222.0,39,2
92,92,65218.0,43,2
93,93,65218.0,43,2
94,94,65215.0,46,2
95,95,65215.0,46,2
96,96,65214.0,47,2
97,97,65211.0,50,2
98,98,65211.0,50,2
99,99,65210.0,51,2
100,100,65209.0,52,2
101,101,65209.0,52,2
102,102,65209.0,52,2
103,103,65209.0,52,2
104,104,65208.0,53,2
105,105,65206.0,55,2
106,106,65206.0,55,2
107,107,65206.0,55,2
108,108,65206.0,55,2
109,109,65206.0,55,2
110,110,65206.0,55,2
111,111,65206.0,55,2
112,112,65205.0,56,2
113,113,65205.0,56,2
114,114,65204.0,57,2
115,115,65203.0,58,2
116,116,65203.0,58,2
117,117,65203.0,58,2
118,118,65203.0,58,2
119,119,65203.0,58,2
120,120,65203.0,58,2
121,121,65203.0,58,2
122,122,65202.0,58,3
123,123,65202.0,58,3
124,124,65202.0,58,3
125,125,65201.0,59,3
126,126,65198.0,61,4
127,127,65197.0,62,4
128,128,65197.0,62,4
