,Days,S,I,D
0,0,41107.0,0,0
1,1,41107.0,0,0
2,2,41107.0,0,0
3,3,41107.0,0,0
4,4,41107.0,0,0
5,5,41107.0,0,0
6,6,41107.0,0,0
7,7,41107.0,0,0
8,8,41107.0,0,0
9,9,41107.0,0,0
10,10,41107.0,0,0
11,11,41107.0,0,0
12,12,41107.0,0,0
13,13,41107.0,0,0
14,14,41107.0,0,0
15,15,41107.0,0,0
16,16,41107.0,0,0
17,17,41107.0,0,0
18,18,41107.0,0,0
19,19,41107.0,0,0
20,20,41107.0,0,0
21,21,41107.0,0,0
22,22,41107.0,0,0
23,23,41107.0,0,0
24,24,41107.0,0,0
25,25,41107.0,0,0
26,26,41107.0,0,0
27,27,41107.0,0,0
28,28,41107.0,0,0
29,29,41107.0,0,0
30,30,41107.0,0,0
31,31,41107.0,0,0
32,32,41107.0,0,0
33,33,41107.0,0,0
34,34,41107.0,0,0
35,35,41107.0,0,0
36,36,41107.0,0,0
37,37,41107.0,0,0
38,38,41107.0,0,0
39,39,41107.0,0,0
40,40,41107.0,0,0
41,41,41107.0,0,0
42,42,41107.0,0,0
43,43,41107.0,0,0
44,44,41107.0,0,0
45,45,41107.0,0,0
46,46,41107.0,0,0
47,47,41107.0,0,0
48,48,41107.0,0,0
49,49,41107.0,0,0
50,50,41107.0,0,0
51,51,41107.0,0,0
52,52,41107.0,0,0
53,53,41107.0,0,0
54,54,41107.0,0,0
55,55,41107.0,0,0
56,56,41107.0,0,0
57,57,41107.0,0,0
58,58,41107.0,0,0
59,59,41107.0,0,0
60,60,41107.0,0,0
61,61,41107.0,0,0
62,62,41106.0,1,0
63,63,41106.0,1,0
64,64,41105.0,2,0
65,65,41105.0,2,0
66,66,41104.0,3,0
67,67,41104.0,3,0
68,68,41103.0,4,0
69,69,41103.0,4,0
70,70,41101.0,5,1
71,71,41101.0,5,1
72,72,41101.0,5,1
73,73,41099.0,7,1
74,74,41097.0,9,1
75,75,41096.0,10,1
76,76,41093.0,12,2
77,77,41093.0,12,2
78,78,41093.0,12,2
79,79,41092.0,13,2
80,80,41092.0,13,2
81,81,41091.0,14,2
82,82,41091.0,14,2
83,83,41090.0,14,3
84,84,41088.0,16,3
85,85,41085.0,19,3
86,86,41085.0,19,3
87,87,41085.0,19,3
88,88,41085.0,19,3
89,89,41085.0,19,3
90,90,41085.0,19,3
91,91,41085.0,19,3
92,92,41085.0,19,3
93,93,41085.0,19,3
94,94,41083.0,21,3
95,95,41083.0,21,3
96,96,41083.0,21,3
97,97,41083.0,21,3
98,98,41083.0,21,3
99,99,41081.0,22,4
100,100,41079.0,24,4
101,101,41079.0,24,4
102,102,41079.0,24,4
103,103,41079.0,24,4
104,104,41079.0,24,4
105,105,41079.0,24,4
106,106,41079.0,24,4
107,107,41079.0,24,4
108,108,41079.0,24,4
109,109,41079.0,24,4
110,110,41078.0,25,4
111,111,41078.0,25,4
112,112,41078.0,25,4
113,113,41077.0,26,4
114,114,41076.0,27,4
115,115,41075.0,28,4
116,116,41075.0,28,4
117,117,41075.0,28,4
118,118,41075.0,28,4
119,119,41075.0,28,4
120,120,41075.0,28,4
121,121,41074.0,29,4
122,122,41074.0,29,4
123,123,41074.0,29,4
124,124,41073.0,30,4
125,125,41073.0,30,4
126,126,41073.0,30,4
127,127,41073.0,30,4
128,128,41073.0,30,4
