,Days,S,I,D
0,0,18529.0,0,0
1,1,18529.0,0,0
2,2,18529.0,0,0
3,3,18529.0,0,0
4,4,18529.0,0,0
5,5,18529.0,0,0
6,6,18529.0,0,0
7,7,18529.0,0,0
8,8,18529.0,0,0
9,9,18529.0,0,0
10,10,18529.0,0,0
11,11,18529.0,0,0
12,12,18529.0,0,0
13,13,18529.0,0,0
14,14,18529.0,0,0
15,15,18529.0,0,0
16,16,18529.0,0,0
17,17,18529.0,0,0
18,18,18529.0,0,0
19,19,18529.0,0,0
20,20,18529.0,0,0
21,21,18529.0,0,0
22,22,18529.0,0,0
23,23,18529.0,0,0
24,24,18529.0,0,0
25,25,18529.0,0,0
26,26,18529.0,0,0
27,27,18529.0,0,0
28,28,18529.0,0,0
29,29,18529.0,0,0
30,30,18529.0,0,0
31,31,18529.0,0,0
32,32,18529.0,0,0
33,33,18529.0,0,0
34,34,18529.0,0,0
35,35,18529.0,0,0
36,36,18529.0,0,0
37,37,18529.0,0,0
38,38,18529.0,0,0
39,39,18529.0,0,0
40,40,18529.0,0,0
41,41,18529.0,0,0
42,42,18529.0,0,0
43,43,18529.0,0,0
44,44,18529.0,0,0
45,45,18529.0,0,0
46,46,18529.0,0,0
47,47,18529.0,0,0
48,48,18529.0,0,0
49,49,18529.0,0,0
50,50,18529.0,0,0
51,51,18529.0,0,0
52,52,18529.0,0,0
53,53,18529.0,0,0
54,54,18529.0,0,0
55,55,18529.0,0,0
56,56,18529.0,0,0
57,57,18529.0,0,0
58,58,18529.0,0,0
59,59,18529.0,0,0
60,60,18529.0,0,0
61,61,18529.0,0,0
62,62,18529.0,0,0
63,63,18529.0,0,0
64,64,18529.0,0,0
65,65,18529.0,0,0
66,66,18529.0,0,0
67,67,18529.0,0,0
68,68,18529.0,0,0
69,69,18529.0,0,0
70,70,18527.0,2,0
71,71,18527.0,2,0
72,72,18525.0,4,0
73,73,18523.0,6,0
74,74,18519.0,10,0
75,75,18518.0,11,0
76,76,18518.0,11,0
77,77,18517.0,12,0
78,78,18517.0,12,0
79,79,18515.0,14,0
80,80,18515.0,14,0
81,81,18515.0,14,0
82,82,18515.0,14,0
83,83,18515.0,14,0
84,84,18514.0,15,0
85,85,18513.0,16,0
86,86,18510.0,19,0
87,87,18509.0,20,0
88,88,18508.0,21,0
89,89,18505.0,23,1
90,90,18501.0,26,2
91,91,18492.0,35,2
92,92,18487.0,40,2
93,93,18486.0,41,2
94,94,18486.0,41,2
95,95,18484.0,43,2
96,96,18483.0,44,2
97,97,18478.0,49,2
98,98,18478.0,49,2
99,99,18472.0,55,2
100,100,18469.0,58,2
101,101,18469.0,58,2
102,102,18467.0,60,2
103,103,18466.0,61,2
104,104,18465.0,61,3
105,105,18465.0,61,3
106,106,18465.0,61,3
107,107,18465.0,61,3
108,108,18465.0,61,3
109,109,18465.0,61,3
110,110,18465.0,61,3
111,111,18465.0,61,3
112,112,18465.0,61,3
113,113,18464.0,62,3
114,114,18464.0,62,3
115,115,18464.0,62,3
116,116,18463.0,63,3
117,117,18462.0,64,3
118,118,18462.0,64,3
119,119,18460.0,66,3
120,120,18460.0,66,3
121,121,18460.0,66,3
122,122,18459.0,67,3
123,123,18458.0,68,3
124,124,18457.0,69,3
125,125,18457.0,69,3
126,126,18456.0,69,4
127,127,18456.0,69,4
128,128,18456.0,69,4
