,Days,S,I,D
0,0,104143.0,0,0
1,1,104143.0,0,0
2,2,104143.0,0,0
3,3,104143.0,0,0
4,4,104143.0,0,0
5,5,104143.0,0,0
6,6,104143.0,0,0
7,7,104143.0,0,0
8,8,104143.0,0,0
9,9,104143.0,0,0
10,10,104143.0,0,0
11,11,104143.0,0,0
12,12,104143.0,0,0
13,13,104143.0,0,0
14,14,104143.0,0,0
15,15,104143.0,0,0
16,16,104143.0,0,0
17,17,104143.0,0,0
18,18,104143.0,0,0
19,19,104143.0,0,0
20,20,104143.0,0,0
21,21,104143.0,0,0
22,22,104143.0,0,0
23,23,104143.0,0,0
24,24,104143.0,0,0
25,25,104143.0,0,0
26,26,104143.0,0,0
27,27,104143.0,0,0
28,28,104143.0,0,0
29,29,104143.0,0,0
30,30,104143.0,0,0
31,31,104143.0,0,0
32,32,104143.0,0,0
33,33,104143.0,0,0
34,34,104143.0,0,0
35,35,104143.0,0,0
36,36,104143.0,0,0
37,37,104143.0,0,0
38,38,104143.0,0,0
39,39,104143.0,0,0
40,40,104143.0,0,0
41,41,104143.0,0,0
42,42,104143.0,0,0
43,43,104143.0,0,0
44,44,104143.0,0,0
45,45,104143.0,0,0
46,46,104143.0,0,0
47,47,104143.0,0,0
48,48,104143.0,0,0
49,49,104143.0,0,0
50,50,104143.0,0,0
51,51,104143.0,0,0
52,52,104143.0,0,0
53,53,104143.0,0,0
54,54,104143.0,0,0
55,55,104143.0,0,0
56,56,104143.0,0,0
57,57,104143.0,0,0
58,58,104143.0,0,0
59,59,104142.0,1,0
60,60,104142.0,1,0
61,61,104142.0,1,0
62,62,104142.0,1,0
63,63,104142.0,1,0
64,64,104140.0,3,0
65,65,104139.0,4,0
66,66,104139.0,4,0
67,67,104135.0,8,0
68,68,104135.0,8,0
69,69,104134.0,9,0
70,70,104129.0,14,0
71,71,104127.0,16,0
72,72,104127.0,16,0
73,73,104124.0,19,0
74,74,104121.0,22,0
75,75,104120.0,22,1
76,76,104116.0,26,1
77,77,104110.0,32,1
78,78,104110.0,32,1
79,79,104110.0,32,1
80,80,104109.0,33,1
81,81,104108.0,34,1
82,82,104108.0,34,1
83,83,104107.0,35,1
84,84,104105.0,37,1
85,85,104103.0,39,1
86,86,104096.0,46,1
87,87,104088.0,54,1
88,88,104087.0,55,1
89,89,104087.0,55,1
90,90,104086.0,56,1
91,91,104086.0,56,1
92,92,104086.0,56,1
93,93,104074.0,68,1
94,94,104071.0,71,1
95,95,104071.0,71,1
96,96,104066.0,76,1
97,97,104060.0,82,1
98,98,104052.0,90,1
99,99,104047.0,95,1
100,100,104037.0,105,1
101,101,104028.0,114,1
102,102,104017.0,125,1
103,103,104012.0,130,1
104,104,104010.0,132,1
105,105,104001.0,141,1
106,106,103993.0,149,1
107,107,103982.0,160,1
108,108,103971.0,170,2
109,109,103964.0,177,2
110,110,103958.0,183,2
111,111,103938.0,203,2
112,112,103930.0,211,2
113,113,103924.0,217,2
114,114,103912.0,229,2
115,115,103902.0,239,2
116,116,103890.0,251,2
117,117,103879.0,262,2
118,118,103872.0,268,3
119,119,103864.0,276,3
120,120,103853.0,287,3
121,121,103841.0,299,3
122,122,103831.0,309,3
123,123,103821.0,319,3
124,124,103815.0,325,3
125,125,103809.0,331,3
126,126,103806.0,334,3
127,127,103769.0,370,4
128,128,103747.0,392,4
