,Days,S,I,D
0,0,16735.0,0,0
1,1,16735.0,0,0
2,2,16735.0,0,0
3,3,16735.0,0,0
4,4,16735.0,0,0
5,5,16735.0,0,0
6,6,16735.0,0,0
7,7,16735.0,0,0
8,8,16735.0,0,0
9,9,16735.0,0,0
10,10,16735.0,0,0
11,11,16735.0,0,0
12,12,16735.0,0,0
13,13,16735.0,0,0
14,14,16735.0,0,0
15,15,16735.0,0,0
16,16,16735.0,0,0
17,17,16735.0,0,0
18,18,16735.0,0,0
19,19,16735.0,0,0
20,20,16735.0,0,0
21,21,16735.0,0,0
22,22,16735.0,0,0
23,23,16735.0,0,0
24,24,16735.0,0,0
25,25,16735.0,0,0
26,26,16735.0,0,0
27,27,16735.0,0,0
28,28,16735.0,0,0
29,29,16735.0,0,0
30,30,16735.0,0,0
31,31,16735.0,0,0
32,32,16735.0,0,0
33,33,16735.0,0,0
34,34,16735.0,0,0
35,35,16735.0,0,0
36,36,16735.0,0,0
37,37,16735.0,0,0
38,38,16735.0,0,0
39,39,16735.0,0,0
40,40,16735.0,0,0
41,41,16735.0,0,0
42,42,16735.0,0,0
43,43,16735.0,0,0
44,44,16735.0,0,0
45,45,16735.0,0,0
46,46,16735.0,0,0
47,47,16735.0,0,0
48,48,16735.0,0,0
49,49,16734.0,1,0
50,50,16734.0,1,0
51,51,16734.0,1,0
52,52,16733.0,2,0
53,53,16733.0,2,0
54,54,16733.0,2,0
55,55,16733.0,2,0
56,56,16733.0,2,0
57,57,16733.0,2,0
58,58,16733.0,2,0
59,59,16733.0,2,0
60,60,16733.0,2,0
61,61,16733.0,2,0
62,62,16733.0,2,0
63,63,16733.0,2,0
64,64,16733.0,2,0
65,65,16733.0,2,0
66,66,16733.0,2,0
67,67,16733.0,2,0
68,68,16732.0,3,0
69,69,16732.0,3,0
70,70,16732.0,3,0
71,71,16731.0,4,0
72,72,16731.0,4,0
73,73,16731.0,4,0
74,74,16730.0,5,0
75,75,16730.0,5,0
76,76,16730.0,5,0
77,77,16728.0,7,0
78,78,16726.0,9,0
79,79,16725.0,10,0
80,80,16724.0,11,0
81,81,16723.0,12,0
82,82,16721.0,14,0
83,83,16721.0,14,0
84,84,16721.0,14,0
85,85,16715.0,20,0
86,86,16714.0,20,1
87,87,16714.0,20,1
88,88,16714.0,20,1
89,89,16703.0,31,1
90,90,16703.0,31,1
91,91,16700.0,34,1
92,92,16696.0,38,1
93,93,16695.0,39,1
94,94,16694.0,40,1
95,95,16694.0,40,1
96,96,16694.0,40,1
97,97,16693.0,41,1
98,98,16691.0,42,2
99,99,16691.0,42,2
100,100,16690.0,43,2
101,101,16690.0,43,2
102,102,16688.0,45,2
103,103,16687.0,46,2
104,104,16685.0,48,2
105,105,16685.0,48,2
106,106,16685.0,48,2
107,107,16685.0,48,2
108,108,16685.0,48,2
109,109,16685.0,48,2
110,110,16683.0,49,3
111,111,16683.0,49,3
112,112,16683.0,49,3
113,113,16682.0,49,4
114,114,16682.0,49,4
115,115,16682.0,49,4
116,116,16682.0,49,4
117,117,16682.0,49,4
118,118,16682.0,49,4
119,119,16682.0,49,4
120,120,16682.0,49,4
121,121,16682.0,49,4
122,122,16682.0,49,4
123,123,16682.0,49,4
124,124,16682.0,49,4
125,125,16682.0,49,4
126,126,16682.0,49,4
127,127,16681.0,50,4
128,128,16681.0,50,4
