,Days,S,I,D
0,0,26575.0,0,0
1,1,26575.0,0,0
2,2,26575.0,0,0
3,3,26575.0,0,0
4,4,26575.0,0,0
5,5,26575.0,0,0
6,6,26575.0,0,0
7,7,26575.0,0,0
8,8,26575.0,0,0
9,9,26575.0,0,0
10,10,26575.0,0,0
11,11,26575.0,0,0
12,12,26575.0,0,0
13,13,26575.0,0,0
14,14,26575.0,0,0
15,15,26575.0,0,0
16,16,26575.0,0,0
17,17,26575.0,0,0
18,18,26575.0,0,0
19,19,26575.0,0,0
20,20,26575.0,0,0
21,21,26575.0,0,0
22,22,26575.0,0,0
23,23,26575.0,0,0
24,24,26575.0,0,0
25,25,26575.0,0,0
26,26,26575.0,0,0
27,27,26575.0,0,0
28,28,26575.0,0,0
29,29,26575.0,0,0
30,30,26575.0,0,0
31,31,26575.0,0,0
32,32,26575.0,0,0
33,33,26575.0,0,0
34,34,26575.0,0,0
35,35,26575.0,0,0
36,36,26575.0,0,0
37,37,26575.0,0,0
38,38,26575.0,0,0
39,39,26575.0,0,0
40,40,26575.0,0,0
41,41,26575.0,0,0
42,42,26575.0,0,0
43,43,26575.0,0,0
44,44,26575.0,0,0
45,45,26575.0,0,0
46,46,26575.0,0,0
47,47,26575.0,0,0
48,48,26575.0,0,0
49,49,26575.0,0,0
50,50,26575.0,0,0
51,51,26575.0,0,0
52,52,26575.0,0,0
53,53,26575.0,0,0
54,54,26575.0,0,0
55,55,26575.0,0,0
56,56,26575.0,0,0
57,57,26575.0,0,0
58,58,26575.0,0,0
59,59,26575.0,0,0
60,60,26575.0,0,0
61,61,26575.0,0,0
62,62,26575.0,0,0
63,63,26574.0,1,0
64,64,26573.0,2,0
65,65,26572.0,3,0
66,66,26571.0,4,0
67,67,26571.0,4,0
68,68,26569.0,6,0
69,69,26567.0,8,0
70,70,26567.0,8,0
71,71,26565.0,10,0
72,72,26562.0,13,0
73,73,26562.0,13,0
74,74,26562.0,13,0
75,75,26562.0,13,0
76,76,26554.0,21,0
77,77,26553.0,22,0
78,78,26550.0,25,0
79,79,26548.0,27,0
80,80,26547.0,28,0
81,81,26546.0,29,0
82,82,26536.0,39,0
83,83,26529.0,46,0
84,84,26525.0,50,0
85,85,26525.0,50,0
86,86,26525.0,50,0
87,87,26525.0,50,0
88,88,26524.0,50,1
89,89,26524.0,50,1
90,90,26524.0,50,1
91,91,26524.0,50,1
92,92,26515.0,59,1
93,93,26515.0,59,1
94,94,26514.0,60,1
95,95,26514.0,60,1
96,96,26510.0,64,1
97,97,26508.0,66,1
98,98,26494.0,80,1
99,99,26492.0,82,1
100,100,26487.0,87,1
101,101,26484.0,90,1
102,102,26483.0,91,1
103,103,26480.0,94,1
104,104,26478.0,95,2
105,105,26468.0,105,2
106,106,26468.0,105,2
107,107,26464.0,109,2
108,108,26464.0,109,2
109,109,26464.0,109,2
110,110,26463.0,109,3
111,111,26459.0,113,3
112,112,26457.0,115,3
113,113,26457.0,115,3
114,114,26456.0,116,3
115,115,26456.0,116,3
116,116,26456.0,116,3
117,117,26443.0,128,4
118,118,26436.0,135,4
119,119,26430.0,141,4
120,120,26429.0,142,4
121,121,26426.0,145,4
122,122,26426.0,145,4
123,123,26425.0,146,4
124,124,26418.0,153,4
125,125,26415.0,156,4
126,126,26407.0,164,4
127,127,26390.0,181,4
128,128,26386.0,185,4
