,Days,S,I,D
0,0,72679.0,0,0
1,1,72679.0,0,0
2,2,72679.0,0,0
3,3,72679.0,0,0
4,4,72679.0,0,0
5,5,72679.0,0,0
6,6,72679.0,0,0
7,7,72679.0,0,0
8,8,72679.0,0,0
9,9,72679.0,0,0
10,10,72679.0,0,0
11,11,72679.0,0,0
12,12,72679.0,0,0
13,13,72679.0,0,0
14,14,72679.0,0,0
15,15,72679.0,0,0
16,16,72679.0,0,0
17,17,72679.0,0,0
18,18,72679.0,0,0
19,19,72679.0,0,0
20,20,72679.0,0,0
21,21,72679.0,0,0
22,22,72679.0,0,0
23,23,72679.0,0,0
24,24,72679.0,0,0
25,25,72679.0,0,0
26,26,72679.0,0,0
27,27,72679.0,0,0
28,28,72679.0,0,0
29,29,72679.0,0,0
30,30,72679.0,0,0
31,31,72679.0,0,0
32,32,72679.0,0,0
33,33,72679.0,0,0
34,34,72679.0,0,0
35,35,72679.0,0,0
36,36,72679.0,0,0
37,37,72679.0,0,0
38,38,72679.0,0,0
39,39,72679.0,0,0
40,40,72679.0,0,0
41,41,72679.0,0,0
42,42,72679.0,0,0
43,43,72679.0,0,0
44,44,72679.0,0,0
45,45,72679.0,0,0
46,46,72679.0,0,0
47,47,72679.0,0,0
48,48,72679.0,0,0
49,49,72679.0,0,0
50,50,72679.0,0,0
51,51,72679.0,0,0
52,52,72679.0,0,0
53,53,72679.0,0,0
54,54,72679.0,0,0
55,55,72679.0,0,0
56,56,72679.0,0,0
57,57,72679.0,0,0
58,58,72679.0,0,0
59,59,72679.0,0,0
60,60,72679.0,0,0
61,61,72679.0,0,0
62,62,72679.0,0,0
63,63,72678.0,1,0
64,64,72677.0,2,0
65,65,72677.0,2,0
66,66,72677.0,2,0
67,67,72677.0,2,0
68,68,72677.0,2,0
69,69,72674.0,5,0
70,70,72673.0,6,0
71,71,72670.0,9,0
72,72,72668.0,11,0
73,73,72668.0,11,0
74,74,72667.0,12,0
75,75,72665.0,13,1
76,76,72659.0,19,1
77,77,72658.0,20,1
78,78,72654.0,24,1
79,79,72652.0,25,2
80,80,72651.0,25,3
81,81,72650.0,26,3
82,82,72650.0,26,3
83,83,72648.0,28,3
84,84,72648.0,28,3
85,85,72644.0,32,3
86,86,72644.0,32,3
87,87,72644.0,32,3
88,88,72644.0,32,3
89,89,72644.0,32,3
90,90,72639.0,36,4
91,91,72638.0,37,4
92,92,72637.0,38,4
93,93,72637.0,38,4
94,94,72635.0,40,4
95,95,72635.0,40,4
96,96,72633.0,42,4
97,97,72632.0,43,4
98,98,72632.0,43,4
99,99,72630.0,45,4
100,100,72627.0,48,4
101,101,72624.0,51,4
102,102,72623.0,52,4
103,103,72623.0,52,4
104,104,72623.0,52,4
105,105,72623.0,52,4
106,106,72622.0,53,4
107,107,72621.0,54,4
108,108,72621.0,54,4
109,109,72621.0,54,4
110,110,72621.0,54,4
111,111,72621.0,54,4
112,112,72620.0,55,4
113,113,72620.0,55,4
114,114,72620.0,55,4
115,115,72619.0,56,4
116,116,72619.0,56,4
117,117,72619.0,56,4
118,118,72619.0,56,4
119,119,72619.0,56,4
120,120,72619.0,56,4
121,121,72619.0,56,4
122,122,72619.0,56,4
123,123,72618.0,57,4
124,124,72618.0,57,4
125,125,72618.0,57,4
126,126,72617.0,58,4
127,127,72616.0,59,4
128,128,72616.0,59,4
