,Days,S,I,D
0,0,94016.0,0,0
1,1,94016.0,0,0
2,2,94016.0,0,0
3,3,94016.0,0,0
4,4,94016.0,0,0
5,5,94016.0,0,0
6,6,94016.0,0,0
7,7,94016.0,0,0
8,8,94016.0,0,0
9,9,94016.0,0,0
10,10,94016.0,0,0
11,11,94016.0,0,0
12,12,94016.0,0,0
13,13,94016.0,0,0
14,14,94016.0,0,0
15,15,94016.0,0,0
16,16,94016.0,0,0
17,17,94016.0,0,0
18,18,94016.0,0,0
19,19,94016.0,0,0
20,20,94016.0,0,0
21,21,94016.0,0,0
22,22,94016.0,0,0
23,23,94016.0,0,0
24,24,94016.0,0,0
25,25,94016.0,0,0
26,26,94016.0,0,0
27,27,94016.0,0,0
28,28,94016.0,0,0
29,29,94016.0,0,0
30,30,94016.0,0,0
31,31,94016.0,0,0
32,32,94016.0,0,0
33,33,94016.0,0,0
34,34,94016.0,0,0
35,35,94016.0,0,0
36,36,94016.0,0,0
37,37,94016.0,0,0
38,38,94016.0,0,0
39,39,94016.0,0,0
40,40,94016.0,0,0
41,41,94016.0,0,0
42,42,94016.0,0,0
43,43,94016.0,0,0
44,44,94016.0,0,0
45,45,94016.0,0,0
46,46,94016.0,0,0
47,47,94016.0,0,0
48,48,94016.0,0,0
49,49,94016.0,0,0
50,50,94016.0,0,0
51,51,94016.0,0,0
52,52,94016.0,0,0
53,53,94016.0,0,0
54,54,94016.0,0,0
55,55,94016.0,0,0
56,56,94016.0,0,0
57,57,94016.0,0,0
58,58,94016.0,0,0
59,59,94016.0,0,0
60,60,94016.0,0,0
61,61,94015.0,1,0
62,62,94015.0,1,0
63,63,94014.0,2,0
64,64,94014.0,2,0
65,65,94014.0,2,0
66,66,94014.0,2,0
67,67,94013.0,3,0
68,68,94012.0,4,0
69,69,94007.0,9,0
70,70,94007.0,9,0
71,71,94006.0,10,0
72,72,94002.0,14,0
73,73,93998.0,18,0
74,74,93995.0,21,0
75,75,93995.0,21,0
76,76,93992.0,24,0
77,77,93992.0,24,0
78,78,93989.0,27,0
79,79,93986.0,29,1
80,80,93983.0,32,1
81,81,93983.0,32,1
82,82,93979.0,36,1
83,83,93976.0,39,1
84,84,93975.0,40,1
85,85,93970.0,45,1
86,86,93965.0,50,1
87,87,93962.0,53,1
88,88,93954.0,61,1
89,89,93954.0,61,1
90,90,93952.0,63,1
91,91,93947.0,68,1
92,92,93947.0,68,1
93,93,93944.0,71,1
94,94,93935.0,80,1
95,95,93934.0,81,1
96,96,93933.0,82,1
97,97,93933.0,82,1
98,98,93928.0,87,1
99,99,93923.0,90,3
100,100,93916.0,97,3
101,101,93915.0,98,3
102,102,93915.0,98,3
103,103,93913.0,100,3
104,104,93911.0,102,3
105,105,93909.0,104,3
106,106,93906.0,107,3
107,107,93897.0,116,3
108,108,93895.0,118,3
109,109,93894.0,119,3
110,110,93892.0,121,3
111,111,93884.0,129,3
112,112,93880.0,133,3
113,113,93873.0,140,3
114,114,93867.0,146,3
115,115,93867.0,146,3
116,116,93864.0,149,3
117,117,93860.0,153,3
118,118,93857.0,156,3
119,119,93855.0,158,3
120,120,93853.0,160,3
121,121,93847.0,166,3
122,122,93838.0,174,4
123,123,93834.0,178,4
124,124,93830.0,182,4
125,125,93828.0,184,4
126,126,93828.0,184,4
127,127,93827.0,185,4
128,128,93819.0,193,4
