,Days,S,I,D
0,0,27297.0,0,0
1,1,27297.0,0,0
2,2,27297.0,0,0
3,3,27297.0,0,0
4,4,27297.0,0,0
5,5,27297.0,0,0
6,6,27297.0,0,0
7,7,27297.0,0,0
8,8,27297.0,0,0
9,9,27297.0,0,0
10,10,27297.0,0,0
11,11,27297.0,0,0
12,12,27297.0,0,0
13,13,27297.0,0,0
14,14,27297.0,0,0
15,15,27297.0,0,0
16,16,27297.0,0,0
17,17,27297.0,0,0
18,18,27297.0,0,0
19,19,27297.0,0,0
20,20,27297.0,0,0
21,21,27297.0,0,0
22,22,27297.0,0,0
23,23,27297.0,0,0
24,24,27297.0,0,0
25,25,27297.0,0,0
26,26,27297.0,0,0
27,27,27297.0,0,0
28,28,27297.0,0,0
29,29,27297.0,0,0
30,30,27297.0,0,0
31,31,27297.0,0,0
32,32,27297.0,0,0
33,33,27297.0,0,0
34,34,27297.0,0,0
35,35,27297.0,0,0
36,36,27297.0,0,0
37,37,27297.0,0,0
38,38,27297.0,0,0
39,39,27297.0,0,0
40,40,27297.0,0,0
41,41,27297.0,0,0
42,42,27297.0,0,0
43,43,27297.0,0,0
44,44,27297.0,0,0
45,45,27297.0,0,0
46,46,27297.0,0,0
47,47,27297.0,0,0
48,48,27297.0,0,0
49,49,27297.0,0,0
50,50,27297.0,0,0
51,51,27297.0,0,0
52,52,27297.0,0,0
53,53,27297.0,0,0
54,54,27297.0,0,0
55,55,27297.0,0,0
56,56,27297.0,0,0
57,57,27296.0,1,0
58,58,27296.0,1,0
59,59,27295.0,2,0
60,60,27294.0,3,0
61,61,27294.0,3,0
62,62,27294.0,3,0
63,63,27292.0,5,0
64,64,27292.0,5,0
65,65,27291.0,6,0
66,66,27291.0,6,0
67,67,27290.0,6,1
68,68,27289.0,7,1
69,69,27289.0,7,1
70,70,27289.0,7,1
71,71,27289.0,7,1
72,72,27286.0,10,1
73,73,27286.0,10,1
74,74,27283.0,13,1
75,75,27279.0,16,2
76,76,27275.0,20,2
77,77,27276.0,19,2
78,78,27275.0,20,2
79,79,27274.0,21,2
80,80,27273.0,22,2
81,81,27272.0,23,2
82,82,27271.0,24,2
83,83,27271.0,24,2
84,84,27270.0,25,2
85,85,27265.0,30,2
86,86,27263.0,32,2
87,87,27263.0,32,2
88,88,27263.0,32,2
89,89,27260.0,35,2
90,90,27260.0,35,2
91,91,27260.0,35,2
92,92,27259.0,36,2
93,93,27258.0,37,2
94,94,27258.0,37,2
95,95,27258.0,37,2
96,96,27256.0,39,2
97,97,27251.0,44,2
98,98,27250.0,45,2
99,99,27249.0,46,2
100,100,27243.0,52,2
101,101,27240.0,55,2
102,102,27240.0,55,2
103,103,27236.0,59,2
104,104,27235.0,60,2
105,105,27234.0,61,2
106,106,27234.0,61,2
107,107,27233.0,62,2
108,108,27233.0,62,2
109,109,27232.0,63,2
110,110,27231.0,64,2
111,111,27227.0,68,2
112,112,27226.0,69,2
113,113,27226.0,69,2
114,114,27226.0,69,2
115,115,27226.0,69,2
116,116,27226.0,69,2
117,117,27226.0,69,2
118,118,27225.0,69,3
119,119,27225.0,69,3
120,120,27225.0,69,3
121,121,27224.0,70,3
122,122,27224.0,70,3
123,123,27224.0,70,3
124,124,27224.0,70,3
125,125,27224.0,70,3
126,126,27223.0,70,4
127,127,27223.0,70,4
128,128,27221.0,72,4
