,Days,S,I,D
0,0,80695.0,0,0
1,1,80695.0,0,0
2,2,80695.0,0,0
3,3,80695.0,0,0
4,4,80695.0,0,0
5,5,80695.0,0,0
6,6,80695.0,0,0
7,7,80695.0,0,0
8,8,80695.0,0,0
9,9,80695.0,0,0
10,10,80695.0,0,0
11,11,80695.0,0,0
12,12,80695.0,0,0
13,13,80695.0,0,0
14,14,80695.0,0,0
15,15,80695.0,0,0
16,16,80695.0,0,0
17,17,80695.0,0,0
18,18,80695.0,0,0
19,19,80695.0,0,0
20,20,80695.0,0,0
21,21,80695.0,0,0
22,22,80695.0,0,0
23,23,80695.0,0,0
24,24,80695.0,0,0
25,25,80695.0,0,0
26,26,80695.0,0,0
27,27,80695.0,0,0
28,28,80695.0,0,0
29,29,80695.0,0,0
30,30,80695.0,0,0
31,31,80695.0,0,0
32,32,80695.0,0,0
33,33,80695.0,0,0
34,34,80695.0,0,0
35,35,80695.0,0,0
36,36,80695.0,0,0
37,37,80695.0,0,0
38,38,80695.0,0,0
39,39,80695.0,0,0
40,40,80695.0,0,0
41,41,80695.0,0,0
42,42,80695.0,0,0
43,43,80695.0,0,0
44,44,80695.0,0,0
45,45,80695.0,0,0
46,46,80695.0,0,0
47,47,80695.0,0,0
48,48,80695.0,0,0
49,49,80695.0,0,0
50,50,80695.0,0,0
51,51,80695.0,0,0
52,52,80695.0,0,0
53,53,80695.0,0,0
54,54,80695.0,0,0
55,55,80694.0,1,0
56,56,80694.0,1,0
57,57,80693.0,2,0
58,58,80693.0,2,0
59,59,80693.0,2,0
60,60,80691.0,4,0
61,61,80689.0,6,0
62,62,80687.0,8,0
63,63,80685.0,10,0
64,64,80684.0,11,0
65,65,80684.0,11,0
66,66,80683.0,12,0
67,67,80682.0,13,0
68,68,80678.0,17,0
69,69,80674.0,21,0
70,70,80670.0,25,0
71,71,80670.0,25,0
72,72,80665.0,30,0
73,73,80664.0,31,0
74,74,80662.0,33,0
75,75,80659.0,36,0
76,76,80658.0,37,0
77,77,80656.0,39,0
78,78,80655.0,40,0
79,79,80652.0,43,0
80,80,80652.0,43,0
81,81,80650.0,43,2
82,82,80648.0,44,3
83,83,80647.0,45,3
84,84,80647.0,45,3
85,85,80646.0,46,3
86,86,80645.0,47,3
87,87,80644.0,48,3
88,88,80643.0,49,3
89,89,80641.0,51,3
90,90,80641.0,51,3
91,91,80641.0,51,3
92,92,80639.0,52,4
93,93,80638.0,53,4
94,94,80637.0,54,4
95,95,80634.0,57,4
96,96,80632.0,59,4
97,97,80632.0,59,4
98,98,80632.0,59,4
99,99,80632.0,59,4
100,100,80630.0,61,4
101,101,80629.0,62,4
102,102,80625.0,66,4
103,103,80623.0,68,4
104,104,80622.0,69,4
105,105,80622.0,69,4
106,106,80622.0,69,4
107,107,80617.0,74,4
108,108,80615.0,76,4
109,109,80615.0,76,4
110,110,80615.0,76,4
111,111,80614.0,77,4
112,112,80613.0,78,4
113,113,80610.0,81,4
114,114,80606.0,85,4
115,115,80600.0,91,4
116,116,80599.0,92,4
117,117,80597.0,94,4
118,118,80597.0,94,4
119,119,80597.0,94,4
120,120,80597.0,94,4
121,121,80597.0,94,4
122,122,80596.0,95,4
123,123,80596.0,95,4
124,124,80596.0,95,4
125,125,80596.0,95,4
126,126,80596.0,95,4
127,127,80596.0,95,4
128,128,80596.0,95,4
