,Days,S,I,D
0,0,20611.0,0,0
1,1,20611.0,0,0
2,2,20611.0,0,0
3,3,20611.0,0,0
4,4,20611.0,0,0
5,5,20611.0,0,0
6,6,20611.0,0,0
7,7,20611.0,0,0
8,8,20611.0,0,0
9,9,20611.0,0,0
10,10,20611.0,0,0
11,11,20611.0,0,0
12,12,20611.0,0,0
13,13,20611.0,0,0
14,14,20611.0,0,0
15,15,20611.0,0,0
16,16,20611.0,0,0
17,17,20611.0,0,0
18,18,20611.0,0,0
19,19,20611.0,0,0
20,20,20611.0,0,0
21,21,20611.0,0,0
22,22,20611.0,0,0
23,23,20611.0,0,0
24,24,20611.0,0,0
25,25,20611.0,0,0
26,26,20611.0,0,0
27,27,20611.0,0,0
28,28,20611.0,0,0
29,29,20611.0,0,0
30,30,20611.0,0,0
31,31,20611.0,0,0
32,32,20611.0,0,0
33,33,20611.0,0,0
34,34,20611.0,0,0
35,35,20611.0,0,0
36,36,20611.0,0,0
37,37,20611.0,0,0
38,38,20611.0,0,0
39,39,20611.0,0,0
40,40,20611.0,0,0
41,41,20611.0,0,0
42,42,20611.0,0,0
43,43,20611.0,0,0
44,44,20611.0,0,0
45,45,20611.0,0,0
46,46,20611.0,0,0
47,47,20611.0,0,0
48,48,20611.0,0,0
49,49,20611.0,0,0
50,50,20611.0,0,0
51,51,20611.0,0,0
52,52,20611.0,0,0
53,53,20611.0,0,0
54,54,20611.0,0,0
55,55,20611.0,0,0
56,56,20611.0,0,0
57,57,20611.0,0,0
58,58,20611.0,0,0
59,59,20611.0,0,0
60,60,20611.0,0,0
61,61,20611.0,0,0
62,62,20611.0,0,0
63,63,20611.0,0,0
64,64,20611.0,0,0
65,65,20611.0,0,0
66,66,20609.0,2,0
67,67,20609.0,2,0
68,68,20609.0,2,0
69,69,20608.0,3,0
70,70,20607.0,4,0
71,71,20607.0,4,0
72,72,20605.0,6,0
73,73,20605.0,6,0
74,74,20605.0,6,0
75,75,20603.0,8,0
76,76,20603.0,8,0
77,77,20603.0,8,0
78,78,20603.0,8,0
79,79,20603.0,8,0
80,80,20602.0,9,0
81,81,20602.0,9,0
82,82,20602.0,9,0
83,83,20602.0,9,0
84,84,20602.0,9,0
85,85,20602.0,9,0
86,86,20602.0,9,0
87,87,20601.0,10,0
88,88,20601.0,10,0
89,89,20601.0,10,0
90,90,20601.0,10,0
91,91,20600.0,11,0
92,92,20600.0,11,0
93,93,20599.0,12,0
94,94,20599.0,12,0
95,95,20599.0,12,0
96,96,20594.0,17,0
97,97,20594.0,17,0
98,98,20592.0,19,0
99,99,20591.0,20,0
100,100,20591.0,20,0
101,101,20588.0,23,0
102,102,20586.0,25,0
103,103,20586.0,25,0
104,104,20585.0,26,0
105,105,20584.0,27,0
106,106,20582.0,29,0
107,107,20582.0,29,0
108,108,20582.0,29,0
109,109,20582.0,29,0
110,110,20582.0,29,0
111,111,20582.0,29,0
112,112,20579.0,29,3
113,113,20577.0,31,3
114,114,20577.0,31,3
115,115,20577.0,31,3
116,116,20577.0,31,3
117,117,20577.0,31,3
118,118,20573.0,35,3
119,119,20573.0,35,3
120,120,20572.0,35,4
121,121,20572.0,35,4
122,122,20572.0,35,4
123,123,20572.0,35,4
124,124,20572.0,35,4
125,125,20572.0,35,4
126,126,20572.0,35,4
127,127,20572.0,35,4
128,128,20572.0,35,4
