,Days,S,I,D
0,0,11012.0,0,0
1,1,11012.0,0,0
2,2,11012.0,0,0
3,3,11012.0,0,0
4,4,11012.0,0,0
5,5,11012.0,0,0
6,6,11012.0,0,0
7,7,11012.0,0,0
8,8,11012.0,0,0
9,9,11012.0,0,0
10,10,11012.0,0,0
11,11,11012.0,0,0
12,12,11012.0,0,0
13,13,11012.0,0,0
14,14,11012.0,0,0
15,15,11012.0,0,0
16,16,11012.0,0,0
17,17,11012.0,0,0
18,18,11012.0,0,0
19,19,11012.0,0,0
20,20,11012.0,0,0
21,21,11012.0,0,0
22,22,11012.0,0,0
23,23,11012.0,0,0
24,24,11012.0,0,0
25,25,11012.0,0,0
26,26,11012.0,0,0
27,27,11012.0,0,0
28,28,11012.0,0,0
29,29,11012.0,0,0
30,30,11012.0,0,0
31,31,11012.0,0,0
32,32,11012.0,0,0
33,33,11012.0,0,0
34,34,11012.0,0,0
35,35,11012.0,0,0
36,36,11012.0,0,0
37,37,11012.0,0,0
38,38,11012.0,0,0
39,39,11012.0,0,0
40,40,11012.0,0,0
41,41,11012.0,0,0
42,42,11012.0,0,0
43,43,11012.0,0,0
44,44,11012.0,0,0
45,45,11012.0,0,0
46,46,11012.0,0,0
47,47,11012.0,0,0
48,48,11012.0,0,0
49,49,11012.0,0,0
50,50,11012.0,0,0
51,51,11012.0,0,0
52,52,11012.0,0,0
53,53,11012.0,0,0
54,54,11012.0,0,0
55,55,11012.0,0,0
56,56,11012.0,0,0
57,57,11012.0,0,0
58,58,11012.0,0,0
59,59,11012.0,0,0
60,60,11012.0,0,0
61,61,11012.0,0,0
62,62,11012.0,0,0
63,63,11012.0,0,0
64,64,11012.0,0,0
65,65,11012.0,0,0
66,66,11011.0,1,0
67,67,11011.0,1,0
68,68,11009.0,3,0
69,69,11008.0,4,0
70,70,11006.0,5,1
71,71,11005.0,6,1
72,72,11004.0,7,1
73,73,11004.0,7,1
74,74,11003.0,8,1
75,75,11000.0,11,1
76,76,10997.0,14,1
77,77,10997.0,14,1
78,78,10997.0,14,1
79,79,10997.0,14,1
80,80,10994.0,17,1
81,81,10992.0,19,1
82,82,10992.0,19,1
83,83,10992.0,19,1
84,84,10992.0,19,1
85,85,10992.0,19,1
86,86,10991.0,20,1
87,87,10991.0,20,1
88,88,10990.0,21,1
89,89,10990.0,21,1
90,90,10988.0,23,1
91,91,10984.0,27,1
92,92,10984.0,27,1
93,93,10982.0,29,1
94,94,10964.0,47,1
95,95,10963.0,48,1
96,96,10963.0,48,1
97,97,10961.0,50,1
98,98,10889.0,122,1
99,99,10888.0,123,1
100,100,9991.0,1020,1
101,101,9667.0,1344,1
102,102,9665.0,1346,1
103,103,9663.0,1348,1
104,104,9658.0,1352,2
105,105,9655.0,1355,2
106,106,9655.0,1355,2
107,107,9655.0,1355,2
108,108,9653.0,1357,2
109,109,9653.0,1357,2
110,110,9647.0,1363,2
111,111,9645.0,1364,3
112,112,9628.0,1381,3
113,113,9627.0,1382,3
114,114,9626.0,1382,4
115,115,9626.0,1382,4
116,116,9625.0,1383,4
117,117,9625.0,1383,4
118,118,9624.0,1384,4
119,119,9624.0,1384,4
120,120,9623.0,1385,4
121,121,9620.0,1388,4
122,122,9620.0,1388,4
123,123,9616.0,1392,4
124,124,9616.0,1392,4
125,125,9616.0,1392,4
126,126,9616.0,1392,4
127,127,9616.0,1392,4
128,128,9616.0,1392,4
