,Days,S,I,D
0,0,130441.0,0,0
1,1,130441.0,0,0
2,2,130441.0,0,0
3,3,130441.0,0,0
4,4,130441.0,0,0
5,5,130441.0,0,0
6,6,130441.0,0,0
7,7,130441.0,0,0
8,8,130441.0,0,0
9,9,130441.0,0,0
10,10,130441.0,0,0
11,11,130441.0,0,0
12,12,130441.0,0,0
13,13,130441.0,0,0
14,14,130441.0,0,0
15,15,130441.0,0,0
16,16,130441.0,0,0
17,17,130441.0,0,0
18,18,130441.0,0,0
19,19,130441.0,0,0
20,20,130441.0,0,0
21,21,130441.0,0,0
22,22,130441.0,0,0
23,23,130441.0,0,0
24,24,130441.0,0,0
25,25,130441.0,0,0
26,26,130441.0,0,0
27,27,130441.0,0,0
28,28,130441.0,0,0
29,29,130441.0,0,0
30,30,130441.0,0,0
31,31,130441.0,0,0
32,32,130441.0,0,0
33,33,130441.0,0,0
34,34,130441.0,0,0
35,35,130441.0,0,0
36,36,130441.0,0,0
37,37,130441.0,0,0
38,38,130441.0,0,0
39,39,130441.0,0,0
40,40,130441.0,0,0
41,41,130441.0,0,0
42,42,130441.0,0,0
43,43,130441.0,0,0
44,44,130441.0,0,0
45,45,130441.0,0,0
46,46,130441.0,0,0
47,47,130441.0,0,0
48,48,130441.0,0,0
49,49,130441.0,0,0
50,50,130441.0,0,0
51,51,130441.0,0,0
52,52,130441.0,0,0
53,53,130441.0,0,0
54,54,130441.0,0,0
55,55,130441.0,0,0
56,56,130441.0,0,0
57,57,130441.0,0,0
58,58,130441.0,0,0
59,59,130441.0,0,0
60,60,130440.0,1,0
61,61,130440.0,1,0
62,62,130439.0,2,0
63,63,130437.0,4,0
64,64,130433.0,8,0
65,65,130432.0,9,0
66,66,130431.0,10,0
67,67,130431.0,10,0
68,68,130430.0,11,0
69,69,130427.0,14,0
70,70,130426.0,14,1
71,71,130425.0,15,1
72,72,130420.0,20,1
73,73,130417.0,23,1
74,74,130413.0,27,1
75,75,130411.0,29,1
76,76,130408.0,32,1
77,77,130405.0,35,1
78,78,130395.0,45,1
79,79,130391.0,49,1
80,80,130388.0,50,3
81,81,130384.0,54,3
82,82,130381.0,57,3
83,83,130380.0,58,3
84,84,130380.0,58,3
85,85,130378.0,60,3
86,86,130372.0,66,3
87,87,130372.0,66,3
88,88,130372.0,66,3
89,89,130371.0,67,3
90,90,130369.0,69,3
91,91,130368.0,70,3
92,92,130367.0,71,3
93,93,130362.0,75,4
94,94,130358.0,79,4
95,95,130358.0,79,4
96,96,130358.0,79,4
97,97,130358.0,79,4
98,98,130357.0,80,4
99,99,130357.0,80,4
100,100,130356.0,81,4
101,101,130355.0,82,4
102,102,130354.0,83,4
103,103,130354.0,83,4
104,104,130353.0,84,4
105,105,130353.0,84,4
106,106,130353.0,84,4
107,107,130353.0,84,4
108,108,130352.0,85,4
109,109,130352.0,85,4
110,110,130352.0,85,4
111,111,130352.0,85,4
112,112,130352.0,85,4
113,113,130350.0,87,4
114,114,130350.0,87,4
115,115,130349.0,88,4
116,116,130348.0,89,4
117,117,130346.0,91,4
118,118,130345.0,92,4
119,119,130344.0,93,4
120,120,130344.0,93,4
121,121,130344.0,93,4
122,122,130343.0,94,4
123,123,130343.0,94,4
124,124,130343.0,94,4
125,125,130342.0,95,4
126,126,130342.0,95,4
127,127,130342.0,95,4
128,128,130342.0,95,4
