,Days,S,I,D
0,0,24880.0,0,0
1,1,24880.0,0,0
2,2,24880.0,0,0
3,3,24880.0,0,0
4,4,24880.0,0,0
5,5,24880.0,0,0
6,6,24880.0,0,0
7,7,24880.0,0,0
8,8,24880.0,0,0
9,9,24880.0,0,0
10,10,24880.0,0,0
11,11,24880.0,0,0
12,12,24880.0,0,0
13,13,24880.0,0,0
14,14,24880.0,0,0
15,15,24880.0,0,0
16,16,24880.0,0,0
17,17,24880.0,0,0
18,18,24880.0,0,0
19,19,24880.0,0,0
20,20,24880.0,0,0
21,21,24880.0,0,0
22,22,24880.0,0,0
23,23,24880.0,0,0
24,24,24880.0,0,0
25,25,24880.0,0,0
26,26,24880.0,0,0
27,27,24880.0,0,0
28,28,24880.0,0,0
29,29,24880.0,0,0
30,30,24880.0,0,0
31,31,24880.0,0,0
32,32,24880.0,0,0
33,33,24880.0,0,0
34,34,24880.0,0,0
35,35,24880.0,0,0
36,36,24880.0,0,0
37,37,24880.0,0,0
38,38,24880.0,0,0
39,39,24880.0,0,0
40,40,24880.0,0,0
41,41,24880.0,0,0
42,42,24880.0,0,0
43,43,24880.0,0,0
44,44,24880.0,0,0
45,45,24880.0,0,0
46,46,24880.0,0,0
47,47,24880.0,0,0
48,48,24880.0,0,0
49,49,24880.0,0,0
50,50,24880.0,0,0
51,51,24880.0,0,0
52,52,24880.0,0,0
53,53,24880.0,0,0
54,54,24880.0,0,0
55,55,24880.0,0,0
56,56,24880.0,0,0
57,57,24880.0,0,0
58,58,24880.0,0,0
59,59,24880.0,0,0
60,60,24880.0,0,0
61,61,24880.0,0,0
62,62,24880.0,0,0
63,63,24880.0,0,0
64,64,24880.0,0,0
65,65,24879.0,1,0
66,66,24879.0,1,0
67,67,24879.0,1,0
68,68,24879.0,1,0
69,69,24879.0,1,0
70,70,24879.0,1,0
71,71,24879.0,1,0
72,72,24879.0,1,0
73,73,24879.0,1,0
74,74,24879.0,1,0
75,75,24879.0,1,0
76,76,24878.0,2,0
77,77,24878.0,2,0
78,78,24877.0,3,0
79,79,24877.0,3,0
80,80,24875.0,5,0
81,81,24876.0,4,0
82,82,24876.0,4,0
83,83,24875.0,5,0
84,84,24875.0,5,0
85,85,24875.0,5,0
86,86,24875.0,5,0
87,87,24875.0,5,0
88,88,24874.0,6,0
89,89,24874.0,6,0
90,90,24871.0,9,0
91,91,24870.0,10,0
92,92,24870.0,10,0
93,93,24868.0,12,0
94,94,24868.0,12,0
95,95,24868.0,12,0
96,96,24868.0,12,0
97,97,24868.0,12,0
98,98,24868.0,12,0
99,99,24868.0,12,0
100,100,24868.0,12,0
101,101,24868.0,12,0
102,102,24868.0,12,0
103,103,24868.0,12,0
104,104,24868.0,12,0
105,105,24868.0,12,0
106,106,24868.0,12,0
107,107,24868.0,12,0
108,108,24868.0,12,0
109,109,24868.0,12,0
110,110,24868.0,12,0
111,111,24868.0,12,0
112,112,24868.0,12,0
113,113,24868.0,12,0
114,114,24867.0,13,0
115,115,24866.0,13,1
116,116,24866.0,13,1
117,117,24866.0,13,1
118,118,24865.0,14,1
119,119,24865.0,14,1
120,120,24860.0,19,1
121,121,24855.0,24,1
122,122,24853.0,26,1
123,123,24853.0,26,1
124,124,24834.0,45,1
125,125,24828.0,50,2
126,126,24827.0,51,2
127,127,24826.0,51,3
128,128,24822.0,54,4
