,Days,S,I,D
0,0,27271.0,0,0
1,1,27271.0,0,0
2,2,27271.0,0,0
3,3,27271.0,0,0
4,4,27271.0,0,0
5,5,27271.0,0,0
6,6,27271.0,0,0
7,7,27271.0,0,0
8,8,27271.0,0,0
9,9,27271.0,0,0
10,10,27271.0,0,0
11,11,27271.0,0,0
12,12,27271.0,0,0
13,13,27271.0,0,0
14,14,27271.0,0,0
15,15,27271.0,0,0
16,16,27271.0,0,0
17,17,27271.0,0,0
18,18,27271.0,0,0
19,19,27271.0,0,0
20,20,27271.0,0,0
21,21,27271.0,0,0
22,22,27271.0,0,0
23,23,27271.0,0,0
24,24,27271.0,0,0
25,25,27271.0,0,0
26,26,27271.0,0,0
27,27,27271.0,0,0
28,28,27271.0,0,0
29,29,27271.0,0,0
30,30,27271.0,0,0
31,31,27271.0,0,0
32,32,27271.0,0,0
33,33,27271.0,0,0
34,34,27271.0,0,0
35,35,27271.0,0,0
36,36,27271.0,0,0
37,37,27271.0,0,0
38,38,27271.0,0,0
39,39,27271.0,0,0
40,40,27271.0,0,0
41,41,27271.0,0,0
42,42,27271.0,0,0
43,43,27271.0,0,0
44,44,27271.0,0,0
45,45,27271.0,0,0
46,46,27271.0,0,0
47,47,27271.0,0,0
48,48,27271.0,0,0
49,49,27271.0,0,0
50,50,27271.0,0,0
51,51,27271.0,0,0
52,52,27271.0,0,0
53,53,27271.0,0,0
54,54,27271.0,0,0
55,55,27271.0,0,0
56,56,27271.0,0,0
57,57,27271.0,0,0
58,58,27271.0,0,0
59,59,27271.0,0,0
60,60,27271.0,0,0
61,61,27271.0,0,0
62,62,27270.0,1,0
63,63,27270.0,1,0
64,64,27268.0,3,0
65,65,27268.0,3,0
66,66,27268.0,3,0
67,67,27268.0,3,0
68,68,27268.0,3,0
69,69,27266.0,5,0
70,70,27264.0,7,0
71,71,27262.0,8,1
72,72,27262.0,8,1
73,73,27261.0,9,1
74,74,27261.0,9,1
75,75,27261.0,9,1
76,76,27260.0,10,1
77,77,27260.0,10,1
78,78,27258.0,12,1
79,79,27258.0,12,1
80,80,27258.0,12,1
81,81,27258.0,12,1
82,82,27258.0,12,1
83,83,27256.0,14,1
84,84,27255.0,15,1
85,85,27255.0,15,1
86,86,27253.0,17,1
87,87,27253.0,17,1
88,88,27252.0,18,1
89,89,27252.0,18,1
90,90,27252.0,18,1
91,91,27252.0,18,1
92,92,27251.0,19,1
93,93,27250.0,20,1
94,94,27250.0,20,1
95,95,27249.0,21,1
96,96,27248.0,22,1
97,97,27242.0,28,1
98,98,27239.0,31,1
99,99,27237.0,33,1
100,100,27234.0,35,2
101,101,27233.0,36,2
102,102,27233.0,36,2
103,103,27233.0,36,2
104,104,27231.0,38,2
105,105,27228.0,41,2
106,106,27228.0,41,2
107,107,27228.0,41,2
108,108,27228.0,41,2
109,109,27228.0,41,2
110,110,27227.0,42,2
111,111,27226.0,43,2
112,112,27226.0,43,2
113,113,27221.0,47,3
114,114,27220.0,48,3
115,115,27212.0,56,3
116,116,27212.0,56,3
117,117,27211.0,57,3
118,118,27203.0,65,3
119,119,27200.0,68,3
120,120,27194.0,74,3
121,121,27190.0,78,3
122,122,27184.0,84,3
123,123,27184.0,84,3
124,124,27182.0,86,3
125,125,27180.0,88,3
126,126,27175.0,93,3
127,127,27164.0,104,3
128,128,27157.0,110,4
