,Days,S,I,D
0,0,27604.0,0,0
1,1,27604.0,0,0
2,2,27604.0,0,0
3,3,27604.0,0,0
4,4,27604.0,0,0
5,5,27604.0,0,0
6,6,27604.0,0,0
7,7,27604.0,0,0
8,8,27604.0,0,0
9,9,27604.0,0,0
10,10,27604.0,0,0
11,11,27604.0,0,0
12,12,27604.0,0,0
13,13,27604.0,0,0
14,14,27604.0,0,0
15,15,27604.0,0,0
16,16,27604.0,0,0
17,17,27604.0,0,0
18,18,27604.0,0,0
19,19,27604.0,0,0
20,20,27604.0,0,0
21,21,27604.0,0,0
22,22,27604.0,0,0
23,23,27604.0,0,0
24,24,27604.0,0,0
25,25,27604.0,0,0
26,26,27604.0,0,0
27,27,27604.0,0,0
28,28,27604.0,0,0
29,29,27604.0,0,0
30,30,27604.0,0,0
31,31,27604.0,0,0
32,32,27604.0,0,0
33,33,27604.0,0,0
34,34,27604.0,0,0
35,35,27604.0,0,0
36,36,27604.0,0,0
37,37,27604.0,0,0
38,38,27604.0,0,0
39,39,27604.0,0,0
40,40,27604.0,0,0
41,41,27604.0,0,0
42,42,27604.0,0,0
43,43,27604.0,0,0
44,44,27604.0,0,0
45,45,27604.0,0,0
46,46,27604.0,0,0
47,47,27604.0,0,0
48,48,27604.0,0,0
49,49,27604.0,0,0
50,50,27604.0,0,0
51,51,27604.0,0,0
52,52,27604.0,0,0
53,53,27604.0,0,0
54,54,27604.0,0,0
55,55,27604.0,0,0
56,56,27604.0,0,0
57,57,27604.0,0,0
58,58,27604.0,0,0
59,59,27604.0,0,0
60,60,27604.0,0,0
61,61,27604.0,0,0
62,62,27604.0,0,0
63,63,27604.0,0,0
64,64,27604.0,0,0
65,65,27603.0,1,0
66,66,27602.0,2,0
67,67,27602.0,2,0
68,68,27602.0,2,0
69,69,27602.0,2,0
70,70,27602.0,2,0
71,71,27602.0,2,0
72,72,27600.0,4,0
73,73,27600.0,4,0
74,74,27599.0,5,0
75,75,27598.0,6,0
76,76,27597.0,7,0
77,77,27597.0,7,0
78,78,27597.0,7,0
79,79,27597.0,7,0
80,80,27596.0,8,0
81,81,27595.0,9,0
82,82,27595.0,9,0
83,83,27595.0,9,0
84,84,27593.0,11,0
85,85,27593.0,11,0
86,86,27592.0,12,0
87,87,27592.0,12,0
88,88,27591.0,13,0
89,89,27591.0,13,0
90,90,27590.0,14,0
91,91,27590.0,14,0
92,92,27590.0,14,0
93,93,27589.0,15,0
94,94,27588.0,16,0
95,95,27586.0,18,0
96,96,27586.0,18,0
97,97,27584.0,20,0
98,98,27579.0,25,0
99,99,27577.0,27,0
100,100,27573.0,31,0
101,101,27567.0,37,0
102,102,27566.0,38,0
103,103,27561.0,42,1
104,104,27556.0,47,1
105,105,27541.0,62,1
106,106,27526.0,77,1
107,107,27519.0,84,1
108,108,27513.0,89,2
109,109,27506.0,96,2
110,110,27504.0,98,2
111,111,27502.0,99,3
112,112,27500.0,101,3
113,113,27494.0,107,3
114,114,27490.0,111,3
115,115,27487.0,114,3
116,116,27484.0,117,3
117,117,27483.0,118,3
118,118,27481.0,119,4
119,119,27481.0,119,4
120,120,27480.0,120,4
121,121,27476.0,124,4
122,122,27472.0,128,4
123,123,27470.0,130,4
124,124,27470.0,130,4
125,125,27469.0,131,4
126,126,27469.0,131,4
127,127,27469.0,131,4
128,128,27469.0,131,4
