,Days,S,I,D
0,0,28385.0,0,0
1,1,28385.0,0,0
2,2,28385.0,0,0
3,3,28385.0,0,0
4,4,28385.0,0,0
5,5,28385.0,0,0
6,6,28385.0,0,0
7,7,28385.0,0,0
8,8,28385.0,0,0
9,9,28385.0,0,0
10,10,28385.0,0,0
11,11,28385.0,0,0
12,12,28385.0,0,0
13,13,28385.0,0,0
14,14,28385.0,0,0
15,15,28385.0,0,0
16,16,28385.0,0,0
17,17,28385.0,0,0
18,18,28385.0,0,0
19,19,28385.0,0,0
20,20,28385.0,0,0
21,21,28385.0,0,0
22,22,28385.0,0,0
23,23,28385.0,0,0
24,24,28385.0,0,0
25,25,28385.0,0,0
26,26,28385.0,0,0
27,27,28385.0,0,0
28,28,28385.0,0,0
29,29,28385.0,0,0
30,30,28385.0,0,0
31,31,28385.0,0,0
32,32,28385.0,0,0
33,33,28385.0,0,0
34,34,28385.0,0,0
35,35,28385.0,0,0
36,36,28385.0,0,0
37,37,28385.0,0,0
38,38,28385.0,0,0
39,39,28385.0,0,0
40,40,28385.0,0,0
41,41,28385.0,0,0
42,42,28385.0,0,0
43,43,28385.0,0,0
44,44,28385.0,0,0
45,45,28385.0,0,0
46,46,28385.0,0,0
47,47,28385.0,0,0
48,48,28385.0,0,0
49,49,28385.0,0,0
50,50,28385.0,0,0
51,51,28385.0,0,0
52,52,28385.0,0,0
53,53,28385.0,0,0
54,54,28385.0,0,0
55,55,28385.0,0,0
56,56,28385.0,0,0
57,57,28385.0,0,0
58,58,28385.0,0,0
59,59,28385.0,0,0
60,60,28385.0,0,0
61,61,28385.0,0,0
62,62,28385.0,0,0
63,63,28385.0,0,0
64,64,28385.0,0,0
65,65,28385.0,0,0
66,66,28385.0,0,0
67,67,28385.0,0,0
68,68,28385.0,0,0
69,69,28385.0,0,0
70,70,28385.0,0,0
71,71,28385.0,0,0
72,72,28385.0,0,0
73,73,28385.0,0,0
74,74,28385.0,0,0
75,75,28385.0,0,0
76,76,28385.0,0,0
77,77,28385.0,0,0
78,78,28385.0,0,0
79,79,28385.0,0,0
80,80,28383.0,2,0
81,81,28383.0,2,0
82,82,28383.0,2,0
83,83,28381.0,4,0
84,84,28382.0,3,0
85,85,28381.0,4,0
86,86,28381.0,4,0
87,87,28381.0,4,0
88,88,28381.0,4,0
89,89,28381.0,4,0
90,90,28380.0,5,0
91,91,28379.0,5,1
92,92,28379.0,5,1
93,93,28378.0,6,1
94,94,28373.0,11,1
95,95,28370.0,14,1
96,96,28368.0,16,1
97,97,28368.0,16,1
98,98,28368.0,16,1
99,99,28366.0,18,1
100,100,28366.0,18,1
101,101,28365.0,19,1
102,102,28365.0,19,1
103,103,28365.0,19,1
104,104,28365.0,19,1
105,105,28364.0,20,1
106,106,28364.0,20,1
107,107,28364.0,20,1
108,108,28364.0,20,1
109,109,28364.0,20,1
110,110,28362.0,22,1
111,111,28362.0,22,1
112,112,28356.0,28,1
113,113,28355.0,29,1
114,114,28352.0,31,2
115,115,28324.0,59,2
116,116,28322.0,61,2
117,117,28322.0,61,2
118,118,28322.0,61,2
119,119,28320.0,63,2
120,120,28320.0,63,2
121,121,28319.0,64,2
122,122,28318.0,64,3
123,123,28316.0,65,4
124,124,28316.0,65,4
125,125,28312.0,69,4
126,126,28312.0,69,4
127,127,28312.0,69,4
128,128,28312.0,69,4
