,Days,S,I,D
0,0,14587.0,0,0
1,1,14587.0,0,0
2,2,14587.0,0,0
3,3,14587.0,0,0
4,4,14587.0,0,0
5,5,14587.0,0,0
6,6,14587.0,0,0
7,7,14587.0,0,0
8,8,14587.0,0,0
9,9,14587.0,0,0
10,10,14587.0,0,0
11,11,14587.0,0,0
12,12,14587.0,0,0
13,13,14587.0,0,0
14,14,14587.0,0,0
15,15,14587.0,0,0
16,16,14587.0,0,0
17,17,14587.0,0,0
18,18,14587.0,0,0
19,19,14587.0,0,0
20,20,14587.0,0,0
21,21,14587.0,0,0
22,22,14587.0,0,0
23,23,14587.0,0,0
24,24,14587.0,0,0
25,25,14587.0,0,0
26,26,14587.0,0,0
27,27,14587.0,0,0
28,28,14587.0,0,0
29,29,14587.0,0,0
30,30,14587.0,0,0
31,31,14587.0,0,0
32,32,14587.0,0,0
33,33,14587.0,0,0
34,34,14587.0,0,0
35,35,14587.0,0,0
36,36,14587.0,0,0
37,37,14587.0,0,0
38,38,14587.0,0,0
39,39,14587.0,0,0
40,40,14587.0,0,0
41,41,14587.0,0,0
42,42,14587.0,0,0
43,43,14587.0,0,0
44,44,14587.0,0,0
45,45,14587.0,0,0
46,46,14587.0,0,0
47,47,14587.0,0,0
48,48,14587.0,0,0
49,49,14587.0,0,0
50,50,14587.0,0,0
51,51,14587.0,0,0
52,52,14587.0,0,0
53,53,14587.0,0,0
54,54,14587.0,0,0
55,55,14587.0,0,0
56,56,14587.0,0,0
57,57,14587.0,0,0
58,58,14587.0,0,0
59,59,14587.0,0,0
60,60,14587.0,0,0
61,61,14587.0,0,0
62,62,14587.0,0,0
63,63,14587.0,0,0
64,64,14587.0,0,0
65,65,14587.0,0,0
66,66,14587.0,0,0
67,67,14587.0,0,0
68,68,14587.0,0,0
69,69,14586.0,1,0
70,70,14586.0,1,0
71,71,14586.0,1,0
72,72,14585.0,2,0
73,73,14584.0,3,0
74,74,14584.0,3,0
75,75,14584.0,3,0
76,76,14584.0,3,0
77,77,14583.0,4,0
78,78,14583.0,4,0
79,79,14582.0,5,0
80,80,14582.0,5,0
81,81,14582.0,5,0
82,82,14582.0,5,0
83,83,14582.0,5,0
84,84,14582.0,5,0
85,85,14582.0,5,0
86,86,14581.0,6,0
87,87,14581.0,6,0
88,88,14581.0,6,0
89,89,14581.0,6,0
90,90,14581.0,6,0
91,91,14581.0,6,0
92,92,14581.0,6,0
93,93,14581.0,6,0
94,94,14581.0,6,0
95,95,14581.0,6,0
96,96,14581.0,6,0
97,97,14581.0,6,0
98,98,14579.0,8,0
99,99,14579.0,8,0
100,100,14579.0,8,0
101,101,14573.0,14,0
102,102,14572.0,15,0
103,103,14572.0,15,0
104,104,14572.0,15,0
105,105,14568.0,19,0
106,106,14563.0,24,0
107,107,14563.0,24,0
108,108,14560.0,27,0
109,109,14560.0,27,0
110,110,14560.0,27,0
111,111,14560.0,27,0
112,112,14556.0,31,0
113,113,14553.0,33,1
114,114,14548.0,38,1
115,115,14548.0,38,1
116,116,14546.0,40,1
117,117,14546.0,40,1
118,118,14545.0,40,2
119,119,14545.0,40,2
120,120,14544.0,41,2
121,121,14532.0,52,3
122,122,14532.0,52,3
123,123,14532.0,52,3
124,124,14532.0,52,3
125,125,14532.0,52,3
126,126,14532.0,52,3
127,127,14532.0,52,3
128,128,14530.0,53,4
