,Days,S,I,D
0,0,62249.0,0,0
1,1,62249.0,0,0
2,2,62249.0,0,0
3,3,62249.0,0,0
4,4,62249.0,0,0
5,5,62249.0,0,0
6,6,62249.0,0,0
7,7,62249.0,0,0
8,8,62249.0,0,0
9,9,62249.0,0,0
10,10,62249.0,0,0
11,11,62249.0,0,0
12,12,62249.0,0,0
13,13,62249.0,0,0
14,14,62249.0,0,0
15,15,62249.0,0,0
16,16,62249.0,0,0
17,17,62249.0,0,0
18,18,62249.0,0,0
19,19,62249.0,0,0
20,20,62249.0,0,0
21,21,62249.0,0,0
22,22,62249.0,0,0
23,23,62249.0,0,0
24,24,62249.0,0,0
25,25,62249.0,0,0
26,26,62249.0,0,0
27,27,62249.0,0,0
28,28,62249.0,0,0
29,29,62249.0,0,0
30,30,62249.0,0,0
31,31,62249.0,0,0
32,32,62249.0,0,0
33,33,62249.0,0,0
34,34,62249.0,0,0
35,35,62249.0,0,0
36,36,62249.0,0,0
37,37,62249.0,0,0
38,38,62249.0,0,0
39,39,62249.0,0,0
40,40,62249.0,0,0
41,41,62249.0,0,0
42,42,62249.0,0,0
43,43,62249.0,0,0
44,44,62249.0,0,0
45,45,62249.0,0,0
46,46,62249.0,0,0
47,47,62249.0,0,0
48,48,62249.0,0,0
49,49,62249.0,0,0
50,50,62249.0,0,0
51,51,62249.0,0,0
52,52,62249.0,0,0
53,53,62249.0,0,0
54,54,62249.0,0,0
55,55,62249.0,0,0
56,56,62249.0,0,0
57,57,62249.0,0,0
58,58,62249.0,0,0
59,59,62249.0,0,0
60,60,62249.0,0,0
61,61,62247.0,2,0
62,62,62247.0,2,0
63,63,62247.0,2,0
64,64,62246.0,3,0
65,65,62246.0,3,0
66,66,62243.0,6,0
67,67,62239.0,10,0
68,68,62238.0,11,0
69,69,62236.0,13,0
70,70,62235.0,14,0
71,71,62234.0,15,0
72,72,62233.0,16,0
73,73,62231.0,17,1
74,74,62230.0,18,1
75,75,62227.0,21,1
76,76,62226.0,22,1
77,77,62224.0,24,1
78,78,62223.0,25,1
79,79,62220.0,28,1
80,80,62220.0,28,1
81,81,62217.0,31,1
82,82,62217.0,31,1
83,83,62215.0,33,1
84,84,62214.0,33,2
85,85,62213.0,34,2
86,86,62215.0,32,2
87,87,62215.0,32,2
88,88,62214.0,33,2
89,89,62214.0,33,2
90,90,62214.0,33,2
91,91,62212.0,35,2
92,92,62211.0,36,2
93,93,62210.0,37,2
94,94,62208.0,39,2
95,95,62208.0,39,2
96,96,62208.0,39,2
97,97,62207.0,40,2
98,98,62206.0,40,3
99,99,62203.0,43,3
100,100,62203.0,43,3
101,101,62202.0,44,3
102,102,62201.0,45,3
103,103,62200.0,46,3
104,104,62200.0,46,3
105,105,62198.0,48,3
106,106,62197.0,49,3
107,107,62197.0,49,3
108,108,62196.0,50,3
109,109,62196.0,50,3
110,110,62195.0,51,3
111,111,62195.0,51,3
112,112,62195.0,51,3
113,113,62195.0,51,3
114,114,62195.0,51,3
115,115,62194.0,52,3
116,116,62194.0,52,3
117,117,62194.0,52,3
118,118,62194.0,52,3
119,119,62193.0,53,3
120,120,62193.0,53,3
121,121,62192.0,54,3
122,122,62190.0,56,3
123,123,62186.0,60,3
124,124,62177.0,69,3
125,125,62175.0,71,3
126,126,62175.0,71,3
127,127,62175.0,71,3
128,128,62172.0,74,3
