,Days,S,I,D
0,0,1218452.0,0,0
1,1,1218452.0,0,0
2,2,1218452.0,0,0
3,3,1218452.0,0,0
4,4,1218452.0,0,0
5,5,1218452.0,0,0
6,6,1218452.0,0,0
7,7,1218452.0,0,0
8,8,1218452.0,0,0
9,9,1218452.0,0,0
10,10,1218452.0,0,0
11,11,1218452.0,0,0
12,12,1218452.0,0,0
13,13,1218452.0,0,0
14,14,1218452.0,0,0
15,15,1218452.0,0,0
16,16,1218452.0,0,0
17,17,1218452.0,0,0
18,18,1218452.0,0,0
19,19,1218452.0,0,0
20,20,1218452.0,0,0
21,21,1218452.0,0,0
22,22,1218452.0,0,0
23,23,1218452.0,0,0
24,24,1218452.0,0,0
25,25,1218452.0,0,0
26,26,1218452.0,0,0
27,27,1218452.0,0,0
28,28,1218452.0,0,0
29,29,1218452.0,0,0
30,30,1218452.0,0,0
31,31,1218452.0,0,0
32,32,1218452.0,0,0
33,33,1218452.0,0,0
34,34,1218452.0,0,0
35,35,1218452.0,0,0
36,36,1218452.0,0,0
37,37,1218452.0,0,0
38,38,1218452.0,0,0
39,39,1218452.0,0,0
40,40,1218452.0,0,0
41,41,1218452.0,0,0
42,42,1218452.0,0,0
43,43,1218452.0,0,0
44,44,1218452.0,0,0
45,45,1218452.0,0,0
46,46,1218452.0,0,0
47,47,1218452.0,0,0
48,48,1218452.0,0,0
49,49,1218452.0,0,0
50,50,1218452.0,0,0
51,51,1218452.0,0,0
52,52,1218450.0,2,0
53,53,1218441.0,11,0
54,54,1218447.0,5,0
55,55,1218445.0,7,0
56,56,1218441.0,11,0
57,57,1218436.0,16,0
58,58,1218424.0,28,0
59,59,1218420.0,31,1
60,60,1218411.0,40,1
61,61,1218403.0,48,1
62,62,1218392.0,58,2
63,63,1218317.0,133,2
64,64,1218317.0,133,2
65,65,1218292.0,158,2
66,66,1218231.0,219,2
67,67,1218185.0,265,2
68,68,1218160.0,290,2
69,69,1218125.0,325,2
70,70,1218094.0,356,2
71,71,1218031.0,419,2
72,72,1217974.0,476,2
73,73,1217897.0,552,3
74,74,1217843.0,605,4
75,75,1217806.0,642,4
76,76,1217757.0,689,6
77,77,1217722.0,720,10
78,78,1217681.0,759,12
79,79,1217646.0,788,18
80,80,1217597.0,836,19
81,81,1217576.0,857,19
82,82,1217557.0,876,19
83,83,1217535.0,893,24
84,84,1217522.0,904,26
85,85,1217501.0,925,26
86,86,1217462.0,947,43
87,87,1217396.0,1009,47
88,88,1217367.0,1035,50
89,89,1217355.0,1042,55
90,90,1217326.0,1059,67
91,91,1217295.0,1088,69
92,92,1217234.0,1149,69
93,93,1217204.0,1177,71
94,94,1217181.0,1198,73
95,95,1217168.0,1211,73
96,96,1217149.0,1224,79
97,97,1217131.0,1235,86
98,98,1217093.0,1273,86
99,99,1217069.0,1289,94
100,100,1217034.0,1319,99
101,101,1217017.0,1333,102
102,102,1217005.0,1345,102
103,103,1216985.0,1365,102
104,104,1216968.0,1375,109
105,105,1216947.0,1394,111
106,106,1216896.0,1439,117
107,107,1216878.0,1455,119
108,108,1216846.0,1486,120
109,109,1216827.0,1503,122
110,110,1216818.0,1511,123
111,111,1216799.0,1526,127
112,112,1216768.0,1545,139
113,113,1216762.0,1551,139
114,114,1216729.0,1582,141
115,115,1216714.0,1595,143
116,116,1216706.0,1603,143
117,117,1216668.0,1641,143
118,118,1216649.0,1658,145
119,119,1216618.0,1687,147
120,120,1216586.0,1718,148
121,121,1216559.0,1739,154
122,122,1216541.0,1753,158
123,123,1216516.0,1777,159
124,124,1216487.0,1805,160
125,125,1216476.0,1816,160
126,126,1216464.0,1828,160
127,127,1216440.0,1851,161
128,128,1216420.0,1870,162
