,Days,S,I,D
0,0,9608.0,0,0
1,1,9608.0,0,0
2,2,9608.0,0,0
3,3,9608.0,0,0
4,4,9608.0,0,0
5,5,9608.0,0,0
6,6,9608.0,0,0
7,7,9608.0,0,0
8,8,9608.0,0,0
9,9,9608.0,0,0
10,10,9608.0,0,0
11,11,9608.0,0,0
12,12,9608.0,0,0
13,13,9608.0,0,0
14,14,9608.0,0,0
15,15,9608.0,0,0
16,16,9608.0,0,0
17,17,9608.0,0,0
18,18,9608.0,0,0
19,19,9608.0,0,0
20,20,9608.0,0,0
21,21,9608.0,0,0
22,22,9608.0,0,0
23,23,9608.0,0,0
24,24,9608.0,0,0
25,25,9608.0,0,0
26,26,9608.0,0,0
27,27,9608.0,0,0
28,28,9608.0,0,0
29,29,9608.0,0,0
30,30,9608.0,0,0
31,31,9608.0,0,0
32,32,9608.0,0,0
33,33,9608.0,0,0
34,34,9608.0,0,0
35,35,9608.0,0,0
36,36,9608.0,0,0
37,37,9608.0,0,0
38,38,9608.0,0,0
39,39,9608.0,0,0
40,40,9608.0,0,0
41,41,9608.0,0,0
42,42,9608.0,0,0
43,43,9608.0,0,0
44,44,9608.0,0,0
45,45,9608.0,0,0
46,46,9608.0,0,0
47,47,9608.0,0,0
48,48,9608.0,0,0
49,49,9608.0,0,0
50,50,9608.0,0,0
51,51,9608.0,0,0
52,52,9608.0,0,0
53,53,9608.0,0,0
54,54,9608.0,0,0
55,55,9608.0,0,0
56,56,9608.0,0,0
57,57,9608.0,0,0
58,58,9607.0,0,1
59,59,9606.0,1,1
60,60,9606.0,1,1
61,61,9606.0,1,1
62,62,9606.0,1,1
63,63,9606.0,1,1
64,64,9606.0,1,1
65,65,9606.0,1,1
66,66,9606.0,1,1
67,67,9606.0,1,1
68,68,9604.0,3,1
69,69,9604.0,3,1
70,70,9604.0,3,1
71,71,9602.0,5,1
72,72,9601.0,6,1
73,73,9598.0,9,1
74,74,9598.0,9,1
75,75,9595.0,12,1
76,76,9594.0,13,1
77,77,9593.0,14,1
78,78,9590.0,17,1
79,79,9589.0,18,1
80,80,9587.0,20,1
81,81,9586.0,21,1
82,82,9586.0,21,1
83,83,9586.0,21,1
84,84,9585.0,22,1
85,85,9584.0,23,1
86,86,9584.0,23,1
87,87,9584.0,23,1
88,88,9583.0,24,1
89,89,9583.0,24,1
90,90,9583.0,24,1
91,91,9583.0,24,1
92,92,9582.0,24,2
93,93,9581.0,25,2
94,94,9581.0,25,2
95,95,9581.0,25,2
96,96,9581.0,25,2
97,97,9581.0,25,2
98,98,9571.0,35,2
99,99,9570.0,36,2
100,100,9566.0,40,2
101,101,9562.0,44,2
102,102,9561.0,45,2
103,103,9560.0,46,2
104,104,9560.0,46,2
105,105,9560.0,46,2
106,106,9560.0,46,2
107,107,9547.0,59,2
108,108,9523.0,83,2
109,109,9521.0,85,2
110,110,9520.0,85,3
111,111,9519.0,86,3
112,112,9502.0,103,3
113,113,9502.0,103,3
114,114,9502.0,103,3
115,115,9501.0,104,3
116,116,9499.0,106,3
117,117,9499.0,106,3
118,118,9499.0,106,3
119,119,9499.0,106,3
120,120,9493.0,112,3
121,121,9493.0,112,3
122,122,9493.0,112,3
123,123,9493.0,112,3
124,124,9493.0,112,3
125,125,9493.0,112,3
126,126,9493.0,112,3
127,127,9493.0,112,3
128,128,9492.0,113,3
