,Days,S,I,D
0,0,48649.0,0,0
1,1,48649.0,0,0
2,2,48649.0,0,0
3,3,48649.0,0,0
4,4,48649.0,0,0
5,5,48649.0,0,0
6,6,48649.0,0,0
7,7,48649.0,0,0
8,8,48649.0,0,0
9,9,48649.0,0,0
10,10,48649.0,0,0
11,11,48649.0,0,0
12,12,48649.0,0,0
13,13,48649.0,0,0
14,14,48649.0,0,0
15,15,48649.0,0,0
16,16,48649.0,0,0
17,17,48649.0,0,0
18,18,48649.0,0,0
19,19,48649.0,0,0
20,20,48649.0,0,0
21,21,48649.0,0,0
22,22,48649.0,0,0
23,23,48649.0,0,0
24,24,48649.0,0,0
25,25,48649.0,0,0
26,26,48649.0,0,0
27,27,48649.0,0,0
28,28,48649.0,0,0
29,29,48649.0,0,0
30,30,48649.0,0,0
31,31,48649.0,0,0
32,32,48649.0,0,0
33,33,48649.0,0,0
34,34,48649.0,0,0
35,35,48649.0,0,0
36,36,48649.0,0,0
37,37,48649.0,0,0
38,38,48649.0,0,0
39,39,48649.0,0,0
40,40,48649.0,0,0
41,41,48649.0,0,0
42,42,48649.0,0,0
43,43,48649.0,0,0
44,44,48649.0,0,0
45,45,48649.0,0,0
46,46,48649.0,0,0
47,47,48649.0,0,0
48,48,48649.0,0,0
49,49,48649.0,0,0
50,50,48649.0,0,0
51,51,48649.0,0,0
52,52,48649.0,0,0
53,53,48649.0,0,0
54,54,48649.0,0,0
55,55,48649.0,0,0
56,56,48649.0,0,0
57,57,48649.0,0,0
58,58,48649.0,0,0
59,59,48649.0,0,0
60,60,48649.0,0,0
61,61,48649.0,0,0
62,62,48649.0,0,0
63,63,48645.0,4,0
64,64,48646.0,3,0
65,65,48642.0,7,0
66,66,48641.0,8,0
67,67,48637.0,12,0
68,68,48635.0,14,0
69,69,48630.0,19,0
70,70,48629.0,20,0
71,71,48628.0,21,0
72,72,48628.0,21,0
73,73,48625.0,24,0
74,74,48624.0,25,0
75,75,48622.0,27,0
76,76,48619.0,30,0
77,77,48618.0,31,0
78,78,48612.0,37,0
79,79,48612.0,37,0
80,80,48610.0,39,0
81,81,48610.0,39,0
82,82,48610.0,39,0
83,83,48600.0,49,0
84,84,48599.0,50,0
85,85,48593.0,56,0
86,86,48592.0,57,0
87,87,48590.0,59,0
88,88,48584.0,65,0
89,89,48582.0,67,0
90,90,48581.0,68,0
91,91,48561.0,88,0
92,92,48554.0,95,0
93,93,48547.0,102,0
94,94,48542.0,107,0
95,95,48538.0,111,0
96,96,48535.0,114,0
97,97,48535.0,114,0
98,98,48507.0,142,0
99,99,48507.0,142,0
100,100,48507.0,142,0
101,101,48505.0,144,0
102,102,48497.0,152,0
103,103,48495.0,154,0
104,104,48495.0,154,0
105,105,48495.0,154,0
106,106,48495.0,154,0
107,107,48495.0,154,0
108,108,48494.0,154,1
109,109,48494.0,154,1
110,110,48477.0,171,1
111,111,48476.0,172,1
112,112,48476.0,172,1
113,113,48476.0,172,1
114,114,48476.0,172,1
115,115,48475.0,172,2
116,116,48475.0,172,2
117,117,48475.0,172,2
118,118,48475.0,172,2
119,119,48449.0,198,2
120,120,48443.0,204,2
121,121,48438.0,209,2
122,122,48434.0,213,2
123,123,48434.0,213,2
124,124,48434.0,213,2
125,125,48434.0,213,2
126,126,48425.0,222,2
127,127,48425.0,222,2
128,128,48422.0,224,3
