,Days,S,I,D
0,0,24851.0,0,0
1,1,24851.0,0,0
2,2,24851.0,0,0
3,3,24851.0,0,0
4,4,24851.0,0,0
5,5,24851.0,0,0
6,6,24851.0,0,0
7,7,24851.0,0,0
8,8,24851.0,0,0
9,9,24851.0,0,0
10,10,24851.0,0,0
11,11,24851.0,0,0
12,12,24851.0,0,0
13,13,24851.0,0,0
14,14,24851.0,0,0
15,15,24851.0,0,0
16,16,24851.0,0,0
17,17,24851.0,0,0
18,18,24851.0,0,0
19,19,24851.0,0,0
20,20,24851.0,0,0
21,21,24851.0,0,0
22,22,24851.0,0,0
23,23,24851.0,0,0
24,24,24851.0,0,0
25,25,24851.0,0,0
26,26,24851.0,0,0
27,27,24851.0,0,0
28,28,24851.0,0,0
29,29,24851.0,0,0
30,30,24851.0,0,0
31,31,24851.0,0,0
32,32,24851.0,0,0
33,33,24851.0,0,0
34,34,24851.0,0,0
35,35,24851.0,0,0
36,36,24851.0,0,0
37,37,24851.0,0,0
38,38,24851.0,0,0
39,39,24851.0,0,0
40,40,24851.0,0,0
41,41,24851.0,0,0
42,42,24851.0,0,0
43,43,24851.0,0,0
44,44,24851.0,0,0
45,45,24851.0,0,0
46,46,24851.0,0,0
47,47,24851.0,0,0
48,48,24851.0,0,0
49,49,24851.0,0,0
50,50,24851.0,0,0
51,51,24851.0,0,0
52,52,24851.0,0,0
53,53,24851.0,0,0
54,54,24851.0,0,0
55,55,24851.0,0,0
56,56,24851.0,0,0
57,57,24851.0,0,0
58,58,24851.0,0,0
59,59,24851.0,0,0
60,60,24851.0,0,0
61,61,24851.0,0,0
62,62,24851.0,0,0
63,63,24851.0,0,0
64,64,24851.0,0,0
65,65,24851.0,0,0
66,66,24850.0,1,0
67,67,24850.0,1,0
68,68,24850.0,1,0
69,69,24848.0,3,0
70,70,24848.0,3,0
71,71,24848.0,3,0
72,72,24846.0,4,1
73,73,24845.0,5,1
74,74,24845.0,5,1
75,75,24845.0,5,1
76,76,24843.0,7,1
77,77,24843.0,7,1
78,78,24843.0,7,1
79,79,24842.0,8,1
80,80,24842.0,8,1
81,81,24840.0,10,1
82,82,24840.0,10,1
83,83,24840.0,10,1
84,84,24840.0,10,1
85,85,24840.0,10,1
86,86,24840.0,10,1
87,87,24838.0,12,1
88,88,24838.0,12,1
89,89,24838.0,12,1
90,90,24837.0,12,2
91,91,24837.0,12,2
92,92,24837.0,12,2
93,93,24836.0,13,2
94,94,24835.0,14,2
95,95,24835.0,14,2
96,96,24835.0,14,2
97,97,24834.0,15,2
98,98,24834.0,15,2
99,99,24834.0,15,2
100,100,24834.0,15,2
101,101,24834.0,15,2
102,102,24833.0,16,2
103,103,24833.0,16,2
104,104,24832.0,17,2
105,105,24831.0,18,2
106,106,24831.0,18,2
107,107,24828.0,21,2
108,108,24828.0,21,2
109,109,24828.0,21,2
110,110,24826.0,23,2
111,111,24825.0,24,2
112,112,24822.0,26,3
113,113,24821.0,27,3
114,114,24819.0,29,3
115,115,24818.0,30,3
116,116,24818.0,30,3
117,117,24818.0,30,3
118,118,24818.0,30,3
119,119,24818.0,30,3
120,120,24816.0,32,3
121,121,24813.0,35,3
122,122,24811.0,37,3
123,123,24810.0,38,3
124,124,24808.0,40,3
125,125,24805.0,43,3
126,126,24803.0,45,3
127,127,24803.0,45,3
128,128,24802.0,46,3
