,Days,S,I,D
0,0,68305.0,0,0
1,1,68305.0,0,0
2,2,68305.0,0,0
3,3,68305.0,0,0
4,4,68305.0,0,0
5,5,68305.0,0,0
6,6,68305.0,0,0
7,7,68305.0,0,0
8,8,68305.0,0,0
9,9,68305.0,0,0
10,10,68305.0,0,0
11,11,68305.0,0,0
12,12,68305.0,0,0
13,13,68305.0,0,0
14,14,68305.0,0,0
15,15,68305.0,0,0
16,16,68305.0,0,0
17,17,68305.0,0,0
18,18,68305.0,0,0
19,19,68305.0,0,0
20,20,68305.0,0,0
21,21,68305.0,0,0
22,22,68305.0,0,0
23,23,68305.0,0,0
24,24,68305.0,0,0
25,25,68305.0,0,0
26,26,68305.0,0,0
27,27,68305.0,0,0
28,28,68305.0,0,0
29,29,68305.0,0,0
30,30,68305.0,0,0
31,31,68305.0,0,0
32,32,68305.0,0,0
33,33,68305.0,0,0
34,34,68305.0,0,0
35,35,68305.0,0,0
36,36,68305.0,0,0
37,37,68305.0,0,0
38,38,68305.0,0,0
39,39,68305.0,0,0
40,40,68305.0,0,0
41,41,68305.0,0,0
42,42,68305.0,0,0
43,43,68305.0,0,0
44,44,68305.0,0,0
45,45,68305.0,0,0
46,46,68305.0,0,0
47,47,68305.0,0,0
48,48,68305.0,0,0
49,49,68305.0,0,0
50,50,68305.0,0,0
51,51,68305.0,0,0
52,52,68305.0,0,0
53,53,68305.0,0,0
54,54,68305.0,0,0
55,55,68305.0,0,0
56,56,68305.0,0,0
57,57,68305.0,0,0
58,58,68305.0,0,0
59,59,68305.0,0,0
60,60,68305.0,0,0
61,61,68305.0,0,0
62,62,68305.0,0,0
63,63,68305.0,0,0
64,64,68305.0,0,0
65,65,68305.0,0,0
66,66,68305.0,0,0
67,67,68305.0,0,0
68,68,68304.0,1,0
69,69,68304.0,1,0
70,70,68302.0,3,0
71,71,68302.0,3,0
72,72,68302.0,3,0
73,73,68302.0,3,0
74,74,68302.0,3,0
75,75,68302.0,3,0
76,76,68302.0,3,0
77,77,68302.0,3,0
78,78,68302.0,3,0
79,79,68301.0,4,0
80,80,68300.0,5,0
81,81,68300.0,5,0
82,82,68300.0,5,0
83,83,68300.0,5,0
84,84,68298.0,7,0
85,85,68297.0,7,1
86,86,68295.0,8,2
87,87,68294.0,9,2
88,88,68294.0,9,2
89,89,68294.0,9,2
90,90,68291.0,12,2
91,91,68290.0,13,2
92,92,68289.0,14,2
93,93,68289.0,14,2
94,94,68288.0,15,2
95,95,68288.0,15,2
96,96,68288.0,15,2
97,97,68288.0,15,2
98,98,68286.0,17,2
99,99,68286.0,17,2
100,100,68286.0,17,2
101,101,68279.0,24,2
102,102,68279.0,24,2
103,103,68277.0,26,2
104,104,68276.0,27,2
105,105,68275.0,28,2
106,106,68275.0,28,2
107,107,68275.0,28,2
108,108,68273.0,30,2
109,109,68273.0,30,2
110,110,68273.0,30,2
111,111,68272.0,31,2
112,112,68268.0,35,2
113,113,68267.0,36,2
114,114,68267.0,36,2
115,115,68267.0,36,2
116,116,68267.0,36,2
117,117,68267.0,36,2
118,118,68265.0,38,2
119,119,68265.0,38,2
120,120,68261.0,42,2
121,121,68260.0,42,3
122,122,68260.0,42,3
123,123,68260.0,42,3
124,124,68260.0,42,3
125,125,68257.0,45,3
126,126,68257.0,45,3
127,127,68257.0,45,3
128,128,68257.0,45,3
