,Days,S,I,D
0,0,36953.0,0,0
1,1,36953.0,0,0
2,2,36953.0,0,0
3,3,36953.0,0,0
4,4,36953.0,0,0
5,5,36953.0,0,0
6,6,36953.0,0,0
7,7,36953.0,0,0
8,8,36953.0,0,0
9,9,36953.0,0,0
10,10,36953.0,0,0
11,11,36953.0,0,0
12,12,36953.0,0,0
13,13,36953.0,0,0
14,14,36953.0,0,0
15,15,36953.0,0,0
16,16,36953.0,0,0
17,17,36953.0,0,0
18,18,36953.0,0,0
19,19,36953.0,0,0
20,20,36953.0,0,0
21,21,36953.0,0,0
22,22,36953.0,0,0
23,23,36953.0,0,0
24,24,36953.0,0,0
25,25,36953.0,0,0
26,26,36953.0,0,0
27,27,36953.0,0,0
28,28,36953.0,0,0
29,29,36953.0,0,0
30,30,36953.0,0,0
31,31,36953.0,0,0
32,32,36953.0,0,0
33,33,36953.0,0,0
34,34,36953.0,0,0
35,35,36953.0,0,0
36,36,36953.0,0,0
37,37,36953.0,0,0
38,38,36953.0,0,0
39,39,36953.0,0,0
40,40,36953.0,0,0
41,41,36953.0,0,0
42,42,36953.0,0,0
43,43,36953.0,0,0
44,44,36953.0,0,0
45,45,36953.0,0,0
46,46,36953.0,0,0
47,47,36953.0,0,0
48,48,36953.0,0,0
49,49,36953.0,0,0
50,50,36953.0,0,0
51,51,36953.0,0,0
52,52,36953.0,0,0
53,53,36953.0,0,0
54,54,36953.0,0,0
55,55,36953.0,0,0
56,56,36953.0,0,0
57,57,36953.0,0,0
58,58,36953.0,0,0
59,59,36952.0,1,0
60,60,36952.0,1,0
61,61,36952.0,1,0
62,62,36951.0,2,0
63,63,36951.0,2,0
64,64,36951.0,2,0
65,65,36951.0,2,0
66,66,36950.0,3,0
67,67,36950.0,3,0
68,68,36950.0,3,0
69,69,36949.0,4,0
70,70,36948.0,5,0
71,71,36945.0,8,0
72,72,36942.0,11,0
73,73,36935.0,18,0
74,74,36935.0,18,0
75,75,36930.0,22,1
76,76,36929.0,23,1
77,77,36929.0,23,1
78,78,36928.0,24,1
79,79,36928.0,24,1
80,80,36924.0,28,1
81,81,36921.0,31,1
82,82,36919.0,33,1
83,83,36892.0,60,1
84,84,36892.0,60,1
85,85,36889.0,63,1
86,86,36883.0,69,1
87,87,36869.0,83,1
88,88,36866.0,86,1
89,89,36866.0,86,1
90,90,36864.0,88,1
91,91,36861.0,90,2
92,92,36860.0,91,2
93,93,36860.0,91,2
94,94,36858.0,93,2
95,95,36858.0,93,2
96,96,36858.0,93,2
97,97,36855.0,96,2
98,98,36855.0,96,2
99,99,36852.0,99,2
100,100,36852.0,99,2
101,101,36852.0,99,2
102,102,36852.0,99,2
103,103,36852.0,99,2
104,104,36850.0,100,3
105,105,36850.0,100,3
106,106,36847.0,103,3
107,107,36845.0,105,3
108,108,36842.0,108,3
109,109,36840.0,110,3
110,110,36838.0,112,3
111,111,36837.0,113,3
112,112,36837.0,113,3
113,113,36836.0,114,3
114,114,36835.0,115,3
115,115,36835.0,115,3
116,116,36835.0,115,3
117,117,36831.0,119,3
118,118,36831.0,119,3
119,119,36830.0,120,3
120,120,36829.0,121,3
121,121,36828.0,122,3
122,122,36826.0,124,3
123,123,36826.0,124,3
124,124,36825.0,125,3
125,125,36825.0,125,3
126,126,36825.0,125,3
127,127,36824.0,126,3
128,128,36823.0,127,3
