,Days,S,I,D
0,0,8903.0,0,0
1,1,8903.0,0,0
2,2,8903.0,0,0
3,3,8903.0,0,0
4,4,8903.0,0,0
5,5,8903.0,0,0
6,6,8903.0,0,0
7,7,8903.0,0,0
8,8,8903.0,0,0
9,9,8903.0,0,0
10,10,8903.0,0,0
11,11,8903.0,0,0
12,12,8903.0,0,0
13,13,8903.0,0,0
14,14,8903.0,0,0
15,15,8903.0,0,0
16,16,8903.0,0,0
17,17,8903.0,0,0
18,18,8903.0,0,0
19,19,8903.0,0,0
20,20,8903.0,0,0
21,21,8903.0,0,0
22,22,8903.0,0,0
23,23,8903.0,0,0
24,24,8903.0,0,0
25,25,8903.0,0,0
26,26,8903.0,0,0
27,27,8903.0,0,0
28,28,8903.0,0,0
29,29,8903.0,0,0
30,30,8903.0,0,0
31,31,8903.0,0,0
32,32,8903.0,0,0
33,33,8903.0,0,0
34,34,8903.0,0,0
35,35,8903.0,0,0
36,36,8903.0,0,0
37,37,8903.0,0,0
38,38,8903.0,0,0
39,39,8903.0,0,0
40,40,8903.0,0,0
41,41,8903.0,0,0
42,42,8903.0,0,0
43,43,8903.0,0,0
44,44,8903.0,0,0
45,45,8903.0,0,0
46,46,8903.0,0,0
47,47,8903.0,0,0
48,48,8903.0,0,0
49,49,8903.0,0,0
50,50,8903.0,0,0
51,51,8903.0,0,0
52,52,8903.0,0,0
53,53,8903.0,0,0
54,54,8903.0,0,0
55,55,8903.0,0,0
56,56,8903.0,0,0
57,57,8903.0,0,0
58,58,8903.0,0,0
59,59,8903.0,0,0
60,60,8903.0,0,0
61,61,8903.0,0,0
62,62,8903.0,0,0
63,63,8903.0,0,0
64,64,8903.0,0,0
65,65,8903.0,0,0
66,66,8903.0,0,0
67,67,8903.0,0,0
68,68,8903.0,0,0
69,69,8903.0,0,0
70,70,8902.0,1,0
71,71,8902.0,1,0
72,72,8902.0,1,0
73,73,8901.0,2,0
74,74,8901.0,2,0
75,75,8901.0,2,0
76,76,8901.0,2,0
77,77,8901.0,2,0
78,78,8901.0,2,0
79,79,8899.0,4,0
80,80,8899.0,4,0
81,81,8898.0,5,0
82,82,8898.0,5,0
83,83,8898.0,5,0
84,84,8898.0,5,0
85,85,8898.0,5,0
86,86,8897.0,6,0
87,87,8897.0,6,0
88,88,8897.0,6,0
89,89,8897.0,6,0
90,90,8897.0,6,0
91,91,8897.0,6,0
92,92,8895.0,7,1
93,93,8894.0,8,1
94,94,8894.0,8,1
95,95,8894.0,8,1
96,96,8894.0,8,1
97,97,8892.0,10,1
98,98,8892.0,10,1
99,99,8892.0,10,1
100,100,8891.0,11,1
101,101,8891.0,11,1
102,102,8890.0,12,1
103,103,8888.0,14,1
104,104,8884.0,18,1
105,105,8883.0,18,2
106,106,8881.0,19,3
107,107,8877.0,23,3
108,108,8876.0,24,3
109,109,8875.0,25,3
110,110,8874.0,26,3
111,111,8873.0,27,3
112,112,8871.0,29,3
113,113,8871.0,29,3
114,114,8870.0,30,3
115,115,8869.0,31,3
116,116,8867.0,33,3
117,117,8867.0,33,3
118,118,8867.0,33,3
119,119,8867.0,33,3
120,120,8866.0,34,3
121,121,8866.0,34,3
122,122,8866.0,34,3
123,123,8866.0,34,3
124,124,8866.0,34,3
125,125,8866.0,34,3
126,126,8866.0,34,3
127,127,8866.0,34,3
128,128,8866.0,34,3
