,Days,S,I,D
0,0,9637.0,0,0
1,1,9637.0,0,0
2,2,9637.0,0,0
3,3,9637.0,0,0
4,4,9637.0,0,0
5,5,9637.0,0,0
6,6,9637.0,0,0
7,7,9637.0,0,0
8,8,9637.0,0,0
9,9,9637.0,0,0
10,10,9637.0,0,0
11,11,9637.0,0,0
12,12,9637.0,0,0
13,13,9637.0,0,0
14,14,9637.0,0,0
15,15,9637.0,0,0
16,16,9637.0,0,0
17,17,9637.0,0,0
18,18,9637.0,0,0
19,19,9637.0,0,0
20,20,9637.0,0,0
21,21,9637.0,0,0
22,22,9637.0,0,0
23,23,9637.0,0,0
24,24,9637.0,0,0
25,25,9637.0,0,0
26,26,9637.0,0,0
27,27,9637.0,0,0
28,28,9637.0,0,0
29,29,9637.0,0,0
30,30,9637.0,0,0
31,31,9637.0,0,0
32,32,9637.0,0,0
33,33,9637.0,0,0
34,34,9637.0,0,0
35,35,9637.0,0,0
36,36,9637.0,0,0
37,37,9637.0,0,0
38,38,9637.0,0,0
39,39,9637.0,0,0
40,40,9637.0,0,0
41,41,9637.0,0,0
42,42,9637.0,0,0
43,43,9637.0,0,0
44,44,9637.0,0,0
45,45,9637.0,0,0
46,46,9637.0,0,0
47,47,9637.0,0,0
48,48,9637.0,0,0
49,49,9637.0,0,0
50,50,9637.0,0,0
51,51,9637.0,0,0
52,52,9637.0,0,0
53,53,9637.0,0,0
54,54,9637.0,0,0
55,55,9637.0,0,0
56,56,9637.0,0,0
57,57,9637.0,0,0
58,58,9637.0,0,0
59,59,9637.0,0,0
60,60,9637.0,0,0
61,61,9637.0,0,0
62,62,9637.0,0,0
63,63,9637.0,0,0
64,64,9637.0,0,0
65,65,9637.0,0,0
66,66,9637.0,0,0
67,67,9637.0,0,0
68,68,9637.0,0,0
69,69,9637.0,0,0
70,70,9637.0,0,0
71,71,9637.0,0,0
72,72,9637.0,0,0
73,73,9637.0,0,0
74,74,9637.0,0,0
75,75,9637.0,0,0
76,76,9637.0,0,0
77,77,9637.0,0,0
78,78,9634.0,3,0
79,79,9634.0,3,0
80,80,9630.0,6,1
81,81,9629.0,7,1
82,82,9629.0,7,1
83,83,9629.0,7,1
84,84,9628.0,8,1
85,85,9628.0,8,1
86,86,9628.0,8,1
87,87,9628.0,8,1
88,88,9628.0,8,1
89,89,9628.0,8,1
90,90,9627.0,9,1
91,91,9626.0,9,2
92,92,9626.0,9,2
93,93,9626.0,9,2
94,94,9624.0,11,2
95,95,9624.0,11,2
96,96,9623.0,12,2
97,97,9623.0,12,2
98,98,9623.0,12,2
99,99,9621.0,14,2
100,100,9620.0,15,2
101,101,9618.0,17,2
102,102,9617.0,18,2
103,103,9617.0,18,2
104,104,9617.0,18,2
105,105,9617.0,18,2
106,106,9617.0,18,2
107,107,9617.0,18,2
108,108,9617.0,18,2
109,109,9617.0,18,2
110,110,9616.0,19,2
111,111,9616.0,19,2
112,112,9615.0,20,2
113,113,9614.0,21,2
114,114,9614.0,21,2
115,115,9614.0,21,2
116,116,9614.0,21,2
117,117,9613.0,22,2
118,118,9613.0,22,2
119,119,9613.0,22,2
120,120,9613.0,22,2
121,121,9609.0,26,2
122,122,9609.0,26,2
123,123,9609.0,26,2
124,124,9609.0,26,2
125,125,9609.0,26,2
126,126,9608.0,26,3
127,127,9608.0,26,3
128,128,9608.0,26,3
