,Days,S,I,D
0,0,42756.0,0,0
1,1,42756.0,0,0
2,2,42756.0,0,0
3,3,42756.0,0,0
4,4,42756.0,0,0
5,5,42756.0,0,0
6,6,42756.0,0,0
7,7,42756.0,0,0
8,8,42756.0,0,0
9,9,42756.0,0,0
10,10,42756.0,0,0
11,11,42756.0,0,0
12,12,42756.0,0,0
13,13,42756.0,0,0
14,14,42756.0,0,0
15,15,42756.0,0,0
16,16,42756.0,0,0
17,17,42756.0,0,0
18,18,42756.0,0,0
19,19,42756.0,0,0
20,20,42756.0,0,0
21,21,42756.0,0,0
22,22,42756.0,0,0
23,23,42756.0,0,0
24,24,42756.0,0,0
25,25,42756.0,0,0
26,26,42756.0,0,0
27,27,42756.0,0,0
28,28,42756.0,0,0
29,29,42756.0,0,0
30,30,42756.0,0,0
31,31,42756.0,0,0
32,32,42756.0,0,0
33,33,42756.0,0,0
34,34,42756.0,0,0
35,35,42756.0,0,0
36,36,42756.0,0,0
37,37,42756.0,0,0
38,38,42756.0,0,0
39,39,42756.0,0,0
40,40,42756.0,0,0
41,41,42756.0,0,0
42,42,42756.0,0,0
43,43,42756.0,0,0
44,44,42756.0,0,0
45,45,42756.0,0,0
46,46,42756.0,0,0
47,47,42756.0,0,0
48,48,42756.0,0,0
49,49,42756.0,0,0
50,50,42756.0,0,0
51,51,42756.0,0,0
52,52,42756.0,0,0
53,53,42756.0,0,0
54,54,42756.0,0,0
55,55,42756.0,0,0
56,56,42756.0,0,0
57,57,42756.0,0,0
58,58,42756.0,0,0
59,59,42755.0,1,0
60,60,42751.0,5,0
61,61,42751.0,5,0
62,62,42751.0,5,0
63,63,42749.0,7,0
64,64,42749.0,7,0
65,65,42747.0,9,0
66,66,42747.0,9,0
67,67,42745.0,11,0
68,68,42745.0,11,0
69,69,42745.0,11,0
70,70,42740.0,16,0
71,71,42738.0,18,0
72,72,42735.0,21,0
73,73,42731.0,25,0
74,74,42725.0,31,0
75,75,42721.0,35,0
76,76,42717.0,38,1
77,77,42715.0,40,1
78,78,42713.0,42,1
79,79,42713.0,42,1
80,80,42705.0,50,1
81,81,42701.0,54,1
82,82,42700.0,55,1
83,83,42698.0,57,1
84,84,42697.0,58,1
85,85,42696.0,58,2
86,86,42694.0,60,2
87,87,42692.0,62,2
88,88,42692.0,62,2
89,89,42691.0,63,2
90,90,42689.0,65,2
91,91,42687.0,67,2
92,92,42687.0,67,2
93,93,42687.0,67,2
94,94,42686.0,68,2
95,95,42685.0,69,2
96,96,42684.0,70,2
97,97,42683.0,71,2
98,98,42683.0,71,2
99,99,42682.0,71,3
100,100,42682.0,71,3
101,101,42682.0,71,3
102,102,42681.0,72,3
103,103,42681.0,72,3
104,104,42680.0,73,3
105,105,42680.0,73,3
106,106,42680.0,73,3
107,107,42680.0,73,3
108,108,42679.0,74,3
109,109,42679.0,74,3
110,110,42679.0,74,3
111,111,42678.0,75,3
112,112,42677.0,76,3
113,113,42677.0,76,3
114,114,42677.0,76,3
115,115,42677.0,76,3
116,116,42677.0,76,3
117,117,42677.0,76,3
118,118,42676.0,77,3
119,119,42676.0,77,3
120,120,42673.0,80,3
121,121,42673.0,80,3
122,122,42673.0,80,3
123,123,42673.0,80,3
124,124,42673.0,80,3
125,125,42673.0,80,3
126,126,42673.0,80,3
127,127,42672.0,81,3
128,128,42672.0,81,3
