,Days,S,I,D
0,0,18529.0,0,0
1,1,18529.0,0,0
2,2,18529.0,0,0
3,3,18529.0,0,0
4,4,18529.0,0,0
5,5,18529.0,0,0
6,6,18529.0,0,0
7,7,18529.0,0,0
8,8,18529.0,0,0
9,9,18529.0,0,0
10,10,18529.0,0,0
11,11,18529.0,0,0
12,12,18529.0,0,0
13,13,18529.0,0,0
14,14,18529.0,0,0
15,15,18529.0,0,0
16,16,18529.0,0,0
17,17,18529.0,0,0
18,18,18529.0,0,0
19,19,18529.0,0,0
20,20,18529.0,0,0
21,21,18529.0,0,0
22,22,18529.0,0,0
23,23,18529.0,0,0
24,24,18529.0,0,0
25,25,18529.0,0,0
26,26,18529.0,0,0
27,27,18529.0,0,0
28,28,18529.0,0,0
29,29,18529.0,0,0
30,30,18529.0,0,0
31,31,18529.0,0,0
32,32,18529.0,0,0
33,33,18529.0,0,0
34,34,18529.0,0,0
35,35,18529.0,0,0
36,36,18529.0,0,0
37,37,18529.0,0,0
38,38,18529.0,0,0
39,39,18529.0,0,0
40,40,18529.0,0,0
41,41,18529.0,0,0
42,42,18529.0,0,0
43,43,18529.0,0,0
44,44,18529.0,0,0
45,45,18529.0,0,0
46,46,18529.0,0,0
47,47,18529.0,0,0
48,48,18529.0,0,0
49,49,18529.0,0,0
50,50,18529.0,0,0
51,51,18529.0,0,0
52,52,18529.0,0,0
53,53,18529.0,0,0
54,54,18529.0,0,0
55,55,18529.0,0,0
56,56,18529.0,0,0
57,57,18529.0,0,0
58,58,18529.0,0,0
59,59,18529.0,0,0
60,60,18529.0,0,0
61,61,18529.0,0,0
62,62,18528.0,1,0
63,63,18527.0,2,0
64,64,18527.0,2,0
65,65,18527.0,2,0
66,66,18526.0,3,0
67,67,18526.0,3,0
68,68,18526.0,3,0
69,69,18526.0,3,0
70,70,18526.0,3,0
71,71,18526.0,3,0
72,72,18526.0,3,0
73,73,18518.0,11,0
74,74,18517.0,12,0
75,75,18517.0,12,0
76,76,18517.0,12,0
77,77,18515.0,14,0
78,78,18515.0,14,0
79,79,18514.0,15,0
80,80,18514.0,15,0
81,81,18514.0,15,0
82,82,18513.0,16,0
83,83,18511.0,17,1
84,84,18510.0,17,2
85,85,18508.0,19,2
86,86,18507.0,20,2
87,87,18506.0,21,2
88,88,18506.0,21,2
89,89,18506.0,21,2
90,90,18505.0,22,2
91,91,18505.0,22,2
92,92,18505.0,22,2
93,93,18505.0,22,2
94,94,18504.0,23,2
95,95,18503.0,24,2
96,96,18503.0,24,2
97,97,18503.0,24,2
98,98,18500.0,27,2
99,99,18500.0,27,2
100,100,18499.0,28,2
101,101,18499.0,28,2
102,102,18499.0,28,2
103,103,18499.0,28,2
104,104,18496.0,31,2
105,105,18496.0,31,2
106,106,18495.0,32,2
107,107,18495.0,32,2
108,108,18495.0,32,2
109,109,18495.0,32,2
110,110,18495.0,32,2
111,111,18495.0,32,2
112,112,18494.0,33,2
113,113,18492.0,35,2
114,114,18492.0,35,2
115,115,18490.0,37,2
116,116,18490.0,37,2
117,117,18489.0,38,2
118,118,18488.0,39,2
119,119,18484.0,43,2
120,120,18483.0,43,3
121,121,18482.0,44,3
122,122,18482.0,44,3
123,123,18482.0,44,3
124,124,18482.0,44,3
125,125,18477.0,49,3
126,126,18477.0,49,3
127,127,18477.0,49,3
128,128,18475.0,51,3
