,Days,S,I,D
0,0,193048.0,0,0
1,1,193048.0,0,0
2,2,193048.0,0,0
3,3,193048.0,0,0
4,4,193048.0,0,0
5,5,193048.0,0,0
6,6,193048.0,0,0
7,7,193048.0,0,0
8,8,193048.0,0,0
9,9,193048.0,0,0
10,10,193048.0,0,0
11,11,193048.0,0,0
12,12,193048.0,0,0
13,13,193048.0,0,0
14,14,193048.0,0,0
15,15,193048.0,0,0
16,16,193048.0,0,0
17,17,193048.0,0,0
18,18,193048.0,0,0
19,19,193048.0,0,0
20,20,193048.0,0,0
21,21,193048.0,0,0
22,22,193048.0,0,0
23,23,193048.0,0,0
24,24,193048.0,0,0
25,25,193048.0,0,0
26,26,193048.0,0,0
27,27,193048.0,0,0
28,28,193048.0,0,0
29,29,193048.0,0,0
30,30,193048.0,0,0
31,31,193048.0,0,0
32,32,193048.0,0,0
33,33,193048.0,0,0
34,34,193048.0,0,0
35,35,193048.0,0,0
36,36,193048.0,0,0
37,37,193048.0,0,0
38,38,193048.0,0,0
39,39,193048.0,0,0
40,40,193048.0,0,0
41,41,193048.0,0,0
42,42,193048.0,0,0
43,43,193048.0,0,0
44,44,193048.0,0,0
45,45,193048.0,0,0
46,46,193048.0,0,0
47,47,193048.0,0,0
48,48,193048.0,0,0
49,49,193048.0,0,0
50,50,193048.0,0,0
51,51,193048.0,0,0
52,52,193048.0,0,0
53,53,193048.0,0,0
54,54,193048.0,0,0
55,55,193048.0,0,0
56,56,193048.0,0,0
57,57,193047.0,1,0
58,58,193046.0,2,0
59,59,193046.0,2,0
60,60,193046.0,2,0
61,61,193046.0,2,0
62,62,193045.0,3,0
63,63,193044.0,4,0
64,64,193040.0,8,0
65,65,193040.0,8,0
66,66,193036.0,11,1
67,67,193036.0,11,1
68,68,193033.0,14,1
69,69,193033.0,14,1
70,70,193029.0,18,1
71,71,193028.0,19,1
72,72,193021.0,26,1
73,73,193019.0,28,1
74,74,193018.0,29,1
75,75,193013.0,34,1
76,76,193011.0,36,1
77,77,193009.0,38,1
78,78,193007.0,40,1
79,79,193005.0,42,1
80,80,193004.0,43,1
81,81,193002.0,45,1
82,82,193002.0,45,1
83,83,193001.0,46,1
84,84,193000.0,46,2
85,85,192995.0,51,2
86,86,192993.0,53,2
87,87,192991.0,55,2
88,88,192990.0,56,2
89,89,192988.0,58,2
90,90,192987.0,59,2
91,91,192987.0,59,2
92,92,192987.0,59,2
93,93,192982.0,64,2
94,94,192975.0,71,2
95,95,192971.0,75,2
96,96,192956.0,90,2
97,97,192951.0,95,2
98,98,192944.0,102,2
99,99,192936.0,110,2
100,100,192931.0,115,2
101,101,192926.0,120,2
102,102,192890.0,156,2
103,103,192865.0,181,2
104,104,192856.0,190,2
105,105,192849.0,197,2
106,106,192844.0,202,2
107,107,192839.0,207,2
108,108,192821.0,225,2
109,109,192813.0,233,2
110,110,192802.0,244,2
111,111,192798.0,248,2
112,112,192785.0,261,2
113,113,192778.0,268,2
114,114,192765.0,281,2
115,115,192755.0,291,2
116,116,192743.0,303,2
117,117,192739.0,307,2
118,118,192733.0,313,2
119,119,192714.0,331,3
120,120,192703.0,342,3
121,121,192697.0,348,3
122,122,192689.0,356,3
123,123,192676.0,369,3
124,124,192672.0,373,3
125,125,192670.0,375,3
126,126,192665.0,380,3
127,127,192663.0,382,3
128,128,192655.0,390,3
