,Days,S,I,D
0,0,34074.0,0,0
1,1,34074.0,0,0
2,2,34074.0,0,0
3,3,34074.0,0,0
4,4,34074.0,0,0
5,5,34074.0,0,0
6,6,34074.0,0,0
7,7,34074.0,0,0
8,8,34074.0,0,0
9,9,34074.0,0,0
10,10,34074.0,0,0
11,11,34074.0,0,0
12,12,34074.0,0,0
13,13,34074.0,0,0
14,14,34074.0,0,0
15,15,34074.0,0,0
16,16,34074.0,0,0
17,17,34074.0,0,0
18,18,34074.0,0,0
19,19,34074.0,0,0
20,20,34074.0,0,0
21,21,34074.0,0,0
22,22,34074.0,0,0
23,23,34074.0,0,0
24,24,34074.0,0,0
25,25,34074.0,0,0
26,26,34074.0,0,0
27,27,34074.0,0,0
28,28,34074.0,0,0
29,29,34074.0,0,0
30,30,34074.0,0,0
31,31,34074.0,0,0
32,32,34074.0,0,0
33,33,34074.0,0,0
34,34,34074.0,0,0
35,35,34074.0,0,0
36,36,34074.0,0,0
37,37,34074.0,0,0
38,38,34074.0,0,0
39,39,34074.0,0,0
40,40,34074.0,0,0
41,41,34074.0,0,0
42,42,34074.0,0,0
43,43,34074.0,0,0
44,44,34074.0,0,0
45,45,34074.0,0,0
46,46,34074.0,0,0
47,47,34074.0,0,0
48,48,34074.0,0,0
49,49,34074.0,0,0
50,50,34074.0,0,0
51,51,34074.0,0,0
52,52,34074.0,0,0
53,53,34074.0,0,0
54,54,34074.0,0,0
55,55,34074.0,0,0
56,56,34074.0,0,0
57,57,34074.0,0,0
58,58,34074.0,0,0
59,59,34074.0,0,0
60,60,34074.0,0,0
61,61,34074.0,0,0
62,62,34074.0,0,0
63,63,34074.0,0,0
64,64,34074.0,0,0
65,65,34074.0,0,0
66,66,34073.0,1,0
67,67,34073.0,1,0
68,68,34073.0,1,0
69,69,34072.0,2,0
70,70,34071.0,3,0
71,71,34071.0,3,0
72,72,34070.0,4,0
73,73,34069.0,5,0
74,74,34067.0,6,1
75,75,34065.0,8,1
76,76,34065.0,8,1
77,77,34065.0,8,1
78,78,34065.0,8,1
79,79,34063.0,10,1
80,80,34062.0,11,1
81,81,34061.0,12,1
82,82,34060.0,13,1
83,83,34059.0,14,1
84,84,34059.0,14,1
85,85,34059.0,14,1
86,86,34059.0,14,1
87,87,34058.0,15,1
88,88,34057.0,16,1
89,89,34057.0,16,1
90,90,34057.0,16,1
91,91,34057.0,16,1
92,92,34057.0,16,1
93,93,34057.0,16,1
94,94,34057.0,16,1
95,95,34057.0,16,1
96,96,34057.0,16,1
97,97,34057.0,16,1
98,98,34057.0,16,1
99,99,34054.0,19,1
100,100,34053.0,20,1
101,101,34052.0,21,1
102,102,34052.0,21,1
103,103,34052.0,21,1
104,104,34051.0,22,1
105,105,34051.0,22,1
106,106,34051.0,22,1
107,107,34051.0,22,1
108,108,34051.0,22,1
109,109,34051.0,22,1
110,110,34051.0,22,1
111,111,34050.0,23,1
112,112,34050.0,23,1
113,113,34046.0,27,1
114,114,34045.0,27,2
115,115,34045.0,27,2
116,116,34045.0,27,2
117,117,34045.0,27,2
118,118,34045.0,27,2
119,119,34044.0,28,2
120,120,34043.0,29,2
121,121,34041.0,31,2
122,122,34038.0,34,2
123,123,34038.0,34,2
124,124,34034.0,38,2
125,125,34034.0,38,2
126,126,34034.0,38,2
127,127,34033.0,38,3
128,128,34032.0,39,3
