,Days,S,I,D
0,0,40545.0,0,0
1,1,40545.0,0,0
2,2,40545.0,0,0
3,3,40545.0,0,0
4,4,40545.0,0,0
5,5,40545.0,0,0
6,6,40545.0,0,0
7,7,40545.0,0,0
8,8,40545.0,0,0
9,9,40545.0,0,0
10,10,40545.0,0,0
11,11,40545.0,0,0
12,12,40545.0,0,0
13,13,40545.0,0,0
14,14,40545.0,0,0
15,15,40545.0,0,0
16,16,40545.0,0,0
17,17,40545.0,0,0
18,18,40545.0,0,0
19,19,40545.0,0,0
20,20,40545.0,0,0
21,21,40545.0,0,0
22,22,40545.0,0,0
23,23,40545.0,0,0
24,24,40545.0,0,0
25,25,40545.0,0,0
26,26,40545.0,0,0
27,27,40545.0,0,0
28,28,40545.0,0,0
29,29,40545.0,0,0
30,30,40545.0,0,0
31,31,40545.0,0,0
32,32,40545.0,0,0
33,33,40545.0,0,0
34,34,40545.0,0,0
35,35,40545.0,0,0
36,36,40545.0,0,0
37,37,40545.0,0,0
38,38,40545.0,0,0
39,39,40545.0,0,0
40,40,40545.0,0,0
41,41,40545.0,0,0
42,42,40545.0,0,0
43,43,40545.0,0,0
44,44,40545.0,0,0
45,45,40545.0,0,0
46,46,40545.0,0,0
47,47,40545.0,0,0
48,48,40545.0,0,0
49,49,40545.0,0,0
50,50,40544.0,1,0
51,51,40543.0,2,0
52,52,40545.0,0,0
53,53,40545.0,0,0
54,54,40544.0,1,0
55,55,40544.0,1,0
56,56,40544.0,1,0
57,57,40544.0,1,0
58,58,40544.0,1,0
59,59,40544.0,1,0
60,60,40544.0,1,0
61,61,40544.0,1,0
62,62,40544.0,1,0
63,63,40544.0,1,0
64,64,40544.0,1,0
65,65,40544.0,1,0
66,66,40544.0,1,0
67,67,40544.0,1,0
68,68,40544.0,1,0
69,69,40544.0,1,0
70,70,40544.0,1,0
71,71,40544.0,1,0
72,72,40544.0,1,0
73,73,40544.0,1,0
74,74,40544.0,1,0
75,75,40544.0,1,0
76,76,40544.0,1,0
77,77,40544.0,1,0
78,78,40544.0,1,0
79,79,40544.0,1,0
80,80,40544.0,1,0
81,81,40544.0,1,0
82,82,40544.0,1,0
83,83,40544.0,1,0
84,84,40544.0,1,0
85,85,40544.0,1,0
86,86,40541.0,4,0
87,87,40541.0,4,0
88,88,40541.0,4,0
89,89,40541.0,4,0
90,90,40541.0,4,0
91,91,40541.0,4,0
92,92,40541.0,4,0
93,93,40541.0,4,0
94,94,40541.0,4,0
95,95,40541.0,4,0
96,96,40541.0,4,0
97,97,40539.0,6,0
98,98,40535.0,10,0
99,99,40530.0,15,0
100,100,40523.0,21,1
101,101,40515.0,29,1
102,102,40512.0,32,1
103,103,40509.0,35,1
104,104,40496.0,48,1
105,105,40485.0,59,1
106,106,40480.0,64,1
107,107,40467.0,76,2
108,108,40456.0,87,2
109,109,40451.0,92,2
110,110,40450.0,93,2
111,111,40443.0,100,2
112,112,40441.0,102,2
113,113,40434.0,109,2
114,114,40426.0,117,2
115,115,40421.0,122,2
116,116,40412.0,131,2
117,117,40405.0,138,2
118,118,40401.0,142,2
119,119,40395.0,148,2
120,120,40391.0,152,2
121,121,40385.0,158,2
122,122,40382.0,161,2
123,123,40377.0,166,2
124,124,40376.0,167,2
125,125,40376.0,167,2
126,126,40374.0,169,2
127,127,40369.0,173,3
128,128,40367.0,175,3
