,Days,S,I,D
0,0,33466.0,0,0
1,1,33466.0,0,0
2,2,33466.0,0,0
3,3,33466.0,0,0
4,4,33466.0,0,0
5,5,33466.0,0,0
6,6,33466.0,0,0
7,7,33466.0,0,0
8,8,33466.0,0,0
9,9,33466.0,0,0
10,10,33466.0,0,0
11,11,33466.0,0,0
12,12,33466.0,0,0
13,13,33466.0,0,0
14,14,33466.0,0,0
15,15,33466.0,0,0
16,16,33466.0,0,0
17,17,33466.0,0,0
18,18,33466.0,0,0
19,19,33466.0,0,0
20,20,33466.0,0,0
21,21,33466.0,0,0
22,22,33466.0,0,0
23,23,33466.0,0,0
24,24,33466.0,0,0
25,25,33466.0,0,0
26,26,33466.0,0,0
27,27,33466.0,0,0
28,28,33466.0,0,0
29,29,33466.0,0,0
30,30,33466.0,0,0
31,31,33466.0,0,0
32,32,33466.0,0,0
33,33,33466.0,0,0
34,34,33466.0,0,0
35,35,33466.0,0,0
36,36,33466.0,0,0
37,37,33466.0,0,0
38,38,33466.0,0,0
39,39,33466.0,0,0
40,40,33466.0,0,0
41,41,33466.0,0,0
42,42,33466.0,0,0
43,43,33466.0,0,0
44,44,33466.0,0,0
45,45,33466.0,0,0
46,46,33466.0,0,0
47,47,33466.0,0,0
48,48,33466.0,0,0
49,49,33466.0,0,0
50,50,33466.0,0,0
51,51,33466.0,0,0
52,52,33466.0,0,0
53,53,33466.0,0,0
54,54,33466.0,0,0
55,55,33466.0,0,0
56,56,33466.0,0,0
57,57,33466.0,0,0
58,58,33466.0,0,0
59,59,33465.0,1,0
60,60,33465.0,1,0
61,61,33465.0,1,0
62,62,33465.0,1,0
63,63,33465.0,1,0
64,64,33465.0,1,0
65,65,33465.0,1,0
66,66,33465.0,1,0
67,67,33465.0,1,0
68,68,33464.0,2,0
69,69,33464.0,2,0
70,70,33464.0,2,0
71,71,33463.0,3,0
72,72,33462.0,4,0
73,73,33462.0,4,0
74,74,33461.0,5,0
75,75,33461.0,5,0
76,76,33459.0,7,0
77,77,33459.0,7,0
78,78,33459.0,7,0
79,79,33459.0,7,0
80,80,33458.0,7,1
81,81,33458.0,7,1
82,82,33458.0,7,1
83,83,33458.0,7,1
84,84,33458.0,7,1
85,85,33458.0,7,1
86,86,33458.0,7,1
87,87,33458.0,7,1
88,88,33458.0,7,1
89,89,33458.0,7,1
90,90,33458.0,7,1
91,91,33458.0,7,1
92,92,33458.0,7,1
93,93,33457.0,8,1
94,94,33457.0,8,1
95,95,33457.0,8,1
96,96,33455.0,9,2
97,97,33455.0,9,2
98,98,33455.0,9,2
99,99,33455.0,9,2
100,100,33455.0,9,2
101,101,33455.0,9,2
102,102,33455.0,9,2
103,103,33455.0,9,2
104,104,33455.0,9,2
105,105,33455.0,9,2
106,106,33455.0,9,2
107,107,33454.0,10,2
108,108,33454.0,10,2
109,109,33453.0,11,2
110,110,33453.0,11,2
111,111,33453.0,11,2
112,112,33453.0,11,2
113,113,33453.0,11,2
114,114,33453.0,11,2
115,115,33453.0,11,2
116,116,33453.0,11,2
117,117,33453.0,11,2
118,118,33453.0,11,2
119,119,33453.0,11,2
120,120,33453.0,11,2
121,121,33453.0,11,2
122,122,33453.0,11,2
123,123,33453.0,11,2
124,124,33453.0,11,2
125,125,33453.0,11,2
126,126,33453.0,11,2
127,127,33452.0,11,3
128,128,33452.0,11,3
